#	Time	Error_of_Energy
1.55704200e-03 2.44755405e-14
3.11408401e-03 4.88350832e-14
4.67112601e-03 7.29626303e-14
6.22816801e-03 9.74381709e-14
7.78521001e-03 1.21449720e-13
9.34225202e-03 1.46273254e-13
1.08992940e-02 1.70284803e-13
1.24563360e-02 1.94876342e-13
1.40133780e-02 2.19351882e-13
1.55704200e-02 2.43479429e-13
1.71274620e-02 2.67838972e-13
1.86845040e-02 2.92082517e-13
2.02415460e-02 3.16442060e-13
2.17985880e-02 3.40685605e-13
2.33556300e-02 3.65509139e-13
2.49126720e-02 3.89404690e-13
2.64697140e-02 4.14228224e-13
2.80267561e-02 4.38355771e-13
2.95837981e-02 4.62947309e-13
3.11408401e-02 4.87074856e-13
3.26978821e-02 5.11898390e-13
3.42549241e-02 5.35793942e-13
3.58119661e-02 5.60153485e-13
3.73690081e-02 5.84745023e-13
3.89260501e-02 6.09336561e-13
4.04830921e-02 6.33696104e-13
4.20401341e-02 6.58055647e-13
4.35971761e-02 6.81951198e-13
4.51542181e-02 7.06078745e-13
4.67112601e-02 7.30902279e-13
4.82683021e-02 7.55029826e-13
4.98253441e-02 7.79389369e-13
5.13823861e-02 8.03284920e-13
5.29394281e-02 8.27644463e-13
5.44964701e-02 8.52236001e-13
5.60535121e-02 8.76595544e-13
5.76105541e-02 9.00723091e-13
5.91675961e-02 9.24850638e-13
6.07246381e-02 9.49442177e-13
6.22816801e-02 9.74033715e-13
6.38387221e-02 9.98509256e-13
6.53957641e-02 1.02263680e-12
6.69528061e-02 1.04711234e-12
6.85098481e-02 1.07147189e-12
7.00668901e-02 1.09559943e-12
7.16239321e-02 1.12030697e-12
7.31809741e-02 1.14455051e-12
7.47380161e-02 1.16867806e-12
7.62950581e-02 1.19326960e-12
7.78521001e-02 1.21751314e-12
7.94091421e-02 1.24198868e-12
8.09661841e-02 1.26634823e-12
8.25232261e-02 1.29047577e-12
8.40802682e-02 1.31483532e-12
8.56373102e-02 1.33919486e-12
8.71943522e-02 1.36332241e-12
8.87513942e-02 1.38744995e-12
9.03084362e-02 1.41215749e-12
9.18654782e-02 1.43686503e-12
9.34225202e-02 1.46122457e-12
9.49795622e-02 1.48581611e-12
9.65366042e-02 1.50994365e-12
9.80936462e-02 1.53407120e-12
9.96506882e-02 1.55819875e-12
1.01207730e-01 1.58279029e-12
1.02764772e-01 1.60691783e-12
1.04321814e-01 1.63139337e-12
1.05878856e-01 1.65563692e-12
1.07435898e-01 1.67999646e-12
1.08992940e-01 1.70447200e-12
1.10549982e-01 1.72894754e-12
1.12107024e-01 1.75330709e-12
1.13664066e-01 1.77720264e-12
1.15221108e-01 1.80179418e-12
1.16778150e-01 1.82638571e-12
1.18335192e-01 1.85074526e-12
1.19892234e-01 1.87510480e-12
1.21449276e-01 1.89946434e-12
1.23006318e-01 1.92405588e-12
1.24563360e-01 1.94795143e-12
1.26120402e-01 1.97254297e-12
1.27677444e-01 1.99690251e-12
1.29234486e-01 2.02114606e-12
1.30791528e-01 2.04538960e-12
1.32348570e-01 2.06974915e-12
1.33905612e-01 2.09434068e-12
1.35462654e-01 2.11835223e-12
1.37019696e-01 2.14329177e-12
1.38576738e-01 2.16741931e-12
1.40133780e-01 2.19131486e-12
1.41690822e-01 2.21637039e-12
1.43247864e-01 2.24072994e-12
1.44804906e-01 2.26520548e-12
1.46361948e-01 2.28944902e-12
1.47918990e-01 2.31369257e-12
1.49476032e-01 2.33840010e-12
1.51033074e-01 2.36275965e-12
1.52590116e-01 2.38688719e-12
1.54147158e-01 2.41124674e-12
1.55704200e-01 2.43560628e-12
1.57261242e-01 2.46019782e-12
1.58818284e-01 2.48478935e-12
1.60375326e-01 2.50880090e-12
1.61932368e-01 2.53281245e-12
1.63489410e-01 2.55751999e-12
1.65046452e-01 2.58211153e-12
1.66603494e-01 2.60635507e-12
1.68160536e-01 2.63059862e-12
1.69717578e-01 2.65495816e-12
1.71274620e-01 2.67954970e-12
1.72831662e-01 2.70379324e-12
1.74388704e-01 2.72838478e-12
1.75945746e-01 2.75251233e-12
1.77502788e-01 2.77663988e-12
1.79059830e-01 2.80099942e-12
1.80616872e-01 2.82535896e-12
1.82173914e-01 2.84971850e-12
1.83730956e-01 2.87442604e-12
1.85287998e-01 2.89866959e-12
1.86845040e-01 2.92326112e-12
1.88402082e-01 2.94727267e-12
1.89959124e-01 2.97174821e-12
1.91516166e-01 2.99599176e-12
1.93073208e-01 3.02011931e-12
1.94630250e-01 3.04471084e-12
1.96187292e-01 3.06918638e-12
1.97744334e-01 3.09366192e-12
1.99301376e-01 3.11813747e-12
2.00858418e-01 3.14226501e-12
2.02415460e-01 3.16650856e-12
2.03972502e-01 3.19063610e-12
2.05529544e-01 3.21499565e-12
2.07086586e-01 3.23900720e-12
2.08643628e-01 3.26383073e-12
2.10200670e-01 3.28784228e-12
2.11757712e-01 3.31231782e-12
2.13314754e-01 3.33679336e-12
2.14871796e-01 3.36068891e-12
2.16428838e-01 3.38504845e-12
2.17985880e-01 3.40929200e-12
2.19542922e-01 3.43399954e-12
2.21099964e-01 3.45835908e-12
2.22657006e-01 3.48271862e-12
2.24214048e-01 3.50684617e-12
2.25771090e-01 3.53097372e-12
2.27328132e-01 3.55556525e-12
2.28885174e-01 3.58015679e-12
2.30442216e-01 3.60451633e-12
2.31999258e-01 3.62887588e-12
2.33556300e-01 3.65288743e-12
2.35113342e-01 3.67747896e-12
2.36670384e-01 3.70172251e-12
2.38227426e-01 3.72631405e-12
2.39784468e-01 3.75078959e-12
2.41341510e-01 3.77514913e-12
2.42898552e-01 3.79950867e-12
2.44455594e-01 3.82410021e-12
2.46012636e-01 3.84822776e-12
2.47569678e-01 3.87258730e-12
2.49126720e-01 3.89671485e-12
2.50683762e-01 3.92084240e-12
2.52240804e-01 3.94531794e-12
2.53797846e-01 3.96990948e-12
2.55354888e-01 3.99415302e-12
2.56911930e-01 4.01839657e-12
2.58468972e-01 4.04287211e-12
2.60026014e-01 4.06711565e-12
2.61583056e-01 4.09147519e-12
2.63140098e-01 4.11583474e-12
2.64697140e-01 4.14019428e-12
2.66254182e-01 4.16420583e-12
2.67811224e-01 4.18902936e-12
2.69368266e-01 4.21315691e-12
2.70925308e-01 4.23774845e-12
2.72482350e-01 4.26233999e-12
2.74039392e-01 4.28646753e-12
2.75596434e-01 4.31082708e-12
2.77153477e-01 4.33518662e-12
2.78710519e-01 4.35954616e-12
2.80267561e-01 4.38413770e-12
2.81824603e-01 4.40826525e-12
2.83381645e-01 4.43285678e-12
2.84938687e-01 4.45698433e-12
2.86495729e-01 4.48169187e-12
2.88052771e-01 4.50616741e-12
2.89609813e-01 4.53029496e-12
2.91166855e-01 4.55488649e-12
2.92723897e-01 4.57901404e-12
2.94280939e-01 4.60314159e-12
2.95837981e-01 4.62750113e-12
2.97395023e-01 4.65186067e-12
2.98952065e-01 4.67645221e-12
3.00509107e-01 4.70069576e-12
3.02066149e-01 4.72505530e-12
3.03623191e-01 4.74929884e-12
3.05180233e-01 4.77365839e-12
3.06737275e-01 4.79801793e-12
3.08294317e-01 4.82214548e-12
3.09851359e-01 4.84673702e-12
3.11408401e-01 4.87109656e-12
3.12965443e-01 4.89568810e-12
3.14522485e-01 4.92004764e-12
3.16079527e-01 4.94394319e-12
3.17636569e-01 4.96830273e-12
3.19193611e-01 4.99335826e-12
3.20750653e-01 5.01771781e-12
3.22307695e-01 5.04196135e-12
3.23864737e-01 5.06620490e-12
3.25421779e-01 5.09021644e-12
3.26978821e-01 5.11469198e-12
3.28535863e-01 5.13905153e-12
3.30092905e-01 5.16329507e-12
3.31649947e-01 5.18777061e-12
3.33206989e-01 5.21189816e-12
3.34764031e-01 5.23602571e-12
3.36321073e-01 5.26096524e-12
3.37878115e-01 5.28532478e-12
3.39435157e-01 5.30933633e-12
3.40992199e-01 5.33369587e-12
3.42549241e-01 5.35817141e-12
3.44106283e-01 5.38253096e-12
3.45663325e-01 5.40642651e-12
3.47220367e-01 5.43101805e-12
3.48777409e-01 5.45549359e-12
3.50334451e-01 5.47938914e-12
3.51891493e-01 5.50374868e-12
3.53448535e-01 5.52810822e-12
3.55005577e-01 5.55258376e-12
3.56562619e-01 5.57682731e-12
3.58119661e-01 5.60130285e-12
3.59676703e-01 5.62577839e-12
3.61233745e-01 5.65013793e-12
3.62790787e-01 5.67472947e-12
3.64347829e-01 5.69850903e-12
3.65904871e-01 5.72321656e-12
3.67461913e-01 5.74769210e-12
3.69018955e-01 5.77181965e-12
3.70575997e-01 5.79629519e-12
3.72133039e-01 5.82065473e-12
3.73690081e-01 5.84478228e-12
3.75247123e-01 5.86914182e-12
3.76804165e-01 5.89361736e-12
3.78361207e-01 5.91809290e-12
3.79918249e-01 5.94222045e-12
3.81475291e-01 5.96657999e-12
3.83032333e-01 5.99093954e-12
3.84589375e-01 6.01483509e-12
3.86146417e-01 6.03977462e-12
3.87703459e-01 6.06401816e-12
3.89260501e-01 6.08802971e-12
3.90817543e-01 6.11250525e-12
3.92374585e-01 6.13709679e-12
3.93931627e-01 6.16122434e-12
3.95488669e-01 6.18535189e-12
3.97045711e-01 6.20994342e-12
3.98602753e-01 6.23407097e-12
4.00159795e-01 6.25866251e-12
4.01716837e-01 6.28302205e-12
4.03273879e-01 6.30714960e-12
4.04830921e-01 6.33174114e-12
4.06387963e-01 6.35610068e-12
4.07945005e-01 6.38046022e-12
4.09502047e-01 6.40458777e-12
4.11059089e-01 6.42906331e-12
4.12616131e-01 6.45342285e-12
4.14173173e-01 6.47778240e-12
4.15730215e-01 6.50214194e-12
4.17287257e-01 6.52650148e-12
4.18844299e-01 6.55062903e-12
4.20401341e-01 6.57487257e-12
4.21958383e-01 6.59923212e-12
4.23515425e-01 6.62382365e-12
4.25072467e-01 6.64771921e-12
4.26629509e-01 6.67231074e-12
4.28186551e-01 6.69667029e-12
4.29743593e-01 6.72102983e-12
4.31300635e-01 6.74550537e-12
4.32857677e-01 6.76986491e-12
4.34414719e-01 6.79376046e-12
4.35971761e-01 6.81812001e-12
4.37528803e-01 6.84271155e-12
4.39085845e-01 6.86695509e-12
4.40642887e-01 6.89131463e-12
4.42199929e-01 6.91567418e-12
4.43756971e-01 6.93991772e-12
4.45314013e-01 6.96427726e-12
4.46871055e-01 6.98886880e-12
4.48428097e-01 7.01299635e-12
4.49985139e-01 7.03758789e-12
4.51542181e-01 7.06171543e-12
4.53099223e-01 7.08595898e-12
4.54656265e-01 7.11055052e-12
4.56213307e-01 7.13467806e-12
4.57770349e-01 7.15950160e-12
4.59327391e-01 7.18386114e-12
4.60884433e-01 7.20845268e-12
4.62441475e-01 7.23258023e-12
4.63998517e-01 7.25670777e-12
4.65555559e-01 7.28106732e-12
4.67112601e-01 7.30519486e-12
4.68669643e-01 7.32955441e-12
4.70226685e-01 7.35402995e-12
4.71783727e-01 7.37838949e-12
4.73340769e-01 7.40274903e-12
4.74897811e-01 7.42710858e-12
4.76454853e-01 7.45170011e-12
4.78011895e-01 7.47594366e-12
4.79568937e-01 7.50030320e-12
4.81125979e-01 7.52512674e-12
4.82683021e-01 7.54925428e-12
4.84240063e-01 7.57361383e-12
4.85797105e-01 7.59797337e-12
4.87354147e-01 7.62233291e-12
4.88911189e-01 7.64692445e-12
4.90468231e-01 7.67105200e-12
4.92025273e-01 7.69506355e-12
4.93582315e-01 7.71977108e-12
4.95139357e-01 7.74389863e-12
4.96696399e-01 7.76860616e-12
4.98253441e-01 7.79308171e-12
4.99810483e-01 7.81662926e-12
5.01367525e-01 7.84110480e-12
5.02924567e-01 7.86546435e-12
5.04481609e-01 7.88993989e-12
5.06038651e-01 7.91418343e-12
5.07595693e-01 7.93865897e-12
5.09152735e-01 7.96255452e-12
5.10709777e-01 7.98714606e-12
5.12266819e-01 8.01162160e-12
5.13823861e-01 8.03586515e-12
5.15380903e-01 8.06034069e-12
5.16937945e-01 8.08446824e-12
5.18494987e-01 8.10929177e-12
5.20052029e-01 8.13365131e-12
5.21609071e-01 8.15801085e-12
5.23166113e-01 8.18237040e-12
5.24723155e-01 8.20649794e-12
5.26280197e-01 8.23108948e-12
5.27837239e-01 8.25544903e-12
5.29394281e-01 8.27957657e-12
5.30951323e-01 8.30416811e-12
5.32508365e-01 8.32852765e-12
5.34065407e-01 8.35311919e-12
5.35622449e-01 8.37724674e-12
5.37179491e-01 8.40172228e-12
5.38736533e-01 8.42573383e-12
5.40293575e-01 8.44997737e-12
5.41850617e-01 8.47445291e-12
5.43407659e-01 8.49869646e-12
5.44964701e-01 8.52317200e-12
5.46521743e-01 8.54729955e-12
5.48078785e-01 8.57189109e-12
5.49635827e-01 8.59613463e-12
5.51192869e-01 8.62049417e-12
5.52749911e-01 8.64520171e-12
5.54306953e-01 8.66886526e-12
5.55863995e-01 8.69345680e-12
5.57421037e-01 8.71781635e-12
5.58978079e-01 8.74217589e-12
5.60535121e-01 8.76653543e-12
5.62092163e-01 8.79101097e-12
5.63649205e-01 8.81537051e-12
5.65206247e-01 8.83961406e-12
5.66763289e-01 8.86408960e-12
5.68320331e-01 8.88833314e-12
5.69877373e-01 8.91292468e-12
5.71434415e-01 8.93728423e-12
5.72991457e-01 8.96175977e-12
5.74548499e-01 8.98565532e-12
5.76105541e-01 9.01001486e-12
5.77662583e-01 9.03437440e-12
5.79219625e-01 9.05896594e-12
5.80776667e-01 9.08320949e-12
5.82333709e-01 9.10745303e-12
5.83890751e-01 9.13192857e-12
5.85447793e-01 9.15605612e-12
5.87004835e-01 9.18041566e-12
5.88561877e-01 9.20489120e-12
5.90118919e-01 9.22936674e-12
5.91675961e-01 9.25372629e-12
5.93233003e-01 9.27785383e-12
5.94790045e-01 9.30221338e-12
5.96347087e-01 9.32680491e-12
5.97904129e-01 9.35116446e-12
5.99461171e-01 9.37552400e-12
6.01018213e-01 9.39976754e-12
6.02575255e-01 9.42412709e-12
6.04132297e-01 9.44813864e-12
6.05689339e-01 9.47273017e-12
6.07246381e-01 9.49674172e-12
6.08803423e-01 9.52110127e-12
6.10360465e-01 9.54557681e-12
6.11917507e-01 9.56993635e-12
6.13474549e-01 9.59429589e-12
6.15031591e-01 9.61853944e-12
6.16588633e-01 9.64301498e-12
6.18145675e-01 9.66760652e-12
6.19702717e-01 9.69196606e-12
6.21259759e-01 9.71632560e-12
6.22816801e-01 9.74068514e-12
6.24373843e-01 9.76504469e-12
6.25930885e-01 9.78917223e-12
6.27487927e-01 9.81353178e-12
6.29044969e-01 9.83835531e-12
6.30602011e-01 9.86225086e-12
6.32159053e-01 9.88684240e-12
6.33716095e-01 9.91120194e-12
6.35273137e-01 9.93532949e-12
6.36830179e-01 9.95992103e-12
6.38387221e-01 9.98393258e-12
6.39944263e-01 1.00084081e-11
6.41501305e-01 1.00332317e-11
6.43058347e-01 1.00573592e-11
6.44615389e-01 1.00817187e-11
6.46172431e-01 1.01060783e-11
6.47729473e-01 1.01304378e-11
6.49286515e-01 1.01547974e-11
6.50843557e-01 1.01790409e-11
6.52400599e-01 1.02035165e-11
6.53957641e-01 1.02277600e-11
6.55514683e-01 1.02521195e-11
6.57071725e-01 1.02763631e-11
6.58628767e-01 1.03009546e-11
6.60185809e-01 1.03253142e-11
6.61742851e-01 1.03494417e-11
6.63299893e-01 1.03740333e-11
6.64856935e-01 1.03982768e-11
6.66413977e-01 1.04225203e-11
6.67971019e-01 1.04467639e-11
6.69528061e-01 1.04710074e-11
6.71085103e-01 1.04957150e-11
6.72642145e-01 1.05199585e-11
6.74199187e-01 1.05444341e-11
6.75756229e-01 1.05689096e-11
6.77313271e-01 1.05932691e-11
6.78870313e-01 1.06176287e-11
6.80427355e-01 1.06419882e-11
6.81984397e-01 1.06663478e-11
6.83541439e-01 1.06907073e-11
6.85098481e-01 1.07151829e-11
6.86655523e-01 1.07391944e-11
6.88212565e-01 1.07636699e-11
6.89769607e-01 1.07881455e-11
6.91326649e-01 1.08122730e-11
6.92883691e-01 1.08370966e-11
6.94440733e-01 1.08614561e-11
6.95997775e-01 1.08855837e-11
6.97554817e-01 1.09099432e-11
6.99111859e-01 1.09345347e-11
7.00668901e-01 1.09584303e-11
7.02225943e-01 1.09827898e-11
7.03782985e-01 1.10074974e-11
7.05340027e-01 1.10317409e-11
7.06897069e-01 1.10564484e-11
7.08454111e-01 1.10805760e-11
7.10011153e-01 1.11049355e-11
7.11568195e-01 1.11294111e-11
7.13125237e-01 1.11538866e-11
7.14682279e-01 1.11778982e-11
7.16239321e-01 1.12024897e-11
7.17796363e-01 1.12266172e-11
7.19353405e-01 1.12512088e-11
7.20910447e-01 1.12754523e-11
7.22467489e-01 1.12998119e-11
7.24024531e-01 1.13242874e-11
7.25581573e-01 1.13485310e-11
7.27138615e-01 1.13727745e-11
7.28695657e-01 1.13974820e-11
7.30252699e-01 1.14216096e-11
7.31809741e-01 1.14459691e-11
7.33366783e-01 1.14699807e-11
7.34923825e-01 1.14948042e-11
7.36480867e-01 1.15188158e-11
7.38037909e-01 1.15430593e-11
7.39594951e-01 1.15674189e-11
7.41151993e-01 1.15917784e-11
7.42709035e-01 1.16161379e-11
7.44266077e-01 1.16406135e-11
7.45823119e-01 1.16646250e-11
7.47380161e-01 1.16891006e-11
7.48937203e-01 1.17138081e-11
7.50494245e-01 1.17379357e-11
7.52051287e-01 1.17622952e-11
7.53608329e-01 1.17866547e-11
7.55165371e-01 1.18107823e-11
7.56722413e-01 1.18352578e-11
7.58279455e-01 1.18595014e-11
7.59836497e-01 1.18837449e-11
7.61393539e-01 1.19082205e-11
7.62950581e-01 1.19325800e-11
7.64507623e-01 1.19569395e-11
7.66064665e-01 1.19812991e-11
7.67621707e-01 1.20058906e-11
7.69178749e-01 1.20302502e-11
7.70735791e-01 1.20543777e-11
7.72292833e-01 1.20789692e-11
7.73849875e-01 1.21030968e-11
7.75406917e-01 1.21274563e-11
7.76963959e-01 1.21518159e-11
7.78521001e-01 1.21761754e-11
7.80078043e-01 1.22007670e-11
7.81635085e-01 1.22248945e-11
7.83192127e-01 1.22493700e-11
7.84749169e-01 1.22736136e-11
7.86306211e-01 1.22980891e-11
7.87863253e-01 1.23224487e-11
7.89420295e-01 1.23468082e-11
7.90977337e-01 1.23712838e-11
7.92534379e-01 1.23954113e-11
7.94091421e-01 1.24200028e-11
7.95648463e-01 1.24441304e-11
7.97205505e-01 1.24684899e-11
7.98762547e-01 1.24930815e-11
8.00319589e-01 1.25170930e-11
8.01876631e-01 1.25415686e-11
8.03433673e-01 1.25659281e-11
8.04990715e-01 1.25906356e-11
8.06547757e-01 1.26146472e-11
8.08104799e-01 1.26391227e-11
8.09661841e-01 1.26632503e-11
8.11218883e-01 1.26877258e-11
8.12775925e-01 1.27120854e-11
8.14332967e-01 1.27367929e-11
8.15890009e-01 1.27605725e-11
8.17447051e-01 1.27848160e-11
8.19004093e-01 1.28092915e-11
8.20561135e-01 1.28338831e-11
8.22118177e-01 1.28582426e-11
8.23675219e-01 1.28826022e-11
8.25232261e-01 1.29069617e-11
8.26789303e-01 1.29313212e-11
8.28346346e-01 1.29557968e-11
8.29903388e-01 1.29798083e-11
8.31460430e-01 1.30043999e-11
8.33017472e-01 1.30284114e-11
8.34574514e-01 1.30526550e-11
8.36131556e-01 1.30772465e-11
8.37688598e-01 1.31016061e-11
8.39245640e-01 1.31261976e-11
8.40802682e-01 1.31503251e-11
8.42359724e-01 1.31746847e-11
8.43916766e-01 1.31990442e-11
8.45473808e-01 1.32236358e-11
8.47030850e-01 1.32477633e-11
8.48587892e-01 1.32721229e-11
8.50144934e-01 1.32964824e-11
8.51701976e-01 1.33208419e-11
8.53259018e-01 1.33454335e-11
8.54816060e-01 1.33693290e-11
8.56373102e-01 1.33934566e-11
8.57930144e-01 1.34179321e-11
8.59487186e-01 1.34424077e-11
8.61044228e-01 1.34665352e-11
8.62601270e-01 1.34913587e-11
8.64158312e-01 1.35156023e-11
8.65715354e-01 1.35400778e-11
8.67272396e-01 1.35640894e-11
8.68829438e-01 1.35885649e-11
8.70386480e-01 1.36129245e-11
8.71943522e-01 1.36375160e-11
8.73500564e-01 1.36616435e-11
8.75057606e-01 1.36862351e-11
8.76614648e-01 1.37103626e-11
8.78171690e-01 1.37348382e-11
8.79728732e-01 1.37590817e-11
8.81285774e-01 1.37832093e-11
8.82842816e-01 1.38078008e-11
8.84399858e-01 1.38322763e-11
8.85956900e-01 1.38567519e-11
8.87513942e-01 1.38805314e-11
8.89070984e-01 1.39050070e-11
8.90628026e-01 1.39293665e-11
8.92185068e-01 1.39537261e-11
8.93742110e-01 1.39783176e-11
8.95299152e-01 1.40024451e-11
8.96856194e-01 1.40270367e-11
8.98413236e-01 1.40509322e-11
8.99970278e-01 1.40754078e-11
9.01527320e-01 1.40996513e-11
9.03084362e-01 1.41241269e-11
9.04641404e-01 1.41486024e-11
9.06198446e-01 1.41727299e-11
9.07755488e-01 1.41969735e-11
9.09312530e-01 1.42214490e-11
9.10869572e-01 1.42458086e-11
9.12426614e-01 1.42704001e-11
9.13983656e-01 1.42945277e-11
9.15540698e-01 1.43191192e-11
9.17097740e-01 1.43432467e-11
9.18654782e-01 1.43678383e-11
9.20211824e-01 1.43919658e-11
9.21768866e-01 1.44163254e-11
9.23325908e-01 1.44409169e-11
9.24882950e-01 1.44653924e-11
9.26439992e-01 1.44894040e-11
9.27997034e-01 1.45137635e-11
9.29554076e-01 1.45381231e-11
9.31111118e-01 1.45622506e-11
9.32668160e-01 1.45868422e-11
9.34225202e-01 1.46113177e-11
9.35782244e-01 1.46355613e-11
9.37339286e-01 1.46601528e-11
9.38896328e-01 1.46842803e-11
9.40453370e-01 1.47087559e-11
9.42010412e-01 1.47329994e-11
9.43567454e-01 1.47575910e-11
9.45124496e-01 1.47821825e-11
9.46681538e-01 1.48061941e-11
9.48238580e-01 1.48304376e-11
9.49795622e-01 1.48551451e-11
9.51352664e-01 1.48791567e-11
9.52909706e-01 1.49039802e-11
9.54466748e-01 1.49281078e-11
9.56023790e-01 1.49525833e-11
9.57580832e-01 1.49767109e-11
9.59137874e-01 1.50011864e-11
9.60694916e-01 1.50254299e-11
9.62251958e-01 1.50496735e-11
9.63809000e-01 1.50743810e-11
9.65366042e-01 1.50988566e-11
9.66923084e-01 1.51227521e-11
9.68480126e-01 1.51471117e-11
9.70037168e-01 1.51718192e-11
9.71594210e-01 1.51960627e-11
9.73151252e-01 1.52204223e-11
9.74708294e-01 1.52445498e-11
9.76265336e-01 1.52691414e-11
9.77822378e-01 1.52935009e-11
9.79379420e-01 1.53176285e-11
9.80936462e-01 1.53423360e-11
9.82493504e-01 1.53662315e-11
9.84050546e-01 1.53909391e-11
9.85607588e-01 1.54155306e-11
9.87164630e-01 1.54393102e-11
9.88721672e-01 1.54640177e-11
9.90278714e-01 1.54886092e-11
9.91835756e-01 1.55125048e-11
9.93392798e-01 1.55370963e-11
9.94949840e-01 1.55612239e-11
9.96506882e-01 1.55854674e-11
9.98063924e-01 1.56099430e-11
9.99620966e-01 1.56343025e-11
1.00117801e+00 1.56586620e-11
1.00273505e+00 1.56831376e-11
1.00429209e+00 1.57077291e-11
1.00584913e+00 1.57318567e-11
1.00740618e+00 1.57563322e-11
1.00896322e+00 1.57804598e-11
1.01052026e+00 1.58050513e-11
1.01207730e+00 1.58294108e-11
1.01363434e+00 1.58537704e-11
1.01519139e+00 1.58778979e-11
1.01674843e+00 1.59023735e-11
1.01830547e+00 1.59269650e-11
1.01986251e+00 1.59513246e-11
1.02141955e+00 1.59753361e-11
1.02297660e+00 1.59999276e-11
1.02453364e+00 1.60241712e-11
1.02609068e+00 1.60486467e-11
1.02764772e+00 1.60727743e-11
1.02920476e+00 1.60972498e-11
1.03076181e+00 1.61217254e-11
1.03231885e+00 1.61460849e-11
1.03387589e+00 1.61703284e-11
1.03543293e+00 1.61948040e-11
1.03698997e+00 1.62192795e-11
1.03854702e+00 1.62435231e-11
1.04010406e+00 1.62674186e-11
1.04166110e+00 1.62921262e-11
1.04321814e+00 1.63163697e-11
1.04477518e+00 1.63407292e-11
1.04633223e+00 1.63650888e-11
1.04788927e+00 1.63895643e-11
1.04944631e+00 1.64138079e-11
1.05100335e+00 1.64381674e-11
1.05256039e+00 1.64621790e-11
1.05411744e+00 1.64866545e-11
1.05567448e+00 1.65111300e-11
1.05723152e+00 1.65353736e-11
1.05878856e+00 1.65597331e-11
1.06034560e+00 1.65840927e-11
1.06190265e+00 1.66085682e-11
1.06345969e+00 1.66328118e-11
1.06501673e+00 1.66569393e-11
1.06657377e+00 1.66815308e-11
1.06813081e+00 1.67061224e-11
1.06968786e+00 1.67302499e-11
1.07124490e+00 1.67546095e-11
1.07280194e+00 1.67789690e-11
1.07435898e+00 1.68035606e-11
1.07591602e+00 1.68276881e-11
1.07747307e+00 1.68521636e-11
1.07903011e+00 1.68761752e-11
1.08058715e+00 1.69007667e-11
1.08214419e+00 1.69252423e-11
1.08370123e+00 1.69497178e-11
1.08525828e+00 1.69740774e-11
1.08681532e+00 1.69980889e-11
1.08837236e+00 1.70226804e-11
1.08992940e+00 1.70470400e-11
1.09148644e+00 1.70715155e-11
1.09304349e+00 1.70958751e-11
1.09460053e+00 1.71202346e-11
1.09615757e+00 1.71448262e-11
1.09771461e+00 1.71689537e-11
1.09927165e+00 1.71929652e-11
1.10082870e+00 1.72175568e-11
1.10238574e+00 1.72416843e-11
1.10394278e+00 1.72661599e-11
1.10549982e+00 1.72905194e-11
1.10705686e+00 1.73153429e-11
1.10861391e+00 1.73392385e-11
1.11017095e+00 1.73635980e-11
1.11172799e+00 1.73876096e-11
1.11328503e+00 1.74124331e-11
1.11484207e+00 1.74366767e-11
1.11639912e+00 1.74609202e-11
1.11795616e+00 1.74853958e-11
1.11951320e+00 1.75094073e-11
1.12107024e+00 1.75341148e-11
1.12262728e+00 1.75585904e-11
1.12418433e+00 1.75826019e-11
1.12574137e+00 1.76071935e-11
1.12729841e+00 1.76313210e-11
1.12885545e+00 1.76556806e-11
1.13041249e+00 1.76802721e-11
1.13196954e+00 1.77045156e-11
1.13352658e+00 1.77287592e-11
1.13508362e+00 1.77531187e-11
1.13664066e+00 1.77775943e-11
1.13819770e+00 1.78020698e-11
1.13975475e+00 1.78264294e-11
1.14131179e+00 1.78505569e-11
1.14286883e+00 1.78746844e-11
1.14442587e+00 1.78990440e-11
1.14598291e+00 1.79237515e-11
1.14753996e+00 1.79477631e-11
1.14909700e+00 1.79722386e-11
1.15065404e+00 1.79967142e-11
1.15221108e+00 1.80210737e-11
1.15376812e+00 1.80454332e-11
1.15532517e+00 1.80699088e-11
1.15688221e+00 1.80941523e-11
1.15843925e+00 1.81182799e-11
1.15999629e+00 1.81427554e-11
1.16155333e+00 1.81672310e-11
1.16311038e+00 1.81913585e-11
1.16466742e+00 1.82156020e-11
1.16622446e+00 1.82400776e-11
1.16778150e+00 1.82644371e-11
1.16933854e+00 1.82889127e-11
1.17089559e+00 1.83129242e-11
1.17245263e+00 1.83372838e-11
1.17400967e+00 1.83619913e-11
1.17556671e+00 1.83861188e-11
1.17712375e+00 1.84103624e-11
1.17868080e+00 1.84350699e-11
1.18023784e+00 1.84590815e-11
1.18179488e+00 1.84836730e-11
1.18335192e+00 1.85080326e-11
1.18490896e+00 1.85321601e-11
1.18646601e+00 1.85567516e-11
1.18802305e+00 1.85808792e-11
1.18958009e+00 1.86048907e-11
1.19113713e+00 1.86297143e-11
1.19269417e+00 1.86540738e-11
1.19425122e+00 1.86783174e-11
1.19580826e+00 1.87026769e-11
1.19736530e+00 1.87268045e-11
1.19892234e+00 1.87511640e-11
1.20047938e+00 1.87756395e-11
1.20203643e+00 1.87999991e-11
1.20359347e+00 1.88241266e-11
1.20515051e+00 1.88486022e-11
1.20670755e+00 1.88733097e-11
1.20826459e+00 1.88973213e-11
1.20982164e+00 1.89216808e-11
1.21137868e+00 1.89459243e-11
1.21293572e+00 1.89705159e-11
1.21449276e+00 1.89946434e-11
1.21604980e+00 1.90191190e-11
1.21760685e+00 1.90433625e-11
1.21916389e+00 1.90678381e-11
1.22072093e+00 1.90921976e-11
1.22227797e+00 1.91164411e-11
1.22383501e+00 1.91409167e-11
1.22539206e+00 1.91652762e-11
1.22694910e+00 1.91894038e-11
1.22850614e+00 1.92136473e-11
1.23006318e+00 1.92378909e-11
1.23162022e+00 1.92627144e-11
1.23317727e+00 1.92867259e-11
1.23473431e+00 1.93107375e-11
1.23629135e+00 1.93355610e-11
1.23784839e+00 1.93600366e-11
1.23940543e+00 1.93842801e-11
1.24096248e+00 1.94085237e-11
1.24251952e+00 1.94327672e-11
1.24407656e+00 1.94571267e-11
1.24563360e+00 1.94813703e-11
1.24719064e+00 1.95058458e-11
1.24874769e+00 1.95304374e-11
1.25030473e+00 1.95545649e-11
1.25186177e+00 1.95791565e-11
1.25341881e+00 1.96032840e-11
1.25497585e+00 1.96278755e-11
1.25653290e+00 1.96520031e-11
1.25808994e+00 1.96763626e-11
1.25964698e+00 1.97014182e-11
1.26120402e+00 1.97255457e-11
1.26276106e+00 1.97494413e-11
1.26431811e+00 1.97740328e-11
1.26587515e+00 1.97985083e-11
1.26743219e+00 1.98227519e-11
1.26898923e+00 1.98471114e-11
1.27054627e+00 1.98713550e-11
1.27210332e+00 1.98959465e-11
1.27366036e+00 1.99204220e-11
1.27521740e+00 1.99447816e-11
1.27677444e+00 1.99687931e-11
1.27833148e+00 1.99931527e-11
1.27988853e+00 2.00176282e-11
1.28144557e+00 2.00416398e-11
1.28300261e+00 2.00661153e-11
1.28455965e+00 2.00903589e-11
1.28611669e+00 2.01147184e-11
1.28767374e+00 2.01389619e-11
1.28923078e+00 2.01633215e-11
1.29078782e+00 2.01879130e-11
1.29234486e+00 2.02121566e-11
1.29390190e+00 2.02366321e-11
1.29545895e+00 2.02609917e-11
1.29701599e+00 2.02853512e-11
1.29857303e+00 2.03092467e-11
1.30013007e+00 2.03338383e-11
1.30168711e+00 2.03581978e-11
1.30324416e+00 2.03825574e-11
1.30480120e+00 2.04069169e-11
1.30635824e+00 2.04315085e-11
1.30791528e+00 2.04555200e-11
1.30947232e+00 2.04797635e-11
1.31102937e+00 2.05041231e-11
1.31258641e+00 2.05285986e-11
1.31414345e+00 2.05528422e-11
1.31570049e+00 2.05775497e-11
1.31725753e+00 2.06015613e-11
1.31881458e+00 2.06259208e-11
1.32037162e+00 2.06505123e-11
1.32192866e+00 2.06748719e-11
1.32348570e+00 2.06989994e-11
1.32504274e+00 2.07234750e-11
1.32659979e+00 2.07479505e-11
1.32815683e+00 2.07720781e-11
1.32971387e+00 2.07966696e-11
1.33127091e+00 2.08207971e-11
1.33282795e+00 2.08453887e-11
1.33438500e+00 2.08696322e-11
1.33594204e+00 2.08942238e-11
1.33749908e+00 2.09186993e-11
1.33905612e+00 2.09429429e-11
1.34061316e+00 2.09674184e-11
1.34217021e+00 2.09915459e-11
1.34372725e+00 2.10156735e-11
1.34528429e+00 2.10403810e-11
1.34684133e+00 2.10648566e-11
1.34839837e+00 2.10893321e-11
1.34995542e+00 2.11131117e-11
1.35151246e+00 2.11379352e-11
1.35306950e+00 2.11624107e-11
1.35462654e+00 2.11865383e-11
1.35618358e+00 2.12110138e-11
1.35774063e+00 2.12351414e-11
1.35929767e+00 2.12597329e-11
1.36085471e+00 2.12840924e-11
1.36241175e+00 2.13081040e-11
1.36396879e+00 2.13325795e-11
1.36552584e+00 2.13568231e-11
1.36708288e+00 2.13811826e-11
1.36863992e+00 2.14056582e-11
1.37019696e+00 2.14299017e-11
1.37175400e+00 2.14544932e-11
1.37331105e+00 2.14789688e-11
1.37486809e+00 2.15030963e-11
1.37642513e+00 2.15273399e-11
1.37798217e+00 2.15515834e-11
1.37953921e+00 2.15759430e-11
1.38109626e+00 2.16003025e-11
1.38265330e+00 2.16247781e-11
1.38421034e+00 2.16491376e-11
1.38576738e+00 2.16736131e-11
1.38732442e+00 2.16976247e-11
1.38888147e+00 2.17221002e-11
1.39043851e+00 2.17462278e-11
1.39199555e+00 2.17708193e-11
1.39355259e+00 2.17950629e-11
1.39510963e+00 2.18197704e-11
1.39666668e+00 2.18441299e-11
1.39822372e+00 2.18684895e-11
1.39978076e+00 2.18928490e-11
1.40133780e+00 2.19169766e-11
1.40289484e+00 2.19415681e-11
1.40445189e+00 2.19661596e-11
1.40600893e+00 2.19900552e-11
1.40756597e+00 2.20147627e-11
1.40912301e+00 2.20387743e-11
1.41068005e+00 2.20633658e-11
1.41223710e+00 2.20877254e-11
1.41379414e+00 2.21119689e-11
1.41535118e+00 2.21360965e-11
1.41690822e+00 2.21610360e-11
1.41846526e+00 2.21849315e-11
1.42002231e+00 2.22090591e-11
1.42157935e+00 2.22338826e-11
1.42313639e+00 2.22580102e-11
1.42469343e+00 2.22823697e-11
1.42625047e+00 2.23066133e-11
1.42780752e+00 2.23309728e-11
1.42936456e+00 2.23557963e-11
1.43092160e+00 2.23795759e-11
1.43247864e+00 2.24043994e-11
1.43403568e+00 2.24285270e-11
1.43559273e+00 2.24531185e-11
1.43714977e+00 2.24773620e-11
1.43870681e+00 2.25016056e-11
1.44026385e+00 2.25259651e-11
1.44182089e+00 2.25502087e-11
1.44337794e+00 2.25746842e-11
1.44493498e+00 2.25992758e-11
1.44649202e+00 2.26235193e-11
1.44804906e+00 2.26479948e-11
1.44960610e+00 2.26721224e-11
1.45116315e+00 2.26962499e-11
1.45272019e+00 2.27209575e-11
1.45427723e+00 2.27454330e-11
1.45583427e+00 2.27695606e-11
1.45739131e+00 2.27940361e-11
1.45894836e+00 2.28183956e-11
1.46050540e+00 2.28425232e-11
1.46206244e+00 2.28668827e-11
1.46361948e+00 2.28912423e-11
1.46517652e+00 2.29154858e-11
1.46673357e+00 2.29400774e-11
1.46829061e+00 2.29645529e-11
1.46984765e+00 2.29884485e-11
1.47140469e+00 2.30128080e-11
1.47296173e+00 2.30371675e-11
1.47451878e+00 2.30615271e-11
1.47607582e+00 2.30861186e-11
1.47763286e+00 2.31103622e-11
1.47918990e+00 2.31348377e-11
1.48074694e+00 2.31591972e-11
1.48230399e+00 2.31834408e-11
1.48386103e+00 2.32078003e-11
1.48541807e+00 2.32321599e-11
1.48697511e+00 2.32564034e-11
1.48853215e+00 2.32808790e-11
1.49008920e+00 2.33050065e-11
1.49164624e+00 2.33292501e-11
1.49320328e+00 2.33539576e-11
1.49476032e+00 2.33784331e-11
1.49631736e+00 2.34026767e-11
1.49787441e+00 2.34269202e-11
1.49943145e+00 2.34513958e-11
1.50098849e+00 2.34756393e-11
1.50254553e+00 2.35002308e-11
1.50410257e+00 2.35244744e-11
1.50565962e+00 2.35487179e-11
1.50721666e+00 2.35729615e-11
1.50877370e+00 2.35976690e-11
1.51033074e+00 2.36214486e-11
1.51188778e+00 2.36460401e-11
1.51344483e+00 2.36708636e-11
1.51500187e+00 2.36948752e-11
1.51655891e+00 2.37193507e-11
1.51811595e+00 2.37434783e-11
1.51967299e+00 2.37678378e-11
1.52123004e+00 2.37924294e-11
1.52278708e+00 2.38167889e-11
1.52434412e+00 2.38410324e-11
1.52590116e+00 2.38653920e-11
1.52745820e+00 2.38896355e-11
1.52901525e+00 2.39142271e-11
1.53057229e+00 2.39382386e-11
1.53212933e+00 2.39627142e-11
1.53368637e+00 2.39875377e-11
1.53524341e+00 2.40116652e-11
1.53680046e+00 2.40357928e-11
1.53835750e+00 2.40602683e-11
1.53991454e+00 2.40847439e-11
1.54147158e+00 2.41089874e-11
1.54302862e+00 2.41334630e-11
1.54458567e+00 2.41575905e-11
1.54614271e+00 2.41819500e-11
1.54769975e+00 2.42063096e-11
1.54925679e+00 2.42307851e-11
1.55081383e+00 2.42550287e-11
1.55237088e+00 2.42796202e-11
1.55392792e+00 2.43037478e-11
1.55548496e+00 2.43278753e-11
1.55704200e+00 2.43524668e-11
1.55859904e+00 2.43770584e-11
1.56015609e+00 2.44014179e-11
1.56171313e+00 2.44256615e-11
1.56327017e+00 2.44500210e-11
1.56482721e+00 2.44741486e-11
1.56638425e+00 2.44985081e-11
1.56794130e+00 2.45229836e-11
1.56949834e+00 2.45475752e-11
1.57105538e+00 2.45719347e-11
1.57261242e+00 2.45960623e-11
1.57416946e+00 2.46204218e-11
1.57572651e+00 2.46446654e-11
1.57728355e+00 2.46690249e-11
1.57884059e+00 2.46937324e-11
1.58039763e+00 2.47179760e-11
1.58195467e+00 2.47423355e-11
1.58351172e+00 2.47665791e-11
1.58506876e+00 2.47909386e-11
1.58662580e+00 2.48151822e-11
1.58818284e+00 2.48395417e-11
1.58973988e+00 2.48641332e-11
1.59129693e+00 2.48881448e-11
1.59285397e+00 2.49127363e-11
1.59441101e+00 2.49370959e-11
1.59596805e+00 2.49614554e-11
1.59752509e+00 2.49858150e-11
1.59908214e+00 2.50104065e-11
1.60063918e+00 2.50346500e-11
1.60219622e+00 2.50590096e-11
1.60375326e+00 2.50834851e-11
1.60531030e+00 2.51074967e-11
1.60686735e+00 2.51318562e-11
1.60842439e+00 2.51563318e-11
1.60998143e+00 2.51809233e-11
1.61153847e+00 2.52050508e-11
1.61309551e+00 2.52294104e-11
1.61465256e+00 2.52540019e-11
1.61620960e+00 2.52783615e-11
1.61776664e+00 2.53023730e-11
1.61932368e+00 2.53268486e-11
1.62088072e+00 2.53509761e-11
1.62243777e+00 2.53753356e-11
1.62399481e+00 2.53996952e-11
1.62555185e+00 2.54242867e-11
1.62710889e+00 2.54482983e-11
1.62866593e+00 2.54728898e-11
1.63022298e+00 2.54974814e-11
1.63178002e+00 2.55219569e-11
1.63333706e+00 2.55458524e-11
1.63489410e+00 2.55703280e-11
1.63645114e+00 2.55948035e-11
1.63800819e+00 2.56189311e-11
1.63956523e+00 2.56437546e-11
1.64112227e+00 2.56678822e-11
1.64267931e+00 2.56920097e-11
1.64423635e+00 2.57166012e-11
1.64579340e+00 2.57407288e-11
1.64735044e+00 2.57653203e-11
1.64890748e+00 2.57897959e-11
1.65046452e+00 2.58142714e-11
1.65202156e+00 2.58386309e-11
1.65357861e+00 2.58631065e-11
1.65513565e+00 2.58871180e-11
1.65669269e+00 2.59114776e-11
1.65824973e+00 2.59357211e-11
1.65980678e+00 2.59604287e-11
1.66136382e+00 2.59844402e-11
1.66292086e+00 2.60092637e-11
1.66447790e+00 2.60332753e-11
1.66603494e+00 2.60578668e-11
1.66759199e+00 2.60821104e-11
1.66914903e+00 2.61061219e-11
1.67070607e+00 2.61309455e-11
1.67226311e+00 2.61550730e-11
1.67382015e+00 2.61794325e-11
1.67537720e+00 2.62041401e-11
1.67693424e+00 2.62283836e-11
1.67849128e+00 2.62527432e-11
1.68004832e+00 2.62771027e-11
1.68160536e+00 2.63014623e-11
1.68316241e+00 2.63257058e-11
1.68471945e+00 2.63499493e-11
1.68627649e+00 2.63743089e-11
1.68783353e+00 2.63985524e-11
1.68939057e+00 2.64232600e-11
1.69094762e+00 2.64472715e-11
1.69250466e+00 2.64716311e-11
1.69406170e+00 2.64961066e-11
1.69561874e+00 2.65206981e-11
1.69717578e+00 2.65447097e-11
1.69873283e+00 2.65690692e-11
1.70028987e+00 2.65934288e-11
1.70184691e+00 2.66179043e-11
1.70340395e+00 2.66421479e-11
1.70496099e+00 2.66663914e-11
1.70651804e+00 2.66907510e-11
1.70807508e+00 2.67151105e-11
1.70963212e+00 2.67394700e-11
1.71118916e+00 2.67635976e-11
1.71274620e+00 2.67883051e-11
1.71430325e+00 2.68126647e-11
1.71586029e+00 2.68369082e-11
1.71741733e+00 2.68613837e-11
1.71897437e+00 2.68858593e-11
1.72053141e+00 2.69102188e-11
1.72208846e+00 2.69343464e-11
1.72364550e+00 2.69590539e-11
1.72520254e+00 2.69828335e-11
1.72675958e+00 2.70073090e-11
1.72831662e+00 2.70316686e-11
1.72987367e+00 2.70561441e-11
1.73143071e+00 2.70808516e-11
1.73298775e+00 2.71048632e-11
1.73454479e+00 2.71289907e-11
1.73610183e+00 2.71536983e-11
1.73765888e+00 2.71781738e-11
1.73921592e+00 2.72025333e-11
1.74077296e+00 2.72264289e-11
1.74233000e+00 2.72505564e-11
1.74388704e+00 2.72749160e-11
1.74544409e+00 2.72993915e-11
1.74700113e+00 2.73237511e-11
1.74855817e+00 2.73481106e-11
1.75011521e+00 2.73723542e-11
1.75167225e+00 2.73964817e-11
1.75322930e+00 2.74210732e-11
1.75478634e+00 2.74454328e-11
1.75634338e+00 2.74697923e-11
1.75790042e+00 2.74943839e-11
1.75945746e+00 2.75186274e-11
1.76101451e+00 2.75428710e-11
1.76257155e+00 2.75673465e-11
1.76412859e+00 2.75917060e-11
1.76568563e+00 2.76160656e-11
1.76724267e+00 2.76401931e-11
1.76879972e+00 2.76644367e-11
1.77035676e+00 2.76890282e-11
1.77191380e+00 2.77132718e-11
1.77347084e+00 2.77373993e-11
1.77502788e+00 2.77616428e-11
1.77658493e+00 2.77862344e-11
1.77814197e+00 2.78104779e-11
1.77969901e+00 2.78351855e-11
1.78125605e+00 2.78594290e-11
1.78281309e+00 2.78837886e-11
1.78437014e+00 2.79082641e-11
1.78592718e+00 2.79325076e-11
1.78748422e+00 2.79569832e-11
1.78904126e+00 2.79813427e-11
1.79059830e+00 2.80052383e-11
1.79215535e+00 2.80301778e-11
1.79371239e+00 2.80541894e-11
1.79526943e+00 2.80785489e-11
1.79682647e+00 2.81029084e-11
1.79838351e+00 2.81272680e-11
1.79994056e+00 2.81518595e-11
1.80149760e+00 2.81759871e-11
1.80305464e+00 2.82004626e-11
1.80461168e+00 2.82249382e-11
1.80616872e+00 2.82490657e-11
1.80772577e+00 2.82736572e-11
1.80928281e+00 2.82981328e-11
1.81083985e+00 2.83224923e-11
1.81239689e+00 2.83466199e-11
1.81395393e+00 2.83708634e-11
1.81551098e+00 2.83952230e-11
1.81706802e+00 2.84195825e-11
1.81862506e+00 2.84439420e-11
1.82018210e+00 2.84685336e-11
1.82173914e+00 2.84927771e-11
1.82329619e+00 2.85170207e-11
1.82485323e+00 2.85414962e-11
1.82641027e+00 2.85656238e-11
1.82796731e+00 2.85903313e-11
1.82952435e+00 2.86143428e-11
1.83108140e+00 2.86390504e-11
1.83263844e+00 2.86631779e-11
1.83419548e+00 2.86877695e-11
1.83575252e+00 2.87121290e-11
1.83730956e+00 2.87363725e-11
1.83886661e+00 2.87606161e-11
1.84042365e+00 2.87849756e-11
1.84198069e+00 2.88094512e-11
1.84353773e+00 2.88339267e-11
1.84509477e+00 2.88581703e-11
1.84665182e+00 2.88825298e-11
1.84820886e+00 2.89068893e-11
1.84976590e+00 2.89313649e-11
1.85132294e+00 2.89552604e-11
1.85287998e+00 2.89800840e-11
1.85443703e+00 2.90042115e-11
1.85599407e+00 2.90288031e-11
1.85755111e+00 2.90531626e-11
1.85910815e+00 2.90774061e-11
1.86066519e+00 2.91017657e-11
1.86222224e+00 2.91262412e-11
1.86377928e+00 2.91506008e-11
1.86533632e+00 2.91749603e-11
1.86689336e+00 2.91992039e-11
1.86845040e+00 2.92234474e-11
1.87000745e+00 2.92476910e-11
1.87156449e+00 2.92721665e-11
1.87312153e+00 2.92962940e-11
1.87467857e+00 2.93206536e-11
1.87623561e+00 2.93452451e-11
1.87779266e+00 2.93696047e-11
1.87934970e+00 2.93940802e-11
1.88090674e+00 2.94183237e-11
1.88246378e+00 2.94425673e-11
1.88402082e+00 2.94669268e-11
1.88557787e+00 2.94916344e-11
1.88713491e+00 2.95158779e-11
1.88869195e+00 2.95402375e-11
1.89024899e+00 2.95647130e-11
1.89180603e+00 2.95889565e-11
1.89336308e+00 2.96132001e-11
1.89492012e+00 2.96375596e-11
1.89647716e+00 2.96619192e-11
1.89803420e+00 2.96862787e-11
1.89959124e+00 2.97106383e-11
1.90114829e+00 2.97351138e-11
1.90270533e+00 2.97595893e-11
1.90426237e+00 2.97839489e-11
1.90581941e+00 2.98080764e-11
1.90737645e+00 2.98322040e-11
1.90893350e+00 2.98567955e-11
1.91049054e+00 2.98809231e-11
1.91204758e+00 2.99055146e-11
1.91360462e+00 2.99298741e-11
1.91516166e+00 2.99542337e-11
1.91671871e+00 2.99783612e-11
1.91827575e+00 3.00027208e-11
1.91983279e+00 3.00273123e-11
1.92138983e+00 3.00516719e-11
1.92294687e+00 3.00757994e-11
1.92450392e+00 3.01005069e-11
1.92606096e+00 3.01249825e-11
1.92761800e+00 3.01489940e-11
1.92917504e+00 3.01734696e-11
1.93073208e+00 3.01975971e-11
1.93228913e+00 3.02223047e-11
1.93384617e+00 3.02467802e-11
1.93540321e+00 3.02711397e-11
1.93696025e+00 3.02954993e-11
1.93851729e+00 3.03197428e-11
1.94007434e+00 3.03442184e-11
1.94163138e+00 3.03683459e-11
1.94318842e+00 3.03931694e-11
1.94474546e+00 3.04172970e-11
1.94630250e+00 3.04414245e-11
1.94785955e+00 3.04657841e-11
1.94941659e+00 3.04903756e-11
1.95097363e+00 3.05146192e-11
1.95253067e+00 3.05387467e-11
1.95408771e+00 3.05633383e-11
1.95564476e+00 3.05878138e-11
1.95720180e+00 3.06121733e-11
1.95875884e+00 3.06363009e-11
1.96031588e+00 3.06608924e-11
1.96187292e+00 3.06851360e-11
1.96342997e+00 3.07092635e-11
1.96498701e+00 3.07337391e-11
1.96654405e+00 3.07583306e-11
1.96810109e+00 3.07825741e-11
1.96965813e+00 3.08068177e-11
1.97121518e+00 3.08312932e-11
1.97277222e+00 3.08555368e-11
1.97432926e+00 3.08801283e-11
1.97588630e+00 3.09044878e-11
1.97744334e+00 3.09288474e-11
1.97900039e+00 3.09529749e-11
1.98055743e+00 3.09776825e-11
1.98211447e+00 3.10016940e-11
1.98367151e+00 3.10261696e-11
1.98522855e+00 3.10501811e-11
1.98678560e+00 3.10747727e-11
1.98834264e+00 3.10993642e-11
1.98989968e+00 3.11232597e-11
1.99145672e+00 3.11477353e-11
1.99301376e+00 3.11718628e-11
1.99457081e+00 3.11962224e-11
1.99612785e+00 3.12208139e-11
1.99768489e+00 3.12448255e-11
1.99924193e+00 3.12691850e-11
2.00079897e+00 3.12937765e-11
2.00235602e+00 3.13182521e-11
2.00391306e+00 3.13424956e-11
2.00547010e+00 3.13668552e-11
2.00702714e+00 3.13915627e-11
2.00858418e+00 3.14158062e-11
2.01014123e+00 3.14400498e-11
2.01169827e+00 3.14644093e-11
2.01325531e+00 3.14888849e-11
2.01481235e+00 3.15134764e-11
2.01636939e+00 3.15376040e-11
2.01792644e+00 3.15618475e-11
2.01948348e+00 3.15860911e-11
2.02104052e+00 3.16107986e-11
2.02259756e+00 3.16351581e-11
2.02415460e+00 3.16592857e-11
2.02571165e+00 3.16835292e-11
2.02726869e+00 3.17081208e-11
2.02882573e+00 3.17322483e-11
2.03038277e+00 3.17568398e-11
2.03193981e+00 3.17809674e-11
2.03349686e+00 3.18053269e-11
2.03505390e+00 3.18294545e-11
2.03661094e+00 3.18541620e-11
2.03816798e+00 3.18787536e-11
2.03972502e+00 3.19029971e-11
2.04128207e+00 3.19273566e-11
2.04283911e+00 3.19514842e-11
2.04439615e+00 3.19763077e-11
2.04595319e+00 3.20005513e-11
2.04751023e+00 3.20245628e-11
2.04906728e+00 3.20493864e-11
2.05062432e+00 3.20733979e-11
2.05218136e+00 3.20978734e-11
2.05373840e+00 3.21222330e-11
2.05529544e+00 3.21467085e-11
2.05685249e+00 3.21709521e-11
2.05840953e+00 3.21954276e-11
2.05996657e+00 3.22196712e-11
2.06152361e+00 3.22437987e-11
2.06308065e+00 3.22683902e-11
2.06463770e+00 3.22929818e-11
2.06619474e+00 3.23171093e-11
2.06775178e+00 3.23414689e-11
2.06930882e+00 3.23658284e-11
2.07086586e+00 3.23904200e-11
2.07242291e+00 3.24145475e-11
2.07397995e+00 3.24386750e-11
2.07553699e+00 3.24631506e-11
2.07709403e+00 3.24877421e-11
2.07865107e+00 3.25122177e-11
2.08020812e+00 3.25363452e-11
2.08176516e+00 3.25604728e-11
2.08332220e+00 3.25850643e-11
2.08487924e+00 3.26094238e-11
2.08643628e+00 3.26340154e-11
2.08799333e+00 3.26581429e-11
2.08955037e+00 3.26823865e-11
2.09110741e+00 3.27070940e-11
2.09266445e+00 3.27314536e-11
2.09422149e+00 3.27552331e-11
2.09577854e+00 3.27794767e-11
2.09733558e+00 3.28040682e-11
2.09889262e+00 3.28286597e-11
2.10044966e+00 3.28527873e-11
2.10200670e+00 3.28771468e-11
2.10356375e+00 3.29015064e-11
2.10512079e+00 3.29258659e-11
2.10667783e+00 3.29502254e-11
2.10823487e+00 3.29745850e-11
2.10979191e+00 3.29990605e-11
2.11134896e+00 3.30231881e-11
2.11290600e+00 3.30477796e-11
2.11446304e+00 3.30717912e-11
2.11602008e+00 3.30964987e-11
2.11757712e+00 3.31207422e-11
2.11913417e+00 3.31449858e-11
2.12069121e+00 3.31693453e-11
2.12224825e+00 3.31935889e-11
2.12380529e+00 3.32178324e-11
2.12536233e+00 3.32420760e-11
2.12691938e+00 3.32664355e-11
2.12847642e+00 3.32909110e-11
2.13003346e+00 3.33153866e-11
2.13159050e+00 3.33396301e-11
2.13314754e+00 3.33641057e-11
2.13470459e+00 3.33883492e-11
2.13626163e+00 3.34128248e-11
2.13781867e+00 3.34368363e-11
2.13937571e+00 3.34613119e-11
2.14093275e+00 3.34855554e-11
2.14248980e+00 3.35100309e-11
2.14404684e+00 3.35343905e-11
2.14560388e+00 3.35588660e-11
2.14716092e+00 3.35831096e-11
2.14871796e+00 3.36077011e-11
2.15027501e+00 3.36315967e-11
2.15183205e+00 3.36565362e-11
2.15338909e+00 3.36803157e-11
2.15494613e+00 3.37049073e-11
2.15650317e+00 3.37294988e-11
2.15806022e+00 3.37536264e-11
2.15961726e+00 3.37777539e-11
2.16117430e+00 3.38024614e-11
2.16273134e+00 3.38270530e-11
2.16428838e+00 3.38510645e-11
2.16584543e+00 3.38751921e-11
2.16740247e+00 3.38997836e-11
2.16895951e+00 3.39241432e-11
2.17051655e+00 3.39486187e-11
2.17207359e+00 3.39729782e-11
2.17363064e+00 3.39974538e-11
2.17518768e+00 3.40218133e-11
2.17674472e+00 3.40464049e-11
2.17830176e+00 3.40707644e-11
2.17985880e+00 3.40948920e-11
2.18141585e+00 3.41191355e-11
2.18297289e+00 3.41433790e-11
2.18452993e+00 3.41678546e-11
2.18608697e+00 3.41923301e-11
2.18764401e+00 3.42164577e-11
2.18920106e+00 3.42408172e-11
2.19075810e+00 3.42651768e-11
2.19231514e+00 3.42895363e-11
2.19387218e+00 3.43137798e-11
2.19542922e+00 3.43383714e-11
2.19698627e+00 3.43626149e-11
2.19854331e+00 3.43867425e-11
2.20010035e+00 3.44112180e-11
2.20165739e+00 3.44353456e-11
2.20321443e+00 3.44595891e-11
2.20477148e+00 3.44841806e-11
2.20632852e+00 3.45085402e-11
2.20788556e+00 3.45328997e-11
2.20944260e+00 3.45573753e-11
2.21099964e+00 3.45816188e-11
2.21255669e+00 3.46059784e-11
2.21411373e+00 3.46305699e-11
2.21567077e+00 3.46549294e-11
2.21722781e+00 3.46792890e-11
2.21878485e+00 3.47034165e-11
2.22034190e+00 3.47280081e-11
2.22189894e+00 3.47521356e-11
2.22345598e+00 3.47764952e-11
2.22501302e+00 3.48008547e-11
2.22657006e+00 3.48252142e-11
2.22812711e+00 3.48493418e-11
2.22968415e+00 3.48741653e-11
2.23124119e+00 3.48982929e-11
2.23279823e+00 3.49230004e-11
2.23435527e+00 3.49470120e-11
2.23591232e+00 3.49713715e-11
2.23746936e+00 3.49959630e-11
2.23902640e+00 3.50205546e-11
2.24058344e+00 3.50446821e-11
2.24214048e+00 3.50688097e-11
2.24369753e+00 3.50931692e-11
2.24525457e+00 3.51177608e-11
2.24681161e+00 3.51422363e-11
2.24836865e+00 3.51661318e-11
2.24992569e+00 3.51909554e-11
2.25148274e+00 3.52150829e-11
2.25303978e+00 3.52396745e-11
2.25459682e+00 3.52635700e-11
2.25615386e+00 3.52880456e-11
2.25771090e+00 3.53125211e-11
2.25926795e+00 3.53369966e-11
2.26082499e+00 3.53610082e-11
2.26238203e+00 3.53854837e-11
2.26393907e+00 3.54096113e-11
2.26549611e+00 3.54342028e-11
2.26705316e+00 3.54583304e-11
2.26861020e+00 3.54829219e-11
2.27016724e+00 3.55072814e-11
2.27172428e+00 3.55314090e-11
2.27328132e+00 3.55557685e-11
2.27483837e+00 3.55802441e-11
2.27639541e+00 3.56043716e-11
2.27795245e+00 3.56288472e-11
2.27950949e+00 3.56532067e-11
2.28106653e+00 3.56775662e-11
2.28262358e+00 3.57022738e-11
2.28418062e+00 3.57264013e-11
2.28573766e+00 3.57511089e-11
2.28729470e+00 3.57752364e-11
2.28885174e+00 3.57993640e-11
2.29040879e+00 3.58237235e-11
2.29196583e+00 3.58480830e-11
2.29352287e+00 3.58726746e-11
2.29507991e+00 3.58966861e-11
2.29663695e+00 3.59211617e-11
2.29819400e+00 3.59456372e-11
2.29975104e+00 3.59698808e-11
2.30130808e+00 3.59944723e-11
2.30286512e+00 3.60187158e-11
2.30442216e+00 3.60431914e-11
2.30597921e+00 3.60675509e-11
2.30753625e+00 3.60917945e-11
2.30909329e+00 3.61161540e-11
2.31065033e+00 3.61403976e-11
2.31220737e+00 3.61647571e-11
2.31376442e+00 3.61888846e-11
2.31532146e+00 3.62135922e-11
2.31687850e+00 3.62377197e-11
2.31843554e+00 3.62621953e-11
2.31999258e+00 3.62865548e-11
2.32154963e+00 3.63105664e-11
2.32310667e+00 3.63351579e-11
2.32466371e+00 3.63591695e-11
2.32622075e+00 3.63837610e-11
2.32777779e+00 3.64081205e-11
2.32933484e+00 3.64324801e-11
2.33089188e+00 3.64568396e-11
2.33244892e+00 3.64811992e-11
2.33400596e+00 3.65059067e-11
2.33556300e+00 3.65301502e-11
2.33712005e+00 3.65542778e-11
2.33867709e+00 3.65787533e-11
2.34023413e+00 3.66029969e-11
2.34179117e+00 3.66271244e-11
2.34334821e+00 3.66514840e-11
2.34490526e+00 3.66757275e-11
2.34646230e+00 3.66999711e-11
2.34801934e+00 3.67244466e-11
2.34957638e+00 3.67486901e-11
2.35113342e+00 3.67731657e-11
2.35269047e+00 3.67976412e-11
2.35424751e+00 3.68220008e-11
2.35580455e+00 3.68461283e-11
2.35736159e+00 3.68708358e-11
2.35891863e+00 3.68948474e-11
2.36047568e+00 3.69194389e-11
2.36203272e+00 3.69437985e-11
2.36358976e+00 3.69680420e-11
2.36514680e+00 3.69925176e-11
2.36670384e+00 3.70165291e-11
2.36826089e+00 3.70411206e-11
2.36981793e+00 3.70654802e-11
2.37137497e+00 3.70899557e-11
2.37293201e+00 3.71138513e-11
2.37448905e+00 3.71386748e-11
2.37604610e+00 3.71628024e-11
2.37760314e+00 3.71871619e-11
2.37916018e+00 3.72115215e-11
2.38071722e+00 3.72358810e-11
2.38227426e+00 3.72604725e-11
2.38383131e+00 3.72849481e-11
2.38538835e+00 3.73090756e-11
2.38694539e+00 3.73336672e-11
2.38850243e+00 3.73581427e-11
2.39005947e+00 3.73820382e-11
2.39161652e+00 3.74063978e-11
2.39317356e+00 3.74309893e-11
2.39473060e+00 3.74551169e-11
2.39628764e+00 3.74794764e-11
2.39784468e+00 3.75040680e-11
2.39940173e+00 3.75283115e-11
2.40095877e+00 3.75530190e-11
2.40251581e+00 3.75771466e-11
2.40407285e+00 3.76015061e-11
2.40562989e+00 3.76259817e-11
2.40718694e+00 3.76502252e-11
2.40874398e+00 3.76745848e-11
2.41030102e+00 3.76991763e-11
2.41185806e+00 3.77234198e-11
2.41341510e+00 3.77476634e-11
2.41497215e+00 3.77719069e-11
2.41652919e+00 3.77961505e-11
2.41808623e+00 3.78207420e-11
2.41964327e+00 3.78451016e-11
2.42120031e+00 3.78696931e-11
2.42275736e+00 3.78940526e-11
2.42431440e+00 3.79181802e-11
2.42587144e+00 3.79424237e-11
2.42742848e+00 3.79671313e-11
2.42898552e+00 3.79914908e-11
2.43054257e+00 3.80156184e-11
2.43209961e+00 3.80399779e-11
2.43365665e+00 3.80642214e-11
2.43521369e+00 3.80886970e-11
2.43677073e+00 3.81128245e-11
2.43832778e+00 3.81376481e-11
2.43988482e+00 3.81620076e-11
2.44144186e+00 3.81862512e-11
2.44299890e+00 3.82104947e-11
2.44455594e+00 3.82350862e-11
2.44611299e+00 3.82592138e-11
2.44767003e+00 3.82835733e-11
2.44922707e+00 3.83079329e-11
2.45078411e+00 3.83321764e-11
2.45234115e+00 3.83568839e-11
2.45389820e+00 3.83807795e-11
2.45545524e+00 3.84050230e-11
2.45701228e+00 3.84296146e-11
2.45856932e+00 3.84540901e-11
2.46012636e+00 3.84782177e-11
2.46168341e+00 3.85025772e-11
2.46324045e+00 3.85272848e-11
2.46479749e+00 3.85512963e-11
2.46635453e+00 3.85758878e-11
2.46791157e+00 3.86000154e-11
2.46946862e+00 3.86246069e-11
2.47102566e+00 3.86488505e-11
2.47258270e+00 3.86732100e-11
2.47413974e+00 3.86974536e-11
2.47569678e+00 3.87218131e-11
2.47725383e+00 3.87461726e-11
2.47881087e+00 3.87707642e-11
2.48036791e+00 3.87947757e-11
2.48192495e+00 3.88192513e-11
2.48348199e+00 3.88436108e-11
2.48503904e+00 3.88677384e-11
2.48659608e+00 3.88923299e-11
2.48815312e+00 3.89166894e-11
2.48971016e+00 3.89408170e-11
2.49126720e+00 3.89651765e-11
2.49282425e+00 3.89897681e-11
2.49438129e+00 3.90141276e-11
2.49593833e+00 3.90383712e-11
2.49749537e+00 3.90628467e-11
2.49905241e+00 3.90869742e-11
2.50060946e+00 3.91115658e-11
2.50216650e+00 3.91355773e-11
2.50372354e+00 3.91600529e-11
2.50528058e+00 3.91844124e-11
2.50683762e+00 3.92085400e-11
2.50839467e+00 3.92328995e-11
2.50995171e+00 3.92574910e-11
2.51150875e+00 3.92818506e-11
2.51306579e+00 3.93062101e-11
2.51462283e+00 3.93305697e-11
2.51617988e+00 3.93546972e-11
2.51773692e+00 3.93790568e-11
2.51929396e+00 3.94036483e-11
2.52085100e+00 3.94280078e-11
2.52240804e+00 3.94524834e-11
2.52396509e+00 3.94766109e-11
2.52552213e+00 3.95008545e-11
2.52707917e+00 3.95249820e-11
2.52863621e+00 3.95498056e-11
2.53019325e+00 3.95740491e-11
2.53175030e+00 3.95982926e-11
2.53330734e+00 3.96226522e-11
2.53486438e+00 3.96470117e-11
2.53642142e+00 3.96713713e-11
2.53797846e+00 3.96957308e-11
2.53953551e+00 3.97199744e-11
2.54109255e+00 3.97442179e-11
2.54264959e+00 3.97686934e-11
2.54420663e+00 3.97929370e-11
2.54576367e+00 3.98171805e-11
2.54732072e+00 3.98414241e-11
2.54887776e+00 3.98660156e-11
2.55043480e+00 3.98906072e-11
2.55199184e+00 3.99150827e-11
2.55354888e+00 3.99393262e-11
2.55510593e+00 3.99634538e-11
2.55666297e+00 3.99876973e-11
2.55822001e+00 4.00121729e-11
2.55977705e+00 4.00368804e-11
2.56133409e+00 4.00610080e-11
2.56289114e+00 4.00854835e-11
2.56444818e+00 4.01094950e-11
2.56600522e+00 4.01339706e-11
2.56756226e+00 4.01585621e-11
2.56911930e+00 4.01828057e-11
2.57067635e+00 4.02070492e-11
2.57223339e+00 4.02312928e-11
2.57379043e+00 4.02554203e-11
2.57534747e+00 4.02798958e-11
2.57690451e+00 4.03042554e-11
2.57846156e+00 4.03286149e-11
2.58001860e+00 4.03527425e-11
2.58157564e+00 4.03773340e-11
2.58313268e+00 4.04014616e-11
2.58468972e+00 4.04258211e-11
2.58624677e+00 4.04504126e-11
2.58780381e+00 4.04745402e-11
2.58936085e+00 4.04990157e-11
2.59091789e+00 4.05232593e-11
2.59247493e+00 4.05476188e-11
2.59403198e+00 4.05719784e-11
2.59558902e+00 4.05964539e-11
2.59714606e+00 4.06204655e-11
2.59870310e+00 4.06450570e-11
2.60026014e+00 4.06696485e-11
2.60181719e+00 4.06935441e-11
2.60337423e+00 4.07181356e-11
2.60493127e+00 4.07424952e-11
2.60648831e+00 4.07666227e-11
2.60804535e+00 4.07912143e-11
2.60960240e+00 4.08154578e-11
2.61115944e+00 4.08398173e-11
2.61271648e+00 4.08640609e-11
2.61427352e+00 4.08886524e-11
2.61583056e+00 4.09130120e-11
2.61738761e+00 4.09373715e-11
2.61894465e+00 4.09614991e-11
2.62050169e+00 4.09860906e-11
2.62205873e+00 4.10104501e-11
2.62361577e+00 4.10349257e-11
2.62517282e+00 4.10591692e-11
2.62672986e+00 4.10834128e-11
2.62828690e+00 4.11076563e-11
2.62984394e+00 4.11322478e-11
2.63140098e+00 4.11562594e-11
2.63295803e+00 4.11809669e-11
2.63451507e+00 4.12050945e-11
2.63607211e+00 4.12294540e-11
2.63762915e+00 4.12539296e-11
2.63918619e+00 4.12781731e-11
2.64074324e+00 4.13027646e-11
2.64230028e+00 4.13271242e-11
2.64385732e+00 4.13517157e-11
2.64541436e+00 4.13757273e-11
2.64697140e+00 4.14003188e-11
2.64852845e+00 4.14244464e-11
2.65008549e+00 4.14491539e-11
2.65164253e+00 4.14736294e-11
2.65319957e+00 4.14977570e-11
2.65475661e+00 4.15222325e-11
2.65631366e+00 4.15467081e-11
2.65787070e+00 4.15709516e-11
2.65942774e+00 4.15951952e-11
2.66098478e+00 4.16196707e-11
2.66254182e+00 4.16437982e-11
2.66409887e+00 4.16683898e-11
2.66565591e+00 4.16925173e-11
2.66721295e+00 4.17168769e-11
2.66876999e+00 4.17414684e-11
2.67032703e+00 4.17659440e-11
2.67188408e+00 4.17898395e-11
2.67344112e+00 4.18143150e-11
2.67499816e+00 4.18389066e-11
2.67655520e+00 4.18630341e-11
2.67811224e+00 4.18875097e-11
2.67966929e+00 4.19119852e-11
2.68122633e+00 4.19363448e-11
2.68278337e+00 4.19604723e-11
2.68434041e+00 4.19848318e-11
2.68589745e+00 4.20091914e-11
2.68745450e+00 4.20337829e-11
2.68901154e+00 4.20579105e-11
2.69056858e+00 4.20822700e-11
2.69212562e+00 4.21066296e-11
2.69368266e+00 4.21309891e-11
2.69523971e+00 4.21553486e-11
2.69679675e+00 4.21799402e-11
2.69835379e+00 4.22040677e-11
2.69991083e+00 4.22281953e-11
2.70146787e+00 4.22526708e-11
2.70302492e+00 4.22770304e-11
2.70458196e+00 4.23017379e-11
2.70613900e+00 4.23258654e-11
2.70769604e+00 4.23504570e-11
2.70925308e+00 4.23743525e-11
2.71081013e+00 4.23991761e-11
2.71236717e+00 4.24233036e-11
2.71392421e+00 4.24477792e-11
2.71548125e+00 4.24722547e-11
2.71703829e+00 4.24966142e-11
2.71859534e+00 4.25205098e-11
2.72015238e+00 4.25452173e-11
2.72170942e+00 4.25694609e-11
2.72326646e+00 4.25940524e-11
2.72482350e+00 4.26182960e-11
2.72638055e+00 4.26427715e-11
2.72793759e+00 4.26668990e-11
2.72949463e+00 4.26912586e-11
2.73105167e+00 4.27157341e-11
2.73260871e+00 4.27400937e-11
2.73416576e+00 4.27644532e-11
2.73572280e+00 4.27889287e-11
2.73727984e+00 4.28132883e-11
2.73883688e+00 4.28372998e-11
2.74039392e+00 4.28620074e-11
2.74195097e+00 4.28861349e-11
2.74350801e+00 4.29107265e-11
2.74506505e+00 4.29349700e-11
2.74662209e+00 4.29593296e-11
2.74817913e+00 4.29839211e-11
2.74973618e+00 4.30081646e-11
2.75129322e+00 4.30324082e-11
2.75285026e+00 4.30566517e-11
2.75440730e+00 4.30811273e-11
2.75596434e+00 4.31054868e-11
2.75752139e+00 4.31299623e-11
2.75907843e+00 4.31543219e-11
2.76063547e+00 4.31786814e-11
2.76219251e+00 4.32030410e-11
2.76374956e+00 4.32274005e-11
2.76530660e+00 4.32518761e-11
2.76686364e+00 4.32758876e-11
2.76842068e+00 4.33007111e-11
2.76997772e+00 4.33248387e-11
2.77153477e+00 4.33494302e-11
2.77309181e+00 4.33733258e-11
2.77464885e+00 4.33978013e-11
2.77620589e+00 4.34223929e-11
2.77776293e+00 4.34466364e-11
2.77931998e+00 4.34707639e-11
2.78087702e+00 4.34953555e-11
2.78243406e+00 4.35195990e-11
2.78399110e+00 4.35439586e-11
2.78554814e+00 4.35684341e-11
2.78710519e+00 4.35926777e-11
2.78866223e+00 4.36169212e-11
2.79021927e+00 4.36412807e-11
2.79177631e+00 4.36654083e-11
2.79333335e+00 4.36897678e-11
2.79489040e+00 4.37148234e-11
2.79644744e+00 4.37386029e-11
2.79800448e+00 4.37630785e-11
2.79956152e+00 4.37874380e-11
2.80111856e+00 4.38120295e-11
2.80267561e+00 4.38363891e-11
2.80423265e+00 4.38606326e-11
2.80578969e+00 4.38851082e-11
2.80734673e+00 4.39093517e-11
2.80890377e+00 4.39339433e-11
2.81046082e+00 4.39579548e-11
2.81201786e+00 4.39827783e-11
2.81357490e+00 4.40067899e-11
2.81513194e+00 4.40310334e-11
2.81668898e+00 4.40556250e-11
2.81824603e+00 4.40797525e-11
2.81980307e+00 4.41045761e-11
2.82136011e+00 4.41284716e-11
2.82291715e+00 4.41529471e-11
2.82447419e+00 4.41771907e-11
2.82603124e+00 4.42015502e-11
2.82758828e+00 4.42260258e-11
2.82914532e+00 4.42506173e-11
2.83070236e+00 4.42748609e-11
2.83225940e+00 4.42993364e-11
2.83381645e+00 4.43234639e-11
2.83537349e+00 4.43477075e-11
2.83693053e+00 4.43727630e-11
2.83848757e+00 4.43968906e-11
2.84004461e+00 4.44207861e-11
2.84160166e+00 4.44456096e-11
2.84315870e+00 4.44697372e-11
2.84471574e+00 4.44940967e-11
2.84627278e+00 4.45186883e-11
2.84782982e+00 4.45430478e-11
2.84938687e+00 4.45671754e-11
2.85094391e+00 4.45918829e-11
2.85250095e+00 4.46158945e-11
2.85405799e+00 4.46403700e-11
2.85561503e+00 4.46647295e-11
2.85717208e+00 4.46889731e-11
2.85872912e+00 4.47137966e-11
2.86028616e+00 4.47378082e-11
2.86184320e+00 4.47620517e-11
2.86340024e+00 4.47864113e-11
2.86495729e+00 4.48110028e-11
2.86651433e+00 4.48352463e-11
2.86807137e+00 4.48594899e-11
2.86962841e+00 4.48836174e-11
2.87118545e+00 4.49080930e-11
2.87274250e+00 4.49325685e-11
2.87429954e+00 4.49569281e-11
2.87585658e+00 4.49810556e-11
2.87741362e+00 4.50054151e-11
2.87897066e+00 4.50297747e-11
2.88052771e+00 4.50543662e-11
2.88208475e+00 4.50787258e-11
2.88364179e+00 4.51028533e-11
2.88519883e+00 4.51274448e-11
2.88675587e+00 4.51514564e-11
2.88831292e+00 4.51758159e-11
2.88986996e+00 4.52001755e-11
2.89142700e+00 4.52244190e-11
2.89298404e+00 4.52487786e-11
2.89454108e+00 4.52731381e-11
2.89609813e+00 4.52973817e-11
2.89765517e+00 4.53217412e-11
2.89921221e+00 4.53462167e-11
2.90076925e+00 4.53705763e-11
2.90232629e+00 4.53947038e-11
2.90388334e+00 4.54190634e-11
2.90544038e+00 4.54434229e-11
2.90699742e+00 4.54676665e-11
2.90855446e+00 4.54920260e-11
2.91011150e+00 4.55165015e-11
2.91166855e+00 4.55409771e-11
2.91322559e+00 4.55651046e-11
2.91478263e+00 4.55895802e-11
2.91633967e+00 4.56139397e-11
2.91789671e+00 4.56380673e-11
2.91945376e+00 4.56623108e-11
2.92101080e+00 4.56869023e-11
2.92256784e+00 4.57111459e-11
2.92412488e+00 4.57357374e-11
2.92568192e+00 4.57598650e-11
2.92723897e+00 4.57843405e-11
2.92879601e+00 4.58088161e-11
2.93035305e+00 4.58331756e-11
2.93191009e+00 4.58575351e-11
2.93346713e+00 4.58818947e-11
2.93502418e+00 4.59064862e-11
2.93658122e+00 4.59306138e-11
2.93813826e+00 4.59548573e-11
2.93969530e+00 4.59794489e-11
2.94125234e+00 4.60034604e-11
2.94280939e+00 4.60281679e-11
2.94436643e+00 4.60522955e-11
2.94592347e+00 4.60765390e-11
2.94748051e+00 4.61012466e-11
2.94903755e+00 4.61254901e-11
2.95059460e+00 4.61499657e-11
2.95215164e+00 4.61740932e-11
2.95370868e+00 4.61985687e-11
2.95526572e+00 4.62226963e-11
2.95682276e+00 4.62470558e-11
2.95837981e+00 4.62712994e-11
2.95993685e+00 4.62957749e-11
2.96149389e+00 4.63200185e-11
2.96305093e+00 4.63443780e-11
2.96460797e+00 4.63689695e-11
2.96616502e+00 4.63929811e-11
2.96772206e+00 4.64175726e-11
2.96927910e+00 4.64419322e-11
2.97083614e+00 4.64662917e-11
2.97239318e+00 4.64905353e-11
2.97395023e+00 4.65150108e-11
2.97550727e+00 4.65393703e-11
2.97706431e+00 4.65637299e-11
2.97862135e+00 4.65879734e-11
2.98017839e+00 4.66123330e-11
2.98173544e+00 4.66369245e-11
2.98329248e+00 4.66611681e-11
2.98484952e+00 4.66856436e-11
2.98640656e+00 4.67100031e-11
2.98796360e+00 4.67342467e-11
2.98952065e+00 4.67586062e-11
2.99107769e+00 4.67831978e-11
2.99263473e+00 4.68073253e-11
2.99419177e+00 4.68321488e-11
2.99574881e+00 4.68560444e-11
2.99730586e+00 4.68802879e-11
2.99886290e+00 4.69045315e-11
3.00041994e+00 4.69293550e-11
3.00197698e+00 4.69532506e-11
3.00353402e+00 4.69778421e-11
3.00509107e+00 4.70025496e-11
3.00664811e+00 4.70266772e-11
3.00820515e+00 4.70510367e-11
3.00976219e+00 4.70755123e-11
3.01131923e+00 4.70998718e-11
3.01287628e+00 4.71242314e-11
3.01443332e+00 4.71483589e-11
3.01599036e+00 4.71727185e-11
3.01754740e+00 4.71973100e-11
3.01910444e+00 4.72214375e-11
3.02066149e+00 4.72459131e-11
3.02221853e+00 4.72701566e-11
3.02377557e+00 4.72947482e-11
3.02533261e+00 4.73191077e-11
3.02688965e+00 4.73436992e-11
3.02844670e+00 4.73675948e-11
3.03000374e+00 4.73919543e-11
3.03156078e+00 4.74164299e-11
3.03311782e+00 4.74409054e-11
3.03467486e+00 4.74650330e-11
3.03623191e+00 4.74898565e-11
3.03778895e+00 4.75143320e-11
3.03934599e+00 4.75384596e-11
3.04090303e+00 4.75627031e-11
3.04246007e+00 4.75872947e-11
3.04401712e+00 4.76113062e-11
3.04557416e+00 4.76360138e-11
3.04713120e+00 4.76603733e-11
3.04868824e+00 4.76846168e-11
3.05024528e+00 4.77089764e-11
3.05180233e+00 4.77332199e-11
3.05335937e+00 4.77574635e-11
3.05491641e+00 4.77818230e-11
3.05647345e+00 4.78059506e-11
3.05803049e+00 4.78305421e-11
3.05958754e+00 4.78549016e-11
3.06114458e+00 4.78793772e-11
3.06270162e+00 4.79035047e-11
3.06425866e+00 4.79280963e-11
3.06581570e+00 4.79523398e-11
3.06737275e+00 4.79765834e-11
3.06892979e+00 4.80009429e-11
3.07048683e+00 4.80255344e-11
3.07204387e+00 4.80496620e-11
3.07360091e+00 4.80742535e-11
3.07515796e+00 4.80986131e-11
3.07671500e+00 4.81227406e-11
3.07827204e+00 4.81471002e-11
3.07982908e+00 4.81709957e-11
3.08138612e+00 4.81958192e-11
3.08294317e+00 4.82201788e-11
3.08450021e+00 4.82447703e-11
3.08605725e+00 4.82686659e-11
3.08761429e+00 4.82930254e-11
3.08917133e+00 4.83173850e-11
3.09072838e+00 4.83420925e-11
3.09228542e+00 4.83662200e-11
3.09384246e+00 4.83905796e-11
3.09539950e+00 4.84149391e-11
3.09695654e+00 4.84391827e-11
3.09851359e+00 4.84637742e-11
3.10007063e+00 4.84879018e-11
3.10162767e+00 4.85124933e-11
3.10318471e+00 4.85368528e-11
3.10474175e+00 4.85609804e-11
3.10629880e+00 4.85854559e-11
3.10785584e+00 4.86098155e-11
3.10941288e+00 4.86341750e-11
3.11096992e+00 4.86586506e-11
3.11252696e+00 4.86828941e-11
3.11408401e+00 4.87073696e-11
3.11564105e+00 4.87314972e-11
3.11719809e+00 4.87557407e-11
3.11875513e+00 4.87799843e-11
3.12031217e+00 4.88045758e-11
3.12186922e+00 4.88284714e-11
3.12342626e+00 4.88532949e-11
3.12498330e+00 4.88776544e-11
3.12654034e+00 4.89017820e-11
3.12809738e+00 4.89263735e-11
3.12965443e+00 4.89507331e-11
3.13121147e+00 4.89749766e-11
3.13276851e+00 4.89995682e-11
3.13432555e+00 4.90238117e-11
3.13588259e+00 4.90484032e-11
3.13743964e+00 4.90724148e-11
3.13899668e+00 4.90966583e-11
3.14055372e+00 4.91210179e-11
3.14211076e+00 4.91453774e-11
3.14366780e+00 4.91699690e-11
3.14522485e+00 4.91938645e-11
3.14678189e+00 4.92184561e-11
3.14833893e+00 4.92425836e-11
3.14989597e+00 4.92669431e-11
3.15145301e+00 4.92913027e-11
3.15301006e+00 4.93157782e-11
3.15456710e+00 4.93404858e-11
3.15612414e+00 4.93643813e-11
3.15768118e+00 4.93887409e-11
3.15923822e+00 4.94133324e-11
3.16079527e+00 4.94376919e-11
3.16235231e+00 4.94619355e-11
3.16390935e+00 4.94864110e-11
3.16546639e+00 4.95107706e-11
3.16702343e+00 4.95348981e-11
3.16858048e+00 4.95592577e-11
3.17013752e+00 4.95838492e-11
3.17169456e+00 4.96077447e-11
3.17325160e+00 4.96325683e-11
3.17480864e+00 4.96566958e-11
3.17636569e+00 4.96812874e-11
3.17792273e+00 4.97056469e-11
3.17947977e+00 4.97301224e-11
3.18103681e+00 4.97542500e-11
3.18259385e+00 4.97784935e-11
3.18415090e+00 4.98030851e-11
3.18570794e+00 4.98272126e-11
3.18726498e+00 4.98518042e-11
3.18882202e+00 4.98761637e-11
3.19037906e+00 4.99002913e-11
3.19193611e+00 4.99246508e-11
3.19349315e+00 4.99492423e-11
3.19505019e+00 4.99736019e-11
3.19660723e+00 4.99983094e-11
3.19816427e+00 5.00225530e-11
3.19972132e+00 5.00466805e-11
3.20127836e+00 5.00710400e-11
3.20283540e+00 5.00953996e-11
3.20439244e+00 5.01199911e-11
3.20594948e+00 5.01443507e-11
3.20750653e+00 5.01691742e-11
3.20906357e+00 5.01931858e-11
3.21062061e+00 5.02175453e-11
3.21217765e+00 5.02417888e-11
3.21373469e+00 5.02659164e-11
3.21529174e+00 5.02907399e-11
3.21684878e+00 5.03148675e-11
3.21840582e+00 5.03391110e-11
3.21996286e+00 5.03635866e-11
3.22151990e+00 5.03879461e-11
3.22307695e+00 5.04120736e-11
3.22463399e+00 5.04366652e-11
3.22619103e+00 5.04610247e-11
3.22774807e+00 5.04852683e-11
3.22930511e+00 5.05095118e-11
3.23086216e+00 5.05341034e-11
3.23241920e+00 5.05584629e-11
3.23397624e+00 5.05825904e-11
3.23553328e+00 5.06071820e-11
3.23709032e+00 5.06315415e-11
3.23864737e+00 5.06559011e-11
3.24020441e+00 5.06801446e-11
3.24176145e+00 5.07043882e-11
3.24331849e+00 5.07289797e-11
3.24487553e+00 5.07532232e-11
3.24643258e+00 5.07775828e-11
3.24798962e+00 5.08020583e-11
3.24954666e+00 5.08261859e-11
3.25110370e+00 5.08507774e-11
3.25266074e+00 5.08751370e-11
3.25421779e+00 5.08994965e-11
3.25577483e+00 5.09239720e-11
3.25733187e+00 5.09484476e-11
3.25888891e+00 5.09728071e-11
3.26044595e+00 5.09969347e-11
3.26200300e+00 5.10212942e-11
3.26356004e+00 5.10457697e-11
3.26511708e+00 5.10700133e-11
3.26667412e+00 5.10941408e-11
3.26823116e+00 5.11189644e-11
3.26978821e+00 5.11430919e-11
3.27134525e+00 5.11672195e-11
3.27290229e+00 5.11916950e-11
3.27445933e+00 5.12160546e-11
3.27601637e+00 5.12405301e-11
3.27757342e+00 5.12648896e-11
3.27913046e+00 5.12894812e-11
3.28068750e+00 5.13138407e-11
3.28224454e+00 5.13384323e-11
3.28380158e+00 5.13625598e-11
3.28535863e+00 5.13868033e-11
3.28691567e+00 5.14111629e-11
3.28847271e+00 5.14357544e-11
3.29002975e+00 5.14599980e-11
3.29158679e+00 5.14841255e-11
3.29314384e+00 5.15086011e-11
3.29470088e+00 5.15328446e-11
3.29625792e+00 5.15572041e-11
3.29781496e+00 5.15817957e-11
3.29937200e+00 5.16059232e-11
3.30092905e+00 5.16305148e-11
3.30248609e+00 5.16546423e-11
3.30404313e+00 5.16790019e-11
3.30560017e+00 5.17034774e-11
3.30715721e+00 5.17277209e-11
3.30871426e+00 5.17519645e-11
3.31027130e+00 5.17760920e-11
3.31182834e+00 5.18005676e-11
3.31338538e+00 5.18250431e-11
3.31494242e+00 5.18495187e-11
3.31649947e+00 5.18741102e-11
3.31805651e+00 5.18982377e-11
3.31961355e+00 5.19224813e-11
3.32117059e+00 5.19470728e-11
3.32272763e+00 5.19713164e-11
3.32428468e+00 5.19954439e-11
3.32584172e+00 5.20201515e-11
3.32739876e+00 5.20442790e-11
3.32895580e+00 5.20687545e-11
3.33051284e+00 5.20931141e-11
3.33206989e+00 5.21174736e-11
3.33362693e+00 5.21419492e-11
3.33518397e+00 5.21661927e-11
3.33674101e+00 5.21907843e-11
3.33829805e+00 5.22146798e-11
3.33985510e+00 5.22392713e-11
3.34141214e+00 5.22633989e-11
3.34296918e+00 5.22877584e-11
3.34452622e+00 5.23121180e-11
3.34608326e+00 5.23368255e-11
3.34764031e+00 5.23608371e-11
3.34919735e+00 5.23851966e-11
3.35075439e+00 5.24097881e-11
3.35231143e+00 5.24339157e-11
3.35386847e+00 5.24585072e-11
3.35542552e+00 5.24826348e-11
3.35698256e+00 5.25069943e-11
3.35853960e+00 5.25314699e-11
3.36009664e+00 5.25555974e-11
3.36165368e+00 5.25805369e-11
3.36321073e+00 5.26045485e-11
3.36476777e+00 5.26290240e-11
3.36632481e+00 5.26534996e-11
3.36788185e+00 5.26777431e-11
3.36943889e+00 5.27019867e-11
3.37099594e+00 5.27262302e-11
3.37255298e+00 5.27505897e-11
3.37411002e+00 5.27748333e-11
3.37566706e+00 5.27991928e-11
3.37722410e+00 5.28236684e-11
3.37878115e+00 5.28479119e-11
3.38033819e+00 5.28725035e-11
3.38189523e+00 5.28969790e-11
3.38345227e+00 5.29212225e-11
3.38500931e+00 5.29454661e-11
3.38656636e+00 5.29700576e-11
3.38812340e+00 5.29944172e-11
3.38968044e+00 5.30185447e-11
3.39123748e+00 5.30431363e-11
3.39279452e+00 5.30672638e-11
3.39435157e+00 5.30917393e-11
3.39590861e+00 5.31162149e-11
3.39746565e+00 5.31403424e-11
3.39902269e+00 5.31647020e-11
3.40057973e+00 5.31894095e-11
3.40213678e+00 5.32134211e-11
3.40369382e+00 5.32377806e-11
3.40525086e+00 5.32621401e-11
3.40680790e+00 5.32867317e-11
3.40836494e+00 5.33107432e-11
3.40992199e+00 5.33352188e-11
3.41147903e+00 5.33595783e-11
3.41303607e+00 5.33841699e-11
3.41459311e+00 5.34085294e-11
3.41615015e+00 5.34326569e-11
3.41770720e+00 5.34570165e-11
3.41926424e+00 5.34813760e-11
3.42082128e+00 5.35061996e-11
3.42237832e+00 5.35303271e-11
3.42393536e+00 5.35546866e-11
3.42549241e+00 5.35790462e-11
3.42704945e+00 5.36031737e-11
3.42860649e+00 5.36275333e-11
3.43016353e+00 5.36518928e-11
3.43172057e+00 5.36761364e-11
3.43327762e+00 5.37004959e-11
3.43483466e+00 5.37248555e-11
3.43639170e+00 5.37493310e-11
3.43794874e+00 5.37739225e-11
3.43950578e+00 5.37980501e-11
3.44106283e+00 5.38226416e-11
3.44261987e+00 5.38465372e-11
3.44417691e+00 5.38712447e-11
3.44573395e+00 5.38952563e-11
3.44729099e+00 5.39198478e-11
3.44884804e+00 5.39440913e-11
3.45040508e+00 5.39685669e-11
3.45196212e+00 5.39926944e-11
3.45351916e+00 5.40172860e-11
3.45507620e+00 5.40414135e-11
3.45663325e+00 5.40660051e-11
3.45819029e+00 5.40905966e-11
3.45974733e+00 5.41146081e-11
3.46130437e+00 5.41389677e-11
3.46286141e+00 5.41634432e-11
3.46441846e+00 5.41874548e-11
3.46597550e+00 5.42120463e-11
3.46753254e+00 5.42361739e-11
3.46908958e+00 5.42608814e-11
3.47064662e+00 5.42850089e-11
3.47220367e+00 5.43093685e-11
3.47376071e+00 5.43339600e-11
3.47531775e+00 5.43580876e-11
3.47687479e+00 5.43822151e-11
3.47843183e+00 5.44068067e-11
3.47998888e+00 5.44310502e-11
3.48154592e+00 5.44555257e-11
3.48310296e+00 5.44798853e-11
3.48466000e+00 5.45040128e-11
3.48621704e+00 5.45283724e-11
3.48777409e+00 5.45528479e-11
3.48933113e+00 5.45770915e-11
3.49088817e+00 5.46019150e-11
3.49244521e+00 5.46260425e-11
3.49400225e+00 5.46505181e-11
3.49555930e+00 5.46751096e-11
3.49711634e+00 5.46993532e-11
3.49867338e+00 5.47235967e-11
3.50023042e+00 5.47477243e-11
3.50178746e+00 5.47721998e-11
3.50334451e+00 5.47967913e-11
3.50490155e+00 5.48211509e-11
3.50645859e+00 5.48455104e-11
3.50801563e+00 5.48698700e-11
3.50957267e+00 5.48941135e-11
3.51112972e+00 5.49183571e-11
3.51268676e+00 5.49424846e-11
3.51424380e+00 5.49673081e-11
3.51580084e+00 5.49915517e-11
3.51735788e+00 5.50157952e-11
3.51891493e+00 5.50401548e-11
3.52047197e+00 5.50647463e-11
3.52202901e+00 5.50888738e-11
3.52358605e+00 5.51132334e-11
3.52514309e+00 5.51375929e-11
3.52670014e+00 5.51620685e-11
3.52825718e+00 5.51863120e-11
3.52981422e+00 5.52106716e-11
3.53137126e+00 5.52350311e-11
3.53292830e+00 5.52593906e-11
3.53448535e+00 5.52836342e-11
3.53604239e+00 5.53079937e-11
3.53759943e+00 5.53322373e-11
3.53915647e+00 5.53568288e-11
3.54071351e+00 5.53809564e-11
3.54227056e+00 5.54054319e-11
3.54382760e+00 5.54300234e-11
3.54538464e+00 5.54540350e-11
3.54694168e+00 5.54788585e-11
3.54849872e+00 5.55032181e-11
3.55005577e+00 5.55276936e-11
3.55161281e+00 5.55520532e-11
3.55316985e+00 5.55762967e-11
3.55472689e+00 5.56005402e-11
3.55628393e+00 5.56250158e-11
3.55784098e+00 5.56493753e-11
3.55939802e+00 5.56735029e-11
3.56095506e+00 5.56980944e-11
3.56251210e+00 5.57221060e-11
3.56406914e+00 5.57465815e-11
3.56562619e+00 5.57711730e-11
3.56718323e+00 5.57956486e-11
3.56874027e+00 5.58198921e-11
3.57029731e+00 5.58442517e-11
3.57185435e+00 5.58684952e-11
3.57341140e+00 5.58929708e-11
3.57496844e+00 5.59173303e-11
3.57652548e+00 5.59416898e-11
3.57808252e+00 5.59660494e-11
3.57963956e+00 5.59904089e-11
3.58119661e+00 5.60150005e-11
3.58275365e+00 5.60391280e-11
3.58431069e+00 5.60631396e-11
3.58586773e+00 5.60878471e-11
3.58742477e+00 5.61117426e-11
3.58898182e+00 5.61365662e-11
3.59053886e+00 5.61606937e-11
3.59209590e+00 5.61852853e-11
3.59365294e+00 5.62095288e-11
3.59520998e+00 5.62340044e-11
3.59676703e+00 5.62581319e-11
3.59832407e+00 5.62826074e-11
3.59988111e+00 5.63070830e-11
3.60143815e+00 5.63313265e-11
3.60299519e+00 5.63559181e-11
3.60455224e+00 5.63799296e-11
3.60610928e+00 5.64042892e-11
3.60766632e+00 5.64285327e-11
3.60922336e+00 5.64531242e-11
3.61078040e+00 5.64773678e-11
3.61233745e+00 5.65017273e-11
3.61389449e+00 5.65260869e-11
3.61545153e+00 5.65502144e-11
3.61700857e+00 5.65745740e-11
3.61856561e+00 5.65991655e-11
3.62012266e+00 5.66234090e-11
3.62167970e+00 5.66474206e-11
3.62323674e+00 5.66720121e-11
3.62479378e+00 5.66963717e-11
3.62635082e+00 5.67206152e-11
3.62790787e+00 5.67450908e-11
3.62946491e+00 5.67692183e-11
3.63102195e+00 5.67935778e-11
3.63257899e+00 5.68181694e-11
3.63413603e+00 5.68424129e-11
3.63569308e+00 5.68668885e-11
3.63725012e+00 5.68909000e-11
3.63880716e+00 5.69152596e-11
3.64036420e+00 5.69398511e-11
3.64192124e+00 5.69642106e-11
3.64347829e+00 5.69885702e-11
3.64503533e+00 5.70130457e-11
3.64659237e+00 5.70374053e-11
3.64814941e+00 5.70615328e-11
3.64970645e+00 5.70861244e-11
3.65126350e+00 5.71107159e-11
3.65282054e+00 5.71348434e-11
3.65437758e+00 5.71592030e-11
3.65593462e+00 5.71835625e-11
3.65749166e+00 5.72081541e-11
3.65904871e+00 5.72328616e-11
3.66060575e+00 5.72568732e-11
3.66216279e+00 5.72811167e-11
3.66371983e+00 5.73057082e-11
3.66527687e+00 5.73299518e-11
3.66683392e+00 5.73540793e-11
3.66839096e+00 5.73784389e-11
3.66994800e+00 5.74030304e-11
3.67150504e+00 5.74271580e-11
3.67306208e+00 5.74517495e-11
3.67461913e+00 5.74758770e-11
3.67617617e+00 5.75001206e-11
3.67773321e+00 5.75245961e-11
3.67929025e+00 5.75489557e-11
3.68084729e+00 5.75733152e-11
3.68240434e+00 5.75976748e-11
3.68396138e+00 5.76216863e-11
3.68551842e+00 5.76465098e-11
3.68707546e+00 5.76704054e-11
3.68863250e+00 5.76951129e-11
3.69018955e+00 5.77195885e-11
3.69174659e+00 5.77438320e-11
3.69330363e+00 5.77684235e-11
3.69486067e+00 5.77927831e-11
3.69641771e+00 5.78169106e-11
3.69797476e+00 5.78412702e-11
3.69953180e+00 5.78656297e-11
3.70108884e+00 5.78901053e-11
3.70264588e+00 5.79145808e-11
3.70420292e+00 5.79385924e-11
3.70575997e+00 5.79630679e-11
3.70731701e+00 5.79873114e-11
3.70887405e+00 5.80120190e-11
3.71043109e+00 5.80362625e-11
3.71198813e+00 5.80605061e-11
3.71354518e+00 5.80852136e-11
3.71510222e+00 5.81093411e-11
3.71665926e+00 5.81335847e-11
3.71821630e+00 5.81577122e-11
3.71977334e+00 5.81823038e-11
3.72133039e+00 5.82067793e-11
3.72288743e+00 5.82309069e-11
3.72444447e+00 5.82553824e-11
3.72600151e+00 5.82795100e-11
3.72755855e+00 5.83039855e-11
3.72911560e+00 5.83283450e-11
3.73067264e+00 5.83530526e-11
3.73222968e+00 5.83770641e-11
3.73378672e+00 5.84014237e-11
3.73534376e+00 5.84256672e-11
3.73690081e+00 5.84504907e-11
3.73845785e+00 5.84743863e-11
3.74001489e+00 5.84992098e-11
3.74157193e+00 5.85234534e-11
3.74312897e+00 5.85478129e-11
3.74468602e+00 5.85722885e-11
3.74624306e+00 5.85963000e-11
3.74780010e+00 5.86207755e-11
3.74935714e+00 5.86451351e-11
3.75091418e+00 5.86694946e-11
3.75247123e+00 5.86943182e-11
3.75402827e+00 5.87184457e-11
3.75558531e+00 5.87423413e-11
3.75714235e+00 5.87670488e-11
3.75869939e+00 5.87914083e-11
3.76025644e+00 5.88161159e-11
3.76181348e+00 5.88402434e-11
3.76337052e+00 5.88648350e-11
3.76492756e+00 5.88887305e-11
3.76648460e+00 5.89130901e-11
3.76804165e+00 5.89377976e-11
3.76959869e+00 5.89620411e-11
3.77115573e+00 5.89864007e-11
3.77271277e+00 5.90107602e-11
3.77426981e+00 5.90350038e-11
3.77582686e+00 5.90594793e-11
3.77738390e+00 5.90838389e-11
3.77894094e+00 5.91080824e-11
3.78049798e+00 5.91325579e-11
3.78205502e+00 5.91568015e-11
3.78361207e+00 5.91812770e-11
3.78516911e+00 5.92054046e-11
3.78672615e+00 5.92296481e-11
3.78828319e+00 5.92541237e-11
3.78984023e+00 5.92785992e-11
3.79139728e+00 5.93026107e-11
3.79295432e+00 5.93269703e-11
3.79451136e+00 5.93513298e-11
3.79606840e+00 5.93756894e-11
3.79762544e+00 5.94002809e-11
3.79918249e+00 5.94244085e-11
3.80073953e+00 5.94491160e-11
3.80229657e+00 5.94733595e-11
3.80385361e+00 5.94978351e-11
3.80541065e+00 5.95219626e-11
3.80696770e+00 5.95462062e-11
3.80852474e+00 5.95707977e-11
3.81008178e+00 5.95950413e-11
3.81163882e+00 5.96195168e-11
3.81319586e+00 5.96434123e-11
3.81475291e+00 5.96678879e-11
3.81630995e+00 5.96922474e-11
3.81786699e+00 5.97166070e-11
3.81942403e+00 5.97411985e-11
3.82098107e+00 5.97652101e-11
3.82253812e+00 5.97898016e-11
3.82409516e+00 5.98143931e-11
3.82565220e+00 5.98385207e-11
3.82720924e+00 5.98628802e-11
3.82876628e+00 5.98870078e-11
3.83032333e+00 5.99111353e-11
3.83188037e+00 5.99357269e-11
3.83343741e+00 5.99598544e-11
3.83499445e+00 5.99843300e-11
3.83655149e+00 6.00089215e-11
3.83810854e+00 6.00332810e-11
3.83966558e+00 6.00575246e-11
3.84122262e+00 6.00818841e-11
3.84277966e+00 6.01063597e-11
3.84433670e+00 6.01306032e-11
3.84589375e+00 6.01551947e-11
3.84745079e+00 6.01794383e-11
3.84900783e+00 6.02041458e-11
3.85056487e+00 6.02286214e-11
3.85212191e+00 6.02524009e-11
3.85367896e+00 6.02769925e-11
3.85523600e+00 6.03014680e-11
3.85679304e+00 6.03258275e-11
3.85835008e+00 6.03503031e-11
3.85990712e+00 6.03744306e-11
3.86146417e+00 6.03989062e-11
3.86302121e+00 6.04231497e-11
3.86457825e+00 6.04477413e-11
3.86613529e+00 6.04719848e-11
3.86769234e+00 6.04964603e-11
3.86924938e+00 6.05205879e-11
3.87080642e+00 6.05447154e-11
3.87236346e+00 6.05693070e-11
3.87392050e+00 6.05936665e-11
3.87547755e+00 6.06181421e-11
3.87703459e+00 6.06427336e-11
3.87859163e+00 6.06667451e-11
3.88014867e+00 6.06911047e-11
3.88170571e+00 6.07154642e-11
3.88326276e+00 6.07401718e-11
3.88481980e+00 6.07644153e-11
3.88637684e+00 6.07885429e-11
3.88793388e+00 6.08134824e-11
3.88949092e+00 6.08371459e-11
3.89104797e+00 6.08616215e-11
3.89260501e+00 6.08859810e-11
3.89416205e+00 6.09106886e-11
3.89571909e+00 6.09348161e-11
3.89727613e+00 6.09590597e-11
3.89883318e+00 6.09833032e-11
3.90039022e+00 6.10075467e-11
3.90194726e+00 6.10321383e-11
3.90350430e+00 6.10560338e-11
3.90506134e+00 6.10805094e-11
3.90661839e+00 6.11051009e-11
3.90817543e+00 6.11293445e-11
3.90973247e+00 6.11534720e-11
3.91128951e+00 6.11781795e-11
3.91284655e+00 6.12023071e-11
3.91440360e+00 6.12266666e-11
3.91596064e+00 6.12510262e-11
3.91751768e+00 6.12753857e-11
3.91907472e+00 6.12998613e-11
3.92063176e+00 6.13242208e-11
3.92218881e+00 6.13484643e-11
3.92374585e+00 6.13731719e-11
3.92530289e+00 6.13975314e-11
3.92685993e+00 6.14220070e-11
3.92841697e+00 6.14462505e-11
3.92997402e+00 6.14708420e-11
3.93153106e+00 6.14952016e-11
3.93308810e+00 6.15194451e-11
3.93464514e+00 6.15436887e-11
3.93620218e+00 6.15681642e-11
3.93775923e+00 6.15926398e-11
3.93931627e+00 6.16168833e-11
3.94087331e+00 6.16413588e-11
3.94243035e+00 6.16657184e-11
3.94398739e+00 6.16900779e-11
3.94554444e+00 6.17143215e-11
3.94710148e+00 6.17387970e-11
3.94865852e+00 6.17631566e-11
3.95021556e+00 6.17872841e-11
3.95177260e+00 6.18118756e-11
3.95332965e+00 6.18361192e-11
3.95488669e+00 6.18605947e-11
3.95644373e+00 6.18849543e-11
3.95800077e+00 6.19090818e-11
3.95955781e+00 6.19334414e-11
3.96111486e+00 6.19579169e-11
3.96267190e+00 6.19823924e-11
3.96422894e+00 6.20065200e-11
3.96578598e+00 6.20311115e-11
3.96734302e+00 6.20552391e-11
3.96890007e+00 6.20797146e-11
3.97045711e+00 6.21039582e-11
3.97201415e+00 6.21283177e-11
3.97357119e+00 6.21526772e-11
3.97512823e+00 6.21770368e-11
3.97668528e+00 6.22013963e-11
3.97824232e+00 6.22255239e-11
3.97979936e+00 6.22501154e-11
3.98135640e+00 6.22744750e-11
3.98291344e+00 6.22991825e-11
3.98447049e+00 6.23231940e-11
3.98602753e+00 6.23476696e-11
3.98758457e+00 6.23721451e-11
3.98914161e+00 6.23965047e-11
3.99069865e+00 6.24206322e-11
3.99225570e+00 6.24452238e-11
3.99381274e+00 6.24693513e-11
3.99536978e+00 6.24939428e-11
3.99692682e+00 6.25183024e-11
3.99848386e+00 6.25426619e-11
4.00004091e+00 6.25670215e-11
4.00159795e+00 6.25913810e-11
4.00315499e+00 6.26155086e-11
4.00471203e+00 6.26398681e-11
4.00626907e+00 6.26646916e-11
4.00782612e+00 6.26885872e-11
4.00938316e+00 6.27130627e-11
4.01094020e+00 6.27374223e-11
4.01249724e+00 6.27618978e-11
4.01405428e+00 6.27862574e-11
4.01561133e+00 6.28103849e-11
4.01716837e+00 6.28349764e-11
4.01872541e+00 6.28593360e-11
4.02028245e+00 6.28838115e-11
4.02183949e+00 6.29080551e-11
4.02339654e+00 6.29321826e-11
4.02495358e+00 6.29567742e-11
4.02651062e+00 6.29809017e-11
4.02806766e+00 6.30053772e-11
4.02962470e+00 6.30297368e-11
4.03118175e+00 6.30540963e-11
4.03273879e+00 6.30785719e-11
4.03429583e+00 6.31031634e-11
4.03585287e+00 6.31275229e-11
4.03740991e+00 6.31516505e-11
4.03896696e+00 6.31760100e-11
4.04052400e+00 6.31999056e-11
4.04208104e+00 6.32244971e-11
4.04363808e+00 6.32487407e-11
4.04519512e+00 6.32732162e-11
4.04675217e+00 6.32978077e-11
4.04830921e+00 6.33221673e-11
4.04986625e+00 6.33465268e-11
4.05142329e+00 6.33707704e-11
4.05298033e+00 6.33952459e-11
4.05453738e+00 6.34196055e-11
4.05609442e+00 6.34438490e-11
4.05765146e+00 6.34682085e-11
4.05920850e+00 6.34926841e-11
4.06076554e+00 6.35170436e-11
4.06232259e+00 6.35411712e-11
4.06387963e+00 6.35657627e-11
4.06543667e+00 6.35900063e-11
4.06699371e+00 6.36144818e-11
4.06855075e+00 6.36386094e-11
4.07010780e+00 6.36627369e-11
4.07166484e+00 6.36873284e-11
4.07322188e+00 6.37116880e-11
4.07477892e+00 6.37362795e-11
4.07633596e+00 6.37604071e-11
4.07789301e+00 6.37845346e-11
4.07945005e+00 6.38090102e-11
4.08100709e+00 6.38336017e-11
4.08256413e+00 6.38576132e-11
4.08412117e+00 6.38820888e-11
4.08567822e+00 6.39065643e-11
4.08723526e+00 6.39305759e-11
4.08879230e+00 6.39550514e-11
4.09034934e+00 6.39794110e-11
4.09190638e+00 6.40038865e-11
4.09346343e+00 6.40285940e-11
4.09502047e+00 6.40527216e-11
4.09657751e+00 6.40770811e-11
4.09813455e+00 6.41012087e-11
4.09969159e+00 6.41260322e-11
4.10124864e+00 6.41499278e-11
4.10280568e+00 6.41742873e-11
4.10436272e+00 6.41988788e-11
4.10591976e+00 6.42227744e-11
4.10747680e+00 6.42475979e-11
4.10903385e+00 6.42717255e-11
4.11059089e+00 6.42960850e-11
4.11214793e+00 6.43204446e-11
4.11370497e+00 6.43445721e-11
4.11526201e+00 6.43689316e-11
4.11681906e+00 6.43935232e-11
4.11837610e+00 6.44177667e-11
4.11993314e+00 6.44422423e-11
4.12149018e+00 6.44663698e-11
4.12304722e+00 6.44909613e-11
4.12460427e+00 6.45152049e-11
4.12616131e+00 6.45395644e-11
4.12771835e+00 6.45642720e-11
4.12927539e+00 6.45881675e-11
4.13083243e+00 6.46126431e-11
4.13238948e+00 6.46371186e-11
4.13394652e+00 6.46612462e-11
4.13550356e+00 6.46856057e-11
4.13706060e+00 6.47099652e-11
4.13861764e+00 6.47345568e-11
4.14017469e+00 6.47586843e-11
4.14173173e+00 6.47832759e-11
4.14328877e+00 6.48078674e-11
4.14484581e+00 6.48317630e-11
4.14640285e+00 6.48563545e-11
4.14795990e+00 6.48809460e-11
4.14951694e+00 6.49047256e-11
4.15107398e+00 6.49289691e-11
4.15263102e+00 6.49535607e-11
4.15418806e+00 6.49781522e-11
4.15574511e+00 6.50025117e-11
4.15730215e+00 6.50267553e-11
4.15885919e+00 6.50509988e-11
4.16041623e+00 6.50755904e-11
4.16197327e+00 6.50997179e-11
4.16353032e+00 6.51241935e-11
4.16508736e+00 6.51482050e-11
4.16664440e+00 6.51727966e-11
4.16820144e+00 6.51972721e-11
4.16975848e+00 6.52217476e-11
4.17131553e+00 6.52458752e-11
4.17287257e+00 6.52701187e-11
4.17442961e+00 6.52944783e-11
4.17598665e+00 6.53189538e-11
4.17754369e+00 6.53433133e-11
4.17910074e+00 6.53676729e-11
4.18065778e+00 6.53920324e-11
4.18221482e+00 6.54163920e-11
4.18377186e+00 6.54409835e-11
4.18532890e+00 6.54653431e-11
4.18688595e+00 6.54894706e-11
4.18844299e+00 6.55139461e-11
4.19000003e+00 6.55384217e-11
4.19155707e+00 6.55625492e-11
4.19311411e+00 6.55871408e-11
4.19467116e+00 6.56112683e-11
4.19622820e+00 6.56355119e-11
4.19778524e+00 6.56598714e-11
4.19934228e+00 6.56843469e-11
4.20089932e+00 6.57084745e-11
4.20245637e+00 6.57331820e-11
4.20401341e+00 6.57574256e-11
4.20557045e+00 6.57814371e-11
4.20712749e+00 6.58063767e-11
4.20868453e+00 6.58305042e-11
4.21024158e+00 6.58550957e-11
4.21179862e+00 6.58792233e-11
4.21335566e+00 6.59039308e-11
4.21491270e+00 6.59280584e-11
4.21646974e+00 6.59523019e-11
4.21802679e+00 6.59766615e-11
4.21958383e+00 6.60012530e-11
4.22114087e+00 6.60253805e-11
4.22269791e+00 6.60499721e-11
4.22425495e+00 6.60743316e-11
4.22581200e+00 6.60986912e-11
4.22736904e+00 6.61232827e-11
4.22892608e+00 6.61476422e-11
4.23048312e+00 6.61717698e-11
4.23204016e+00 6.61961293e-11
4.23359721e+00 6.62204889e-11
4.23515425e+00 6.62446164e-11
4.23671129e+00 6.62694400e-11
4.23826833e+00 6.62935675e-11
4.23982537e+00 6.63176951e-11
4.24138242e+00 6.63420546e-11
4.24293946e+00 6.63665301e-11
4.24449650e+00 6.63910057e-11
4.24605354e+00 6.64153652e-11
4.24761058e+00 6.64396088e-11
4.24916763e+00 6.64639683e-11
4.25072467e+00 6.64884439e-11
4.25228171e+00 6.65126874e-11
4.25383875e+00 6.65371629e-11
4.25539579e+00 6.65611745e-11
4.25695284e+00 6.65856500e-11
4.25850988e+00 6.66103576e-11
4.26006692e+00 6.66344851e-11
4.26162396e+00 6.66589607e-11
4.26318100e+00 6.66832042e-11
4.26473805e+00 6.67076797e-11
4.26629509e+00 6.67321553e-11
4.26785213e+00 6.67563988e-11
4.26940917e+00 6.67806424e-11
4.27096621e+00 6.68051179e-11
4.27252326e+00 6.68292455e-11
4.27408030e+00 6.68537210e-11
4.27563734e+00 6.68779645e-11
4.27719438e+00 6.69024401e-11
4.27875142e+00 6.69270316e-11
4.28030847e+00 6.69510432e-11
4.28186551e+00 6.69756347e-11
4.28342255e+00 6.69999942e-11
4.28497959e+00 6.70243538e-11
4.28653663e+00 6.70484813e-11
4.28809368e+00 6.70727249e-11
4.28965072e+00 6.70974324e-11
4.29120776e+00 6.71216760e-11
4.29276480e+00 6.71460355e-11
4.29432184e+00 6.71705110e-11
4.29587889e+00 6.71948706e-11
4.29743593e+00 6.72192301e-11
4.29899297e+00 6.72438217e-11
4.30055001e+00 6.72677172e-11
4.30210705e+00 6.72921928e-11
4.30366410e+00 6.73169003e-11
4.30522114e+00 6.73410278e-11
4.30677818e+00 6.73653874e-11
4.30833522e+00 6.73896309e-11
4.30989226e+00 6.74137585e-11
4.31144931e+00 6.74382340e-11
4.31300635e+00 6.74628256e-11
4.31456339e+00 6.74869531e-11
4.31612043e+00 6.75115446e-11
4.31767747e+00 6.75359042e-11
4.31923452e+00 6.75600317e-11
4.32079156e+00 6.75843913e-11
4.32234860e+00 6.76087508e-11
4.32390564e+00 6.76332264e-11
4.32546268e+00 6.76577019e-11
4.32701973e+00 6.76819454e-11
4.32857677e+00 6.77063050e-11
4.33013381e+00 6.77305485e-11
4.33169085e+00 6.77550241e-11
4.33324789e+00 6.77791516e-11
4.33480494e+00 6.78036272e-11
4.33636198e+00 6.78281027e-11
4.33791902e+00 6.78521143e-11
4.33947606e+00 6.78765898e-11
4.34103310e+00 6.79010653e-11
4.34259015e+00 6.79253089e-11
4.34414719e+00 6.79499004e-11
4.34570423e+00 6.79743760e-11
4.34726127e+00 6.79987355e-11
4.34881831e+00 6.80228630e-11
4.35037536e+00 6.80469906e-11
4.35193240e+00 6.80714661e-11
4.35348944e+00 6.80954777e-11
4.35504648e+00 6.81203012e-11
4.35660352e+00 6.81441968e-11
4.35816057e+00 6.81687883e-11
4.35971761e+00 6.81931479e-11
4.36127465e+00 6.82175074e-11
4.36283169e+00 6.82418669e-11
4.36438873e+00 6.82663425e-11
4.36594578e+00 6.82908180e-11
4.36750282e+00 6.83151776e-11
4.36905986e+00 6.83394211e-11
4.37061690e+00 6.83636646e-11
4.37217394e+00 6.83879082e-11
4.37373099e+00 6.84126157e-11
4.37528803e+00 6.84369753e-11
4.37684507e+00 6.84613348e-11
4.37840211e+00 6.84854624e-11
4.37995915e+00 6.85099379e-11
4.38151620e+00 6.85345294e-11
4.38307324e+00 6.85585410e-11
4.38463028e+00 6.85829005e-11
4.38618732e+00 6.86077241e-11
4.38774436e+00 6.86318516e-11
4.38930141e+00 6.86562112e-11
4.39085845e+00 6.86802227e-11
4.39241549e+00 6.87048142e-11
4.39397253e+00 6.87292898e-11
4.39552957e+00 6.87535333e-11
4.39708662e+00 6.87775449e-11
4.39864366e+00 6.88021364e-11
4.40020070e+00 6.88264960e-11
4.40175774e+00 6.88509715e-11
4.40331478e+00 6.88753310e-11
4.40487183e+00 6.88994586e-11
4.40642887e+00 6.89238181e-11
4.40798591e+00 6.89484097e-11
4.40954295e+00 6.89726532e-11
4.41109999e+00 6.89970128e-11
4.41265704e+00 6.90213723e-11
4.41421408e+00 6.90458478e-11
4.41577112e+00 6.90703234e-11
4.41732816e+00 6.90946829e-11
4.41888520e+00 6.91185785e-11
4.42044225e+00 6.91430540e-11
4.42199929e+00 6.91675296e-11
4.42355633e+00 6.91916571e-11
4.42511337e+00 6.92160166e-11
4.42667041e+00 6.92406082e-11
4.42822746e+00 6.92643877e-11
4.42978450e+00 6.92893273e-11
4.43134154e+00 6.93134548e-11
4.43289858e+00 6.93381624e-11
4.43445562e+00 6.93618259e-11
4.43601267e+00 6.93864175e-11
4.43756971e+00 6.94108930e-11
4.43912675e+00 6.94354845e-11
4.44068379e+00 6.94597281e-11
4.44224083e+00 6.94842036e-11
4.44379788e+00 6.95083312e-11
4.44535492e+00 6.95329227e-11
4.44691196e+00 6.95572822e-11
4.44846900e+00 6.95819898e-11
4.45002604e+00 6.96060013e-11
4.45158309e+00 6.96302449e-11
4.45314013e+00 6.96548364e-11
4.45469717e+00 6.96790800e-11
4.45625421e+00 6.97035555e-11
4.45781125e+00 6.97280310e-11
4.45936830e+00 6.97520426e-11
4.46092534e+00 6.97766341e-11
4.46248238e+00 6.98007617e-11
4.46403942e+00 6.98254692e-11
4.46559646e+00 6.98495968e-11
4.46715351e+00 6.98739563e-11
4.46871055e+00 6.98980838e-11
4.47026759e+00 6.99227914e-11
4.47182463e+00 6.99470349e-11
4.47338167e+00 6.99716265e-11
4.47493872e+00 6.99959860e-11
4.47649576e+00 7.00201136e-11
4.47805280e+00 7.00447051e-11
4.47960984e+00 7.00688326e-11
4.48116688e+00 7.00930762e-11
4.48272393e+00 7.01174357e-11
4.48428097e+00 7.01419113e-11
4.48583801e+00 7.01660388e-11
4.48739505e+00 7.01903984e-11
4.48895209e+00 7.02148739e-11
4.49050914e+00 7.02391174e-11
4.49206618e+00 7.02639410e-11
4.49362322e+00 7.02878365e-11
4.49518026e+00 7.03121961e-11
4.49673730e+00 7.03366716e-11
4.49829435e+00 7.03610312e-11
4.49985139e+00 7.03855067e-11
4.50140843e+00 7.04094022e-11
4.50296547e+00 7.04341098e-11
4.50452251e+00 7.04583533e-11
4.50607956e+00 7.04825969e-11
4.50763660e+00 7.05069564e-11
4.50919364e+00 7.05313160e-11
4.51075068e+00 7.05556755e-11
4.51230772e+00 7.05799190e-11
4.51386477e+00 7.06042786e-11
4.51542181e+00 7.06288701e-11
4.51697885e+00 7.06526497e-11
4.51853589e+00 7.06773572e-11
4.52009293e+00 7.07018328e-11
4.52164998e+00 7.07260763e-11
4.52320702e+00 7.07507838e-11
4.52476406e+00 7.07747954e-11
4.52632110e+00 7.07991549e-11
4.52787814e+00 7.08236305e-11
4.52943519e+00 7.08478740e-11
4.53099223e+00 7.08722336e-11
4.53254927e+00 7.08965931e-11
4.53410631e+00 7.09211846e-11
4.53566335e+00 7.09454282e-11
4.53722040e+00 7.09697877e-11
4.53877744e+00 7.09942633e-11
4.54033448e+00 7.10183908e-11
4.54189152e+00 7.10433303e-11
4.54344856e+00 7.10672259e-11
4.54500561e+00 7.10919334e-11
4.54656265e+00 7.11161770e-11
4.54811969e+00 7.11404205e-11
4.54967673e+00 7.11645481e-11
4.55123377e+00 7.11887916e-11
4.55279082e+00 7.12132672e-11
4.55434786e+00 7.12380907e-11
4.55590490e+00 7.12621022e-11
4.55746194e+00 7.12863458e-11
4.55901898e+00 7.13109373e-11
4.56057603e+00 7.13352969e-11
4.56213307e+00 7.13598884e-11
4.56369011e+00 7.13841319e-11
4.56524715e+00 7.14086075e-11
4.56680419e+00 7.14327350e-11
4.56836124e+00 7.14570946e-11
4.56991828e+00 7.14815701e-11
4.57147532e+00 7.15060457e-11
4.57303236e+00 7.15302892e-11
4.57458940e+00 7.15545327e-11
4.57614645e+00 7.15786603e-11
4.57770349e+00 7.16031358e-11
4.57926053e+00 7.16277274e-11
4.58081757e+00 7.16519709e-11
4.58237461e+00 7.16762145e-11
4.58393166e+00 7.17008060e-11
4.58548870e+00 7.17250495e-11
4.58704574e+00 7.17494091e-11
4.58860278e+00 7.17736526e-11
4.59015982e+00 7.17982442e-11
4.59171687e+00 7.18221397e-11
4.59327391e+00 7.18470793e-11
4.59483095e+00 7.18712068e-11
4.59638799e+00 7.18953344e-11
4.59794503e+00 7.19195779e-11
4.59950208e+00 7.19440534e-11
4.60105912e+00 7.19687610e-11
4.60261616e+00 7.19931205e-11
4.60417320e+00 7.20172481e-11
4.60573024e+00 7.20417236e-11
4.60728729e+00 7.20663151e-11
4.60884433e+00 7.20904427e-11
4.61040137e+00 7.21148022e-11
4.61195841e+00 7.21389298e-11
4.61351545e+00 7.21637533e-11
4.61507250e+00 7.21879969e-11
4.61662954e+00 7.22124724e-11
4.61818658e+00 7.22368319e-11
4.61974362e+00 7.22608435e-11
4.62130066e+00 7.22854350e-11
4.62285771e+00 7.23099106e-11
4.62441475e+00 7.23341541e-11
4.62597179e+00 7.23585137e-11
4.62752883e+00 7.23827572e-11
4.62908587e+00 7.24071167e-11
4.63064292e+00 7.24317083e-11
4.63219996e+00 7.24560678e-11
4.63375700e+00 7.24803114e-11
4.63531404e+00 7.25046709e-11
4.63687108e+00 7.25293784e-11
4.63842813e+00 7.25532740e-11
4.63998517e+00 7.25777495e-11
4.64154221e+00 7.26021091e-11
4.64309925e+00 7.26264686e-11
4.64465629e+00 7.26504802e-11
4.64621334e+00 7.26753037e-11
4.64777038e+00 7.26995473e-11
4.64932742e+00 7.27237908e-11
4.65088446e+00 7.27483823e-11
4.65244150e+00 7.27727419e-11
4.65399855e+00 7.27971014e-11
4.65555559e+00 7.28214610e-11
4.65711263e+00 7.28458205e-11
4.65866967e+00 7.28704120e-11
4.66022671e+00 7.28945396e-11
4.66178376e+00 7.29187831e-11
4.66334080e+00 7.29431427e-11
4.66489784e+00 7.29676182e-11
4.66645488e+00 7.29917458e-11
4.66801192e+00 7.30161053e-11
4.66956897e+00 7.30405809e-11
4.67112601e+00 7.30649404e-11
4.67268305e+00 7.30896479e-11
4.67424009e+00 7.31135435e-11
4.67579713e+00 7.31379030e-11
4.67735418e+00 7.31622626e-11
4.67891122e+00 7.31866221e-11
4.68046826e+00 7.32114456e-11
4.68202530e+00 7.32355732e-11
4.68358234e+00 7.32598167e-11
4.68513939e+00 7.32845243e-11
4.68669643e+00 7.33088838e-11
4.68825347e+00 7.33332434e-11
4.68981051e+00 7.33576029e-11
4.69136755e+00 7.33818464e-11
4.69292460e+00 7.34062060e-11
4.69448164e+00 7.34307975e-11
4.69603868e+00 7.34545771e-11
4.69759572e+00 7.34791686e-11
4.69915276e+00 7.35036442e-11
4.70070981e+00 7.35281197e-11
4.70226685e+00 7.35523632e-11
4.70382389e+00 7.35768388e-11
4.70538093e+00 7.36009663e-11
4.70693797e+00 7.36252099e-11
4.70849502e+00 7.36496854e-11
4.71005206e+00 7.36740450e-11
4.71160910e+00 7.36984045e-11
4.71316614e+00 7.37228800e-11
4.71472318e+00 7.37471236e-11
4.71628023e+00 7.37713671e-11
4.71783727e+00 7.37958427e-11
4.71939431e+00 7.38204342e-11
4.72095135e+00 7.38445618e-11
4.72250839e+00 7.38686893e-11
4.72406544e+00 7.38935128e-11
4.72562248e+00 7.39177564e-11
4.72717952e+00 7.39419999e-11
4.72873656e+00 7.39663595e-11
4.73029360e+00 7.39906030e-11
4.73185065e+00 7.40153106e-11
4.73340769e+00 7.40396701e-11
4.73496473e+00 7.40637976e-11
4.73652177e+00 7.40879252e-11
4.73807881e+00 7.41124007e-11
4.73963586e+00 7.41372243e-11
4.74119290e+00 7.41614678e-11
4.74274994e+00 7.41858274e-11
4.74430698e+00 7.42099549e-11
4.74586402e+00 7.42343144e-11
4.74742107e+00 7.42587900e-11
4.74897811e+00 7.42830335e-11
4.75053515e+00 7.43072771e-11
4.75209219e+00 7.43316366e-11
4.75364923e+00 7.43562282e-11
4.75520628e+00 7.43805877e-11
4.75676332e+00 7.44048312e-11
4.75832036e+00 7.44294228e-11
4.75987740e+00 7.44536663e-11
4.76143444e+00 7.44779099e-11
4.76299149e+00 7.45021534e-11
4.76454853e+00 7.45266290e-11
4.76610557e+00 7.45514525e-11
4.76766261e+00 7.45755800e-11
4.76921965e+00 7.45998236e-11
4.77077670e+00 7.46239511e-11
4.77233374e+00 7.46486587e-11
4.77389078e+00 7.46729022e-11
4.77544782e+00 7.46970298e-11
4.77700486e+00 7.47215053e-11
4.77856191e+00 7.47460968e-11
4.78011895e+00 7.47704564e-11
4.78167599e+00 7.47949319e-11
4.78323303e+00 7.48192915e-11
4.78479007e+00 7.48433030e-11
4.78634712e+00 7.48678945e-11
4.78790416e+00 7.48921381e-11
4.78946120e+00 7.49162656e-11
4.79101824e+00 7.49407412e-11
4.79257528e+00 7.49649847e-11
4.79413233e+00 7.49893443e-11
4.79568937e+00 7.50138198e-11
4.79724641e+00 7.50380634e-11
4.79880345e+00 7.50627709e-11
4.80036049e+00 7.50870144e-11
4.80191754e+00 7.51112580e-11
4.80347458e+00 7.51355015e-11
4.80503162e+00 7.51598611e-11
4.80658866e+00 7.51841046e-11
4.80814570e+00 7.52086962e-11
4.80970275e+00 7.52330557e-11
4.81125979e+00 7.52571832e-11
4.81281683e+00 7.52818908e-11
4.81437387e+00 7.53059023e-11
4.81593091e+00 7.53303779e-11
4.81748796e+00 7.53546214e-11
4.81904500e+00 7.53786330e-11
4.82060204e+00 7.54031085e-11
4.82215908e+00 7.54279320e-11
4.82371612e+00 7.54518276e-11
4.82527317e+00 7.54765351e-11
4.82683021e+00 7.55005467e-11
4.82838725e+00 7.55253702e-11
4.82994429e+00 7.55494978e-11
4.83150133e+00 7.55736253e-11
4.83305838e+00 7.55984488e-11
4.83461542e+00 7.56222284e-11
4.83617246e+00 7.56468199e-11
4.83772950e+00 7.56711795e-11
4.83928654e+00 7.56955390e-11
4.84084359e+00 7.57197826e-11
4.84240063e+00 7.57443741e-11
4.84395767e+00 7.57685016e-11
4.84551471e+00 7.57927452e-11
4.84707175e+00 7.58171047e-11
4.84862880e+00 7.58413483e-11
4.85018584e+00 7.58660558e-11
4.85174288e+00 7.58902994e-11
4.85329992e+00 7.59146589e-11
4.85485696e+00 7.59387864e-11
4.85641401e+00 7.59631460e-11
4.85797105e+00 7.59872735e-11
4.85952809e+00 7.60116331e-11
4.86108513e+00 7.60362246e-11
4.86264217e+00 7.60603522e-11
4.86419922e+00 7.60849437e-11
4.86575626e+00 7.61093032e-11
4.86731330e+00 7.61336628e-11
4.86887034e+00 7.61576743e-11
4.87042738e+00 7.61820339e-11
4.87198443e+00 7.62065094e-11
4.87354147e+00 7.62306370e-11
4.87509851e+00 7.62553445e-11
4.87665555e+00 7.62797040e-11
4.87821259e+00 7.63038316e-11
4.87976964e+00 7.63284231e-11
4.88132668e+00 7.63528987e-11
4.88288372e+00 7.63771422e-11
4.88444076e+00 7.64012698e-11
4.88599780e+00 7.64258613e-11
4.88755485e+00 7.64496409e-11
4.88911189e+00 7.64745804e-11
4.89066893e+00 7.64990559e-11
4.89222597e+00 7.65232995e-11
4.89378301e+00 7.65475430e-11
4.89534006e+00 7.65720186e-11
4.89689710e+00 7.65962621e-11
4.89845414e+00 7.66209696e-11
4.90001118e+00 7.66452132e-11
4.90156822e+00 7.66693407e-11
4.90312527e+00 7.66937003e-11
4.90468231e+00 7.67180598e-11
4.90623935e+00 7.67423034e-11
4.90779639e+00 7.67664309e-11
4.90935343e+00 7.67912544e-11
4.91091048e+00 7.68153820e-11
4.91246752e+00 7.68398575e-11
4.91402456e+00 7.68642171e-11
4.91558160e+00 7.68886926e-11
4.91713864e+00 7.69129362e-11
4.91869569e+00 7.69372957e-11
4.92025273e+00 7.69616552e-11
4.92180977e+00 7.69863628e-11
4.92336681e+00 7.70103743e-11
4.92492385e+00 7.70345019e-11
4.92648090e+00 7.70589774e-11
4.92803794e+00 7.70832210e-11
4.92959498e+00 7.71075805e-11
4.93115202e+00 7.71319400e-11
4.93270906e+00 7.71561836e-11
4.93426611e+00 7.71805431e-11
4.93582315e+00 7.72049027e-11
4.93738019e+00 7.72293782e-11
4.93893723e+00 7.72539698e-11
4.94049427e+00 7.72778653e-11
4.94205132e+00 7.73026888e-11
4.94360836e+00 7.73270484e-11
4.94516540e+00 7.73511759e-11
4.94672244e+00 7.73755355e-11
4.94827948e+00 7.74000110e-11
4.94983653e+00 7.74242546e-11
4.95139357e+00 7.74486141e-11
4.95295061e+00 7.74725097e-11
4.95450765e+00 7.74973332e-11
4.95606469e+00 7.75214607e-11
4.95762174e+00 7.75458203e-11
4.95917878e+00 7.75702958e-11
4.96073582e+00 7.75948874e-11
4.96229286e+00 7.76188989e-11
4.96384990e+00 7.76432584e-11
4.96540695e+00 7.76676180e-11
4.96696399e+00 7.76919775e-11
4.96852103e+00 7.77163371e-11
4.97007807e+00 7.77408126e-11
4.97163512e+00 7.77650562e-11
4.97319216e+00 7.77894157e-11
4.97474920e+00 7.78137752e-11
4.97630624e+00 7.78381348e-11
4.97786328e+00 7.78623783e-11
4.97942033e+00 7.78870859e-11
4.98097737e+00 7.79112134e-11
4.98253441e+00 7.79354570e-11
4.98409145e+00 7.79601645e-11
4.98564849e+00 7.79842920e-11
4.98720554e+00 7.80088836e-11
4.98876258e+00 7.80330111e-11
4.99031962e+00 7.80576027e-11
4.99187666e+00 7.80817302e-11
4.99343370e+00 7.81064378e-11
4.99499075e+00 7.81306813e-11
4.99654779e+00 7.81548088e-11
4.99810483e+00 7.81791684e-11
4.99966187e+00 7.82037599e-11
5.00121891e+00 7.82278875e-11
