#	Time	Error_of_Energy
3.11408401e-03 -8.76363549e-13
6.22816801e-03 -3.50499020e-12
9.34225202e-03 -7.88518398e-12
1.24563360e-02 -1.40152049e-11
1.55704200e-02 -2.18926170e-11
1.86845040e-02 -3.15144044e-11
2.17985880e-02 -4.28768551e-11
2.49126720e-02 -5.59755612e-11
2.80267561e-02 -7.08058828e-11
3.11408401e-02 -8.73615560e-11
3.42549241e-02 -1.05636549e-10
3.73690081e-02 -1.25624134e-10
4.04830921e-02 -1.47316423e-10
4.35971761e-02 -1.70704831e-10
4.67112601e-02 -1.95780545e-10
4.98253441e-02 -2.22533819e-10
5.29394281e-02 -2.50954909e-10
5.60535121e-02 -2.81032680e-10
5.91675961e-02 -3.12755765e-10
6.22816801e-02 -3.46111403e-10
6.53957641e-02 -3.81087762e-10
6.85098481e-02 -4.17670459e-10
7.16239321e-02 -4.55846039e-10
7.47380161e-02 -4.95599652e-10
7.78521001e-02 -5.36916337e-10
8.09661841e-02 -5.79780316e-10
8.40802682e-02 -6.24174771e-10
8.71943522e-02 -6.70082533e-10
9.03084362e-02 -7.17487479e-10
9.34225202e-02 -7.66369309e-10
9.65366042e-02 -8.16711436e-10
9.96506882e-02 -8.68493096e-10
1.02764772e-01 -9.21694686e-10
1.05878856e-01 -9.76296369e-10
1.08992940e-01 -1.03227680e-09
1.12107024e-01 -1.08961429e-09
1.15221108e-01 -1.14828785e-09
1.18335192e-01 -1.20827427e-09
1.21449276e-01 -1.26955046e-09
1.24563360e-01 -1.33209313e-09
1.27677444e-01 -1.39587824e-09
1.30791528e-01 -1.46088168e-09
1.33905612e-01 -1.52707827e-09
1.37019696e-01 -1.59444262e-09
1.40133780e-01 -1.66294931e-09
1.43247864e-01 -1.73257190e-09
1.46361948e-01 -1.80328370e-09
1.49476032e-01 -1.87505782e-09
1.52590116e-01 -1.94786617e-09
1.55704200e-01 -2.02168139e-09
1.58818284e-01 -2.09647516e-09
1.61932368e-01 -2.17221895e-09
1.65046452e-01 -2.24888354e-09
1.68160536e-01 -2.32643922e-09
1.71274620e-01 -2.40485769e-09
1.74388704e-01 -2.48410717e-09
1.77502788e-01 -2.56415843e-09
1.80616872e-01 -2.64498014e-09
1.83730956e-01 -2.72654169e-09
1.86845040e-01 -2.80881222e-09
1.89959124e-01 -2.89175948e-09
1.93073208e-01 -2.97535238e-09
1.96187292e-01 -3.05955822e-09
1.99301376e-01 -3.14434555e-09
2.02415460e-01 -3.22968155e-09
2.05529544e-01 -3.31553351e-09
2.08643628e-01 -3.40186860e-09
2.11757712e-01 -3.48865353e-09
2.14871796e-01 -3.57585524e-09
2.17985880e-01 -3.66344091e-09
2.21099964e-01 -3.75137619e-09
2.24214048e-01 -3.83962733e-09
2.27328132e-01 -3.92816105e-09
2.30442216e-01 -4.01694358e-09
2.33556300e-01 -4.10594070e-09
2.36670384e-01 -4.19511820e-09
2.39784468e-01 -4.28444186e-09
2.42898552e-01 -4.37387804e-09
2.46012636e-01 -4.46339217e-09
2.49126720e-01 -4.55294945e-09
2.52240804e-01 -4.64251624e-09
2.55354888e-01 -4.73205844e-09
2.58468972e-01 -4.82154124e-09
2.61583056e-01 -4.91093056e-09
2.64697140e-01 -5.00019204e-09
2.67811224e-01 -5.08929148e-09
2.70925308e-01 -5.17819534e-09
2.74039392e-01 -5.26686941e-09
2.77153477e-01 -5.35527901e-09
2.80267561e-01 -5.44339130e-09
2.83381645e-01 -5.53117231e-09
2.86495729e-01 -5.61858803e-09
2.89609813e-01 -5.70560519e-09
2.92723897e-01 -5.79219061e-09
2.95837981e-01 -5.87831099e-09
2.98952065e-01 -5.96393350e-09
3.02066149e-01 -6.04902487e-09
3.05180233e-01 -6.13355317e-09
3.08294317e-01 -6.21748572e-09
3.11408401e-01 -6.30079072e-09
3.14522485e-01 -6.38343592e-09
3.17636569e-01 -6.46538977e-09
3.20750653e-01 -6.54662096e-09
3.23864737e-01 -6.62709874e-09
3.26978821e-01 -6.70679145e-09
3.30092905e-01 -6.78566985e-09
3.33206989e-01 -6.86370240e-09
3.36321073e-01 -6.94086044e-09
3.39435157e-01 -7.01711369e-09
3.42549241e-01 -7.09243270e-09
3.45663325e-01 -7.16678986e-09
3.48777409e-01 -7.24015535e-09
3.51891493e-01 -7.31250191e-09
3.55005577e-01 -7.38380137e-09
3.58119661e-01 -7.45402738e-09
3.61233745e-01 -7.52315210e-09
3.64347829e-01 -7.59114933e-09
3.67461913e-01 -7.65799285e-09
3.70575997e-01 -7.72365759e-09
3.73690081e-01 -7.78811827e-09
3.76804165e-01 -7.85135008e-09
3.79918249e-01 -7.91332841e-09
3.83032333e-01 -7.97403030e-09
3.86146417e-01 -8.03343221e-09
3.89260501e-01 -8.09151151e-09
3.92374585e-01 -8.14824558e-09
3.95488669e-01 -8.20361366e-09
3.98602753e-01 -8.25759348e-09
4.01716837e-01 -8.31016531e-09
4.04830921e-01 -8.36130794e-09
4.07945005e-01 -8.41100315e-09
4.11059089e-01 -8.45923040e-09
4.14173173e-01 -8.50597242e-09
4.17287257e-01 -8.55121111e-09
4.20401341e-01 -8.59492860e-09
4.23515425e-01 -8.63710842e-09
4.26629509e-01 -8.67773481e-09
4.29743593e-01 -8.71679174e-09
4.32857677e-01 -8.75426507e-09
4.35971761e-01 -8.79013971e-09
4.39085845e-01 -8.82440199e-09
4.42199929e-01 -8.85703948e-09
4.45314013e-01 -8.88803874e-09
4.48428097e-01 -8.91738793e-09
4.51542181e-01 -8.94507626e-09
4.54656265e-01 -8.97109353e-09
4.57770349e-01 -8.99542906e-09
4.60884433e-01 -9.01807381e-09
4.63998517e-01 -9.03901884e-09
4.67112601e-01 -9.05825661e-09
4.70226685e-01 -9.07577948e-09
4.73340769e-01 -9.09158128e-09
4.76454853e-01 -9.10565530e-09
4.79568937e-01 -9.11799596e-09
4.82683021e-01 -9.12859978e-09
4.85797105e-01 -9.13746155e-09
4.88911189e-01 -9.14457813e-09
4.92025273e-01 -9.14994663e-09
4.95139357e-01 -9.15356576e-09
4.98253441e-01 -9.15543356e-09
5.01367525e-01 -9.15554909e-09
5.04481609e-01 -9.15391260e-09
5.07595693e-01 -9.15052499e-09
5.10709777e-01 -9.14538699e-09
5.13823861e-01 -9.13850089e-09
5.16937945e-01 -9.12986926e-09
5.20052029e-01 -9.11949511e-09
5.23166113e-01 -9.10738343e-09
5.26280197e-01 -9.09353782e-09
5.29394281e-01 -9.07796348e-09
5.32508365e-01 -9.06066693e-09
5.35622449e-01 -9.04165512e-09
5.38736533e-01 -9.02093490e-09
5.41850617e-01 -8.99851379e-09
5.44964701e-01 -8.97440098e-09
5.48078785e-01 -8.94860515e-09
5.51192869e-01 -8.92113640e-09
5.54306953e-01 -8.89200598e-09
5.57421037e-01 -8.86122376e-09
5.60535121e-01 -8.82880213e-09
5.63649205e-01 -8.79475364e-09
5.66763289e-01 -8.75909115e-09
5.69877373e-01 -8.72182801e-09
5.72991457e-01 -8.68297930e-09
5.76105541e-01 -8.64255893e-09
5.79219625e-01 -8.60058303e-09
5.82333709e-01 -8.55706714e-09
5.85447793e-01 -8.51202844e-09
5.88561877e-01 -8.46548361e-09
5.91675961e-01 -8.41745124e-09
5.94790045e-01 -8.36794905e-09
5.97904129e-01 -8.31699631e-09
6.01018213e-01 -8.26461227e-09
6.04132297e-01 -8.21081689e-09
6.07246381e-01 -8.15563070e-09
6.10360465e-01 -8.09907549e-09
6.13474549e-01 -8.04117251e-09
6.16588633e-01 -7.98194402e-09
6.19702717e-01 -7.92141218e-09
6.22816801e-01 -7.85960089e-09
6.25930885e-01 -7.79653287e-09
6.29044969e-01 -7.73223296e-09
6.32159053e-01 -7.66672586e-09
6.35273137e-01 -7.60003604e-09
6.38387221e-01 -7.53218973e-09
6.41501305e-01 -7.46321220e-09
6.44615389e-01 -7.39313038e-09
6.47729473e-01 -7.32197117e-09
6.50843557e-01 -7.24976090e-09
6.53957641e-01 -7.17652822e-09
6.57071725e-01 -7.10230040e-09
6.60185809e-01 -7.02710690e-09
6.63299893e-01 -6.95097498e-09
6.66413977e-01 -6.87393503e-09
6.69528061e-01 -6.79601569e-09
6.72642145e-01 -6.71724726e-09
6.75756229e-01 -6.63766022e-09
6.78870313e-01 -6.55728406e-09
6.81984397e-01 -6.47615054e-09
6.85098481e-01 -6.39429006e-09
6.88212565e-01 -6.31173441e-09
6.91326649e-01 -6.22851433e-09
6.94440733e-01 -6.14466287e-09
6.97554817e-01 -6.06021123e-09
7.00668901e-01 -5.97519202e-09
7.03782985e-01 -5.88963806e-09
7.06897069e-01 -5.80358124e-09
7.10011153e-01 -5.71705557e-09
7.13125237e-01 -5.63009363e-09
7.16239321e-01 -5.54272824e-09
7.19353405e-01 -5.45499398e-09
7.22467489e-01 -5.36692357e-09
7.25581573e-01 -5.27855097e-09
7.28695657e-01 -5.18990996e-09
7.31809741e-01 -5.10103452e-09
7.34923825e-01 -5.01195863e-09
7.38037909e-01 -4.92271640e-09
7.41151993e-01 -4.83334193e-09
7.44266077e-01 -4.74386957e-09
7.47380161e-01 -4.65433351e-09
7.50494245e-01 -4.56476812e-09
7.53608329e-01 -4.47520747e-09
7.56722413e-01 -4.38568581e-09
7.59836497e-01 -4.29623791e-09
7.62950581e-01 -4.20689732e-09
7.66064665e-01 -4.11769836e-09
7.69178749e-01 -4.02867571e-09
7.72292833e-01 -3.93986291e-09
7.75406917e-01 -3.85129416e-09
7.78521001e-01 -3.76300381e-09
7.81635085e-01 -3.67502503e-09
7.84749169e-01 -3.58739181e-09
7.87863253e-01 -3.50013743e-09
7.90977337e-01 -3.41329520e-09
7.94091421e-01 -3.32689909e-09
7.97205505e-01 -3.24098171e-09
8.00319589e-01 -3.15557588e-09
8.03433673e-01 -3.07071431e-09
8.06547757e-01 -2.98642948e-09
8.09661841e-01 -2.90275398e-09
8.12775925e-01 -2.81971950e-09
8.15890009e-01 -2.73735779e-09
8.19004093e-01 -2.65570113e-09
8.22118177e-01 -2.57477965e-09
8.25232261e-01 -2.49462493e-09
8.28346346e-01 -2.41526757e-09
8.31460430e-01 -2.33673843e-09
8.34574514e-01 -2.25906676e-09
8.37688598e-01 -2.18228293e-09
8.40802682e-01 -2.10641606e-09
8.43916766e-01 -2.03149527e-09
8.47030850e-01 -1.95754921e-09
8.50144934e-01 -1.88460630e-09
8.53259018e-01 -1.81269414e-09
8.56373102e-01 -1.74184082e-09
8.59487186e-01 -1.67207300e-09
8.62601270e-01 -1.60341772e-09
8.65715354e-01 -1.53590084e-09
8.68829438e-01 -1.46954881e-09
8.71943522e-01 -1.40438610e-09
8.75057606e-01 -1.34043859e-09
8.78171690e-01 -1.27773040e-09
8.81285774e-01 -1.21628577e-09
8.84399858e-01 -1.15612814e-09
8.87513942e-01 -1.09728036e-09
8.90628026e-01 -1.03976516e-09
8.93742110e-01 -9.83604463e-10
8.96856194e-01 -9.28820200e-10
8.99970278e-01 -8.75432550e-10
9.03084362e-01 -8.23462394e-10
9.06198446e-01 -7.72929798e-10
9.09312530e-01 -7.23854136e-10
9.12426614e-01 -6.76253501e-10
9.15540698e-01 -6.30147151e-10
9.18654782e-01 -5.85551556e-10
9.21768866e-01 -5.42484580e-10
9.24882950e-01 -5.00962696e-10
9.27997034e-01 -4.61001910e-10
9.31111118e-01 -4.22617070e-10
9.34225202e-01 -3.85823025e-10
9.37339286e-01 -3.50634738e-10
9.40453370e-01 -3.17064156e-10
9.43567454e-01 -2.85125316e-10
9.46681538e-01 -2.54829584e-10
9.49795622e-01 -2.26189374e-10
9.52909706e-01 -1.99215124e-10
9.56023790e-01 -1.73917159e-10
9.59137874e-01 -1.50306034e-10
9.62251958e-01 -1.28389522e-10
9.65366042e-01 -1.08176669e-10
9.68480126e-01 -8.96753646e-11
9.71594210e-01 -7.28922196e-11
9.74708294e-01 -5.78338463e-11
9.77822378e-01 -4.45065085e-11
9.80936462e-01 -3.29144981e-11
9.84050546e-01 -2.30630351e-11
9.87164630e-01 -1.49551353e-11
9.90278714e-01 -8.59451066e-12
9.93392798e-01 -3.98301723e-12
9.96506882e-01 -1.12332291e-12
9.99620966e-01 -1.54277104e-14
1.00273505e+00 -6.60839594e-13
1.00584913e+00 -3.05839859e-12
1.00896322e+00 -7.20775669e-12
1.01207730e+00 -1.31069420e-11
1.01519139e+00 -2.07539824e-11
1.01830547e+00 -3.01456301e-11
1.02141955e+00 -4.12788691e-11
1.02453364e+00 -5.41483635e-11
1.02764772e+00 -6.87504014e-11
1.03076181e+00 -8.50788349e-11
1.03387589e+00 -1.03127632e-10
1.03698997e+00 -1.22889833e-10
1.04010406e+00 -1.44357318e-10
1.04321814e+00 -1.67522431e-10
1.04633223e+00 -1.92376241e-10
1.04944631e+00 -2.18908887e-10
1.05256039e+00 -2.47110161e-10
1.05567448e+00 -2.76970669e-10
1.05878856e+00 -3.08476837e-10
1.06190265e+00 -3.41617879e-10
1.06501673e+00 -3.76380686e-10
1.06813081e+00 -4.12752732e-10
1.07124490e+00 -4.50719167e-10
1.07435898e+00 -4.90265145e-10
1.07747307e+00 -5.31376745e-10
1.08058715e+00 -5.74037032e-10
1.08370123e+00 -6.18230694e-10
1.08681532e+00 -6.63940332e-10
1.08992940e+00 -7.11148314e-10
1.09304349e+00 -7.59836428e-10
1.09615757e+00 -8.09986463e-10
1.09927165e+00 -8.61578814e-10
1.10238574e+00 -9.14594575e-10
1.10549982e+00 -9.69012401e-10
1.10861391e+00 -1.02481188e-09
1.11172799e+00 -1.08197143e-09
1.11484207e+00 -1.14046983e-09
1.11795616e+00 -1.20028387e-09
1.12107024e+00 -1.26139094e-09
1.12418433e+00 -1.32376796e-09
1.12729841e+00 -1.38739080e-09
1.13041249e+00 -1.45223462e-09
1.13352658e+00 -1.51827520e-09
1.13664066e+00 -1.58548689e-09
1.13975475e+00 -1.65384475e-09
1.14286883e+00 -1.72332130e-09
1.14598291e+00 -1.79389090e-09
1.14909700e+00 -1.86552640e-09
1.15221108e+00 -1.93820008e-09
1.15532517e+00 -2.01188444e-09
1.15843925e+00 -2.08655097e-09
1.16155333e+00 -2.16217076e-09
1.16466742e+00 -2.23871575e-09
1.16778150e+00 -2.31615590e-09
1.17089559e+00 -2.39446139e-09
1.17400967e+00 -2.47360357e-09
1.17712375e+00 -2.55355031e-09
1.18023784e+00 -2.63427238e-09
1.18335192e+00 -2.71573800e-09
1.18646601e+00 -2.79791678e-09
1.18958009e+00 -2.88077657e-09
1.19269417e+00 -2.96428619e-09
1.19580826e+00 -3.04841326e-09
1.19892234e+00 -3.13312589e-09
1.20203643e+00 -3.21839102e-09
1.20515051e+00 -3.30417651e-09
1.20826459e+00 -3.39044966e-09
1.21137868e+00 -3.47717729e-09
1.21449276e+00 -3.56432611e-09
1.21760685e+00 -3.65186235e-09
1.22072093e+00 -3.73975344e-09
1.22383501e+00 -3.82796491e-09
1.22694910e+00 -3.91646313e-09
1.23006318e+00 -4.00521480e-09
1.23317727e+00 -4.09418548e-09
1.23629135e+00 -4.18334106e-09
1.23940543e+00 -4.27264767e-09
1.24251952e+00 -4.36207039e-09
1.24563360e+00 -4.45157593e-09
1.24874769e+00 -4.54112962e-09
1.25186177e+00 -4.63069745e-09
1.25497585e+00 -4.72024441e-09
1.25808994e+00 -4.80973696e-09
1.26120402e+00 -4.89914054e-09
1.26431811e+00 -4.98842105e-09
1.26743219e+00 -5.07754449e-09
1.27054627e+00 -5.16647585e-09
1.27366036e+00 -5.25518194e-09
1.27677444e+00 -5.34362912e-09
1.27988853e+00 -5.43178270e-09
1.28300261e+00 -5.51960918e-09
1.28611669e+00 -5.60707502e-09
1.28923078e+00 -5.69414658e-09
1.29234486e+00 -5.78079080e-09
1.29545895e+00 -5.86697417e-09
1.29857303e+00 -5.95266408e-09
1.30168711e+00 -6.03782771e-09
1.30480120e+00 -6.12243223e-09
1.30791528e+00 -6.20644516e-09
1.31102937e+00 -6.28983472e-09
1.31414345e+00 -6.37256878e-09
1.31725753e+00 -6.45461589e-09
1.32037162e+00 -6.53594475e-09
1.32348570e+00 -6.61652322e-09
1.32659979e+00 -6.69632171e-09
1.32971387e+00 -6.77530916e-09
1.33282795e+00 -6.85345515e-09
1.33594204e+00 -6.93073035e-09
1.33905612e+00 -7.00710470e-09
1.34217021e+00 -7.08254888e-09
1.34528429e+00 -7.15703433e-09
1.34839837e+00 -7.23053229e-09
1.35151246e+00 -7.30301492e-09
1.35462654e+00 -7.37445450e-09
1.35774063e+00 -7.44482318e-09
1.36085471e+00 -7.51409476e-09
1.36396879e+00 -7.58224221e-09
1.36708288e+00 -7.64923942e-09
1.37019696e+00 -7.71506157e-09
1.37331105e+00 -7.77968222e-09
1.37642513e+00 -7.84307769e-09
1.37953921e+00 -7.90522295e-09
1.38265330e+00 -7.96609501e-09
1.38576738e+00 -8.02566998e-09
1.38888147e+00 -8.08392479e-09
1.39199555e+00 -8.14083796e-09
1.39510963e+00 -8.19638699e-09
1.39822372e+00 -8.25055148e-09
1.40133780e+00 -8.30330961e-09
1.40445189e+00 -8.35464259e-09
1.40756597e+00 -8.40452977e-09
1.41068005e+00 -8.45295156e-09
1.41379414e+00 -8.49989089e-09
1.41690822e+00 -8.54532840e-09
1.42002231e+00 -8.58924819e-09
1.42313639e+00 -8.63163170e-09
1.42625047e+00 -8.67246445e-09
1.42936456e+00 -8.71172948e-09
1.43247864e+00 -8.74941241e-09
1.43559273e+00 -8.78549852e-09
1.43870681e+00 -8.81997482e-09
1.44182089e+00 -8.85282668e-09
1.44493498e+00 -8.88404297e-09
1.44804906e+00 -8.91361046e-09
1.45116315e+00 -8.94151873e-09
1.45427723e+00 -8.96775720e-09
1.45739131e+00 -8.99231510e-09
1.46050540e+00 -9.01518361e-09
1.46361948e+00 -9.03635391e-09
1.46673357e+00 -9.05581730e-09
1.46984765e+00 -9.07356740e-09
1.47296173e+00 -9.08959644e-09
1.47607582e+00 -9.10389874e-09
1.47918990e+00 -9.11646873e-09
1.48230399e+00 -9.12730153e-09
1.48541807e+00 -9.13639344e-09
1.48853215e+00 -9.14374086e-09
1.49164624e+00 -9.14934031e-09
1.49476032e+00 -9.15319016e-09
1.49787441e+00 -9.15528879e-09
1.50098849e+00 -9.15563586e-09
1.50410257e+00 -9.15423078e-09
1.50721666e+00 -9.15107413e-09
1.51033074e+00 -9.14616672e-09
1.51344483e+00 -9.13951123e-09
1.51655891e+00 -9.13110998e-09
1.51967299e+00 -9.12096608e-09
1.52278708e+00 -9.10908292e-09
1.52590116e+00 -9.09546570e-09
1.52901525e+00 -9.08011965e-09
1.53212933e+00 -9.06305034e-09
1.53524341e+00 -9.04426415e-09
1.53835750e+00 -9.02376861e-09
1.54147158e+00 -9.00157161e-09
1.54458567e+00 -8.97768128e-09
1.54769975e+00 -8.95210736e-09
1.55081383e+00 -8.92485865e-09
1.55392792e+00 -8.89594666e-09
1.55704200e+00 -8.86538193e-09
1.56015609e+00 -8.83317595e-09
1.56327017e+00 -8.79934124e-09
1.56638425e+00 -8.76389126e-09
1.56949834e+00 -8.72683854e-09
1.57261242e+00 -8.68819816e-09
1.57572651e+00 -8.64798461e-09
1.57884059e+00 -8.60621298e-09
1.58195467e+00 -8.56289940e-09
1.58506876e+00 -8.51806067e-09
1.58818284e+00 -8.47171386e-09
1.59129693e+00 -8.42387612e-09
1.59441101e+00 -8.37456696e-09
1.59752509e+00 -8.32380434e-09
1.60063918e+00 -8.27160787e-09
1.60375326e+00 -8.21799808e-09
1.60686735e+00 -8.16299435e-09
1.60998143e+00 -8.10661860e-09
1.61309551e+00 -8.04889228e-09
1.61620960e+00 -7.98983710e-09
1.61932368e+00 -7.92947589e-09
1.62243777e+00 -7.86783175e-09
1.62555185e+00 -7.80492879e-09
1.62866593e+00 -7.74079012e-09
1.63178002e+00 -7.67544101e-09
1.63489410e+00 -7.60890581e-09
1.63800819e+00 -7.54121018e-09
1.64112227e+00 -7.47238102e-09
1.64423635e+00 -7.40244338e-09
1.64735044e+00 -7.33142429e-09
1.65046452e+00 -7.25935160e-09
1.65357861e+00 -7.18625209e-09
1.65669269e+00 -7.11215396e-09
1.65980678e+00 -7.03708620e-09
1.66292086e+00 -6.96107630e-09
1.66603494e+00 -6.88415420e-09
1.66914903e+00 -6.80634959e-09
1.67226311e+00 -6.72769170e-09
1.67537720e+00 -6.64821092e-09
1.67849128e+00 -6.56793683e-09
1.68160536e+00 -6.48690168e-09
1.68471945e+00 -6.40513516e-09
1.68783353e+00 -6.32266953e-09
1.69094762e+00 -6.23953528e-09
1.69406170e+00 -6.15576513e-09
1.69717578e+00 -6.07139075e-09
1.70028987e+00 -5.98644485e-09
1.70340395e+00 -5.90095944e-09
1.70651804e+00 -5.81496724e-09
1.70963212e+00 -5.72850142e-09
1.71274620e+00 -5.64159504e-09
1.71586029e+00 -5.55428151e-09
1.71897437e+00 -5.46659377e-09
1.72208846e+00 -5.37856604e-09
1.72520254e+00 -5.29023137e-09
1.72831662e+00 -5.20162400e-09
1.73143071e+00 -5.11277767e-09
1.73454479e+00 -5.02372626e-09
1.73765888e+00 -4.93450410e-09
1.74077296e+00 -4.84514518e-09
1.74388704e+00 -4.75568371e-09
1.74700113e+00 -4.66615381e-09
1.75011521e+00 -4.57659050e-09
1.75322930e+00 -4.48702742e-09
1.75634338e+00 -4.39749844e-09
1.75945746e+00 -4.30803872e-09
1.76257155e+00 -4.21868189e-09
1.76568563e+00 -4.12946204e-09
1.76879972e+00 -4.04041446e-09
1.77191380e+00 -3.95157254e-09
1.77502788e+00 -3.86296957e-09
1.77814197e+00 -3.77464025e-09
1.78125605e+00 -3.68661832e-09
1.78437014e+00 -3.59893742e-09
1.78748422e+00 -3.51163108e-09
1.79059830e+00 -3.42473259e-09
1.79371239e+00 -3.33827593e-09
1.79682647e+00 -3.25229370e-09
1.79994056e+00 -3.16681816e-09
1.80305464e+00 -3.08188293e-09
1.80616872e+00 -2.99752003e-09
1.80928281e+00 -2.91376241e-09
1.81239689e+00 -2.83064139e-09
1.81551098e+00 -2.74818932e-09
1.81862506e+00 -2.66643765e-09
1.82173914e+00 -2.58541723e-09
1.82485323e+00 -2.50516020e-09
1.82796731e+00 -2.42569600e-09
1.83108140e+00 -2.34705574e-09
1.83419548e+00 -2.26926900e-09
1.83730956e+00 -2.19236638e-09
1.84042365e+00 -2.11637667e-09
1.84353773e+00 -2.04132933e-09
1.84665182e+00 -1.96725301e-09
1.84976590e+00 -1.89417612e-09
1.85287998e+00 -1.82212616e-09
1.85599407e+00 -1.75113155e-09
1.85910815e+00 -1.68121896e-09
1.86222224e+00 -1.61241532e-09
1.86533632e+00 -1.54474683e-09
1.86845040e+00 -1.47823948e-09
1.87156449e+00 -1.41291867e-09
1.87467857e+00 -1.34880957e-09
1.87779266e+00 -1.28593678e-09
1.88090674e+00 -1.22432396e-09
1.88402082e+00 -1.16399535e-09
1.88713491e+00 -1.10497333e-09
1.89024899e+00 -1.04728089e-09
1.89336308e+00 -9.90940630e-10
1.89647716e+00 -9.35972858e-10
1.89959124e+00 -8.82399843e-10
1.90270533e+00 -8.30241538e-10
1.90581941e+00 -7.79517779e-10
1.90893350e+00 -7.30248399e-10
1.91204758e+00 -6.82452193e-10
1.91516166e+00 -6.36147254e-10
1.91827575e+00 -5.91351679e-10
1.92138983e+00 -5.48082403e-10
1.92450392e+00 -5.06355898e-10
1.92761800e+00 -4.66187941e-10
1.93073208e+00 -4.27594305e-10
1.93384617e+00 -3.90589840e-10
1.93696025e+00 -3.55188464e-10
1.94007434e+00 -3.21403518e-10
1.94318842e+00 -2.89248226e-10
1.94630250e+00 -2.58735463e-10
1.94941659e+00 -2.29875785e-10
1.95253067e+00 -2.02681371e-10
1.95564476e+00 -1.77161270e-10
1.95875884e+00 -1.53326966e-10
1.96187292e+00 -1.31186229e-10
1.96498701e+00 -1.10748225e-10
1.96810109e+00 -9.20206086e-11
1.97121518e+00 -7.50105719e-11
1.97432926e+00 -5.97241468e-11
1.97744334e+00 -4.61677133e-11
1.98055743e+00 -3.43466072e-11
1.98367151e+00 -2.42650045e-11
1.98678560e+00 -1.59270810e-11
1.98989968e+00 -9.33538875e-12
1.99301376e+00 -4.49317565e-12
1.99612785e+00 -1.40218168e-12
1.99924193e+00 -6.29868176e-14
2.00235602e+00 -4.77099044e-13
2.00547010e+00 -2.64335838e-12
2.00858418e+00 -6.56164882e-12
2.01169827e+00 -1.22301144e-11
2.01481235e+00 -1.96464352e-11
2.01792644e+00 -2.88079432e-11
2.02104052e+00 -3.97116225e-11
2.02415460e+00 -5.23524852e-11
2.02726869e+00 -6.67258914e-11
2.03038277e+00 -8.28269691e-11
2.03349686e+00 -1.00649107e-10
2.03661094e+00 -1.20185112e-10
2.03972502e+00 -1.41428373e-10
2.04283911e+00 -1.64369494e-10
2.04595319e+00 -1.89001168e-10
2.04906728e+00 -2.15312838e-10
2.05218136e+00 -2.43294413e-10
2.05529544e+00 -2.72936148e-10
2.05840953e+00 -3.04225981e-10
2.06152361e+00 -3.37151731e-10
2.06463770e+00 -3.71701914e-10
2.06775178e+00 -4.07861683e-10
2.07086586e+00 -4.45618743e-10
2.07397995e+00 -4.84957316e-10
2.07709403e+00 -5.25862904e-10
2.08020812e+00 -5.68319615e-10
2.08332220e+00 -6.12312021e-10
2.08643628e+00 -6.57822375e-10
2.08955037e+00 -7.04833625e-10
2.09266445e+00 -7.53327674e-10
2.09577854e+00 -8.03286196e-10
2.09889262e+00 -8.54689355e-10
2.10200670e+00 -9.07518592e-10
2.10512079e+00 -9.61752098e-10
2.10823487e+00 -1.01737062e-09
2.11134896e+00 -1.07435246e-09
2.11446304e+00 -1.13267500e-09
2.11757712e+00 -1.19231645e-09
2.12069121e+00 -1.25325428e-09
2.12380529e+00 -1.31546507e-09
2.12691938e+00 -1.37892493e-09
2.13003346e+00 -1.44360902e-09
2.13314754e+00 -1.50949324e-09
2.13626163e+00 -1.57655227e-09
2.13937571e+00 -1.64476004e-09
2.14248980e+00 -1.71409019e-09
2.14560388e+00 -1.78451723e-09
2.14871796e+00 -1.85601341e-09
2.15183205e+00 -1.92855161e-09
2.15494613e+00 -2.00210420e-09
2.15806022e+00 -2.07664278e-09
2.16117430e+00 -2.15213846e-09
2.16428838e+00 -2.22856258e-09
2.16740247e+00 -2.30588649e-09
2.17051655e+00 -2.38407981e-09
2.17363064e+00 -2.46311307e-09
2.17674472e+00 -2.54295542e-09
2.17985880e+00 -2.62357669e-09
2.18297289e+00 -2.70494638e-09
2.18608697e+00 -2.78703247e-09
2.18920106e+00 -2.86980457e-09
2.19231514e+00 -2.95322997e-09
2.19542922e+00 -3.03727736e-09
2.19854331e+00 -3.12191435e-09
2.20165739e+00 -3.20710895e-09
2.20477148e+00 -3.29282787e-09
2.20788556e+00 -3.37903849e-09
2.21099964e+00 -3.46570789e-09
2.21411373e+00 -3.55280300e-09
2.21722781e+00 -3.64029018e-09
2.22034190e+00 -3.72813614e-09
2.22345598e+00 -3.81630759e-09
2.22657006e+00 -3.90476985e-09
2.22968415e+00 -3.99349021e-09
2.23279823e+00 -4.08243374e-09
2.23591232e+00 -4.17156705e-09
2.23902640e+00 -4.26085545e-09
2.24214048e+00 -4.35026506e-09
2.24525457e+00 -4.43976132e-09
2.24836865e+00 -4.52931037e-09
2.25148274e+00 -4.61887843e-09
2.25459682e+00 -4.70843014e-09
2.25771090e+00 -4.79793186e-09
2.26082499e+00 -4.88734913e-09
2.26393907e+00 -4.97664785e-09
2.26705316e+00 -5.06579380e-09
2.27016724e+00 -5.15475241e-09
2.27328132e+00 -5.24349063e-09
2.27639541e+00 -5.33197342e-09
2.27950949e+00 -5.42016749e-09
2.28262358e+00 -5.50803886e-09
2.28573766e+00 -5.59555411e-09
2.28885174e+00 -5.68267985e-09
2.29196583e+00 -5.76938207e-09
2.29507991e+00 -5.85562866e-09
2.29819400e+00 -5.94138596e-09
2.30130808e+00 -6.02662035e-09
2.30442216e+00 -6.11130050e-09
2.30753625e+00 -6.19539347e-09
2.31065033e+00 -6.27886736e-09
2.31376442e+00 -6.36168946e-09
2.31687850e+00 -6.44382914e-09
2.31999258e+00 -6.52525416e-09
2.32310667e+00 -6.60593366e-09
2.32622075e+00 -6.68583690e-09
2.32933484e+00 -6.76493327e-09
2.33244892e+00 -6.84319189e-09
2.33556300e+00 -6.92058378e-09
2.33867709e+00 -6.99707820e-09
2.34179117e+00 -7.07264719e-09
2.34490526e+00 -7.14726070e-09
2.34801934e+00 -7.22089089e-09
2.35113342e+00 -7.29350878e-09
2.35424751e+00 -7.36508767e-09
2.35736159e+00 -7.43559927e-09
2.36047568e+00 -7.50501700e-09
2.36358976e+00 -7.57331455e-09
2.36670384e+00 -7.64046534e-09
2.36981793e+00 -7.70644351e-09
2.37293201e+00 -7.77122412e-09
2.37604610e+00 -7.83478257e-09
2.37916018e+00 -7.89709417e-09
2.38227426e+00 -7.95813570e-09
2.38538835e+00 -8.01788317e-09
2.38850243e+00 -8.07631324e-09
2.39161652e+00 -8.13340505e-09
2.39473060e+00 -8.18913551e-09
2.39784468e+00 -8.24348385e-09
2.40095877e+00 -8.29642897e-09
2.40407285e+00 -8.34795091e-09
2.40718694e+00 -8.39802949e-09
2.41030102e+00 -8.44664626e-09
2.41341510e+00 -8.49378198e-09
2.41652919e+00 -8.53941923e-09
2.41964327e+00 -8.58353982e-09
2.42275736e+00 -8.62612749e-09
2.42587144e+00 -8.66716532e-09
2.42898552e+00 -8.70663822e-09
2.43209961e+00 -8.74453099e-09
2.43521369e+00 -8.78082880e-09
2.43832778e+00 -8.81551795e-09
2.44144186e+00 -8.84858475e-09
2.44455594e+00 -8.88001749e-09
2.44767003e+00 -8.90980353e-09
2.45078411e+00 -8.93793115e-09
2.45389820e+00 -8.96439071e-09
2.45701228e+00 -8.98917110e-09
2.46012636e+00 -9.01226278e-09
2.46324045e+00 -9.03365742e-09
2.46635453e+00 -9.05334689e-09
2.46946862e+00 -9.07132331e-09
2.47258270e+00 -9.08757994e-09
2.47569678e+00 -9.10211029e-09
2.47881087e+00 -9.11490949e-09
2.48192495e+00 -9.12597185e-09
2.48503904e+00 -9.13529355e-09
2.48815312e+00 -9.14287099e-09
2.49126720e+00 -9.14870104e-09
2.49438129e+00 -9.15278162e-09
2.49749537e+00 -9.15511178e-09
2.50060946e+00 -9.15569003e-09
2.50372354e+00 -9.15451602e-09
2.50683762e+00 -9.15158997e-09
2.50995171e+00 -9.14691398e-09
2.51306579e+00 -9.14048910e-09
2.51617988e+00 -9.13231786e-09
2.51929396e+00 -9.12240341e-09
2.52240804e+00 -9.11074981e-09
2.52552213e+00 -9.09736110e-09
2.52863621e+00 -9.08224288e-09
2.53175030e+00 -9.06540057e-09
2.53486438e+00 -9.04684046e-09
2.53797846e+00 -9.02657019e-09
2.54109255e+00 -9.00459730e-09
2.54420663e+00 -8.98092991e-09
2.54732072e+00 -8.95557731e-09
2.55043480e+00 -8.92854924e-09
2.55354888e+00 -8.89985602e-09
2.55666297e+00 -8.86950844e-09
2.55977705e+00 -8.83751856e-09
2.56289114e+00 -8.80389810e-09
2.56600522e+00 -8.76865993e-09
2.56911930e+00 -8.73181809e-09
2.57223339e+00 -8.69338639e-09
2.57534747e+00 -8.65337944e-09
2.57846156e+00 -8.61181255e-09
2.58157564e+00 -8.56870149e-09
2.58468972e+00 -8.52406321e-09
2.58780381e+00 -8.47791441e-09
2.59091789e+00 -8.43027271e-09
2.59403198e+00 -8.38115621e-09
2.59714606e+00 -8.33058453e-09
2.60026014e+00 -8.27857632e-09
2.60337423e+00 -8.22515144e-09
2.60648831e+00 -8.17033087e-09
2.60960240e+00 -8.11413456e-09
2.61271648e+00 -8.05658526e-09
2.61583056e+00 -7.99770407e-09
2.61894465e+00 -7.93751396e-09
2.62205873e+00 -7.87603790e-09
2.62517282e+00 -7.81329955e-09
2.62828690e+00 -7.74932234e-09
2.63140098e+00 -7.68413156e-09
2.63451507e+00 -7.61775123e-09
2.63762915e+00 -7.55020755e-09
2.64074324e+00 -7.48152605e-09
2.64385732e+00 -7.41173318e-09
2.64697140e+00 -7.34085538e-09
2.65008549e+00 -7.26891991e-09
2.65319957e+00 -7.19595426e-09
2.65631366e+00 -7.12198651e-09
2.65942774e+00 -7.04704484e-09
2.66254182e+00 -6.97115791e-09
2.66565591e+00 -6.89435482e-09
2.66876999e+00 -6.81666481e-09
2.67188408e+00 -6.73811759e-09
2.67499816e+00 -6.65874352e-09
2.67811224e+00 -6.57857279e-09
2.68122633e+00 -6.49763589e-09
2.68434041e+00 -6.41596426e-09
2.68745450e+00 -6.33358898e-09
2.69056858e+00 -6.25054162e-09
2.69368266e+00 -6.16685360e-09
2.69679675e+00 -6.08255740e-09
2.69991083e+00 -5.99768469e-09
2.70302492e+00 -5.91226854e-09
2.70613900e+00 -5.82634176e-09
2.70925308e+00 -5.73993637e-09
2.71236717e+00 -5.65308648e-09
2.71548125e+00 -5.56582457e-09
2.71859534e+00 -5.47818450e-09
2.72170942e+00 -5.39019923e-09
2.72482350e+00 -5.30190331e-09
2.72793759e+00 -5.21332992e-09
2.73105167e+00 -5.12451294e-09
2.73416576e+00 -5.03548647e-09
2.73727984e+00 -4.94628507e-09
2.74039392e+00 -4.85694192e-09
2.74350801e+00 -4.76749206e-09
2.74662209e+00 -4.67796981e-09
2.74973618e+00 -4.58840882e-09
2.75285026e+00 -4.49884342e-09
2.75596434e+00 -4.40930818e-09
2.75907843e+00 -4.31983755e-09
2.76219251e+00 -4.23046518e-09
2.76530660e+00 -4.14122562e-09
2.76842068e+00 -4.05215309e-09
2.77153477e+00 -3.96328194e-09
2.77464885e+00 -3.87464557e-09
2.77776293e+00 -3.78627831e-09
2.78087702e+00 -3.69821369e-09
2.78399110e+00 -3.61048581e-09
2.78710519e+00 -3.52312832e-09
2.79021927e+00 -3.43617461e-09
2.79333335e+00 -3.34965763e-09
2.79644744e+00 -3.26361045e-09
2.79956152e+00 -3.17806635e-09
2.80267561e+00 -3.09305781e-09
2.80578969e+00 -3.00861766e-09
2.80890377e+00 -2.92477884e-09
2.81201786e+00 -2.84157232e-09
2.81513194e+00 -2.75903001e-09
2.81824603e+00 -2.67718369e-09
2.82136011e+00 -2.59606537e-09
2.82447419e+00 -2.51570533e-09
2.82758828e+00 -2.43613488e-09
2.83070236e+00 -2.35738373e-09
2.83381645e+00 -2.27948307e-09
2.83693053e+00 -2.20246191e-09
2.84004461e+00 -2.12635040e-09
2.84315870e+00 -2.05117708e-09
2.84627278e+00 -1.97697096e-09
2.84938687e+00 -1.90376032e-09
2.85250095e+00 -1.83157383e-09
2.85561503e+00 -1.76043817e-09
2.85872912e+00 -1.69038117e-09
2.86184320e+00 -1.62142939e-09
2.86495729e+00 -1.55360930e-09
2.86807137e+00 -1.48694767e-09
2.87118545e+00 -1.42146852e-09
2.87429954e+00 -1.35719830e-09
2.87741362e+00 -1.29416103e-09
2.88052771e+00 -1.23238024e-09
2.88364179e+00 -1.17188111e-09
2.88675587e+00 -1.11268556e-09
2.88986996e+00 -1.05481634e-09
2.89298404e+00 -9.98295820e-10
2.89609813e+00 -9.43146163e-10
2.89921221e+00 -8.89387668e-10
2.90232629e+00 -8.37041563e-10
2.90544038e+00 -7.86127103e-10
2.90855446e+00 -7.36665051e-10
2.91166855e+00 -6.88673620e-10
2.91478263e+00 -6.42170557e-10
2.91789671e+00 -5.97174770e-10
2.92101080e+00 -5.53702614e-10
2.92412488e+00 -5.11771837e-10
2.92723897e+00 -4.71397635e-10
2.93035305e+00 -4.32595203e-10
2.93346713e+00 -3.95380318e-10
2.93658122e+00 -3.59766434e-10
2.93969530e+00 -3.25767473e-10
2.94280939e+00 -2.93396888e-10
2.94592347e+00 -2.62666281e-10
2.94903755e+00 -2.33587831e-10
2.95215164e+00 -2.06173022e-10
2.95526572e+00 -1.80431713e-10
2.95837981e+00 -1.56374344e-10
2.96149389e+00 -1.34009616e-10
2.96460797e+00 -1.13346228e-10
2.96772206e+00 -9.43924160e-11
2.97083614e+00 -7.71553716e-11
2.97395023e+00 -6.16413588e-11
2.97706431e+00 -4.78560616e-11
2.98017839e+00 -3.58059758e-11
2.98329248e+00 -2.54946974e-11
2.98640656e+00 -1.69260543e-11
2.98952065e+00 -1.01041063e-11
2.99263473e+00 -5.03105755e-12
2.99574881e+00 -1.70911192e-12
2.99886290e+00 -1.38385402e-13
3.00197698e+00 -3.21313968e-13
3.00509107e+00 -2.25638964e-12
3.00820515e+00 -5.94338043e-12
3.01131923e+00 -1.13807784e-11
3.01443332e+00 -1.85669595e-11
3.01754740e+00 -2.74984438e-11
3.02066149e+00 -3.81722154e-11
3.02377557e+00 -5.05842144e-11
3.02688965e+00 -6.47298009e-11
3.03000374e+00 -8.06029429e-11
3.03311782e+00 -9.81983046e-11
3.03623191e+00 -1.17509042e-10
3.03934599e+00 -1.38527036e-10
3.04246007e+00 -1.61244745e-10
3.04557416e+00 -1.85653703e-10
3.04868824e+00 -2.11743933e-10
3.05180233e+00 -2.39506388e-10
3.05491641e+00 -2.68929468e-10
3.05803049e+00 -3.00002964e-10
3.06114458e+00 -3.32713190e-10
3.06425866e+00 -3.67049474e-10
3.06737275e+00 -4.02998359e-10
3.07048683e+00 -4.40544534e-10
3.07360091e+00 -4.79675703e-10
3.07671500e+00 -5.20375627e-10
3.07982908e+00 -5.62628878e-10
3.08294317e+00 -6.06419332e-10
3.08605725e+00 -6.51730401e-10
3.08917133e+00 -6.98544803e-10
3.09228542e+00 -7.46844208e-10
3.09539950e+00 -7.96610290e-10
3.09851359e+00 -8.47824024e-10
3.10162767e+00 -9.00465924e-10
3.10474175e+00 -9.54515805e-10
3.10785584e+00 -1.00995279e-09
3.11096992e+00 -1.06675565e-09
3.11408401e+00 -1.12490269e-09
3.11719809e+00 -1.18437164e-09
3.12031217e+00 -1.24514011e-09
3.12342626e+00 -1.30718399e-09
3.12654034e+00 -1.37048028e-09
3.12965443e+00 -1.43500407e-09
3.13276851e+00 -1.50073146e-09
3.13588259e+00 -1.56763645e-09
3.13899668e+00 -1.63569434e-09
3.14211076e+00 -1.70487858e-09
3.14522485e+00 -1.77516189e-09
3.14833893e+00 -1.84651853e-09
3.15145301e+00 -1.91892089e-09
3.15456710e+00 -1.99234113e-09
3.15768118e+00 -2.06675107e-09
3.16079527e+00 -2.14212216e-09
3.16390935e+00 -2.21842564e-09
3.16702343e+00 -2.29563240e-09
3.17013752e+00 -2.37371274e-09
3.17325160e+00 -2.45263673e-09
3.17636569e+00 -2.53237398e-09
3.17947977e+00 -2.61289422e-09
3.18259385e+00 -2.69416716e-09
3.18570794e+00 -2.77616046e-09
3.18882202e+00 -2.85884370e-09
3.19193611e+00 -2.94218501e-09
3.19505019e+00 -3.02615200e-09
3.19816427e+00 -3.11071314e-09
3.20127836e+00 -3.19583571e-09
3.20439244e+00 -3.28148734e-09
3.20750653e+00 -3.36763521e-09
3.21062061e+00 -3.45424614e-09
3.21373469e+00 -3.54128650e-09
3.21684878e+00 -3.62872404e-09
3.21996286e+00 -3.71652499e-09
3.22307695e+00 -3.80465492e-09
3.22619103e+00 -3.89308110e-09
3.22930511e+00 -3.98176909e-09
3.23241920e+00 -4.07068525e-09
3.23553328e+00 -4.15979547e-09
3.23864737e+00 -4.24906543e-09
3.24176145e+00 -4.33846089e-09
3.24487553e+00 -4.42794799e-09
3.24798962e+00 -4.51749216e-09
3.25110370e+00 -4.60705976e-09
3.25421779e+00 -4.69661553e-09
3.25733187e+00 -4.78612572e-09
3.26044595e+00 -4.87555621e-09
3.26356004e+00 -4.96487221e-09
3.26667412e+00 -5.05404032e-09
3.26978821e+00 -5.14302585e-09
3.27290229e+00 -5.23179469e-09
3.27601637e+00 -5.32031355e-09
3.27913046e+00 -5.40854753e-09
3.28224454e+00 -5.49646332e-09
3.28535863e+00 -5.58402764e-09
3.28847271e+00 -5.67120673e-09
3.29158679e+00 -5.75796649e-09
3.29470088e+00 -5.84427490e-09
3.29781496e+00 -5.93009845e-09
3.30092905e+00 -6.01540394e-09
3.30404313e+00 -6.10015926e-09
3.30715721e+00 -6.18433157e-09
3.31027130e+00 -6.26788909e-09
3.31338538e+00 -6.35079912e-09
3.31649947e+00 -6.43303067e-09
3.31961355e+00 -6.51455185e-09
3.32272763e+00 -6.59533146e-09
3.32584172e+00 -6.67533887e-09
3.32895580e+00 -6.75454311e-09
3.33206989e+00 -6.83291449e-09
3.33518397e+00 -6.91042249e-09
3.33829805e+00 -6.98703685e-09
3.34141214e+00 -7.06272960e-09
3.34452622e+00 -7.13747094e-09
3.34764031e+00 -7.21123210e-09
3.35075439e+00 -7.28398547e-09
3.35386847e+00 -7.35570322e-09
3.35698256e+00 -7.42635691e-09
3.36009664e+00 -7.49592046e-09
3.36321073e+00 -7.56436752e-09
3.36632481e+00 -7.63167074e-09
3.36943889e+00 -7.69780562e-09
3.37255298e+00 -7.76274537e-09
3.37566706e+00 -7.82646692e-09
3.37878115e+00 -7.88894474e-09
3.38189523e+00 -7.95015494e-09
3.38500931e+00 -8.01007419e-09
3.38812340e+00 -8.06868012e-09
3.39123748e+00 -8.12594906e-09
3.39435157e+00 -8.18186059e-09
3.39746565e+00 -8.23639232e-09
3.40057973e+00 -8.28952397e-09
3.40369382e+00 -8.34123464e-09
3.40680790e+00 -8.39150484e-09
3.40992199e+00 -8.44031557e-09
3.41303607e+00 -8.48764801e-09
3.41615015e+00 -8.53348351e-09
3.41926424e+00 -8.57780523e-09
3.42237832e+00 -8.62059637e-09
3.42549241e+00 -8.66183962e-09
3.42860649e+00 -8.70151981e-09
3.43172057e+00 -8.73962185e-09
3.43483466e+00 -8.77613065e-09
3.43794874e+00 -8.81103278e-09
3.44106283e+00 -8.84431533e-09
3.44417691e+00 -8.87596418e-09
3.44729099e+00 -8.90596795e-09
3.45040508e+00 -8.93431549e-09
3.45351916e+00 -8.96099534e-09
3.45663325e+00 -8.98599798e-09
3.45974733e+00 -9.00931284e-09
3.46286141e+00 -9.03093217e-09
3.46597550e+00 -9.05084714e-09
3.46908958e+00 -9.06904986e-09
3.47220367e+00 -9.08553373e-09
3.47531775e+00 -9.10029237e-09
3.47843183e+00 -9.11331985e-09
3.48154592e+00 -9.12461201e-09
3.48466000e+00 -9.13416350e-09
3.48777409e+00 -9.14197120e-09
3.49088817e+00 -9.14803243e-09
3.49400225e+00 -9.15234361e-09
3.49711634e+00 -9.15490496e-09
3.50023042e+00 -9.15571439e-09
3.50334451e+00 -9.15477144e-09
3.50645859e+00 -9.15207658e-09
3.50957267e+00 -9.14763131e-09
3.51268676e+00 -9.14143726e-09
3.51580084e+00 -9.13349640e-09
3.51891493e+00 -9.12381174e-09
3.52202901e+00 -9.11238700e-09
3.52514309e+00 -9.09922728e-09
3.52825718e+00 -9.08433675e-09
3.53137126e+00 -9.06772134e-09
3.53448535e+00 -9.04938812e-09
3.53759943e+00 -9.02934323e-09
3.54071351e+00 -9.00759410e-09
3.54382760e+00 -8.98414978e-09
3.54694168e+00 -8.95901920e-09
3.55005577e+00 -8.93221152e-09
3.55316985e+00 -8.90373777e-09
3.55628393e+00 -8.87360757e-09
3.55939802e+00 -8.84183391e-09
3.56251210e+00 -8.80842770e-09
3.56562619e+00 -8.77340239e-09
3.56874027e+00 -8.73677120e-09
3.57185435e+00 -8.69854888e-09
3.57496844e+00 -8.65874851e-09
3.57808252e+00 -8.61738671e-09
3.58119661e+00 -8.57447865e-09
3.58431069e+00 -8.53004069e-09
3.58742477e+00 -8.48409013e-09
3.59053886e+00 -8.43664458e-09
3.59365294e+00 -8.38772215e-09
3.59676703e+00 -8.33734070e-09
3.59988111e+00 -8.28552088e-09
3.60299519e+00 -8.23228229e-09
3.60610928e+00 -8.17764407e-09
3.60922336e+00 -8.12162837e-09
3.61233745e+00 -8.06425608e-09
3.61545153e+00 -8.00554993e-09
3.61856561e+00 -7.94553115e-09
3.62167970e+00 -7.88422328e-09
3.62479378e+00 -7.82165000e-09
3.62790787e+00 -7.75783495e-09
3.63102195e+00 -7.69280286e-09
3.63413603e+00 -7.62657808e-09
3.63725012e+00 -7.55918660e-09
3.64036420e+00 -7.49065392e-09
3.64347829e+00 -7.42100558e-09
3.64659237e+00 -7.35026941e-09
3.64970645e+00 -7.27847233e-09
3.65282054e+00 -7.20564078e-09
3.65593462e+00 -7.13180352e-09
3.65904871e+00 -7.05698864e-09
3.66216279e+00 -6.98122489e-09
3.66527687e+00 -6.90454105e-09
3.66839096e+00 -6.82696647e-09
3.67150504e+00 -6.74853071e-09
3.67461913e+00 -6.66926429e-09
3.67773321e+00 -6.58919691e-09
3.68084729e+00 -6.50835942e-09
3.68396138e+00 -6.42678303e-09
3.68707546e+00 -6.34449881e-09
3.69018955e+00 -6.26153786e-09
3.69330363e+00 -6.17793243e-09
3.69641771e+00 -6.09371442e-09
3.69953180e+00 -6.00891595e-09
3.70264588e+00 -5.92356974e-09
3.70575997e+00 -5.83770815e-09
3.70887405e+00 -5.75136483e-09
3.71198813e+00 -5.66457119e-09
3.71510222e+00 -5.57736206e-09
3.71821630e+00 -5.48976967e-09
3.72133039e+00 -5.40182835e-09
3.72444447e+00 -5.31357141e-09
3.72755855e+00 -5.22503225e-09
3.73067264e+00 -5.13624612e-09
3.73378672e+00 -5.04724505e-09
3.73690081e+00 -4.95806465e-09
3.74001489e+00 -4.86873832e-09
3.74312897e+00 -4.77930075e-09
3.74624306e+00 -4.68978605e-09
3.74935714e+00 -4.60022784e-09
3.75247123e+00 -4.51066128e-09
3.75558531e+00 -4.42112036e-09
3.75869939e+00 -4.33163906e-09
3.76181348e+00 -4.24225148e-09
3.76492756e+00 -4.15299290e-09
3.76804165e+00 -4.06389601e-09
3.77115573e+00 -3.97499644e-09
3.77426981e+00 -3.88632690e-09
3.77738390e+00 -3.79792252e-09
3.78049798e+00 -3.70981603e-09
3.78361207e+00 -3.62204175e-09
3.78672615e+00 -3.53463345e-09
3.78984023e+00 -3.44762418e-09
3.79295432e+00 -3.36104723e-09
3.79606840e+00 -3.27493648e-09
3.79918249e+00 -3.18932405e-09
3.80229657e+00 -3.10424325e-09
3.80541065e+00 -3.01972665e-09
3.80852474e+00 -2.93580571e-09
3.81163882e+00 -2.85251359e-09
3.81475291e+00 -2.76988173e-09
3.81786699e+00 -2.68794226e-09
3.82098107e+00 -2.60672580e-09
3.82409516e+00 -2.52626380e-09
3.82720924e+00 -2.44658756e-09
3.83032333e+00 -2.36772702e-09
3.83343741e+00 -2.28971222e-09
3.83655149e+00 -2.21257378e-09
3.83966558e+00 -2.13633990e-09
3.84277966e+00 -2.06104107e-09
3.84589375e+00 -1.98670607e-09
3.84900783e+00 -1.91336239e-09
3.85212191e+00 -1.84103891e-09
3.85523600e+00 -1.76976335e-09
3.85835008e+00 -1.69956228e-09
3.86146417e+00 -1.63046284e-09
3.86457825e+00 -1.56249241e-09
3.86769234e+00 -1.49567604e-09
3.87080642e+00 -1.43003995e-09
3.87392050e+00 -1.36560838e-09
3.87703459e+00 -1.30240708e-09
3.88014867e+00 -1.24045925e-09
3.88326276e+00 -1.17978938e-09
3.88637684e+00 -1.12042018e-09
3.88949092e+00 -1.06237476e-09
3.89260501e+00 -1.00567537e-09
3.89571909e+00 -9.50343132e-10
3.89883318e+00 -8.96400200e-10
3.90194726e+00 -8.43866643e-10
3.90506134e+00 -7.92762410e-10
3.90817543e+00 -7.43107570e-10
3.91128951e+00 -6.94921031e-10
3.91440360e+00 -6.48220771e-10
3.91751768e+00 -6.03024772e-10
3.92063176e+00 -5.59350896e-10
3.92374585e+00 -5.17215731e-10
3.92685993e+00 -4.76635052e-10
3.92997402e+00 -4.37624521e-10
3.93308810e+00 -4.00199215e-10
3.93620218e+00 -3.64373172e-10
3.93931627e+00 -3.30160542e-10
3.94243035e+00 -2.97574086e-10
3.94554444e+00 -2.66626679e-10
3.94865852e+00 -2.37329573e-10
3.95177260e+00 -2.09694600e-10
3.95488669e+00 -1.83732199e-10
3.95800077e+00 -1.59451651e-10
3.96111486e+00 -1.36863395e-10
3.96422894e+00 -1.15975319e-10
3.96734302e+00 -9.67954269e-11
3.97045711e+00 -7.93314908e-11
3.97357119e+00 -6.35893103e-11
3.97668528e+00 -4.95758453e-11
3.97979936e+00 -3.72960839e-11
3.98291344e+00 -2.67551297e-11
3.98602753e+00 -1.79565789e-11
3.98914161e+00 -1.09039113e-11
3.99225570e+00 -5.59991088e-12
3.99536978e+00 -2.04666558e-12
3.99848386e+00 -2.44871403e-13
4.00159795e+00 -1.95920322e-13
4.00471203e+00 -1.89992833e-12
4.00782612e+00 -5.35596746e-12
4.01094020e+00 -1.05626457e-11
4.01405428e+00 -1.75176432e-11
4.01716837e+00 -2.62191038e-11
4.02028245e+00 -3.66630837e-11
4.02339654e+00 -4.88458710e-11
4.02651062e+00 -6.27627098e-11
4.02962470e+00 -7.84083801e-11
4.03273879e+00 -9.57765020e-11
4.03585287e+00 -1.14861044e-10
4.03896696e+00 -1.35654465e-10
4.04208104e+00 -1.58148415e-10
4.04519512e+00 -1.82334541e-10
4.04830921e+00 -2.08203912e-10
4.05142329e+00 -2.35745970e-10
4.05453738e+00 -2.64950626e-10
4.05765146e+00 -2.95806395e-10
4.06076554e+00 -3.28302025e-10
4.06387963e+00 -3.62424176e-10
4.06699371e+00 -3.98160554e-10
4.07010780e+00 -4.35497585e-10
4.07322188e+00 -4.74420074e-10
4.07633596e+00 -5.14913522e-10
4.07945005e+00 -5.56963196e-10
4.08256413e+00 -6.00551930e-10
4.08567822e+00 -6.45663019e-10
4.08879230e+00 -6.92280224e-10
4.09190638e+00 -7.40384289e-10
4.09502047e+00 -7.89957815e-10
4.09813455e+00 -8.40981777e-10
4.10124864e+00 -8.93436340e-10
4.10436272e+00 -9.47301321e-10
4.10747680e+00 -1.00255677e-09
4.11059089e+00 -1.05918041e-09
4.11370497e+00 -1.11715148e-09
4.11681906e+00 -1.17644725e-09
4.11993314e+00 -1.23704509e-09
4.12304722e+00 -1.29892239e-09
4.12616131e+00 -1.36205455e-09
4.12927539e+00 -1.42641803e-09
4.13238948e+00 -1.49198777e-09
4.13550356e+00 -1.55873918e-09
4.13861764e+00 -1.62664640e-09
4.14173173e+00 -1.69568296e-09
4.14484581e+00 -1.76582314e-09
4.14795990e+00 -1.83703965e-09
4.15107398e+00 -1.90930548e-09
4.15418806e+00 -1.98259314e-09
4.15730215e+00 -2.05687397e-09
4.16041623e+00 -2.13211990e-09
4.16353032e+00 -2.20830193e-09
4.16664440e+00 -2.28539119e-09
4.16975848e+00 -2.36335808e-09
4.17287257e+00 -2.44217257e-09
4.17598665e+00 -2.52180426e-09
4.17910074e+00 -2.60222288e-09
4.18221482e+00 -2.68339781e-09
4.18532890e+00 -2.76529842e-09
4.18844299e+00 -2.84789212e-09
4.19155707e+00 -2.93114840e-09
4.19467116e+00 -3.01503477e-09
4.19778524e+00 -3.09951970e-09
4.20089932e+00 -3.18457000e-09
4.20401341e+00 -3.27015342e-09
4.20712749e+00 -3.35623738e-09
4.21024158e+00 -3.44278904e-09
4.21335566e+00 -3.52977511e-09
4.21646974e+00 -3.61716230e-09
4.21958383e+00 -3.70491674e-09
4.22269791e+00 -3.79300526e-09
4.22581200e+00 -3.88139444e-09
4.22892608e+00 -3.97005018e-09
4.23204016e+00 -4.05893792e-09
4.23515425e+00 -4.14802436e-09
4.23826833e+00 -4.23727506e-09
4.24138242e+00 -4.32665602e-09
4.24449650e+00 -4.41613268e-09
4.24761058e+00 -4.50567187e-09
4.25072467e+00 -4.59523784e-09
4.25383875e+00 -4.68479744e-09
4.25695284e+00 -4.77431563e-09
4.26006692e+00 -4.86375842e-09
4.26318100e+00 -4.95309171e-09
4.26629509e+00 -5.04228092e-09
4.26940917e+00 -5.13129255e-09
4.27252326e+00 -5.22009213e-09
4.27563734e+00 -5.30864580e-09
4.27875142e+00 -5.39691944e-09
4.28186551e+00 -5.48487943e-09
4.28497959e+00 -5.57249177e-09
4.28809368e+00 -5.65972376e-09
4.29120776e+00 -5.74654082e-09
4.29432184e+00 -5.83291083e-09
4.29743593e+00 -5.91879979e-09
4.30055001e+00 -6.00417570e-09
4.30366410e+00 -6.08900560e-09
4.30677818e+00 -6.17325645e-09
4.30989226e+00 -6.25689679e-09
4.31300635e+00 -6.33989381e-09
4.31612043e+00 -6.42221700e-09
4.31923452e+00 -6.50383377e-09
4.32234860e+00 -6.58471313e-09
4.32546268e+00 -6.66482436e-09
4.32857677e+00 -6.74413671e-09
4.33169085e+00 -6.82261922e-09
4.33480494e+00 -6.90024252e-09
4.33791902e+00 -6.97697682e-09
4.34103310e+00 -7.05279277e-09
4.34414719e+00 -7.12766078e-09
4.34726127e+00 -7.20155371e-09
4.35037536e+00 -7.27444164e-09
4.35348944e+00 -7.34629730e-09
4.35660352e+00 -7.41709321e-09
4.35971761e+00 -7.48680279e-09
4.36283169e+00 -7.55539811e-09
4.36594578e+00 -7.62285397e-09
4.36905986e+00 -7.68914429e-09
4.37217394e+00 -7.75424320e-09
4.37528803e+00 -7.81812668e-09
4.37840211e+00 -7.88076945e-09
4.38151620e+00 -7.94214853e-09
4.38463028e+00 -8.00223993e-09
4.38774436e+00 -8.06102009e-09
4.39085845e+00 -8.11846720e-09
4.39397253e+00 -8.17455876e-09
4.39708662e+00 -8.22927400e-09
4.40020070e+00 -8.28259170e-09
4.40331478e+00 -8.33449099e-09
4.40642887e+00 -8.38495259e-09
4.40954295e+00 -8.43395680e-09
4.41265704e+00 -8.48148505e-09
4.41577112e+00 -8.52751948e-09
4.41888520e+00 -8.57204200e-09
4.42199929e+00 -8.61503578e-09
4.42511337e+00 -8.65648447e-09
4.42822746e+00 -8.69637194e-09
4.43134154e+00 -8.73468289e-09
4.43445562e+00 -8.77140351e-09
4.43756971e+00 -8.80651791e-09
4.44068379e+00 -8.84001460e-09
4.44379788e+00 -8.87187990e-09
4.44691196e+00 -8.90210127e-09
4.45002604e+00 -8.93066829e-09
4.45314013e+00 -8.95756876e-09
4.45625421e+00 -8.98279307e-09
4.45936830e+00 -9.00633158e-09
4.46248238e+00 -9.02817467e-09
4.46559646e+00 -9.04831467e-09
4.46871055e+00 -9.06674418e-09
4.47182463e+00 -9.08345505e-09
4.47493872e+00 -9.09844151e-09
4.47805280e+00 -9.11169786e-09
4.48116688e+00 -9.12321888e-09
4.48428097e+00 -9.13300086e-09
4.48739505e+00 -9.14103881e-09
4.49050914e+00 -9.14733053e-09
4.49362322e+00 -9.15187312e-09
4.49673730e+00 -9.15466519e-09
4.49985139e+00 -9.15570581e-09
4.50296547e+00 -9.15499416e-09
4.50607956e+00 -9.15253083e-09
4.50919364e+00 -9.14831651e-09
4.51230772e+00 -9.14235306e-09
4.51542181e+00 -9.13464234e-09
4.51853589e+00 -9.12518782e-09
4.52164998e+00 -9.11399241e-09
4.52476406e+00 -9.10106120e-09
4.52787814e+00 -9.08639861e-09
4.53099223e+00 -9.07001102e-09
4.53410631e+00 -9.05190365e-09
4.53722040e+00 -9.03208403e-09
4.54033448e+00 -9.01055947e-09
4.54344856e+00 -8.98733833e-09
4.54656265e+00 -8.96242919e-09
4.54967673e+00 -8.93584272e-09
4.55279082e+00 -8.90758774e-09
4.55590490e+00 -8.87767561e-09
4.55901898e+00 -8.84611783e-09
4.56213307e+00 -8.81292656e-09
4.56524715e+00 -8.77811445e-09
4.56836124e+00 -8.74169438e-09
4.57147532e+00 -8.70368074e-09
4.57458940e+00 -8.66408836e-09
4.57770349e+00 -8.62293129e-09
4.58081757e+00 -8.58022611e-09
4.58393166e+00 -8.53598918e-09
4.58704574e+00 -8.49023709e-09
4.59015982e+00 -8.44298769e-09
4.59327391e+00 -8.39425863e-09
4.59638799e+00 -8.34406916e-09
4.59950208e+00 -8.29243748e-09
4.60261616e+00 -8.23938483e-09
4.60573024e+00 -8.18493012e-09
4.60884433e+00 -8.12909503e-09
4.61195841e+00 -8.07190092e-09
4.61507250e+00 -8.01336888e-09
4.61818658e+00 -7.95352212e-09
4.62130066e+00 -7.89238315e-09
4.62441475e+00 -7.82997516e-09
4.62752883e+00 -7.76632240e-09
4.63064292e+00 -7.70144934e-09
4.63375700e+00 -7.63538069e-09
4.63687108e+00 -7.56814140e-09
4.63998517e+00 -7.49975732e-09
4.64309925e+00 -7.43025548e-09
4.64621334e+00 -7.35966141e-09
4.64932742e+00 -7.28800225e-09
4.65244150e+00 -7.21530572e-09
4.65555559e+00 -7.14159954e-09
4.65866967e+00 -7.06691179e-09
4.66178376e+00 -6.99127100e-09
4.66489784e+00 -6.91470664e-09
4.66801192e+00 -6.83724793e-09
4.67112601e+00 -6.75892388e-09
4.67424009e+00 -6.67976511e-09
4.67735418e+00 -6.59980132e-09
4.68046826e+00 -6.51906359e-09
4.68358234e+00 -6.43758266e-09
4.68669643e+00 -6.35538973e-09
4.68981051e+00 -6.27251648e-09
4.69292460e+00 -6.18899422e-09
4.69603868e+00 -6.10485497e-09
4.69915276e+00 -6.02013143e-09
4.70226685e+00 -5.93485494e-09
4.70538093e+00 -5.84905947e-09
4.70849502e+00 -5.76277715e-09
4.71160910e+00 -5.67604083e-09
4.71472318e+00 -5.58888424e-09
4.71783727e+00 -5.50134057e-09
4.72095135e+00 -5.41344287e-09
4.72406544e+00 -5.32522536e-09
4.72717952e+00 -5.23672111e-09
4.73029360e+00 -5.14796526e-09
4.73340769e+00 -5.05899064e-09
4.73652177e+00 -4.96983135e-09
4.73963586e+00 -4.88052219e-09
4.74274994e+00 -4.79109715e-09
4.74586402e+00 -4.70158975e-09
4.74897811e+00 -4.61203514e-09
4.75209219e+00 -4.52246719e-09
4.75520628e+00 -4.43292070e-09
4.75832036e+00 -4.34342861e-09
4.76143444e+00 -4.25402631e-09
4.76454853e+00 -4.16474847e-09
4.76766261e+00 -4.07562792e-09
4.77077670e+00 -3.98669970e-09
4.77389078e+00 -3.89799790e-09
4.77700486e+00 -3.80955583e-09
4.78011895e+00 -3.72140769e-09
4.78323303e+00 -3.63358736e-09
4.78634712e+00 -3.54612790e-09
4.78946120e+00 -3.45906388e-09
4.79257528e+00 -3.37242731e-09
4.79568937e+00 -3.28625253e-09
4.79880345e+00 -3.20057167e-09
4.80191754e+00 -3.11541790e-09
4.80503162e+00 -3.03082405e-09
4.80814570e+00 -2.94682225e-09
4.81125979e+00 -2.86344487e-09
4.81437387e+00 -2.78072335e-09
4.81748796e+00 -2.69868946e-09
4.82060204e+00 -2.61737498e-09
4.82371612e+00 -2.53681125e-09
4.82683021e+00 -2.45702818e-09
4.82994429e+00 -2.37805709e-09
4.83305838e+00 -2.29992815e-09
4.83617246e+00 -2.22267082e-09
4.83928654e+00 -2.14631513e-09
4.84240063e+00 -2.07088998e-09
4.84551471e+00 -1.99642472e-09
4.84862880e+00 -1.92294787e-09
4.85174288e+00 -1.85048681e-09
4.85485696e+00 -1.77907032e-09
4.85797105e+00 -1.70872472e-09
4.86108513e+00 -1.63947750e-09
4.86419922e+00 -1.57135499e-09
4.86731330e+00 -1.50438353e-09
4.87042738e+00 -1.43858841e-09
4.87354147e+00 -1.37399513e-09
4.87665555e+00 -1.31062773e-09
4.87976964e+00 -1.24851205e-09
4.88288372e+00 -1.18766992e-09
4.88599780e+00 -1.12812603e-09
4.88911189e+00 -1.06990302e-09
4.89222597e+00 -1.01302325e-09
4.89534006e+00 -9.57507621e-10
4.89845414e+00 -9.03378165e-10
4.90156822e+00 -8.50655067e-10
4.90468231e+00 -7.99358974e-10
4.90779639e+00 -7.49509606e-10
4.91091048e+00 -7.01125522e-10
4.91402456e+00 -6.54225747e-10
4.91713864e+00 -6.08828027e-10
4.92025273e+00 -5.64949647e-10
4.92336681e+00 -5.22607773e-10
4.92648090e+00 -4.81818415e-10
4.92959498e+00 -4.42596535e-10
4.93270906e+00 -4.04958374e-10
4.93582315e+00 -3.68917503e-10
4.93893723e+00 -3.34488073e-10
4.94205132e+00 -3.01683077e-10
4.94516540e+00 -2.70515274e-10
4.94827948e+00 -2.40996264e-10
4.95139357e+00 -2.13137763e-10
4.95450765e+00 -1.86950094e-10
4.95762174e+00 -1.62443235e-10
4.96073582e+00 -1.39627159e-10
4.96384990e+00 -1.18510103e-10
4.96696399e+00 -9.91000717e-11
4.97007807e+00 -8.14046038e-11
4.97319216e+00 -6.54307757e-11
4.97630624e+00 -5.11841552e-11
4.97942033e+00 -3.86707741e-11
4.98253441e+00 -2.78949243e-11
4.98564849e+00 -1.88611299e-11
4.98876258e+00 -1.15722908e-11
4.99187666e+00 -6.03211876e-12
4.99499075e+00 -2.24177392e-12
4.99810483e+00 -2.02880191e-13
5.00121891e+00 8.34024343e-14
