#	Time	Error_of_Energy
1.55704200e-03 -1.36877430e-14
3.11408401e-03 -5.44029787e-14
4.67112601e-03 -1.22841694e-13
6.22816801e-03 -2.18887891e-13
7.78521001e-03 -3.42077578e-13
9.34225202e-03 -4.92642752e-13
1.08992940e-02 -6.70119420e-13
1.24563360e-02 -8.75899557e-13
1.40133780e-02 -1.10835919e-12
1.55704200e-02 -1.36796232e-12
1.71274620e-02 -1.65517293e-12
1.86845040e-02 -1.96975902e-12
2.02415460e-02 -2.31137261e-12
2.17985880e-02 -2.68036168e-12
2.33556300e-02 -3.07614625e-12
2.49126720e-02 -3.49907431e-12
2.64697140e-02 -3.94937786e-12
2.80267561e-02 -4.42682490e-12
2.95837981e-02 -4.93095143e-12
3.11408401e-02 -5.46198947e-12
3.26978821e-02 -6.02040298e-12
3.42549241e-02 -6.60480001e-12
3.58119661e-02 -7.21634053e-12
3.73690081e-02 -7.85456055e-12
3.89260501e-02 -8.51946007e-12
4.04830921e-02 -9.21080709e-12
4.20401341e-02 -9.92894961e-12
4.35971761e-02 -1.06731916e-11
4.51542181e-02 -1.14439972e-11
4.67112601e-02 -1.22411342e-11
4.82683021e-02 -1.30642548e-11
4.98253441e-02 -1.39137068e-11
5.13823861e-02 -1.47892584e-11
5.29394281e-02 -1.56906774e-11
5.44964701e-02 -1.66175000e-11
5.60535121e-02 -1.75705382e-11
5.76105541e-02 -1.85494438e-11
5.91675961e-02 -1.95539849e-11
6.07246381e-02 -2.05838136e-11
6.22816801e-02 -2.16391618e-11
6.38387221e-02 -2.27202615e-11
6.53957641e-02 -2.38258367e-11
6.69528061e-02 -2.49572795e-11
6.85098481e-02 -2.61131978e-11
7.00668901e-02 -2.72944036e-11
7.16239321e-02 -2.84996210e-11
7.31809741e-02 -2.97301259e-11
7.47380161e-02 -3.09849903e-11
7.62950581e-02 -3.22645623e-11
7.78521001e-02 -3.35682618e-11
7.94091421e-02 -3.48965529e-11
8.09661841e-02 -3.62482755e-11
8.25232261e-02 -3.76242417e-11
8.40802682e-02 -3.90238714e-11
8.56373102e-02 -4.04476287e-11
8.71943522e-02 -4.18938896e-11
8.87513942e-02 -4.33642779e-11
9.03084362e-02 -4.48578659e-11
9.18654782e-02 -4.63748854e-11
9.34225202e-02 -4.79141765e-11
9.49795622e-02 -4.94766672e-11
9.65366042e-02 -5.10617774e-11
9.80936462e-02 -5.26691593e-11
9.96506882e-02 -5.42989287e-11
1.01207730e-01 -5.59512017e-11
1.02764772e-01 -5.76252822e-11
1.04321814e-01 -5.93214024e-11
1.05878856e-01 -6.10394461e-11
1.07435898e-01 -6.27786015e-11
1.08992940e-01 -6.45391004e-11
1.10549982e-01 -6.63209430e-11
1.12107024e-01 -6.81237812e-11
1.13664066e-01 -6.99481949e-11
1.15221108e-01 -7.17923283e-11
1.16778150e-01 -7.36574573e-11
1.18335192e-01 -7.55427699e-11
1.19892234e-01 -7.74481501e-11
1.21449276e-01 -7.93739460e-11
1.23006318e-01 -8.13192294e-11
1.24563360e-01 -8.32844646e-11
1.26120402e-01 -8.52689553e-11
1.27677444e-01 -8.72724697e-11
1.29234486e-01 -8.92950077e-11
1.30791528e-01 -9.13365694e-11
1.32348570e-01 -9.33971547e-11
1.33905612e-01 -9.54758357e-11
1.35462654e-01 -9.75727283e-11
1.37019696e-01 -9.96877166e-11
1.38576738e-01 -1.01820453e-10
1.40133780e-01 -1.03970820e-10
1.41690822e-01 -1.06138356e-10
1.43247864e-01 -1.08323523e-10
1.44804906e-01 -1.10525625e-10
1.46361948e-01 -1.12744316e-10
1.47918990e-01 -1.14980174e-10
1.49476032e-01 -1.17231807e-10
1.51033074e-01 -1.19499681e-10
1.52590116e-01 -1.21783910e-10
1.54147158e-01 -1.24083683e-10
1.55704200e-01 -1.26398767e-10
1.57261242e-01 -1.28729163e-10
1.58818284e-01 -1.31075219e-10
1.60375326e-01 -1.33435659e-10
1.61932368e-01 -1.35810715e-10
1.63489410e-01 -1.38200618e-10
1.65046452e-01 -1.40604557e-10
1.66603494e-01 -1.43022183e-10
1.68160536e-01 -1.45453497e-10
1.69717578e-01 -1.47898384e-10
1.71274620e-01 -1.50356029e-10
1.72831662e-01 -1.52827363e-10
1.74388704e-01 -1.55311340e-10
1.75945746e-01 -1.57807150e-10
1.77502788e-01 -1.60316182e-10
1.79059830e-01 -1.62836699e-10
1.80616872e-01 -1.65369628e-10
1.82173914e-01 -1.67913692e-10
1.83730956e-01 -1.70468892e-10
1.85287998e-01 -1.73035460e-10
1.86845040e-01 -1.75612583e-10
1.88402082e-01 -1.78200611e-10
1.89959124e-01 -1.80798614e-10
1.91516166e-01 -1.83407521e-10
1.93073208e-01 -1.86025476e-10
1.94630250e-01 -1.88653175e-10
1.96187292e-01 -1.91290269e-10
1.97744334e-01 -1.93936179e-10
1.99301376e-01 -1.96591138e-10
2.00858418e-01 -1.99254680e-10
2.02415460e-01 -2.01926805e-10
2.03972502e-01 -2.04606819e-10
2.05529544e-01 -2.07294489e-10
2.07086586e-01 -2.09989814e-10
2.08643628e-01 -2.12692331e-10
2.10200670e-01 -2.15401808e-10
2.11757712e-01 -2.18118477e-10
2.13314754e-01 -2.20841410e-10
2.14871796e-01 -2.23570839e-10
2.16428838e-01 -2.26305836e-10
2.17985880e-01 -2.29046864e-10
2.19542922e-01 -2.31793113e-10
2.21099964e-01 -2.34545161e-10
2.22657006e-01 -2.37301733e-10
2.24214048e-01 -2.40063061e-10
2.25771090e-01 -2.42828566e-10
2.27328132e-01 -2.45598826e-10
2.28885174e-01 -2.48372681e-10
2.30442216e-01 -2.51149553e-10
2.31999258e-01 -2.53930717e-10
2.33556300e-01 -2.56714665e-10
2.35113342e-01 -2.59501397e-10
2.36670384e-01 -2.62290448e-10
2.38227426e-01 -2.65082052e-10
2.39784468e-01 -2.67875511e-10
2.41341510e-01 -2.70671059e-10
2.42898552e-01 -2.73467766e-10
2.44455594e-01 -2.76266098e-10
2.46012636e-01 -2.79064429e-10
2.47569678e-01 -2.81863921e-10
2.49126720e-01 -2.84664108e-10
2.50683762e-01 -2.87463832e-10
2.52240804e-01 -2.90263903e-10
2.53797846e-01 -2.93063394e-10
2.55354888e-01 -2.95862538e-10
2.56911930e-01 -2.98660753e-10
2.58468972e-01 -3.01457925e-10
2.60026014e-01 -3.04253704e-10
2.61583056e-01 -3.07047280e-10
2.63140098e-01 -3.09839232e-10
2.64697140e-01 -3.12628515e-10
2.66254182e-01 -3.15415247e-10
2.67811224e-01 -3.18199427e-10
2.69368266e-01 -3.20980590e-10
2.70925308e-01 -3.23758506e-10
2.72482350e-01 -3.26532594e-10
2.74039392e-01 -3.29303086e-10
2.75596434e-01 -3.32069170e-10
2.77153477e-01 -3.34830962e-10
2.78710519e-01 -3.37588579e-10
2.80267561e-01 -3.40340743e-10
2.81824603e-01 -3.43088035e-10
2.83381645e-01 -3.45829296e-10
2.84938687e-01 -3.48565453e-10
2.86495729e-01 -3.51295345e-10
2.88052771e-01 -3.54018974e-10
2.89609813e-01 -3.56736339e-10
2.91166855e-01 -3.59446744e-10
2.92723897e-01 -3.62149958e-10
2.94280939e-01 -3.64846443e-10
2.95837981e-01 -3.67534808e-10
2.97395023e-01 -3.70215518e-10
2.98952065e-01 -3.72888108e-10
3.00509107e-01 -3.75552810e-10
3.02066149e-01 -3.78208928e-10
3.03623191e-01 -3.80855998e-10
3.05180233e-01 -3.83494253e-10
3.06737275e-01 -3.86123228e-10
3.08294317e-01 -3.88742226e-10
3.09851359e-01 -3.91351713e-10
3.11408401e-01 -3.93951225e-10
3.12965443e-01 -3.96540064e-10
3.14522485e-01 -3.99118928e-10
3.16079527e-01 -4.01686423e-10
3.17636569e-01 -4.04243247e-10
3.19193611e-01 -4.06788820e-10
3.20750653e-01 -4.09322560e-10
3.22307695e-01 -4.11844817e-10
3.23864737e-01 -4.14354778e-10
3.25421779e-01 -4.16852327e-10
3.26978821e-01 -4.19337580e-10
3.28535863e-01 -4.21809958e-10
3.30092905e-01 -4.24269575e-10
3.31649947e-01 -4.26715970e-10
3.33206989e-01 -4.29148908e-10
3.34764031e-01 -4.31568158e-10
3.36321073e-01 -4.33973489e-10
3.37878115e-01 -4.36364204e-10
3.39435157e-01 -4.38741232e-10
3.40992199e-01 -4.41103295e-10
3.42549241e-01 -4.43450743e-10
3.44106283e-01 -4.45783344e-10
3.45663325e-01 -4.48100168e-10
3.47220367e-01 -4.50401797e-10
3.48777409e-01 -4.52687418e-10
3.50334451e-01 -4.54957379e-10
3.51891493e-01 -4.57211565e-10
3.53448535e-01 -4.59448931e-10
3.55005577e-01 -4.61669825e-10
3.56562619e-01 -4.63874016e-10
3.58119661e-01 -4.66061039e-10
3.59676703e-01 -4.68230894e-10
3.61233745e-01 -4.70383118e-10
3.62790787e-01 -4.72517942e-10
3.64347829e-01 -4.74634670e-10
3.65904871e-01 -4.76733999e-10
3.67461913e-01 -4.78814536e-10
3.69018955e-01 -4.80876977e-10
3.70575997e-01 -4.82920394e-10
3.72133039e-01 -4.84945020e-10
3.73690081e-01 -4.86950971e-10
3.75247123e-01 -4.88937201e-10
3.76804165e-01 -4.90904525e-10
3.78361207e-01 -4.92852360e-10
3.79918249e-01 -4.94780012e-10
3.81475291e-01 -4.96687712e-10
3.83032333e-01 -4.98575345e-10
3.84589375e-01 -5.00443025e-10
3.86146417e-01 -5.02289479e-10
3.87703459e-01 -5.04115749e-10
3.89260501e-01 -5.05920907e-10
3.90817543e-01 -5.07705301e-10
3.92374585e-01 -5.09468584e-10
3.93931627e-01 -5.11210175e-10
3.95488669e-01 -5.12930423e-10
3.97045711e-01 -5.14628631e-10
3.98602753e-01 -5.16305728e-10
4.00159795e-01 -5.17960089e-10
4.01716837e-01 -5.19592526e-10
4.03273879e-01 -5.21202460e-10
4.04830921e-01 -5.22790470e-10
4.06387963e-01 -5.24355281e-10
4.07945005e-01 -5.25897588e-10
4.09502047e-01 -5.27416463e-10
4.11059089e-01 -5.28912603e-10
4.12616131e-01 -5.30385543e-10
4.14173173e-01 -5.31835516e-10
4.15730215e-01 -5.33261593e-10
4.17287257e-01 -5.34663659e-10
4.18844299e-01 -5.36042641e-10
4.20401341e-01 -5.37397148e-10
4.21958383e-01 -5.38727643e-10
4.23515425e-01 -5.40034706e-10
4.25072467e-01 -5.41317178e-10
4.26629509e-01 -5.42575291e-10
4.28186551e-01 -5.43808463e-10
4.29743593e-01 -5.45017045e-10
4.31300635e-01 -5.46200918e-10
4.32857677e-01 -5.47360433e-10
4.34414719e-01 -5.48494195e-10
4.35971761e-01 -5.49603135e-10
4.37528803e-01 -5.50687018e-10
4.39085845e-01 -5.51745614e-10
4.40642887e-01 -5.52778807e-10
4.42199929e-01 -5.53786480e-10
4.43756971e-01 -5.54768054e-10
4.45314013e-01 -5.55724108e-10
4.46871055e-01 -5.56654642e-10
4.48428097e-01 -5.57559193e-10
4.49985139e-01 -5.58438225e-10
4.51542181e-01 -5.59290461e-10
4.53099223e-01 -5.60116945e-10
4.54656265e-01 -5.60917562e-10
4.56213307e-01 -5.61691036e-10
4.57770349e-01 -5.62438758e-10
4.59327391e-01 -5.63160032e-10
4.60884433e-01 -5.63854395e-10
4.62441475e-01 -5.64522543e-10
4.63998517e-01 -5.65164011e-10
4.65555559e-01 -5.65778567e-10
4.67112601e-01 -5.66367140e-10
4.68669643e-01 -5.66928105e-10
4.70226685e-01 -5.67462391e-10
4.71783727e-01 -5.67969418e-10
4.73340769e-01 -5.68449649e-10
4.74897811e-01 -5.68903084e-10
4.76454853e-01 -5.69329492e-10
4.78011895e-01 -5.69728757e-10
4.79568937e-01 -5.70100994e-10
4.81125979e-01 -5.70446087e-10
4.82683021e-01 -5.70763689e-10
4.84240063e-01 -5.71054380e-10
4.85797105e-01 -5.71317579e-10
4.87354147e-01 -5.71553867e-10
4.88911189e-01 -5.71762431e-10
4.90468231e-01 -5.71943967e-10
4.92025273e-01 -5.72098012e-10
4.93582315e-01 -5.72224798e-10
4.95139357e-01 -5.72323860e-10
4.96696399e-01 -5.72395779e-10
4.98253441e-01 -5.72440090e-10
4.99810483e-01 -5.72457258e-10
5.01367525e-01 -5.72447050e-10
5.02924567e-01 -5.72409467e-10
5.04481609e-01 -5.72344508e-10
5.06038651e-01 -5.72251709e-10
5.07595693e-01 -5.72132232e-10
5.09152735e-01 -5.71984914e-10
5.10709777e-01 -5.71810338e-10
5.12266819e-01 -5.71608734e-10
5.13823861e-01 -5.71379406e-10
5.15380903e-01 -5.71122819e-10
5.16937945e-01 -5.70839320e-10
5.18494987e-01 -5.70528446e-10
5.20052029e-01 -5.70190196e-10
5.21609071e-01 -5.69825151e-10
5.23166113e-01 -5.69432730e-10
5.24723155e-01 -5.69013282e-10
5.26280197e-01 -5.68566227e-10
5.27837239e-01 -5.68092492e-10
5.29394281e-01 -5.67591845e-10
5.30951323e-01 -5.67063939e-10
5.32508365e-01 -5.66509585e-10
5.34065407e-01 -5.65928900e-10
5.35622449e-01 -5.65320840e-10
5.37179491e-01 -5.64685867e-10
5.38736533e-01 -5.64024448e-10
5.40293575e-01 -5.63336813e-10
5.41850617e-01 -5.62622034e-10
5.43407659e-01 -5.61880808e-10
5.44964701e-01 -5.61113831e-10
5.46521743e-01 -5.60320173e-10
5.48078785e-01 -5.59499953e-10
5.49635827e-01 -5.58653981e-10
5.51192869e-01 -5.57781909e-10
5.52749911e-01 -5.56884086e-10
5.54306953e-01 -5.55959583e-10
5.55863995e-01 -5.55009793e-10
5.57421037e-01 -5.54034019e-10
5.58978079e-01 -5.53032726e-10
5.60535121e-01 -5.52006262e-10
5.62092163e-01 -5.50954045e-10
5.63649205e-01 -5.49876657e-10
5.65206247e-01 -5.48773982e-10
5.66763289e-01 -5.47646251e-10
5.68320331e-01 -5.46493697e-10
5.69877373e-01 -5.45315391e-10
5.71434415e-01 -5.44112958e-10
5.72991457e-01 -5.42885701e-10
5.74548499e-01 -5.41633968e-10
5.76105541e-01 -5.40357180e-10
5.77662583e-01 -5.39056845e-10
5.79219625e-01 -5.37732149e-10
5.80776667e-01 -5.36383095e-10
5.82333709e-01 -5.35010609e-10
5.83890751e-01 -5.33613995e-10
5.85447793e-01 -5.32193253e-10
5.87004835e-01 -5.30749777e-10
5.88561877e-01 -5.29282636e-10
5.90118919e-01 -5.27792064e-10
5.91675961e-01 -5.26278640e-10
5.93233003e-01 -5.24741901e-10
5.94790045e-01 -5.23182427e-10
5.96347087e-01 -5.21600332e-10
5.97904129e-01 -5.19995734e-10
5.99461171e-01 -5.18368749e-10
6.01018213e-01 -5.16720072e-10
6.02575255e-01 -5.15048775e-10
6.04132297e-01 -5.13355439e-10
6.05689339e-01 -5.11640527e-10
6.07246381e-01 -5.09904272e-10
6.08803423e-01 -5.08146325e-10
6.10360465e-01 -5.06367730e-10
6.11917507e-01 -5.04567444e-10
6.13474549e-01 -5.02746510e-10
6.15031591e-01 -5.00904813e-10
6.16588633e-01 -4.99042468e-10
6.18145675e-01 -4.97159475e-10
6.19702717e-01 -4.95256763e-10
6.21259759e-01 -4.93333635e-10
6.22816801e-01 -4.91391367e-10
6.24373843e-01 -4.89428568e-10
6.25930885e-01 -4.87446861e-10
6.27487927e-01 -4.85446131e-10
6.29044969e-01 -4.83425681e-10
6.30602011e-01 -4.81386903e-10
6.32159053e-01 -4.79329102e-10
6.33716095e-01 -4.77253205e-10
6.35273137e-01 -4.75158980e-10
6.36830179e-01 -4.73046660e-10
6.38387221e-01 -4.70916244e-10
6.39944263e-01 -4.68768312e-10
6.41501305e-01 -4.66602865e-10
6.43058347e-01 -4.64419902e-10
6.44615389e-01 -4.62219887e-10
6.46172431e-01 -4.60003169e-10
6.47729473e-01 -4.57769863e-10
6.49286515e-01 -4.55520433e-10
6.50843557e-01 -4.53254299e-10
6.52400599e-01 -4.50972274e-10
6.53957641e-01 -4.48674821e-10
6.55514683e-01 -4.46361477e-10
6.57071725e-01 -4.44033052e-10
6.58628767e-01 -4.41689316e-10
6.60185809e-01 -4.39330733e-10
6.61742851e-01 -4.36957649e-10
6.63299893e-01 -4.34570066e-10
6.64856935e-01 -4.32168447e-10
6.66413977e-01 -4.29752445e-10
6.67971019e-01 -4.27323102e-10
6.69528061e-01 -4.24880072e-10
6.71085103e-01 -4.22424050e-10
6.72642145e-01 -4.19954456e-10
6.74199187e-01 -4.17472335e-10
6.75756229e-01 -4.14977686e-10
6.77313271e-01 -4.12470509e-10
6.78870313e-01 -4.09951732e-10
6.80427355e-01 -4.07420892e-10
6.81984397e-01 -4.04877987e-10
6.83541439e-01 -4.02323715e-10
6.85098481e-01 -3.99759004e-10
6.86655523e-01 -3.97183156e-10
6.88212565e-01 -3.94596636e-10
6.89769607e-01 -3.91999677e-10
6.91326649e-01 -3.89392510e-10
6.92883691e-01 -3.86775251e-10
6.94440733e-01 -3.84148829e-10
6.95997775e-01 -3.81512894e-10
6.97554817e-01 -3.78868260e-10
6.99111859e-01 -3.76214230e-10
7.00668901e-01 -3.73551616e-10
7.02225943e-01 -3.70880534e-10
7.03782985e-01 -3.68201796e-10
7.05340027e-01 -3.65514706e-10
7.06897069e-01 -3.62820541e-10
7.08454111e-01 -3.60118952e-10
7.10011153e-01 -3.57410171e-10
7.11568195e-01 -3.54694082e-10
7.13125237e-01 -3.51971845e-10
7.14682279e-01 -3.49243808e-10
7.16239321e-01 -3.46509159e-10
7.17796363e-01 -3.43768943e-10
7.19353405e-01 -3.41023274e-10
7.20910447e-01 -3.38272270e-10
7.22467489e-01 -3.35516858e-10
7.24024531e-01 -3.32755877e-10
7.25581573e-01 -3.29990373e-10
7.27138615e-01 -3.27221157e-10
7.28695657e-01 -3.24448229e-10
7.30252699e-01 -3.21671357e-10
7.31809741e-01 -3.18890426e-10
7.33366783e-01 -3.16107406e-10
7.34923825e-01 -3.13320906e-10
7.36480867e-01 -3.10532319e-10
7.38037909e-01 -3.07741411e-10
7.39594951e-01 -3.04947719e-10
7.41151993e-01 -3.02153100e-10
7.42709035e-01 -2.99356508e-10
7.44266077e-01 -2.96558525e-10
7.45823119e-01 -2.93759729e-10
7.47380161e-01 -2.90960470e-10
7.48937203e-01 -2.88159935e-10
7.50494245e-01 -2.85359631e-10
7.52051287e-01 -2.82560140e-10
7.53608329e-01 -2.79760300e-10
7.55165371e-01 -2.76961157e-10
7.56722413e-01 -2.74162593e-10
7.58279455e-01 -2.71365422e-10
7.59836497e-01 -2.68570106e-10
7.61393539e-01 -2.65775951e-10
7.62950581e-01 -2.62983883e-10
7.64507623e-01 -2.60194484e-10
7.66064665e-01 -2.57407172e-10
7.67621707e-01 -2.54622296e-10
7.69178749e-01 -2.51841132e-10
7.70735791e-01 -2.49063100e-10
7.72292833e-01 -2.46288201e-10
7.73849875e-01 -2.43517245e-10
7.75406917e-01 -2.40750349e-10
7.76963959e-01 -2.37988324e-10
7.78521001e-01 -2.35230360e-10
7.80078043e-01 -2.32477616e-10
7.81635085e-01 -2.29730091e-10
7.83192127e-01 -2.26987671e-10
7.84749169e-01 -2.24251282e-10
7.86306211e-01 -2.21520346e-10
7.87863253e-01 -2.18795557e-10
7.89420295e-01 -2.16077612e-10
7.90977337e-01 -2.13366047e-10
7.92534379e-01 -2.10661673e-10
7.94091421e-01 -2.07964260e-10
7.95648463e-01 -2.05274735e-10
7.97205505e-01 -2.02592749e-10
7.98762547e-01 -1.99918651e-10
8.00319589e-01 -1.97252905e-10
8.01876631e-01 -1.94595395e-10
8.03433673e-01 -1.91946933e-10
8.04990715e-01 -1.89307634e-10
8.06547757e-01 -1.86677500e-10
8.08104799e-01 -1.84056877e-10
8.09661841e-01 -1.81446462e-10
8.11218883e-01 -1.78845443e-10
8.12775925e-01 -1.76254863e-10
8.14332967e-01 -1.73674840e-10
8.15890009e-01 -1.71105720e-10
8.17447051e-01 -1.68547736e-10
8.19004093e-01 -1.66000656e-10
8.20561135e-01 -1.63465407e-10
8.22118177e-01 -1.60941295e-10
8.23675219e-01 -1.58429594e-10
8.25232261e-01 -1.55930189e-10
8.26789303e-01 -1.53443196e-10
8.28346346e-01 -1.50968846e-10
8.29903388e-01 -1.48507488e-10
8.31460430e-01 -1.46059354e-10
8.33017472e-01 -1.43624328e-10
8.34574514e-01 -1.41203337e-10
8.36131556e-01 -1.38796150e-10
8.37688598e-01 -1.36403579e-10
8.39245640e-01 -1.34024696e-10
8.40802682e-01 -1.31660892e-10
8.42359724e-01 -1.29311125e-10
8.43916766e-01 -1.26976784e-10
8.45473808e-01 -1.24657292e-10
8.47030850e-01 -1.22353575e-10
8.48587892e-01 -1.20065750e-10
8.50144934e-01 -1.17793353e-10
8.51701976e-01 -1.15537543e-10
8.53259018e-01 -1.13297625e-10
8.54816060e-01 -1.11074527e-10
8.56373102e-01 -1.08868944e-10
8.57930144e-01 -1.06679253e-10
8.59487186e-01 -1.04506962e-10
8.61044228e-01 -1.02352419e-10
8.62601270e-01 -1.00215159e-10
8.64158312e-01 -9.80957625e-11
8.65715354e-01 -9.59946939e-11
8.67272396e-01 -9.39113731e-11
8.68829438e-01 -9.18468438e-11
8.70386480e-01 -8.98002942e-11
8.71943522e-01 -8.77731163e-11
8.73500564e-01 -8.57647300e-11
8.75057606e-01 -8.37758313e-11
8.76614648e-01 -8.18059563e-11
8.78171690e-01 -7.98555689e-11
8.79728732e-01 -7.79251332e-11
8.81285774e-01 -7.60144170e-11
8.82842816e-01 -7.41241165e-11
8.84399858e-01 -7.22539996e-11
8.85956900e-01 -7.04046463e-11
8.87513942e-01 -6.85754767e-11
8.89070984e-01 -6.67673026e-11
8.90628026e-01 -6.49802402e-11
8.92185068e-01 -6.32142893e-11
8.93742110e-01 -6.14696821e-11
8.95299152e-01 -5.97465344e-11
8.96856194e-01 -5.80451944e-11
8.98413236e-01 -5.63655459e-11
8.99970278e-01 -5.47084010e-11
9.01527320e-01 -5.30729477e-11
9.03084362e-01 -5.14597660e-11
9.04641404e-01 -4.98693198e-11
9.06198446e-01 -4.83011453e-11
9.07755488e-01 -4.67559383e-11
9.09312530e-01 -4.52334669e-11
9.10869572e-01 -4.37343110e-11
9.12426614e-01 -4.22583547e-11
9.13983656e-01 -4.08055980e-11
9.15540698e-01 -3.93767368e-11
9.17097740e-01 -3.79709592e-11
9.18654782e-01 -3.65890771e-11
9.20211824e-01 -3.52309746e-11
9.21768866e-01 -3.38976957e-11
9.23325908e-01 -3.25877323e-11
9.24882950e-01 -3.13023604e-11
9.26439992e-01 -3.00414640e-11
9.27997034e-01 -2.88049273e-11
9.29554076e-01 -2.75928660e-11
9.31111118e-01 -2.64055123e-11
9.32668160e-01 -2.52433301e-11
9.34225202e-01 -2.41062035e-11
9.35782244e-01 -2.29939003e-11
9.37339286e-01 -2.19067688e-11
9.38896328e-01 -2.08453887e-11
9.40453370e-01 -1.98089481e-11
9.42010412e-01 -1.87980271e-11
9.43567454e-01 -1.78130896e-11
9.45124496e-01 -1.68535556e-11
9.46681538e-01 -1.59198891e-11
9.48238580e-01 -1.50116262e-11
9.49795622e-01 -1.41301587e-11
9.51352664e-01 -1.32742108e-11
9.52909706e-01 -1.24443624e-11
9.54466748e-01 -1.16406135e-11
9.56023790e-01 -1.08630801e-11
9.57580832e-01 -1.01123422e-11
9.59137874e-01 -9.38805176e-12
9.60694916e-01 -8.68986087e-12
9.62251958e-01 -8.01846547e-12
9.63809000e-01 -7.37374958e-12
9.65366042e-01 -6.75582918e-12
9.66923084e-01 -6.16458828e-12
9.68480126e-01 -5.59979488e-12
9.70037168e-01 -5.06226097e-12
9.71594210e-01 -4.55140656e-12
9.73151252e-01 -4.06769564e-12
9.74708294e-01 -3.61112821e-12
9.76265336e-01 -3.18100828e-12
9.77822378e-01 -2.77849584e-12
9.79379420e-01 -2.40312689e-12
9.80936462e-01 -2.05466943e-12
9.82493504e-01 -1.73335546e-12
9.84050546e-01 -1.43964897e-12
9.85607588e-01 -1.17285398e-12
9.87164630e-01 -9.33782471e-13
9.88721672e-01 -7.21506456e-13
9.90278714e-01 -5.36605927e-13
9.91835756e-01 -3.79544875e-13
9.93392798e-01 -2.49395318e-13
9.94949840e-01 -1.46505250e-13
9.96506882e-01 -7.15706564e-14
9.98063924e-01 -2.35475580e-14
9.99620966e-01 -2.89994556e-15
1.00117801e+00 -9.62781926e-15
1.00273505e+00 -4.41951704e-14
1.00429209e+00 -1.05906012e-13
1.00584913e+00 -1.94992340e-13
1.00740618e+00 -3.11454153e-13
1.00896322e+00 -4.55175455e-13
1.01052026e+00 -6.26620237e-13
1.01207730e+00 -8.24976513e-13
1.01363434e+00 -1.05082427e-12
1.01519139e+00 -1.30393152e-12
1.01674843e+00 -1.58441426e-12
1.01830547e+00 -1.89180849e-12
1.01986251e+00 -2.22692620e-12
1.02141955e+00 -2.58849141e-12
1.02297660e+00 -2.97778010e-12
1.02453364e+00 -3.39409628e-12
1.02609068e+00 -3.83778796e-12
1.02764772e+00 -4.30757914e-12
1.02920476e+00 -4.80555779e-12
1.03076181e+00 -5.32951995e-12
1.03231885e+00 -5.88074160e-12
1.03387589e+00 -6.45899075e-12
1.03543293e+00 -7.06357140e-12
1.03698997e+00 -7.69494755e-12
1.03854702e+00 -8.35323519e-12
1.04010406e+00 -9.03797034e-12
1.04166110e+00 -9.74950098e-12
1.04321814e+00 -1.04870151e-11
1.04477518e+00 -1.12512088e-11
1.04633223e+00 -1.20416179e-11
1.04788927e+00 -1.28584746e-11
1.04944631e+00 -1.37013148e-11
1.05100335e+00 -1.45704865e-11
1.05256039e+00 -1.54649457e-11
1.05411744e+00 -1.63862004e-11
1.05567448e+00 -1.73329746e-11
1.05723152e+00 -1.83055004e-11
1.05878856e+00 -1.93033136e-11
1.06034560e+00 -2.03273424e-11
1.06190265e+00 -2.13761947e-11
1.06345969e+00 -2.24505665e-11
1.06501673e+00 -2.35501099e-11
1.06657377e+00 -2.46750568e-11
1.06813081e+00 -2.58251752e-11
1.06968786e+00 -2.69994212e-11
1.07124490e+00 -2.81994186e-11
1.07280194e+00 -2.94236596e-11
1.07435898e+00 -3.06727242e-11
1.07591602e+00 -3.19460323e-11
1.07747307e+00 -3.32433519e-11
1.07903011e+00 -3.45653791e-11
1.08058715e+00 -3.59114179e-11
1.08214419e+00 -3.72810041e-11
1.08370123e+00 -3.86747180e-11
1.08525828e+00 -4.00922114e-11
1.08681532e+00 -4.15333683e-11
1.08837236e+00 -4.29977248e-11
1.08992940e+00 -4.44855129e-11
1.09148644e+00 -4.59963845e-11
1.09304349e+00 -4.75302237e-11
1.09460053e+00 -4.90866825e-11
1.09615757e+00 -5.06663409e-11
1.09771461e+00 -5.22680388e-11
1.09927165e+00 -5.38924723e-11
1.10082870e+00 -5.55389454e-11
1.10238574e+00 -5.72074581e-11
1.10394278e+00 -5.88980103e-11
1.10549982e+00 -6.06104862e-11
1.10705686e+00 -6.23445376e-11
1.10861391e+00 -6.40998167e-11
1.11017095e+00 -6.58764393e-11
1.11172799e+00 -6.76739416e-11
1.11328503e+00 -6.94927875e-11
1.11484207e+00 -7.13320489e-11
1.11639912e+00 -7.31918420e-11
1.11795616e+00 -7.50720507e-11
1.11951320e+00 -7.69730230e-11
1.12107024e+00 -7.88931350e-11
1.12262728e+00 -8.08340106e-11
1.12418433e+00 -8.27935618e-11
1.12574137e+00 -8.47737606e-11
1.12729841e+00 -8.67722871e-11
1.12885545e+00 -8.87899532e-11
1.13041249e+00 -9.08265270e-11
1.13196954e+00 -9.28823564e-11
1.13352658e+00 -9.49563974e-11
1.13508362e+00 -9.70489982e-11
1.13664066e+00 -9.91594625e-11
1.13819770e+00 -1.01287907e-10
1.13975475e+00 -1.03434098e-10
1.14131179e+00 -1.05597574e-10
1.14286883e+00 -1.07778333e-10
1.14442587e+00 -1.09976375e-10
1.14598291e+00 -1.12191238e-10
1.14753996e+00 -1.14422456e-10
1.14909700e+00 -1.16670146e-10
1.15065404e+00 -1.18934307e-10
1.15221108e+00 -1.21214361e-10
1.15376812e+00 -1.23510189e-10
1.15532517e+00 -1.25821562e-10
1.15688221e+00 -1.28148130e-10
1.15843925e+00 -1.30489778e-10
1.15999629e+00 -1.32846854e-10
1.16155333e+00 -1.35218082e-10
1.16311038e+00 -1.37604157e-10
1.16466742e+00 -1.40004268e-10
1.16622446e+00 -1.42418530e-10
1.16778150e+00 -1.44846713e-10
1.16933854e+00 -1.47288119e-10
1.17089559e+00 -1.49742865e-10
1.17245263e+00 -1.52210951e-10
1.17400967e+00 -1.54691796e-10
1.17556671e+00 -1.57184937e-10
1.17712375e+00 -1.59690374e-10
1.17868080e+00 -1.62208107e-10
1.18023784e+00 -1.64737787e-10
1.18179488e+00 -1.67278720e-10
1.18335192e+00 -1.69831484e-10
1.18490896e+00 -1.72395384e-10
1.18646601e+00 -1.74970071e-10
1.18802305e+00 -1.77555431e-10
1.18958009e+00 -1.80151230e-10
1.19113713e+00 -1.82756773e-10
1.19269417e+00 -1.85372292e-10
1.19425122e+00 -1.87997903e-10
1.19580826e+00 -1.90632561e-10
1.19736530e+00 -1.93276848e-10
1.19892234e+00 -1.95929370e-10
1.20047938e+00 -1.98590940e-10
1.20203643e+00 -2.01260978e-10
1.20359347e+00 -2.03939136e-10
1.20515051e+00 -2.06625065e-10
1.20670755e+00 -2.09318419e-10
1.20826459e+00 -2.12019544e-10
1.20982164e+00 -2.14727049e-10
1.21137868e+00 -2.17442094e-10
1.21293572e+00 -2.20163519e-10
1.21449276e+00 -2.22891324e-10
1.21604980e+00 -2.25625160e-10
1.21760685e+00 -2.28364449e-10
1.21916389e+00 -2.31110002e-10
1.22072093e+00 -2.33860078e-10
1.22227797e+00 -2.36615490e-10
1.22383501e+00 -2.39375658e-10
1.22539206e+00 -2.42140118e-10
1.22694910e+00 -2.44909102e-10
1.22850614e+00 -2.47681798e-10
1.23006318e+00 -2.50458438e-10
1.23162022e+00 -2.53238094e-10
1.23317727e+00 -2.56021346e-10
1.23473431e+00 -2.58807034e-10
1.23629135e+00 -2.61596201e-10
1.23784839e+00 -2.64386993e-10
1.23940543e+00 -2.67180220e-10
1.24096248e+00 -2.69974840e-10
1.24251952e+00 -2.72771431e-10
1.24407656e+00 -2.75569415e-10
1.24563360e+00 -2.78368210e-10
1.24719064e+00 -2.81167702e-10
1.24874769e+00 -2.83967657e-10
1.25030473e+00 -2.86767497e-10
1.25186177e+00 -2.89567800e-10
1.25341881e+00 -2.92367524e-10
1.25497585e+00 -2.95166783e-10
1.25653290e+00 -2.97964998e-10
1.25808994e+00 -3.00762402e-10
1.25964698e+00 -3.03558065e-10
1.26120402e+00 -3.06352453e-10
1.26276106e+00 -3.09144289e-10
1.26431811e+00 -3.11934732e-10
1.26587515e+00 -3.14721928e-10
1.26743219e+00 -3.17507036e-10
1.26898923e+00 -3.20288895e-10
1.27054627e+00 -3.23067391e-10
1.27210332e+00 -3.25842407e-10
1.27366036e+00 -3.28613943e-10
1.27521740e+00 -3.31381303e-10
1.27677444e+00 -3.34144139e-10
1.27833148e+00 -3.36902336e-10
1.27988853e+00 -3.39656008e-10
1.28144557e+00 -3.42404228e-10
1.28300261e+00 -3.45147229e-10
1.28455965e+00 -3.47884545e-10
1.28611669e+00 -3.50616062e-10
1.28767374e+00 -3.53341431e-10
1.28923078e+00 -3.56060188e-10
1.29078782e+00 -3.58772333e-10
1.29234486e+00 -3.61477634e-10
1.29390190e+00 -3.64175512e-10
1.29545895e+00 -3.66866197e-10
1.29701599e+00 -3.69549343e-10
1.29857303e+00 -3.72224020e-10
1.30013007e+00 -3.74890694e-10
1.30168711e+00 -3.77548901e-10
1.30324416e+00 -3.80198291e-10
1.30480120e+00 -3.82838633e-10
1.30635824e+00 -3.85470160e-10
1.30791528e+00 -3.88091711e-10
1.30947232e+00 -3.90703634e-10
1.31102937e+00 -3.93305581e-10
1.31258641e+00 -3.95897204e-10
1.31414345e+00 -3.98478272e-10
1.31570049e+00 -4.01048551e-10
1.31725753e+00 -4.03608507e-10
1.31881458e+00 -4.06156631e-10
1.32037162e+00 -4.08693156e-10
1.32192866e+00 -4.11218312e-10
1.32348570e+00 -4.13731405e-10
1.32504274e+00 -4.16232434e-10
1.32659979e+00 -4.18720704e-10
1.32815683e+00 -4.21196561e-10
1.32971387e+00 -4.23659427e-10
1.33127091e+00 -4.26109069e-10
1.33282795e+00 -4.28545255e-10
1.33438500e+00 -4.30967638e-10
1.33594204e+00 -4.33376564e-10
1.33749908e+00 -4.35771224e-10
1.33905612e+00 -4.38151731e-10
1.34061316e+00 -4.40517622e-10
1.34217021e+00 -4.42868666e-10
1.34372725e+00 -4.45204862e-10
1.34528429e+00 -4.47525747e-10
1.34684133e+00 -4.49831088e-10
1.34839837e+00 -4.52121117e-10
1.34995542e+00 -4.54395138e-10
1.35151246e+00 -4.56653036e-10
1.35306950e+00 -4.58894461e-10
1.35462654e+00 -4.61119300e-10
1.35618358e+00 -4.63327898e-10
1.35774063e+00 -4.65519097e-10
1.35929767e+00 -4.67693128e-10
1.36085471e+00 -4.69849760e-10
1.36241175e+00 -4.71989224e-10
1.36396879e+00 -4.74110708e-10
1.36552584e+00 -4.76213864e-10
1.36708288e+00 -4.78299273e-10
1.36863992e+00 -4.80366122e-10
1.37019696e+00 -4.82414528e-10
1.37175400e+00 -4.84443910e-10
1.37331105e+00 -4.86454384e-10
1.37486809e+00 -4.88446067e-10
1.37642513e+00 -4.90417682e-10
1.37798217e+00 -4.92371085e-10
1.37953921e+00 -4.94303725e-10
1.38109626e+00 -4.96216761e-10
1.38265330e+00 -4.98109149e-10
1.38421034e+00 -4.99981934e-10
1.38576738e+00 -5.01833375e-10
1.38732442e+00 -5.03664865e-10
1.38888147e+00 -5.05475243e-10
1.39043851e+00 -5.07265437e-10
1.39199555e+00 -5.09033824e-10
1.39355259e+00 -5.10780983e-10
1.39510963e+00 -5.12506335e-10
1.39666668e+00 -5.14210343e-10
1.39822372e+00 -5.15892543e-10
1.39978076e+00 -5.17552936e-10
1.40133780e+00 -5.19190826e-10
1.40289484e+00 -5.20806675e-10
1.40445189e+00 -5.22399905e-10
1.40600893e+00 -5.23970516e-10
1.40756597e+00 -5.25518623e-10
1.40912301e+00 -5.27043530e-10
1.41068005e+00 -5.28545470e-10
1.41223710e+00 -5.30024558e-10
1.41379414e+00 -5.31479983e-10
1.41535118e+00 -5.32912208e-10
1.41690822e+00 -5.34320654e-10
1.41846526e+00 -5.35705088e-10
1.42002231e+00 -5.37066206e-10
1.42157935e+00 -5.38403081e-10
1.42313639e+00 -5.39715480e-10
1.42469343e+00 -5.41003752e-10
1.42625047e+00 -5.42267780e-10
1.42780752e+00 -5.43507449e-10
1.42936456e+00 -5.44721946e-10
1.43092160e+00 -5.45912432e-10
1.43247864e+00 -5.47077398e-10
1.43403568e+00 -5.48217657e-10
1.43559273e+00 -5.49332860e-10
1.43714977e+00 -5.50423007e-10
1.43870681e+00 -5.51487983e-10
1.44026385e+00 -5.52527556e-10
1.44182089e+00 -5.53541377e-10
1.44337794e+00 -5.54529562e-10
1.44493498e+00 -5.55492344e-10
1.44649202e+00 -5.56429258e-10
1.44804906e+00 -5.57340421e-10
1.44960610e+00 -5.58225137e-10
1.45116315e+00 -5.59084333e-10
1.45272019e+00 -5.59917429e-10
1.45427723e+00 -5.60724310e-10
1.45583427e+00 -5.61504627e-10
1.45739131e+00 -5.62258729e-10
1.45894836e+00 -5.62986499e-10
1.46050540e+00 -5.63687590e-10
1.46206244e+00 -5.64362234e-10
1.46361948e+00 -5.65009733e-10
1.46517652e+00 -5.65631366e-10
1.46673357e+00 -5.66226087e-10
1.46829061e+00 -5.66793780e-10
1.46984765e+00 -5.67334794e-10
1.47140469e+00 -5.67848664e-10
1.47296173e+00 -5.68336087e-10
1.47451878e+00 -5.68795786e-10
1.47607582e+00 -5.69228806e-10
1.47763286e+00 -5.69635263e-10
1.47918990e+00 -5.70013879e-10
1.48074694e+00 -5.70365701e-10
1.48230399e+00 -5.70690147e-10
1.48386103e+00 -5.70987449e-10
1.48541807e+00 -5.71257492e-10
1.48697511e+00 -5.71500276e-10
1.48853215e+00 -5.71715916e-10
1.49008920e+00 -5.71903948e-10
1.49164624e+00 -5.72064721e-10
1.49320328e+00 -5.72198118e-10
1.49476032e+00 -5.72304372e-10
1.49631736e+00 -5.72382903e-10
1.49787441e+00 -5.72434522e-10
1.49943145e+00 -5.72458186e-10
1.50098849e+00 -5.72454706e-10
1.50254553e+00 -5.72423502e-10
1.50410257e+00 -5.72365619e-10
1.50565962e+00 -5.72280129e-10
1.50721666e+00 -5.72166799e-10
1.50877370e+00 -5.72026674e-10
1.51033074e+00 -5.71858593e-10
1.51188778e+00 -5.71663485e-10
1.51344483e+00 -5.71441233e-10
1.51500187e+00 -5.71191489e-10
1.51655891e+00 -5.70914603e-10
1.51811595e+00 -5.70610572e-10
1.51967299e+00 -5.70278818e-10
1.52123004e+00 -5.69920153e-10
1.52278708e+00 -5.69534576e-10
1.52434412e+00 -5.69121624e-10
1.52590116e+00 -5.68681876e-10
1.52745820e+00 -5.68214985e-10
1.52901525e+00 -5.67721067e-10
1.53057229e+00 -5.67199656e-10
1.53212933e+00 -5.66652263e-10
1.53368637e+00 -5.66077377e-10
1.53524341e+00 -5.65475813e-10
1.53680046e+00 -5.64847800e-10
1.53835750e+00 -5.64192993e-10
1.53991454e+00 -5.63511854e-10
1.54147158e+00 -5.62803687e-10
1.54302862e+00 -5.62069537e-10
1.54458567e+00 -5.61308707e-10
1.54614271e+00 -5.60521778e-10
1.54769975e+00 -5.59708169e-10
1.54925679e+00 -5.58868577e-10
1.55081383e+00 -5.58003001e-10
1.55237088e+00 -5.57111326e-10
1.55392792e+00 -5.56193435e-10
1.55548496e+00 -5.55250141e-10
1.55704200e+00 -5.54281095e-10
1.55859904e+00 -5.53286181e-10
1.56015609e+00 -5.52265517e-10
1.56171313e+00 -5.51219680e-10
1.56327017e+00 -5.50148788e-10
1.56482721e+00 -5.49052493e-10
1.56638425e+00 -5.47930678e-10
1.56794130e+00 -5.46783808e-10
1.56949834e+00 -5.45612114e-10
1.57105538e+00 -5.44415712e-10
1.57261242e+00 -5.43194371e-10
1.57416946e+00 -5.41948902e-10
1.57572651e+00 -5.40678842e-10
1.57728355e+00 -5.39384422e-10
1.57884059e+00 -5.38065411e-10
1.58039763e+00 -5.36722272e-10
1.58195467e+00 -5.35355586e-10
1.58351172e+00 -5.33965004e-10
1.58506876e+00 -5.32550295e-10
1.58662580e+00 -5.31112502e-10
1.58818284e+00 -5.29651277e-10
1.58973988e+00 -5.28166041e-10
1.59129693e+00 -5.26658533e-10
1.59285397e+00 -5.25127594e-10
1.59441101e+00 -5.23574151e-10
1.59596805e+00 -5.21997277e-10
1.59752509e+00 -5.20398479e-10
1.59908214e+00 -5.18777177e-10
1.60063918e+00 -5.17133256e-10
1.60219622e+00 -5.15467295e-10
1.60375326e+00 -5.13779527e-10
1.60531030e+00 -5.12070183e-10
1.60686735e+00 -5.10339264e-10
1.60842439e+00 -5.08586653e-10
1.60998143e+00 -5.06812118e-10
1.61153847e+00 -5.05017284e-10
1.61309551e+00 -5.03201570e-10
1.61465256e+00 -5.01364744e-10
1.61620960e+00 -4.99507619e-10
1.61776664e+00 -4.97629846e-10
1.61932368e+00 -4.95731890e-10
1.62088072e+00 -4.93813750e-10
1.62243777e+00 -4.91876354e-10
1.62399481e+00 -4.89918775e-10
1.62555185e+00 -4.87941708e-10
1.62710889e+00 -4.85945386e-10
1.62866593e+00 -4.83929807e-10
1.63022298e+00 -4.81895554e-10
1.63178002e+00 -4.79842624e-10
1.63333706e+00 -4.77770903e-10
1.63489410e+00 -4.75681086e-10
1.63645114e+00 -4.73572826e-10
1.63800819e+00 -4.71447050e-10
1.63956523e+00 -4.69303642e-10
1.64112227e+00 -4.67142139e-10
1.64267931e+00 -4.64963700e-10
1.64423635e+00 -4.62768209e-10
1.64579340e+00 -4.60555550e-10
1.64735044e+00 -4.58325956e-10
1.64890748e+00 -4.56080470e-10
1.65046452e+00 -4.53818513e-10
1.65202156e+00 -4.51540432e-10
1.65357861e+00 -4.49246459e-10
1.65513565e+00 -4.46937174e-10
1.65669269e+00 -4.44612114e-10
1.65824973e+00 -4.42272553e-10
1.65980678e+00 -4.39917450e-10
1.66136382e+00 -4.37547614e-10
1.66292086e+00 -4.35163859e-10
1.66447790e+00 -4.32765256e-10
1.66603494e+00 -4.30353197e-10
1.66759199e+00 -4.27926755e-10
1.66914903e+00 -4.25487321e-10
1.67070607e+00 -4.23033967e-10
1.67226311e+00 -4.20568317e-10
1.67382015e+00 -4.18088979e-10
1.67537720e+00 -4.15597114e-10
1.67693424e+00 -4.13093185e-10
1.67849128e+00 -4.10577192e-10
1.68004832e+00 -4.08049136e-10
1.68160536e+00 -4.05509480e-10
1.68316241e+00 -4.02958224e-10
1.68471945e+00 -4.00395948e-10
1.68627649e+00 -3.97822768e-10
1.68783353e+00 -3.95238800e-10
1.68939057e+00 -3.92644625e-10
1.69094762e+00 -3.90039894e-10
1.69250466e+00 -3.87425535e-10
1.69406170e+00 -3.84801548e-10
1.69561874e+00 -3.82167818e-10
1.69717578e+00 -3.79525155e-10
1.69873283e+00 -3.76873445e-10
1.70028987e+00 -3.74212919e-10
1.70184691e+00 -3.71544041e-10
1.70340395e+00 -3.68867391e-10
1.70496099e+00 -3.66182390e-10
1.70651804e+00 -3.63489732e-10
1.70807508e+00 -3.60789883e-10
1.70963212e+00 -3.58083306e-10
1.71118916e+00 -3.55368725e-10
1.71274620e+00 -3.52648344e-10
1.71430325e+00 -3.49921699e-10
1.71586029e+00 -3.47188558e-10
1.71741733e+00 -3.44449618e-10
1.71897437e+00 -3.41704993e-10
1.72053141e+00 -3.38955613e-10
1.72208846e+00 -3.36200433e-10
1.72364550e+00 -3.33441077e-10
1.72520254e+00 -3.30676964e-10
1.72675958e+00 -3.27908444e-10
1.72831662e+00 -3.25136328e-10
1.72987367e+00 -3.22360385e-10
1.73143071e+00 -3.19580613e-10
1.73298775e+00 -3.16798057e-10
1.73454479e+00 -3.14012253e-10
1.73610183e+00 -3.11224014e-10
1.73765888e+00 -3.08433686e-10
1.73921592e+00 -3.05640574e-10
1.74077296e+00 -3.02846187e-10
1.74233000e+00 -3.00049827e-10
1.74388704e+00 -2.97252308e-10
1.74544409e+00 -2.94453860e-10
1.74700113e+00 -2.91654137e-10
1.74855817e+00 -2.88854298e-10
1.75011521e+00 -2.86054458e-10
1.75167225e+00 -2.83254039e-10
1.75322930e+00 -2.80454431e-10
1.75478634e+00 -2.77655288e-10
1.75634338e+00 -2.74856608e-10
1.75790042e+00 -2.72059205e-10
1.75945746e+00 -2.69262961e-10
1.76101451e+00 -2.66468574e-10
1.76257155e+00 -2.63676274e-10
1.76412859e+00 -2.60885483e-10
1.76568563e+00 -2.58098055e-10
1.76724267e+00 -2.55312483e-10
1.76879972e+00 -2.52530159e-10
1.77035676e+00 -2.49750852e-10
1.77191380e+00 -2.46975140e-10
1.77347084e+00 -2.44203372e-10
1.77502788e+00 -2.41435664e-10
1.77658493e+00 -2.38672364e-10
1.77814197e+00 -2.35913239e-10
1.77969901e+00 -2.33158639e-10
1.78125605e+00 -2.30409607e-10
1.78281309e+00 -2.27665910e-10
1.78437014e+00 -2.24927666e-10
1.78592718e+00 -2.22195337e-10
1.78748422e+00 -2.19469388e-10
1.78904126e+00 -2.16749819e-10
1.79059830e+00 -2.14036398e-10
1.79215535e+00 -2.11330517e-10
1.79371239e+00 -2.08631247e-10
1.79526943e+00 -2.05939866e-10
1.79682647e+00 -2.03256024e-10
1.79838351e+00 -2.00580071e-10
1.79994056e+00 -1.97912237e-10
1.80149760e+00 -1.95252987e-10
1.80305464e+00 -1.92602088e-10
1.80461168e+00 -1.89960354e-10
1.80616872e+00 -1.87328363e-10
1.80772577e+00 -1.84705073e-10
1.80928281e+00 -1.82091874e-10
1.81083985e+00 -1.79488651e-10
1.81239689e+00 -1.76895635e-10
1.81395393e+00 -1.74313060e-10
1.81551098e+00 -1.71741040e-10
1.81706802e+00 -1.69180156e-10
1.81862506e+00 -1.66630060e-10
1.82018210e+00 -1.64092028e-10
1.82173914e+00 -1.61565363e-10
1.82329619e+00 -1.59050530e-10
1.82485323e+00 -1.56548109e-10
1.82641027e+00 -1.54058332e-10
1.82796731e+00 -1.51580734e-10
1.82952435e+00 -1.49115781e-10
1.83108140e+00 -1.46664515e-10
1.83263844e+00 -1.44226473e-10
1.83419548e+00 -1.41801886e-10
1.83575252e+00 -1.39391219e-10
1.83730956e+00 -1.36994588e-10
1.83886661e+00 -1.34612225e-10
1.84042365e+00 -1.32244013e-10
1.84198069e+00 -1.29891114e-10
1.84353773e+00 -1.27552830e-10
1.84509477e+00 -1.25229973e-10
1.84665182e+00 -1.22922312e-10
1.84820886e+00 -1.20630543e-10
1.84976590e+00 -1.18354666e-10
1.85132294e+00 -1.16094681e-10
1.85287998e+00 -1.13851051e-10
1.85443703e+00 -1.11623661e-10
1.85599407e+00 -1.09413554e-10
1.85755111e+00 -1.07219803e-10
1.85910815e+00 -1.05043336e-10
1.86066519e+00 -1.02884617e-10
1.86222224e+00 -1.00742833e-10
1.86377928e+00 -9.86191447e-11
1.86533632e+00 -9.65130882e-11
1.86689336e+00 -9.44253594e-11
1.86845040e+00 -9.23561903e-11
1.87000745e+00 -9.03055807e-11
1.87156449e+00 -8.82732989e-11
1.87312153e+00 -8.62605047e-11
1.87467857e+00 -8.42662701e-11
1.87623561e+00 -8.22918712e-11
1.87779266e+00 -8.03369599e-11
1.87934970e+00 -7.84014202e-11
1.88090674e+00 -7.64860642e-11
1.88246378e+00 -7.45906598e-11
1.88402082e+00 -7.27156710e-11
1.88557787e+00 -7.08608658e-11
1.88713491e+00 -6.90265922e-11
1.88869195e+00 -6.72131982e-11
1.89024899e+00 -6.54210319e-11
1.89180603e+00 -6.36497451e-11
1.89336308e+00 -6.18999180e-11
1.89492012e+00 -6.01715504e-11
1.89647716e+00 -5.84646425e-11
1.89803420e+00 -5.67796581e-11
1.89959124e+00 -5.51165973e-11
1.90114829e+00 -5.34755761e-11
1.90270533e+00 -5.18569425e-11
1.90426237e+00 -5.02605805e-11
1.90581941e+00 -4.86869540e-11
1.90737645e+00 -4.71359471e-11
1.90893350e+00 -4.56081398e-11
1.91049054e+00 -4.41035321e-11
1.91204758e+00 -4.26211959e-11
1.91360462e+00 -4.11625233e-11
1.91516166e+00 -3.97278622e-11
1.91671871e+00 -3.83162847e-11
1.91827575e+00 -3.69284868e-11
1.91983279e+00 -3.55645844e-11
1.92138983e+00 -3.42245775e-11
1.92294687e+00 -3.29086982e-11
1.92450392e+00 -3.16175265e-11
1.92606096e+00 -3.03502503e-11
1.92761800e+00 -2.91074496e-11
1.92917504e+00 -2.78894724e-11
1.93073208e+00 -2.66960869e-11
1.93228913e+00 -2.55277568e-11
1.93384617e+00 -2.43843662e-11
1.93540321e+00 -2.32660312e-11
1.93696025e+00 -2.21724038e-11
1.93851729e+00 -2.11044118e-11
1.94007434e+00 -2.00619394e-11
1.94163138e+00 -1.90446385e-11
1.94318842e+00 -1.80529731e-11
1.94474546e+00 -1.70871752e-11
1.94630250e+00 -1.61471289e-11
1.94785955e+00 -1.52327180e-11
1.94941659e+00 -1.43446387e-11
1.95097363e+00 -1.34820789e-11
1.95253067e+00 -1.26460826e-11
1.95408771e+00 -1.18357218e-11
1.95564476e+00 -1.10525045e-11
1.95720180e+00 -1.02948067e-11
1.95875884e+00 -9.56378846e-12
1.96031588e+00 -8.85944969e-12
1.96187292e+00 -8.18097842e-12
1.96342997e+00 -7.52988265e-12
1.96498701e+00 -6.90488638e-12
1.96654405e+00 -6.30691760e-12
1.96810109e+00 -5.73562833e-12
1.96965813e+00 -5.19125055e-12
1.97121518e+00 -4.67366826e-12
1.97277222e+00 -4.18346147e-12
1.97432926e+00 -3.71981817e-12
1.97588630e+00 -3.28378236e-12
1.97744334e+00 -2.87442604e-12
1.97900039e+00 -2.49198122e-12
1.98055743e+00 -2.13679589e-12
1.98211447e+00 -1.80898604e-12
1.98367151e+00 -1.50820369e-12
1.98522855e+00 -1.23514481e-12
1.98678560e+00 -9.88881436e-13
1.98834264e+00 -7.69645552e-13
1.98989968e+00 -5.78481141e-13
1.99145672e+00 -4.14112226e-13
1.99301376e+00 -2.77234796e-13
1.99457081e+00 -1.67732851e-13
1.99612785e+00 -8.54903951e-14
1.99768489e+00 -3.09714186e-14
1.99924193e+00 -3.59593250e-15
2.00079897e+00 -3.59593250e-15
2.00235602e+00 -3.09714186e-14
2.00391306e+00 -8.59543864e-14
2.00547010e+00 -1.68080845e-13
2.00702714e+00 -2.77814785e-13
2.00858418e+00 -4.15040209e-13
2.01014123e+00 -5.79177127e-13
2.01169827e+00 -7.70573534e-13
2.01325531e+00 -9.89577423e-13
2.01481235e+00 -1.23572480e-12
2.01636939e+00 -1.50947966e-12
2.01792644e+00 -1.81061001e-12
2.01948348e+00 -2.13841986e-12
2.02104052e+00 -2.49383718e-12
2.02259756e+00 -2.87593401e-12
2.02415460e+00 -3.28563832e-12
2.02571165e+00 -3.72225412e-12
2.02726869e+00 -4.18624541e-12
2.02882573e+00 -4.67668421e-12
2.03038277e+00 -5.19403450e-12
2.03193981e+00 -5.73852827e-12
2.03349686e+00 -6.30993355e-12
2.03505390e+00 -6.90825032e-12
2.03661094e+00 -7.53301459e-12
2.03816798e+00 -8.18469035e-12
2.03972502e+00 -8.86292962e-12
2.04128207e+00 -9.56750040e-12
2.04283911e+00 -1.02987507e-11
2.04439615e+00 -1.10563324e-11
2.04595319e+00 -1.18402457e-11
2.04751023e+00 -1.26506065e-11
2.04906728e+00 -1.34871828e-11
2.05062432e+00 -1.43491626e-11
2.05218136e+00 -1.52380539e-11
2.05373840e+00 -1.61523488e-11
2.05529544e+00 -1.70926271e-11
2.05685249e+00 -1.80592370e-11
2.05840953e+00 -1.90507864e-11
2.05996657e+00 -2.00679713e-11
2.06152361e+00 -2.11107917e-11
2.06308065e+00 -2.21790156e-11
2.06463770e+00 -2.32725271e-11
2.06619474e+00 -2.43910941e-11
2.06775178e+00 -2.55349486e-11
2.06930882e+00 -2.67035107e-11
2.07086586e+00 -2.78968963e-11
2.07242291e+00 -2.91153374e-11
2.07397995e+00 -3.03580221e-11
2.07553699e+00 -3.16251823e-11
2.07709403e+00 -3.29169341e-11
2.07865107e+00 -3.42330454e-11
2.08020812e+00 -3.55724722e-11
2.08176516e+00 -3.69366066e-11
2.08332220e+00 -3.83244046e-11
2.08487924e+00 -3.97362141e-11
2.08643628e+00 -4.11713391e-11
2.08799333e+00 -4.26300117e-11
2.08955037e+00 -4.41119999e-11
2.09110741e+00 -4.56171877e-11
2.09266445e+00 -4.71452270e-11
2.09422149e+00 -4.86963499e-11
2.09577854e+00 -5.02700923e-11
2.09733558e+00 -5.18662223e-11
2.09889262e+00 -5.34852040e-11
2.10044966e+00 -5.51259932e-11
2.10200670e+00 -5.67894019e-11
2.10356375e+00 -5.84747343e-11
2.10512079e+00 -6.01811783e-11
2.10667783e+00 -6.19100098e-11
2.10823487e+00 -6.36604169e-11
2.10979191e+00 -6.54317037e-11
2.11134896e+00 -6.72239860e-11
2.11290600e+00 -6.90373800e-11
2.11446304e+00 -7.08717696e-11
2.11602008e+00 -7.27265747e-11
2.11757712e+00 -7.46017955e-11
2.11913417e+00 -7.64974320e-11
2.12069121e+00 -7.84129040e-11
2.12224825e+00 -8.03486757e-11
2.12380529e+00 -8.23035870e-11
2.12536233e+00 -8.42783339e-11
2.12691938e+00 -8.62725685e-11
2.12847642e+00 -8.82858267e-11
2.13003346e+00 -9.03177605e-11
2.13159050e+00 -9.23684860e-11
2.13314754e+00 -9.44381192e-11
2.13470459e+00 -9.65258480e-11
2.13626163e+00 -9.86320204e-11
2.13781867e+00 -1.00755361e-10
2.13937571e+00 -1.02897260e-10
2.14093275e+00 -1.05056444e-10
2.14248980e+00 -1.07232911e-10
2.14404684e+00 -1.09426778e-10
2.14560388e+00 -1.11637232e-10
2.14716092e+00 -1.13864738e-10
2.14871796e+00 -1.16108368e-10
2.15027501e+00 -1.18368702e-10
2.15183205e+00 -1.20644579e-10
2.15338909e+00 -1.22936696e-10
2.15494613e+00 -1.25243893e-10
2.15650317e+00 -1.27567097e-10
2.15806022e+00 -1.29905381e-10
2.15961726e+00 -1.32258281e-10
2.16117430e+00 -1.34626261e-10
2.16273134e+00 -1.37009088e-10
2.16428838e+00 -1.39405371e-10
2.16584543e+00 -1.41816038e-10
2.16740247e+00 -1.44240856e-10
2.16895951e+00 -1.46678782e-10
2.17051655e+00 -1.49130164e-10
2.17207359e+00 -1.51594886e-10
2.17363064e+00 -1.54072832e-10
2.17518768e+00 -1.56562609e-10
2.17674472e+00 -1.59065378e-10
2.17830176e+00 -1.61579979e-10
2.17985880e+00 -1.64106643e-10
2.18141585e+00 -1.66644908e-10
2.18297289e+00 -1.69194656e-10
2.18452993e+00 -1.71755888e-10
2.18608697e+00 -1.74327559e-10
2.18764401e+00 -1.76910715e-10
2.18920106e+00 -1.79503266e-10
2.19075810e+00 -1.82106953e-10
2.19231514e+00 -1.84720152e-10
2.19387218e+00 -1.87343327e-10
2.19542922e+00 -1.89975550e-10
2.19698627e+00 -1.92617400e-10
2.19854331e+00 -1.95268182e-10
2.20010035e+00 -1.97927316e-10
2.20165739e+00 -2.00595614e-10
2.20321443e+00 -2.03271568e-10
2.20477148e+00 -2.05955294e-10
2.20632852e+00 -2.08647139e-10
2.20788556e+00 -2.11346061e-10
2.20944260e+00 -2.14052290e-10
2.21099964e+00 -2.16765479e-10
2.21255669e+00 -2.19485396e-10
2.21411373e+00 -2.22211577e-10
2.21567077e+00 -2.24943789e-10
2.21722781e+00 -2.27681802e-10
2.21878485e+00 -2.30425846e-10
2.22034190e+00 -2.33174531e-10
2.22189894e+00 -2.35928783e-10
2.22345598e+00 -2.38687791e-10
2.22501302e+00 -2.41451671e-10
2.22657006e+00 -2.44219611e-10
2.22812711e+00 -2.46991263e-10
2.22968415e+00 -2.49766395e-10
2.23124119e+00 -2.52545935e-10
2.23279823e+00 -2.55328027e-10
2.23435527e+00 -2.58113483e-10
2.23591232e+00 -2.60901490e-10
2.23746936e+00 -2.63691818e-10
2.23902640e+00 -2.66484233e-10
2.24058344e+00 -2.69278737e-10
2.24214048e+00 -2.72074749e-10
2.24369753e+00 -2.74871920e-10
2.24525457e+00 -2.77670599e-10
2.24681161e+00 -2.80469627e-10
2.24836865e+00 -2.83269698e-10
2.24992569e+00 -2.86070002e-10
2.25148274e+00 -2.88870305e-10
2.25303978e+00 -2.91669913e-10
2.25459682e+00 -2.94469520e-10
2.25615386e+00 -2.97268084e-10
2.25771090e+00 -3.00065487e-10
2.25926795e+00 -3.02861963e-10
2.26082499e+00 -3.05656466e-10
2.26238203e+00 -3.08449346e-10
2.26393907e+00 -3.11240021e-10
2.26549611e+00 -3.14028145e-10
2.26705316e+00 -3.16813717e-10
2.26861020e+00 -3.19596504e-10
2.27016724e+00 -3.22375812e-10
2.27172428e+00 -3.25151756e-10
2.27328132e+00 -3.27923988e-10
2.27483837e+00 -3.30692392e-10
2.27639541e+00 -3.33456272e-10
2.27795245e+00 -3.36215396e-10
2.27950949e+00 -3.38970693e-10
2.28106653e+00 -3.41720073e-10
2.28262358e+00 -3.44464466e-10
2.28418062e+00 -3.47203174e-10
2.28573766e+00 -3.49936083e-10
2.28729470e+00 -3.52662960e-10
2.28885174e+00 -3.55383573e-10
2.29040879e+00 -3.58097458e-10
2.29196583e+00 -3.60804267e-10
2.29352287e+00 -3.63504116e-10
2.29507991e+00 -3.66196426e-10
2.29663695e+00 -3.68881543e-10
2.29819400e+00 -3.71558425e-10
2.29975104e+00 -3.74227419e-10
2.30130808e+00 -3.76887481e-10
2.30286512e+00 -3.79538959e-10
2.30442216e+00 -3.82181738e-10
2.30597921e+00 -3.84814888e-10
2.30753625e+00 -3.87439107e-10
2.30909329e+00 -3.90053930e-10
2.31065033e+00 -3.92658429e-10
2.31220737e+00 -3.95252720e-10
2.31376442e+00 -3.97836456e-10
2.31532146e+00 -4.00409287e-10
2.31687850e+00 -4.02971447e-10
2.31843554e+00 -4.05522471e-10
2.31999258e+00 -4.08062244e-10
2.32154963e+00 -4.10590184e-10
2.32310667e+00 -4.13106409e-10
2.32466371e+00 -4.15610106e-10
2.32622075e+00 -4.18101855e-10
2.32777779e+00 -4.20580729e-10
2.32933484e+00 -4.23046842e-10
2.33089188e+00 -4.25499848e-10
2.33244892e+00 -4.27939631e-10
2.33400596e+00 -4.30365725e-10
2.33556300e+00 -4.32777900e-10
2.33712005e+00 -4.35176387e-10
2.33867709e+00 -4.37560142e-10
2.34023413e+00 -4.39929513e-10
2.34179117e+00 -4.42284501e-10
2.34334821e+00 -4.44624409e-10
2.34490526e+00 -4.46949122e-10
2.34646230e+00 -4.49258290e-10
2.34801934e+00 -4.51552031e-10
2.34957638e+00 -4.53829997e-10
2.35113342e+00 -4.56091490e-10
2.35269047e+00 -4.58337208e-10
2.35424751e+00 -4.60566222e-10
2.35580455e+00 -4.62778881e-10
2.35736159e+00 -4.64974139e-10
2.35891863e+00 -4.67152578e-10
2.36047568e+00 -4.69313618e-10
2.36203272e+00 -4.71457258e-10
2.36358976e+00 -4.73583034e-10
2.36514680e+00 -4.75690946e-10
2.36670384e+00 -4.77780995e-10
2.36826089e+00 -4.79852716e-10
2.36981793e+00 -4.81905413e-10
2.37137497e+00 -4.83939783e-10
2.37293201e+00 -4.85954897e-10
2.37448905e+00 -4.87951220e-10
2.37604610e+00 -4.89928171e-10
2.37760314e+00 -4.91885286e-10
2.37916018e+00 -4.93822798e-10
2.38071722e+00 -4.95741170e-10
2.38227426e+00 -4.97638894e-10
2.38383131e+00 -4.99516435e-10
2.38538835e+00 -5.01373328e-10
2.38694539e+00 -5.03210270e-10
2.38850243e+00 -5.05026099e-10
2.39005947e+00 -5.06820818e-10
2.39161652e+00 -5.08594424e-10
2.39317356e+00 -5.10347152e-10
2.39473060e+00 -5.12077839e-10
2.39628764e+00 -5.13787299e-10
2.39784468e+00 -5.15474835e-10
2.39940173e+00 -5.17140564e-10
2.40095877e+00 -5.18784021e-10
2.40251581e+00 -5.20405323e-10
2.40407285e+00 -5.22004353e-10
2.40562989e+00 -5.23580879e-10
2.40718694e+00 -5.25134322e-10
2.40874398e+00 -5.26665261e-10
2.41030102e+00 -5.28173001e-10
2.41185806e+00 -5.29657657e-10
2.41341510e+00 -5.31118882e-10
2.41497215e+00 -5.32557023e-10
2.41652919e+00 -5.33971036e-10
2.41808623e+00 -5.35361618e-10
2.41964327e+00 -5.36728304e-10
2.42120031e+00 -5.38071095e-10
2.42275736e+00 -5.39389874e-10
2.42431440e+00 -5.40684294e-10
2.42587144e+00 -5.41954238e-10
2.42742848e+00 -5.43199823e-10
2.42898552e+00 -5.44421048e-10
2.43054257e+00 -5.45617217e-10
2.43209961e+00 -5.46788563e-10
2.43365665e+00 -5.47935318e-10
2.43521369e+00 -5.49056553e-10
2.43677073e+00 -5.50153196e-10
2.43832778e+00 -5.51224088e-10
2.43988482e+00 -5.52269461e-10
2.44144186e+00 -5.53290009e-10
2.44299890e+00 -5.54284923e-10
2.44455594e+00 -5.55254201e-10
2.44611299e+00 -5.56197147e-10
2.44767003e+00 -5.57114574e-10
2.44922707e+00 -5.58006017e-10
2.45078411e+00 -5.58871593e-10
2.45234115e+00 -5.59711069e-10
2.45389820e+00 -5.60524214e-10
2.45545524e+00 -5.61311027e-10
2.45701228e+00 -5.62072089e-10
2.45856932e+00 -5.62806471e-10
2.46012636e+00 -5.63514289e-10
2.46168341e+00 -5.64195197e-10
2.46324045e+00 -5.64849888e-10
2.46479749e+00 -5.65477669e-10
2.46635453e+00 -5.66079001e-10
2.46791157e+00 -5.66653887e-10
2.46946862e+00 -5.67201396e-10
2.47102566e+00 -5.67722226e-10
2.47258270e+00 -5.68216029e-10
2.47413974e+00 -5.68682688e-10
2.47569678e+00 -5.69122668e-10
2.47725383e+00 -5.69535156e-10
2.47881087e+00 -5.69920849e-10
2.48036791e+00 -5.70279282e-10
2.48192495e+00 -5.70610456e-10
2.48348199e+00 -5.70914487e-10
2.48503904e+00 -5.71191257e-10
2.48659608e+00 -5.71440653e-10
2.48815312e+00 -5.71662673e-10
2.48971016e+00 -5.71858129e-10
2.49126720e+00 -5.72025746e-10
2.49282425e+00 -5.72166335e-10
2.49438129e+00 -5.72278853e-10
2.49593833e+00 -5.72364575e-10
2.49749537e+00 -5.72422690e-10
2.49905241e+00 -5.72453546e-10
2.50060946e+00 -5.72457374e-10
2.50216650e+00 -5.72433014e-10
2.50372354e+00 -5.72381511e-10
2.50528058e+00 -5.72302865e-10
2.50683762e+00 -5.72196379e-10
2.50839467e+00 -5.72062749e-10
2.50995171e+00 -5.71902324e-10
2.51150875e+00 -5.71713828e-10
2.51306579e+00 -5.71498072e-10
2.51462283e+00 -5.71255056e-10
2.51617988e+00 -5.70985245e-10
2.51773692e+00 -5.70687363e-10
2.51929396e+00 -5.70362685e-10
2.52085100e+00 -5.70010864e-10
2.52240804e+00 -5.69631319e-10
2.52396509e+00 -5.69225210e-10
2.52552213e+00 -5.68791958e-10
2.52707917e+00 -5.68331795e-10
2.52863621e+00 -5.67844720e-10
2.53019325e+00 -5.67330618e-10
2.53175030e+00 -5.66789372e-10
2.53330734e+00 -5.66221563e-10
2.53486438e+00 -5.65626610e-10
2.53642142e+00 -5.65005209e-10
2.53797846e+00 -5.64357130e-10
2.53953551e+00 -5.63682138e-10
2.54109255e+00 -5.62980468e-10
2.54264959e+00 -5.62252813e-10
2.54420663e+00 -5.61498595e-10
2.54576367e+00 -5.60717814e-10
2.54732072e+00 -5.59910585e-10
2.54887776e+00 -5.59077837e-10
2.55043480e+00 -5.58218757e-10
2.55199184e+00 -5.57333462e-10
2.55354888e+00 -5.56422299e-10
2.55510593e+00 -5.55484920e-10
2.55666297e+00 -5.54522602e-10
2.55822001e+00 -5.53533837e-10
2.55977705e+00 -5.52520016e-10
2.56133409e+00 -5.51480443e-10
2.56289114e+00 -5.50415583e-10
2.56444818e+00 -5.49325552e-10
2.56600522e+00 -5.48210001e-10
2.56756226e+00 -5.47069510e-10
2.56911930e+00 -5.45904660e-10
2.57067635e+00 -5.44714174e-10
2.57223339e+00 -5.43499213e-10
2.57379043e+00 -5.42259312e-10
2.57534747e+00 -5.40995284e-10
2.57690451e+00 -5.39706896e-10
2.57846156e+00 -5.38394265e-10
2.58001860e+00 -5.37057274e-10
2.58157564e+00 -5.35696388e-10
2.58313268e+00 -5.34311374e-10
2.58468972e+00 -5.32903160e-10
2.58624677e+00 -5.31470819e-10
2.58780381e+00 -5.30015278e-10
2.58936085e+00 -5.28536538e-10
2.59091789e+00 -5.27034250e-10
2.59247493e+00 -5.25508995e-10
2.59403198e+00 -5.23960888e-10
2.59558902e+00 -5.22389813e-10
2.59714606e+00 -5.20796467e-10
2.59870310e+00 -5.19180618e-10
2.60026014e+00 -5.17542264e-10
2.60181719e+00 -5.15882336e-10
2.60337423e+00 -5.14200135e-10
2.60493127e+00 -5.12495895e-10
2.60648831e+00 -5.10770196e-10
2.60804535e+00 -5.09022688e-10
2.60960240e+00 -5.07254186e-10
2.61115944e+00 -5.05464339e-10
2.61271648e+00 -5.03653729e-10
2.61427352e+00 -5.01822008e-10
2.61583056e+00 -4.99969754e-10
2.61738761e+00 -4.98097086e-10
2.61894465e+00 -4.96204465e-10
2.62050169e+00 -4.94291429e-10
2.62205873e+00 -4.92358673e-10
2.62361577e+00 -4.90405850e-10
2.62517282e+00 -4.88433771e-10
2.62672986e+00 -4.86442436e-10
2.62828690e+00 -4.84431498e-10
2.62984394e+00 -4.82401768e-10
2.63140098e+00 -4.80353247e-10
2.63295803e+00 -4.78286281e-10
2.63451507e+00 -4.76200989e-10
2.63607211e+00 -4.74097368e-10
2.63762915e+00 -4.71976000e-10
2.63918619e+00 -4.69836768e-10
2.64074324e+00 -4.67679673e-10
2.64230028e+00 -4.65505293e-10
2.64385732e+00 -4.63313978e-10
2.64541436e+00 -4.61105612e-10
2.64697140e+00 -4.58880774e-10
2.64852845e+00 -4.56639232e-10
2.65008549e+00 -4.54380986e-10
2.65164253e+00 -4.52106965e-10
2.65319957e+00 -4.49817284e-10
2.65475661e+00 -4.47511479e-10
2.65631366e+00 -4.45190711e-10
2.65787070e+00 -4.42854747e-10
2.65942774e+00 -4.40503471e-10
2.66098478e+00 -4.38137695e-10
2.66254182e+00 -4.35757188e-10
2.66409887e+00 -4.33362297e-10
2.66565591e+00 -4.30953370e-10
2.66721295e+00 -4.28530639e-10
2.66876999e+00 -4.26094221e-10
2.67032703e+00 -4.23644231e-10
2.67188408e+00 -4.21181249e-10
2.67344112e+00 -4.18705624e-10
2.67499816e+00 -4.16217471e-10
2.67655520e+00 -4.13715862e-10
2.67811224e+00 -4.11203117e-10
2.67966929e+00 -4.08677844e-10
2.68122633e+00 -4.06141320e-10
2.68278337e+00 -4.03592732e-10
2.68434041e+00 -4.01033472e-10
2.68589745e+00 -3.98462612e-10
2.68745450e+00 -3.95881660e-10
2.68901154e+00 -3.93289805e-10
2.69056858e+00 -3.90687858e-10
2.69212562e+00 -3.88075703e-10
2.69368266e+00 -3.85454268e-10
2.69523971e+00 -3.82822626e-10
2.69679675e+00 -3.80182399e-10
2.69835379e+00 -3.77532777e-10
2.69991083e+00 -3.74874455e-10
2.70146787e+00 -3.72207665e-10
2.70302492e+00 -3.69532987e-10
2.70458196e+00 -3.66849841e-10
2.70613900e+00 -3.64159504e-10
2.70769604e+00 -3.61461163e-10
2.70925308e+00 -3.58755861e-10
2.71081013e+00 -3.56043600e-10
2.71236717e+00 -3.53324611e-10
2.71392421e+00 -3.50599474e-10
2.71548125e+00 -3.47867958e-10
2.71703829e+00 -3.45130525e-10
2.71859534e+00 -3.42387641e-10
2.72015238e+00 -3.39638956e-10
2.72170942e+00 -3.36885632e-10
2.72326646e+00 -3.34127088e-10
2.72482350e+00 -3.31364135e-10
2.72638055e+00 -3.28597355e-10
2.72793759e+00 -3.25825935e-10
2.72949463e+00 -3.23050804e-10
2.73105167e+00 -3.20272076e-10
2.73260871e+00 -3.17489868e-10
2.73416576e+00 -3.14705340e-10
2.73572280e+00 -3.11917565e-10
2.73727984e+00 -3.09127585e-10
2.73883688e+00 -3.06335169e-10
2.74039392e+00 -3.03541014e-10
2.74195097e+00 -3.00745002e-10
2.74350801e+00 -2.97947483e-10
2.74506505e+00 -2.95149499e-10
2.74662209e+00 -2.92350124e-10
2.74817913e+00 -2.89550400e-10
2.74973618e+00 -2.86749749e-10
2.75129322e+00 -2.83950026e-10
2.75285026e+00 -2.81149954e-10
2.75440730e+00 -2.78350811e-10
2.75596434e+00 -2.75551899e-10
2.75752139e+00 -2.72754496e-10
2.75907843e+00 -2.69957440e-10
2.76063547e+00 -2.67162589e-10
2.76219251e+00 -2.64370057e-10
2.76374956e+00 -2.61578686e-10
2.76530660e+00 -2.58790214e-10
2.76686364e+00 -2.56004294e-10
2.76842068e+00 -2.53221274e-10
2.76997772e+00 -2.50441271e-10
2.77153477e+00 -2.47664747e-10
2.77309181e+00 -2.44892399e-10
2.77464885e+00 -2.42123647e-10
2.77620589e+00 -2.39358723e-10
2.77776293e+00 -2.36598322e-10
2.77931998e+00 -2.33843142e-10
2.78087702e+00 -2.31092602e-10
2.78243406e+00 -2.28347629e-10
2.78399110e+00 -2.25607993e-10
2.78554814e+00 -2.22874156e-10
2.78710519e+00 -2.20146583e-10
2.78866223e+00 -2.17425274e-10
2.79021927e+00 -2.14710461e-10
2.79177631e+00 -2.12002840e-10
2.79333335e+00 -2.09302063e-10
2.79489040e+00 -2.06608477e-10
2.79644744e+00 -2.03922200e-10
2.79800448e+00 -2.01244390e-10
2.79956152e+00 -1.98574468e-10
2.80111856e+00 -1.95913246e-10
2.80267561e+00 -1.93260260e-10
2.80423265e+00 -1.90616554e-10
2.80578969e+00 -1.87981431e-10
2.80734673e+00 -1.85356284e-10
2.80890377e+00 -1.82740534e-10
2.81046082e+00 -1.80134642e-10
2.81201786e+00 -1.77539191e-10
2.81357490e+00 -1.74953948e-10
2.81513194e+00 -1.72379608e-10
2.81668898e+00 -1.69815824e-10
2.81824603e+00 -1.67263176e-10
2.81980307e+00 -1.64721896e-10
2.82136011e+00 -1.62192679e-10
2.82291715e+00 -1.59674367e-10
2.82447419e+00 -1.57168698e-10
2.82603124e+00 -1.54675556e-10
2.82758828e+00 -1.52195175e-10
2.82914532e+00 -1.49727321e-10
2.83070236e+00 -1.47272575e-10
2.83225940e+00 -1.44830937e-10
2.83381645e+00 -1.42403335e-10
2.83537349e+00 -1.39989304e-10
2.83693053e+00 -1.37589309e-10
2.83848757e+00 -1.35203234e-10
2.84004461e+00 -1.32831542e-10
2.84160166e+00 -1.30474467e-10
2.84315870e+00 -1.28132703e-10
2.84471574e+00 -1.25806018e-10
2.84627278e+00 -1.23494646e-10
2.84782982e+00 -1.21198585e-10
2.84938687e+00 -1.18918764e-10
2.85094391e+00 -1.16655066e-10
2.85250095e+00 -1.14407028e-10
2.85405799e+00 -1.12175810e-10
2.85561503e+00 -1.09961180e-10
2.85717208e+00 -1.07763253e-10
2.85872912e+00 -1.05582842e-10
2.86028616e+00 -1.03419251e-10
2.86184320e+00 -1.01273407e-10
2.86340024e+00 -9.91450788e-11
2.86495729e+00 -9.70348464e-11
2.86651433e+00 -9.49431737e-11
2.86807137e+00 -9.28691326e-11
2.86962841e+00 -9.08136512e-11
2.87118545e+00 -8.87768454e-11
2.87274250e+00 -8.67587153e-11
2.87429954e+00 -8.47601888e-11
2.87585658e+00 -8.27808020e-11
2.87741362e+00 -8.08207868e-11
2.87897066e+00 -7.88807232e-11
2.88052771e+00 -7.69597993e-11
2.88208475e+00 -7.50597549e-11
2.88364179e+00 -7.31795462e-11
2.88519883e+00 -7.13197532e-11
2.88675587e+00 -6.94806077e-11
2.88831292e+00 -6.76621098e-11
2.88986996e+00 -6.58641436e-11
2.89142700e+00 -6.40877529e-11
2.89298404e+00 -6.23327059e-11
2.89454108e+00 -6.05985384e-11
2.89609813e+00 -5.88862946e-11
2.89765517e+00 -5.71960903e-11
2.89921221e+00 -5.55271136e-11
2.90076925e+00 -5.38809885e-11
2.90232629e+00 -5.22567870e-11
2.90388334e+00 -5.06547411e-11
2.90544038e+00 -4.90758947e-11
2.90699742e+00 -4.75189720e-11
2.90855446e+00 -4.59855967e-11
2.91011150e+00 -4.44744931e-11
2.91166855e+00 -4.29872850e-11
2.91322559e+00 -4.15224645e-11
2.91478263e+00 -4.00815396e-11
2.91633967e+00 -3.86643942e-11
2.91789671e+00 -3.72710283e-11
2.91945376e+00 -3.59012100e-11
2.92101080e+00 -3.45554033e-11
2.92256784e+00 -3.32334921e-11
2.92412488e+00 -3.19359405e-11
2.92568192e+00 -3.06627484e-11
2.92723897e+00 -2.94141478e-11
2.92879601e+00 -2.81899068e-11
2.93035305e+00 -2.69906053e-11
2.93191009e+00 -2.58158954e-11
2.93346713e+00 -2.46660090e-11
2.93502418e+00 -2.35417581e-11
2.93658122e+00 -2.24419827e-11
2.93813826e+00 -2.13676109e-11
2.93969530e+00 -2.03185266e-11
2.94125234e+00 -1.92955418e-11
2.94280939e+00 -1.82971485e-11
2.94436643e+00 -1.73249708e-11
2.94592347e+00 -1.63785445e-11
2.94748051e+00 -1.54577538e-11
2.94903755e+00 -1.45630626e-11
2.95059460e+00 -1.36941229e-11
2.95215164e+00 -1.28516307e-11
2.95370868e+00 -1.20347741e-11
2.95526572e+00 -1.12444809e-11
2.95682276e+00 -1.04802873e-11
2.95837981e+00 -9.74277310e-12
2.95993685e+00 -9.03193845e-12
2.96149389e+00 -8.34708731e-12
2.96305093e+00 -7.68937965e-12
2.96460797e+00 -7.05753951e-12
2.96616502e+00 -6.45307486e-12
2.96772206e+00 -5.87494171e-12
2.96927910e+00 -5.32418405e-12
2.97083614e+00 -4.80010589e-12
2.97239318e+00 -4.30270723e-12
2.97395023e+00 -3.83280005e-12
2.97550727e+00 -3.38922438e-12
2.97706431e+00 -2.97314019e-12
2.97862135e+00 -2.58408349e-12
2.98017839e+00 -2.22240228e-12
2.98173544e+00 -1.88798056e-12
2.98329248e+00 -1.58047033e-12
2.98484952e+00 -1.29987160e-12
2.98640656e+00 -1.04711234e-12
2.98796360e+00 -8.21612576e-13
2.98952065e+00 -6.23024304e-13
2.99107769e+00 -4.52275510e-13
2.99263473e+00 -3.08438210e-13
2.99419177e+00 -1.92208392e-13
2.99574881e+00 -1.03354060e-13
2.99730586e+00 -4.16432183e-14
2.99886290e+00 -7.53985846e-15
3.00041994e+00 -9.27982580e-16
3.00197698e+00 -2.11116037e-14
3.00353402e+00 -6.92507000e-14
3.00509107e+00 -1.44765282e-13
3.00664811e+00 -2.47771349e-13
3.00820515e+00 -3.78036903e-13
3.00976219e+00 -5.35793942e-13
3.01131923e+00 -7.20926466e-13
3.01287628e+00 -9.32854488e-13
3.01443332e+00 -1.17262199e-12
3.01599036e+00 -1.43906899e-12
3.01754740e+00 -1.73312347e-12
3.01910444e+00 -2.05466943e-12
3.02066149e+00 -2.40289489e-12
3.02221853e+00 -2.77872784e-12
3.02377557e+00 -3.18147228e-12
3.02533261e+00 -3.61159220e-12
3.02688965e+00 -4.06862362e-12
3.02844670e+00 -4.55256654e-12
3.03000374e+00 -5.06353695e-12
3.03156078e+00 -5.60130285e-12
3.03311782e+00 -6.16621225e-12
3.03467486e+00 -6.75768514e-12
3.03623191e+00 -7.37595354e-12
3.03778895e+00 -8.02066943e-12
3.03934599e+00 -8.69229682e-12
3.04090303e+00 -9.39025572e-12
3.04246007e+00 -1.01148941e-11
3.04401712e+00 -1.08660960e-11
3.04557416e+00 -1.16432814e-11
3.04713120e+00 -1.24471463e-11
3.04868824e+00 -1.32769948e-11
3.05024528e+00 -1.41332907e-11
3.05180233e+00 -1.50151061e-11
3.05335937e+00 -1.59234851e-11
3.05491641e+00 -1.68569196e-11
3.05647345e+00 -1.78166855e-11
3.05803049e+00 -1.88022030e-11
3.05958754e+00 -1.98130081e-11
3.06114458e+00 -2.08493326e-11
3.06270162e+00 -2.19110607e-11
3.06425866e+00 -2.29985403e-11
3.06581570e+00 -2.41108434e-11
3.06737275e+00 -2.52482020e-11
3.06892979e+00 -2.64107322e-11
3.07048683e+00 -2.75979699e-11
3.07204387e+00 -2.88100312e-11
3.07360091e+00 -3.00469159e-11
3.07515796e+00 -3.13080443e-11
3.07671500e+00 -3.25935321e-11
3.07827204e+00 -3.39033796e-11
3.07982908e+00 -3.52372385e-11
3.08138612e+00 -3.65951090e-11
3.08294317e+00 -3.79773391e-11
3.08450021e+00 -3.93830007e-11
3.08605725e+00 -4.08124419e-11
3.08761429e+00 -4.22653146e-11
3.08917133e+00 -4.37415029e-11
3.09072838e+00 -4.52408907e-11
3.09228542e+00 -4.67630141e-11
3.09384246e+00 -4.83083371e-11
3.09539950e+00 -4.98769757e-11
3.09695654e+00 -5.14673058e-11
3.09851359e+00 -5.30804876e-11
3.10007063e+00 -5.47155929e-11
3.10162767e+00 -5.63736657e-11
3.10318471e+00 -5.80533142e-11
3.10474175e+00 -5.97548863e-11
3.10629880e+00 -6.14782659e-11
3.10785584e+00 -6.32228732e-11
3.10941288e+00 -6.49888240e-11
3.11096992e+00 -6.67760025e-11
3.11252696e+00 -6.85842925e-11
3.11408401e+00 -7.04133462e-11
3.11564105e+00 -7.22630474e-11
3.11719809e+00 -7.41335123e-11
3.11875513e+00 -7.60239288e-11
3.12031217e+00 -7.79346450e-11
3.12186922e+00 -7.98651967e-11
3.12342626e+00 -8.18157001e-11
3.12498330e+00 -8.37856911e-11
3.12654034e+00 -8.57748218e-11
3.12809738e+00 -8.77829761e-11
3.12965443e+00 -8.98103860e-11
3.13121147e+00 -9.18567036e-11
3.13276851e+00 -9.39216969e-11
3.13432555e+00 -9.60049018e-11
3.13588259e+00 -9.81064343e-11
3.13743964e+00 -1.00225715e-10
3.13899668e+00 -1.02363090e-10
3.14055372e+00 -1.04517866e-10
3.14211076e+00 -1.06690041e-10
3.14366780e+00 -1.08879616e-10
3.14522485e+00 -1.11085663e-10
3.14678189e+00 -1.13309109e-10
3.14833893e+00 -1.15548911e-10
3.14989597e+00 -1.17804721e-10
3.15145301e+00 -1.20076886e-10
3.15301006e+00 -1.22364595e-10
3.15456710e+00 -1.24668776e-10
3.15612414e+00 -1.26988036e-10
3.15768118e+00 -1.29322376e-10
3.15923822e+00 -1.31671680e-10
3.16079527e+00 -1.34036064e-10
3.16235231e+00 -1.36415179e-10
3.16390935e+00 -1.38808214e-10
3.16546639e+00 -1.41215633e-10
3.16702343e+00 -1.43636740e-10
3.16858048e+00 -1.46071302e-10
3.17013752e+00 -1.48519900e-10
3.17169456e+00 -1.50981026e-10
3.17325160e+00 -1.53455143e-10
3.17480864e+00 -1.55942369e-10
3.17636569e+00 -1.58442006e-10
3.17792273e+00 -1.60953823e-10
3.17947977e+00 -1.63477355e-10
3.18103681e+00 -1.66013068e-10
3.18259385e+00 -1.68560148e-10
3.18415090e+00 -1.71118480e-10
3.18570794e+00 -1.73687367e-10
3.18726498e+00 -1.76267507e-10
3.18882202e+00 -1.78857854e-10
3.19037906e+00 -1.81458990e-10
3.19193611e+00 -1.84069869e-10
3.19349315e+00 -1.86690607e-10
3.19505019e+00 -1.89320742e-10
3.19660723e+00 -1.91960040e-10
3.19816427e+00 -1.94608503e-10
3.19972132e+00 -1.97265781e-10
3.20127836e+00 -1.99931527e-10
3.20283540e+00 -2.02605277e-10
3.20439244e+00 -2.05287842e-10
3.20594948e+00 -2.07977136e-10
3.20750653e+00 -2.10674781e-10
3.20906357e+00 -2.13379270e-10
3.21062061e+00 -2.16090603e-10
3.21217765e+00 -2.18809012e-10
3.21373469e+00 -2.21533685e-10
3.21529174e+00 -2.24264738e-10
3.21684878e+00 -2.27001127e-10
3.21840582e+00 -2.29743315e-10
3.21996286e+00 -2.32491420e-10
3.22151990e+00 -2.35244396e-10
3.22307695e+00 -2.38002360e-10
3.22463399e+00 -2.40764848e-10
3.22619103e+00 -2.43531512e-10
3.22774807e+00 -2.46302236e-10
3.22930511e+00 -2.49076904e-10
3.23086216e+00 -2.51855052e-10
3.23241920e+00 -2.54636796e-10
3.23397624e+00 -2.57421324e-10
3.23553328e+00 -2.60208635e-10
3.23709032e+00 -2.62998499e-10
3.23864737e+00 -2.65790682e-10
3.24020441e+00 -2.68584606e-10
3.24176145e+00 -2.71380038e-10
3.24331849e+00 -2.74177557e-10
3.24487553e+00 -2.76975541e-10
3.24643258e+00 -2.79774800e-10
3.24798962e+00 -2.82574407e-10
3.24954666e+00 -2.85374943e-10
3.25110370e+00 -2.88175130e-10
3.25266074e+00 -2.90975086e-10
3.25421779e+00 -2.93774345e-10
3.25577483e+00 -2.96573373e-10
3.25733187e+00 -2.99371240e-10
3.25888891e+00 -3.02167948e-10
3.26044595e+00 -3.04963031e-10
3.26200300e+00 -3.07756259e-10
3.26356004e+00 -3.10547398e-10
3.26511708e+00 -3.13336334e-10
3.26667412e+00 -3.16122602e-10
3.26823116e+00 -3.18905969e-10
3.26978821e+00 -3.21686553e-10
3.27134525e+00 -3.24463309e-10
3.27290229e+00 -3.27236701e-10
3.27445933e+00 -3.30005569e-10
3.27601637e+00 -3.32770609e-10
3.27757342e+00 -3.35531473e-10
3.27913046e+00 -3.38287582e-10
3.28068750e+00 -3.41038122e-10
3.28224454e+00 -3.43784254e-10
3.28380158e+00 -3.46524471e-10
3.28535863e+00 -3.49258540e-10
3.28691567e+00 -3.51987388e-10
3.28847271e+00 -3.54709509e-10
3.29002975e+00 -3.57424902e-10
3.29158679e+00 -3.60133683e-10
3.29314384e+00 -3.62835273e-10
3.29470088e+00 -3.65529438e-10
3.29625792e+00 -3.68216412e-10
3.29781496e+00 -3.70895033e-10
3.29937200e+00 -3.73565999e-10
3.30092905e+00 -3.76228381e-10
3.30248609e+00 -3.78882179e-10
3.30404313e+00 -3.81527046e-10
3.30560017e+00 -3.84162748e-10
3.30715721e+00 -3.86789055e-10
3.30871426e+00 -3.89405966e-10
3.31027130e+00 -3.92013133e-10
3.31182834e+00 -3.94610324e-10
3.31338538e+00 -3.97196612e-10
3.31494242e+00 -3.99772227e-10
3.31649947e+00 -4.02337519e-10
3.31805651e+00 -4.04890979e-10
3.31961355e+00 -4.07433535e-10
3.32117059e+00 -4.09964724e-10
3.32272763e+00 -4.12483733e-10
3.32428468e+00 -4.14990214e-10
3.32584172e+00 -4.17485327e-10
3.32739876e+00 -4.19967332e-10
3.32895580e+00 -4.22436578e-10
3.33051284e+00 -4.24892832e-10
3.33206989e+00 -4.27335746e-10
3.33362693e+00 -4.29765552e-10
3.33518397e+00 -4.32181091e-10
3.33674101e+00 -4.34582942e-10
3.33829805e+00 -4.36970293e-10
3.33985510e+00 -4.39343260e-10
3.34141214e+00 -4.41701960e-10
3.34296918e+00 -4.44045348e-10
3.34452622e+00 -4.46374236e-10
3.34608326e+00 -4.48687349e-10
3.34764031e+00 -4.50984802e-10
3.34919735e+00 -4.53266711e-10
3.35075439e+00 -4.55532613e-10
3.35231143e+00 -4.57782274e-10
3.35386847e+00 -4.60015348e-10
3.35542552e+00 -4.62232415e-10
3.35698256e+00 -4.64431734e-10
3.35853960e+00 -4.66614581e-10
3.36009664e+00 -4.68780260e-10
3.36165368e+00 -4.70928076e-10
3.36321073e+00 -4.73058724e-10
3.36476777e+00 -4.75170812e-10
3.36632481e+00 -4.77265037e-10
3.36788185e+00 -4.79341630e-10
3.36943889e+00 -4.81399315e-10
3.37099594e+00 -4.83438209e-10
3.37255298e+00 -4.85457963e-10
3.37411002e+00 -4.87458693e-10
3.37566706e+00 -4.89440864e-10
3.37722410e+00 -4.91402851e-10
3.37878115e+00 -4.93345699e-10
3.38033819e+00 -4.95268595e-10
3.38189523e+00 -4.97170959e-10
3.38345227e+00 -4.99053604e-10
3.38500931e+00 -5.00915601e-10
3.38656636e+00 -5.02757414e-10
3.38812340e+00 -5.04578348e-10
3.38968044e+00 -5.06378750e-10
3.39123748e+00 -5.08157809e-10
3.39279452e+00 -5.09915408e-10
3.39435157e+00 -5.11651663e-10
3.39590861e+00 -5.13366343e-10
3.39746565e+00 -5.15059099e-10
3.39902269e+00 -5.16730628e-10
3.40057973e+00 -5.18379537e-10
3.40213678e+00 -5.20006290e-10
3.40369382e+00 -5.21610656e-10
3.40525086e+00 -5.23192634e-10
3.40680790e+00 -5.24751877e-10
3.40836494e+00 -5.26288268e-10
3.40992199e+00 -5.27801692e-10
3.41147903e+00 -5.29292032e-10
3.41303607e+00 -5.30759288e-10
3.41459311e+00 -5.32202765e-10
3.41615015e+00 -5.33622811e-10
3.41770720e+00 -5.35019540e-10
3.41926424e+00 -5.36392259e-10
3.42082128e+00 -5.37740965e-10
3.42237832e+00 -5.39065196e-10
3.42393536e+00 -5.40365764e-10
3.42549241e+00 -5.41641856e-10
3.42704945e+00 -5.42893589e-10
3.42860649e+00 -5.44120614e-10
3.43016353e+00 -5.45323163e-10
3.43172057e+00 -5.46500889e-10
3.43327762e+00 -5.47653443e-10
3.43483466e+00 -5.48780942e-10
3.43639170e+00 -5.49883617e-10
3.43794874e+00 -5.50961121e-10
3.43950578e+00 -5.52013337e-10
3.44106283e+00 -5.53039802e-10
3.44261987e+00 -5.54040747e-10
3.44417691e+00 -5.55016289e-10
3.44573395e+00 -5.55965963e-10
3.44729099e+00 -5.56889886e-10
3.44884804e+00 -5.57787477e-10
3.45040508e+00 -5.58659897e-10
3.45196212e+00 -5.59505869e-10
3.45351916e+00 -5.60325509e-10
3.45507620e+00 -5.61118702e-10
3.45663325e+00 -5.61886260e-10
3.45819029e+00 -5.62627138e-10
3.45974733e+00 -5.63341221e-10
3.46130437e+00 -5.64029088e-10
3.46286141e+00 -5.64690623e-10
3.46441846e+00 -5.65325015e-10
3.46597550e+00 -5.65932844e-10
3.46753254e+00 -5.66514225e-10
3.46908958e+00 -5.67068463e-10
3.47064662e+00 -5.67595557e-10
3.47220367e+00 -5.68096319e-10
3.47376071e+00 -5.68569823e-10
3.47531775e+00 -5.69016182e-10
3.47687479e+00 -5.69435746e-10
3.47843183e+00 -5.69828515e-10
3.47998888e+00 -5.70193328e-10
3.48154592e+00 -5.70531230e-10
3.48310296e+00 -5.70841756e-10
3.48466000e+00 -5.71125603e-10
3.48621704e+00 -5.71381842e-10
3.48777409e+00 -5.71610937e-10
3.48933113e+00 -5.71812426e-10
3.49088817e+00 -5.71986886e-10
3.49244521e+00 -5.72133740e-10
3.49400225e+00 -5.72253797e-10
3.49555930e+00 -5.72346132e-10
3.49711634e+00 -5.72410858e-10
3.49867338e+00 -5.72448210e-10
3.50023042e+00 -5.72458650e-10
3.50178746e+00 -5.72441250e-10
3.50334451e+00 -5.72396475e-10
3.50490155e+00 -5.72324904e-10
3.50645859e+00 -5.72225146e-10
3.50801563e+00 -5.72098592e-10
3.50957267e+00 -5.71944663e-10
3.51112972e+00 -5.71763127e-10
3.51268676e+00 -5.71554099e-10
3.51424380e+00 -5.71318159e-10
3.51580084e+00 -5.71054728e-10
3.51735788e+00 -5.70764269e-10
3.51891493e+00 -5.70446319e-10
3.52047197e+00 -5.70101110e-10
3.52202901e+00 -5.69728989e-10
3.52358605e+00 -5.69329724e-10
3.52514309e+00 -5.68903084e-10
3.52670014e+00 -5.68449765e-10
3.52825718e+00 -5.67969302e-10
3.52981422e+00 -5.67461695e-10
3.53137126e+00 -5.66927177e-10
3.53292830e+00 -5.66366096e-10
3.53448535e+00 -5.65777871e-10
3.53604239e+00 -5.65163083e-10
3.53759943e+00 -5.64521151e-10
3.53915647e+00 -5.63853235e-10
3.54071351e+00 -5.63158408e-10
3.54227056e+00 -5.62437134e-10
3.54382760e+00 -5.61689528e-10
3.54538464e+00 -5.60915706e-10
3.54694168e+00 -5.60115321e-10
3.54849872e+00 -5.59288721e-10
3.55005577e+00 -5.58436253e-10
3.55161281e+00 -5.57557337e-10
3.55316985e+00 -5.56652554e-10
3.55472689e+00 -5.55721788e-10
3.55628393e+00 -5.54765618e-10
3.55784098e+00 -5.53783116e-10
3.55939802e+00 -5.52775559e-10
3.56095506e+00 -5.51742366e-10
3.56251210e+00 -5.50683306e-10
3.56406914e+00 -5.49599887e-10
3.56562619e+00 -5.48490600e-10
3.56718323e+00 -5.47356489e-10
3.56874027e+00 -5.46197207e-10
3.57029731e+00 -5.45013449e-10
3.57185435e+00 -5.43804403e-10
3.57341140e+00 -5.42570883e-10
3.57496844e+00 -5.41313002e-10
3.57652548e+00 -5.40030298e-10
3.57808252e+00 -5.38723815e-10
3.57963956e+00 -5.37392740e-10
3.58119661e+00 -5.36037653e-10
3.58275365e+00 -5.34659135e-10
3.58431069e+00 -5.33256257e-10
3.58586773e+00 -5.31829832e-10
3.58742477e+00 -5.30380207e-10
3.58898182e+00 -5.28907267e-10
3.59053886e+00 -5.27410779e-10
3.59209590e+00 -5.25891440e-10
3.59365294e+00 -5.24349017e-10
3.59520998e+00 -5.22783742e-10
3.59676703e+00 -5.21196312e-10
3.59832407e+00 -5.19586030e-10
3.59988111e+00 -5.17953129e-10
3.60143815e+00 -5.16298304e-10
3.60299519e+00 -5.14621439e-10
3.60455224e+00 -5.12922999e-10
3.60610928e+00 -5.11202288e-10
3.60766632e+00 -5.09460580e-10
3.60922336e+00 -5.07697297e-10
3.61078040e+00 -5.05913019e-10
3.61233745e+00 -5.04107165e-10
3.61389449e+00 -5.02280663e-10
3.61545153e+00 -5.00433514e-10
3.61700857e+00 -4.98566065e-10
3.61856561e+00 -4.96678200e-10
3.62012266e+00 -4.94770152e-10
3.62167970e+00 -4.92842036e-10
3.62323674e+00 -4.90894549e-10
3.62479378e+00 -4.88926994e-10
3.62635082e+00 -4.86940763e-10
3.62790787e+00 -4.84934697e-10
3.62946491e+00 -4.82909955e-10
3.63102195e+00 -4.80865841e-10
3.63257899e+00 -4.78803632e-10
3.63413603e+00 -4.76722863e-10
3.63569308e+00 -4.74623650e-10
3.63725012e+00 -4.72506574e-10
3.63880716e+00 -4.70371750e-10
3.64036420e+00 -4.68219294e-10
3.64192124e+00 -4.66049439e-10
3.64347829e+00 -4.63861952e-10
3.64503533e+00 -4.61657762e-10
3.64659237e+00 -4.59436635e-10
3.64814941e+00 -4.57199385e-10
3.64970645e+00 -4.54945316e-10
3.65126350e+00 -4.52675354e-10
3.65282054e+00 -4.50389501e-10
3.65437758e+00 -4.48087640e-10
3.65593462e+00 -4.45770468e-10
3.65749166e+00 -4.43437752e-10
3.65904871e+00 -4.41090420e-10
3.66060575e+00 -4.38728008e-10
3.66216279e+00 -4.36351329e-10
3.66371983e+00 -4.33960034e-10
3.66527687e+00 -4.31554355e-10
3.66683392e+00 -4.29135220e-10
3.66839096e+00 -4.26702282e-10
3.66994800e+00 -4.24255888e-10
3.67150504e+00 -4.21796386e-10
3.67306208e+00 -4.19323892e-10
3.67461913e+00 -4.16838407e-10
3.67617617e+00 -4.14340626e-10
3.67773321e+00 -4.11830201e-10
3.67929025e+00 -4.09308292e-10
3.68084729e+00 -4.06774088e-10
3.68240434e+00 -4.04228748e-10
3.68396138e+00 -4.01671808e-10
3.68551842e+00 -3.99104312e-10
3.68707546e+00 -3.96525448e-10
3.68863250e+00 -3.93936145e-10
3.69018955e+00 -3.91336866e-10
3.69174659e+00 -3.88727379e-10
3.69330363e+00 -3.86108148e-10
3.69486067e+00 -3.83479173e-10
3.69641771e+00 -3.80840803e-10
3.69797476e+00 -3.78193384e-10
3.69953180e+00 -3.75537150e-10
3.70108884e+00 -3.72872564e-10
3.70264588e+00 -3.70199510e-10
3.70420292e+00 -3.67518569e-10
3.70575997e+00 -3.64829623e-10
3.70731701e+00 -3.62133370e-10
3.70887405e+00 -3.59429693e-10
3.71043109e+00 -3.56719172e-10
3.71198813e+00 -3.54002039e-10
3.71354518e+00 -3.51278178e-10
3.71510222e+00 -3.48548053e-10
3.71665926e+00 -3.45812360e-10
3.71821630e+00 -3.43070636e-10
3.71977334e+00 -3.40323343e-10
3.72133039e+00 -3.37571411e-10
3.72288743e+00 -3.34813795e-10
3.72444447e+00 -3.32052235e-10
3.72600151e+00 -3.29285919e-10
3.72755855e+00 -3.26515659e-10
3.72911560e+00 -3.23741339e-10
3.73067264e+00 -3.20963075e-10
3.73222968e+00 -3.18182375e-10
3.73378672e+00 -3.15398427e-10
3.73534376e+00 -3.12611232e-10
3.73690081e+00 -3.09821716e-10
3.73845785e+00 -3.07030112e-10
3.74001489e+00 -3.04235957e-10
3.74157193e+00 -3.01440641e-10
3.74312897e+00 -2.98643702e-10
3.74468602e+00 -2.95845602e-10
3.74624306e+00 -2.93046691e-10
3.74780010e+00 -2.90246735e-10
3.74935714e+00 -2.87446664e-10
3.75091418e+00 -2.84646245e-10
3.75247123e+00 -2.81846405e-10
3.75402827e+00 -2.79047030e-10
3.75558531e+00 -2.76248118e-10
3.75714235e+00 -2.73450135e-10
3.75869939e+00 -2.70653311e-10
3.76025644e+00 -2.67858228e-10
3.76181348e+00 -2.65064536e-10
3.76337052e+00 -2.62272585e-10
3.76492756e+00 -2.59483417e-10
3.76648460e+00 -2.56697033e-10
3.76804165e+00 -2.53913085e-10
3.76959869e+00 -2.51132502e-10
3.77115573e+00 -2.48355050e-10
3.77271277e+00 -2.45581542e-10
3.77426981e+00 -2.42811630e-10
3.77582686e+00 -2.40046010e-10
3.77738390e+00 -2.37284682e-10
3.77894094e+00 -2.34527993e-10
3.78049798e+00 -2.31776177e-10
3.78205502e+00 -2.29029929e-10
3.78361207e+00 -2.26289132e-10
3.78516911e+00 -2.23554135e-10
3.78672615e+00 -2.20824823e-10
3.78828319e+00 -2.18101542e-10
3.78984023e+00 -2.15385453e-10
3.79139728e+00 -2.12675396e-10
3.79295432e+00 -2.09972878e-10
3.79451136e+00 -2.07277669e-10
3.79606840e+00 -2.04590115e-10
3.79762544e+00 -2.01910218e-10
3.79918249e+00 -1.99237744e-10
3.80073953e+00 -1.96574666e-10
3.80229657e+00 -1.93919476e-10
3.80385361e+00 -1.91273565e-10
3.80541065e+00 -1.88636239e-10
3.80696770e+00 -1.86008772e-10
3.80852474e+00 -1.83390353e-10
3.81008178e+00 -1.80782258e-10
3.81163882e+00 -1.78183907e-10
3.81319586e+00 -1.75595996e-10
3.81475291e+00 -1.73018756e-10
3.81630995e+00 -1.70452420e-10
3.81786699e+00 -1.67897336e-10
3.81942403e+00 -1.65353156e-10
3.82098107e+00 -1.62820459e-10
3.82253812e+00 -1.60300059e-10
3.82409516e+00 -1.57791490e-10
3.82565220e+00 -1.55294869e-10
3.82720924e+00 -1.52811239e-10
3.82876628e+00 -1.50339906e-10
3.83032333e+00 -1.47882260e-10
3.83188037e+00 -1.45437490e-10
3.83343741e+00 -1.43005943e-10
3.83499445e+00 -1.40588317e-10
3.83655149e+00 -1.38185074e-10
3.83810854e+00 -1.35795519e-10
3.83966558e+00 -1.33420347e-10
3.84122262e+00 -1.31060024e-10
3.84277966e+00 -1.28714316e-10
3.84433670e+00 -1.26383919e-10
3.84589375e+00 -1.24068603e-10
3.84745079e+00 -1.21769178e-10
3.84900783e+00 -1.19485297e-10
3.85056487e+00 -1.17217192e-10
3.85212191e+00 -1.14965326e-10
3.85367896e+00 -1.12730280e-10
3.85523600e+00 -1.10511241e-10
3.85679304e+00 -1.08309139e-10
3.85835008e+00 -1.06124204e-10
3.85990712e+00 -1.03956204e-10
3.86146417e+00 -1.01806069e-10
3.86302121e+00 -9.96733329e-11
3.86457825e+00 -9.75584606e-11
3.86613529e+00 -9.54618000e-11
3.86769234e+00 -9.33834670e-11
3.86924938e+00 -9.13233456e-11
3.87080642e+00 -8.92820160e-11
3.87236346e+00 -8.72593619e-11
3.87392050e+00 -8.52559635e-11
3.87547755e+00 -8.32718208e-11
3.87703459e+00 -8.13071657e-11
3.87859163e+00 -7.93616502e-11
3.88014867e+00 -7.74365503e-11
3.88170571e+00 -7.55307061e-11
3.88326276e+00 -7.36457415e-11
3.88481980e+00 -7.17807285e-11
3.88637684e+00 -6.99363631e-11
3.88793388e+00 -6.81127614e-11
3.88949092e+00 -6.63098072e-11
3.89104797e+00 -6.45279647e-11
3.89260501e+00 -6.27673497e-11
3.89416205e+00 -6.10284263e-11
3.89571909e+00 -5.93108466e-11
3.89727613e+00 -5.76144944e-11
3.89883318e+00 -5.59406459e-11
3.90039022e+00 -5.42887209e-11
3.90194726e+00 -5.26591835e-11
3.90350430e+00 -5.10519176e-11
3.90506134e+00 -4.94668074e-11
3.90661839e+00 -4.79044327e-11
3.90817543e+00 -4.63653736e-11
3.90973247e+00 -4.48487021e-11
3.91128951e+00 -4.33555781e-11
3.91284655e+00 -4.18853057e-11
3.91440360e+00 -4.04385809e-11
3.91596064e+00 -3.90150556e-11
3.91751768e+00 -3.76157739e-11
3.91907472e+00 -3.62401557e-11
3.92063176e+00 -3.48882011e-11
3.92218881e+00 -3.35604900e-11
3.92374585e+00 -3.22567905e-11
3.92530289e+00 -3.09775665e-11
3.92685993e+00 -2.97225860e-11
3.92841697e+00 -2.84921971e-11
3.92997402e+00 -2.72868638e-11
3.93153106e+00 -2.61056579e-11
3.93308810e+00 -2.49499716e-11
3.93464514e+00 -2.38191089e-11
3.93620218e+00 -2.27136496e-11
3.93775923e+00 -2.16327819e-11
3.93931627e+00 -2.05777817e-11
3.94087331e+00 -1.95476050e-11
3.94243035e+00 -1.85436439e-11
3.94398739e+00 -1.75645063e-11
3.94554444e+00 -1.66117002e-11
3.94710148e+00 -1.56846456e-11
3.94865852e+00 -1.47831105e-11
3.95021556e+00 -1.39081389e-11
3.95177260e+00 -1.30589189e-11
3.95332965e+00 -1.22355663e-11
3.95488669e+00 -1.14388933e-11
3.95644373e+00 -1.06680877e-11
3.95800077e+00 -9.92407770e-12
3.95955781e+00 -9.20639917e-12
3.96111486e+00 -8.51528415e-12
3.96267190e+00 -7.85061663e-12
3.96422894e+00 -7.21239661e-12
3.96578598e+00 -6.60108808e-12
3.96734302e+00 -6.01669105e-12
3.96890007e+00 -5.45897352e-12
3.97045711e+00 -4.92816749e-12
3.97201415e+00 -4.42427295e-12
3.97357119e+00 -3.94728990e-12
3.97512823e+00 -3.49745034e-12
3.97668528e+00 -3.07452228e-12
3.97824232e+00 -2.67862172e-12
3.97979936e+00 -2.31009663e-12
3.98135640e+00 -1.96883104e-12
3.98291344e+00 -1.65470894e-12
3.98447049e+00 -1.36761433e-12
3.98602753e+00 -1.10789520e-12
3.98758457e+00 -8.75667562e-13
3.98914161e+00 -6.70235418e-13
3.99069865e+00 -4.92642752e-13
3.99225570e+00 -3.42077578e-13
3.99381274e+00 -2.18887891e-13
3.99536978e+00 -1.23421683e-13
3.99692682e+00 -5.50989657e-14
3.99848386e+00 -1.40357365e-14
4.00004091e+00 -8.11984757e-16
4.00159795e+00 -1.43837300e-14
4.00315499e+00 -5.53309613e-14
4.00471203e+00 -1.24117670e-13
4.00626907e+00 -2.20279865e-13
4.00782612e+00 -3.43701548e-13
4.00938316e+00 -4.94382719e-13
4.01094020e+00 -6.72555375e-13
4.01249724e+00 -8.77987518e-13
4.01405428e+00 -1.11056315e-12
4.01561133e+00 -1.37097826e-12
4.01716837e+00 -1.65795688e-12
4.01872541e+00 -1.97277497e-12
4.02028245e+00 -2.31427256e-12
4.02183949e+00 -2.68349362e-12
4.02339654e+00 -3.07939419e-12
4.02495358e+00 -3.50232225e-12
4.02651062e+00 -3.95250980e-12
4.02806766e+00 -4.43007284e-12
4.02962470e+00 -4.93396738e-12
4.03118175e+00 -5.46535340e-12
4.03273879e+00 -6.02341893e-12
4.03429583e+00 -6.60827995e-12
4.03585287e+00 -7.22005246e-12
4.03740991e+00 -7.85804049e-12
4.03896696e+00 -8.52294000e-12
4.04052400e+00 -9.21463502e-12
4.04208104e+00 -9.93266154e-12
4.04363808e+00 -1.06771356e-11
4.04519512e+00 -1.14479411e-11
4.04675217e+00 -1.22453101e-11
4.04830921e+00 -1.30684307e-11
4.04986625e+00 -1.39181147e-11
4.05142329e+00 -1.47937823e-11
4.05298033e+00 -1.56954334e-11
4.05453738e+00 -1.66228359e-11
4.05609442e+00 -1.75759901e-11
4.05765146e+00 -1.85548957e-11
4.05920850e+00 -1.95592048e-11
4.06076554e+00 -2.05894975e-11
4.06232259e+00 -2.16448457e-11
4.06387963e+00 -2.27259454e-11
4.06543667e+00 -2.38321006e-11
4.06699371e+00 -2.49631954e-11
4.06855075e+00 -2.61193457e-11
4.07010780e+00 -2.73004355e-11
4.07166484e+00 -2.85065809e-11
4.07322188e+00 -2.97368538e-11
4.07477892e+00 -3.09921822e-11
4.07633596e+00 -3.22718702e-11
4.07789301e+00 -3.35754537e-11
4.07945005e+00 -3.49036288e-11
4.08100709e+00 -3.62556994e-11
4.08256413e+00 -3.76318976e-11
4.08412117e+00 -3.90314113e-11
4.08567822e+00 -4.04551686e-11
4.08723526e+00 -4.19020094e-11
4.08879230e+00 -4.33723978e-11
4.09034934e+00 -4.48661018e-11
4.09190638e+00 -4.63825413e-11
4.09346343e+00 -4.79222964e-11
4.09502047e+00 -4.94850190e-11
4.09657751e+00 -5.10702453e-11
4.09813455e+00 -5.26776271e-11
4.09969159e+00 -5.43079765e-11
4.10124864e+00 -5.59600175e-11
4.10280568e+00 -5.76340981e-11
4.10436272e+00 -5.93303342e-11
4.10591976e+00 -6.10482620e-11
4.10747680e+00 -6.27876493e-11
4.10903385e+00 -6.45483803e-11
4.11059089e+00 -6.63304548e-11
4.11214793e+00 -6.81332930e-11
4.11370497e+00 -6.99572427e-11
4.11526201e+00 -7.18016081e-11
4.11681906e+00 -7.36669691e-11
4.11837610e+00 -7.55530937e-11
4.11993314e+00 -7.74585899e-11
4.12149018e+00 -7.93839218e-11
4.12304722e+00 -8.13294373e-11
4.12460427e+00 -8.32944404e-11
4.12616131e+00 -8.52789311e-11
4.12771835e+00 -8.72827935e-11
4.12927539e+00 -8.93054475e-11
4.13083243e+00 -9.13471252e-11
4.13238948e+00 -9.34072465e-11
4.13394652e+00 -9.54860435e-11
4.13550356e+00 -9.75829361e-11
4.13706060e+00 -9.96979244e-11
4.13861764e+00 -1.01830776e-10
4.14017469e+00 -1.03981608e-10
4.14173173e+00 -1.06149375e-10
4.14328877e+00 -1.08334658e-10
4.14484581e+00 -1.10536993e-10
4.14640285e+00 -1.12755683e-10
4.14795990e+00 -1.14991425e-10
4.14951694e+00 -1.17243871e-10
4.15107398e+00 -1.19511512e-10
4.15263102e+00 -1.21795742e-10
4.15418806e+00 -1.24095746e-10
4.15574511e+00 -1.26411063e-10
4.15730215e+00 -1.28741807e-10
4.15885919e+00 -1.31087631e-10
4.16041623e+00 -1.33448071e-10
4.16197327e+00 -1.35823358e-10
4.16353032e+00 -1.38212913e-10
4.16508736e+00 -1.40616852e-10
4.16664440e+00 -1.43034595e-10
4.16820144e+00 -1.45465909e-10
4.16975848e+00 -1.47910795e-10
4.17131553e+00 -1.50369253e-10
4.17287257e+00 -1.52840239e-10
4.17442961e+00 -1.55324216e-10
4.17598665e+00 -1.57820257e-10
4.17754369e+00 -1.60329290e-10
4.17910074e+00 -1.62850387e-10
4.18065778e+00 -1.65382967e-10
4.18221482e+00 -1.67927032e-10
4.18377186e+00 -1.70482464e-10
4.18532890e+00 -1.73048915e-10
4.18688595e+00 -1.75626387e-10
4.18844299e+00 -1.78214298e-10
4.19000003e+00 -1.80812882e-10
4.19155707e+00 -1.83421209e-10
4.19311411e+00 -1.86039396e-10
4.19467116e+00 -1.88667094e-10
4.19622820e+00 -1.91304305e-10
4.19778524e+00 -1.93950795e-10
4.19934228e+00 -1.96605869e-10
4.20089932e+00 -1.99269295e-10
4.20245637e+00 -2.01941421e-10
4.20401341e+00 -2.04621435e-10
4.20557045e+00 -2.07309104e-10
4.20712749e+00 -2.10004662e-10
4.20868453e+00 -2.12707527e-10
4.21024158e+00 -2.15417352e-10
4.21179862e+00 -2.18133557e-10
4.21335566e+00 -2.20856722e-10
4.21491270e+00 -2.23586267e-10
4.21646974e+00 -2.26321263e-10
4.21802679e+00 -2.29062292e-10
4.21958383e+00 -2.31809236e-10
4.22114087e+00 -2.34560473e-10
4.22269791e+00 -2.37317277e-10
4.22425495e+00 -2.40078257e-10
4.22581200e+00 -2.42844573e-10
4.22736904e+00 -2.45614253e-10
4.22892608e+00 -2.48388341e-10
4.23048312e+00 -2.51165677e-10
4.23204016e+00 -2.53946493e-10
4.23359721e+00 -2.56730325e-10
4.23515425e+00 -2.59516940e-10
4.23671129e+00 -2.62306456e-10
4.23826833e+00 -2.65097827e-10
4.23982537e+00 -2.67891403e-10
4.24138242e+00 -2.70686603e-10
4.24293946e+00 -2.73483542e-10
4.24449650e+00 -2.76281642e-10
4.24605354e+00 -2.79080669e-10
4.24761058e+00 -2.81879928e-10
4.24916763e+00 -2.84680232e-10
4.25072467e+00 -2.87480535e-10
4.25228171e+00 -2.90280491e-10
4.25383875e+00 -2.93079982e-10
4.25539579e+00 -2.95879242e-10
4.25695284e+00 -2.98677225e-10
4.25850988e+00 -3.01474281e-10
4.26006692e+00 -3.04269712e-10
4.26162396e+00 -3.07063520e-10
4.26318100e+00 -3.09855355e-10
4.26473805e+00 -3.12644755e-10
4.26629509e+00 -3.15431603e-10
4.26785213e+00 -3.18216014e-10
4.26940917e+00 -3.20997178e-10
4.27096621e+00 -3.23774862e-10
4.27252326e+00 -3.26548834e-10
4.27408030e+00 -3.29319558e-10
4.27563734e+00 -3.32085410e-10
4.27719438e+00 -3.34847086e-10
4.27875142e+00 -3.37604354e-10
4.28030847e+00 -3.40356403e-10
4.28186551e+00 -3.43103579e-10
4.28342255e+00 -3.45844840e-10
4.28497959e+00 -3.48581228e-10
4.28653663e+00 -3.51311121e-10
4.28809368e+00 -3.54034750e-10
4.28965072e+00 -3.56751883e-10
4.29120776e+00 -3.59462520e-10
4.29276480e+00 -3.62165965e-10
4.29432184e+00 -3.64862103e-10
4.29587889e+00 -3.67551048e-10
4.29743593e+00 -3.70231178e-10
4.29899297e+00 -3.72904000e-10
4.30055001e+00 -3.75568934e-10
4.30210705e+00 -3.78224820e-10
4.30366410e+00 -3.80872006e-10
4.30522114e+00 -3.83509797e-10
4.30677818e+00 -3.86138771e-10
4.30833522e+00 -3.88758002e-10
4.30989226e+00 -3.91367373e-10
4.31144931e+00 -3.93966768e-10
4.31300635e+00 -3.96555956e-10
4.31456339e+00 -3.99134471e-10
4.31612043e+00 -4.01702199e-10
4.31767747e+00 -4.04258559e-10
4.31923452e+00 -4.06804015e-10
4.32079156e+00 -4.09337988e-10
4.32234860e+00 -4.11859896e-10
4.32390564e+00 -4.14369857e-10
4.32546268e+00 -4.16867522e-10
4.32701973e+00 -4.19352776e-10
4.32857677e+00 -4.21825501e-10
4.33013381e+00 -4.24284887e-10
4.33169085e+00 -4.26731049e-10
4.33324789e+00 -4.29164220e-10
4.33480494e+00 -4.31583354e-10
4.33636198e+00 -4.33988685e-10
4.33791902e+00 -4.36379748e-10
4.33947606e+00 -4.38756543e-10
4.34103310e+00 -4.41118607e-10
4.34259015e+00 -4.43465939e-10
4.34414719e+00 -4.45798191e-10
4.34570423e+00 -4.48115248e-10
4.34726127e+00 -4.50416645e-10
4.34881831e+00 -4.52702266e-10
4.35037536e+00 -4.54972343e-10
4.35193240e+00 -4.57226413e-10
4.35348944e+00 -4.59463431e-10
4.35504648e+00 -4.61684441e-10
4.35660352e+00 -4.63888284e-10
4.35816057e+00 -4.66075655e-10
4.35971761e+00 -4.68245278e-10
4.36127465e+00 -4.70397966e-10
4.36283169e+00 -4.72532557e-10
4.36438873e+00 -4.74649634e-10
4.36594578e+00 -4.76748382e-10
4.36750282e+00 -4.78828919e-10
4.36905986e+00 -4.80890897e-10
4.37061690e+00 -4.82934546e-10
4.37217394e+00 -4.84959172e-10
4.37373099e+00 -4.86965006e-10
4.37528803e+00 -4.88951585e-10
4.37684507e+00 -4.90918676e-10
4.37840211e+00 -4.92865932e-10
4.37995915e+00 -4.94793700e-10
4.38151620e+00 -4.96701632e-10
4.38307324e+00 -4.98588916e-10
4.38463028e+00 -5.00456133e-10
4.38618732e+00 -5.02302819e-10
4.38774436e+00 -5.04129204e-10
4.38930141e+00 -5.05934130e-10
4.39085845e+00 -5.07718873e-10
4.39241549e+00 -5.09481576e-10
4.39397253e+00 -5.11223167e-10
4.39552957e+00 -5.12943299e-10
4.39708662e+00 -5.14641623e-10
4.39864366e+00 -5.16318023e-10
4.40020070e+00 -5.17972616e-10
4.40175774e+00 -5.19605054e-10
4.40331478e+00 -5.21214988e-10
4.40487183e+00 -5.22802302e-10
4.40642887e+00 -5.24367576e-10
4.40798591e+00 -5.25909535e-10
4.40954295e+00 -5.27428759e-10
4.41109999e+00 -5.28924899e-10
4.41265704e+00 -5.30397723e-10
4.41421408e+00 -5.31847000e-10
4.41577112e+00 -5.33273425e-10
4.41732816e+00 -5.34675607e-10
4.41888520e+00 -5.36054125e-10
4.42044225e+00 -5.37408864e-10
4.42199929e+00 -5.38739475e-10
4.42355633e+00 -5.40045842e-10
4.42511337e+00 -5.41327734e-10
4.42667041e+00 -5.42585730e-10
4.42822746e+00 -5.43818787e-10
4.42978450e+00 -5.45027601e-10
4.43134154e+00 -5.46211126e-10
4.43289858e+00 -5.47370177e-10
4.43445562e+00 -5.48503939e-10
4.43601267e+00 -5.49612646e-10
4.43756971e+00 -5.50696414e-10
4.43912675e+00 -5.51754662e-10
4.44068379e+00 -5.52787623e-10
4.44224083e+00 -5.53794948e-10
4.44379788e+00 -5.54776870e-10
4.44535492e+00 -5.55732576e-10
4.44691196e+00 -5.56662994e-10
4.44846900e+00 -5.57567545e-10
4.45002604e+00 -5.58445881e-10
4.45158309e+00 -5.59298349e-10
4.45314013e+00 -5.60124601e-10
4.45469717e+00 -5.60924638e-10
4.45625421e+00 -5.61698228e-10
4.45781125e+00 -5.62445602e-10
4.45936830e+00 -5.63166760e-10
4.46092534e+00 -5.63861123e-10
4.46248238e+00 -5.64529038e-10
4.46403942e+00 -5.65170042e-10
4.46559646e+00 -5.65784599e-10
4.46715351e+00 -5.66372592e-10
4.46871055e+00 -5.66933441e-10
4.47026759e+00 -5.67467263e-10
4.47182463e+00 -5.67974522e-10
4.47338167e+00 -5.68454869e-10
4.47493872e+00 -5.68908188e-10
4.47649576e+00 -5.69334480e-10
4.47805280e+00 -5.69733629e-10
4.47960984e+00 -5.70105634e-10
4.48116688e+00 -5.70450611e-10
4.48272393e+00 -5.70767981e-10
4.48428097e+00 -5.71058324e-10
4.48583801e+00 -5.71321639e-10
4.48739505e+00 -5.71557346e-10
4.48895209e+00 -5.71766027e-10
4.49050914e+00 -5.71947099e-10
4.49206618e+00 -5.72100680e-10
4.49362322e+00 -5.72227466e-10
4.49518026e+00 -5.72326644e-10
4.49673730e+00 -5.72398215e-10
4.49829435e+00 -5.72442410e-10
4.49985139e+00 -5.72459578e-10
4.50140843e+00 -5.72448906e-10
4.50296547e+00 -5.72411090e-10
4.50452251e+00 -5.72345784e-10
4.50607956e+00 -5.72253333e-10
4.50763660e+00 -5.72133392e-10
4.50919364e+00 -5.71985842e-10
4.51075068e+00 -5.71811382e-10
4.51230772e+00 -5.71609662e-10
4.51386477e+00 -5.71379870e-10
4.51542181e+00 -5.71123515e-10
4.51697885e+00 -5.70839668e-10
4.51853589e+00 -5.70528446e-10
4.52009293e+00 -5.70189964e-10
4.52164998e+00 -5.69824803e-10
4.52320702e+00 -5.69432034e-10
4.52476406e+00 -5.69012122e-10
4.52632110e+00 -5.68565531e-10
4.52787814e+00 -5.68091912e-10
4.52943519e+00 -5.67591149e-10
4.53099223e+00 -5.67063243e-10
4.53254927e+00 -5.66508193e-10
4.53410631e+00 -5.65926812e-10
4.53566335e+00 -5.65318984e-10
4.53722040e+00 -5.64684244e-10
4.53877744e+00 -5.64022592e-10
4.54033448e+00 -5.63334377e-10
4.54189152e+00 -5.62619250e-10
4.54344856e+00 -5.61878256e-10
4.54500561e+00 -5.61110583e-10
4.54656265e+00 -5.60316694e-10
4.54811969e+00 -5.59496937e-10
4.54967673e+00 -5.58650733e-10
4.55123377e+00 -5.57778081e-10
4.55279082e+00 -5.56879910e-10
4.55434786e+00 -5.55955755e-10
4.55590490e+00 -5.55006081e-10
4.55746194e+00 -5.54030540e-10
4.55901898e+00 -5.53029130e-10
4.56057603e+00 -5.52002202e-10
4.56213307e+00 -5.50950101e-10
4.56369011e+00 -5.49872134e-10
4.56524715e+00 -5.48769342e-10
4.56680419e+00 -5.47641379e-10
4.56836124e+00 -5.46488129e-10
4.56991828e+00 -5.45310171e-10
4.57147532e+00 -5.44107506e-10
4.57303236e+00 -5.42879785e-10
4.57458940e+00 -5.41628052e-10
4.57614645e+00 -5.40351496e-10
4.57770349e+00 -5.39051045e-10
4.57926053e+00 -5.37726234e-10
4.58081757e+00 -5.36376831e-10
4.58237461e+00 -5.35004113e-10
4.58393166e+00 -5.33607267e-10
4.58548870e+00 -5.32187106e-10
4.58704574e+00 -5.30742817e-10
4.58860278e+00 -5.29275792e-10
4.59015982e+00 -5.27785104e-10
4.59171687e+00 -5.26271449e-10
4.59327391e+00 -5.24734593e-10
4.59483095e+00 -5.23175119e-10
4.59638799e+00 -5.21593256e-10
4.59794503e+00 -5.19988543e-10
4.59950208e+00 -5.18361209e-10
4.60105912e+00 -5.16711952e-10
4.60261616e+00 -5.15040655e-10
4.60417320e+00 -5.13347319e-10
4.60573024e+00 -5.11632407e-10
4.60728729e+00 -5.09895804e-10
4.60884433e+00 -5.08137625e-10
4.61040137e+00 -5.06358450e-10
4.61195841e+00 -5.04558164e-10
4.61351545e+00 -5.02737230e-10
4.61507250e+00 -5.00894953e-10
4.61662954e+00 -4.99032492e-10
4.61818658e+00 -4.97149615e-10
4.61974362e+00 -4.95246671e-10
4.62130066e+00 -4.93323427e-10
4.62285771e+00 -4.91380580e-10
4.62441475e+00 -4.89418128e-10
4.62597179e+00 -4.87436190e-10
4.62752883e+00 -4.85434879e-10
4.62908587e+00 -4.83414545e-10
4.63064292e+00 -4.81375419e-10
4.63219996e+00 -4.79317850e-10
4.63375700e+00 -4.77241373e-10
4.63531404e+00 -4.75146800e-10
4.63687108e+00 -4.73034132e-10
4.63842813e+00 -4.70903716e-10
4.63998517e+00 -4.68755784e-10
4.64154221e+00 -4.66589873e-10
4.64309925e+00 -4.64406910e-10
4.64465629e+00 -4.62206663e-10
4.64621334e+00 -4.59990061e-10
4.64777038e+00 -4.57756523e-10
4.64932742e+00 -4.55506861e-10
4.65088446e+00 -4.53240728e-10
4.65244150e+00 -4.50958586e-10
4.65399855e+00 -4.48660554e-10
4.65555559e+00 -4.46347441e-10
4.65711263e+00 -4.44018669e-10
4.65866967e+00 -4.41674817e-10
4.66022671e+00 -4.39316349e-10
4.66178376e+00 -4.36942802e-10
4.66334080e+00 -4.34555218e-10
4.66489784e+00 -4.32153019e-10
4.66645488e+00 -4.29737017e-10
4.66801192e+00 -4.27307674e-10
4.66956897e+00 -4.24864412e-10
4.67112601e+00 -4.22408274e-10
4.67268305e+00 -4.19938565e-10
4.67424009e+00 -4.17456327e-10
4.67579713e+00 -4.14961562e-10
4.67735418e+00 -4.12454617e-10
4.67891122e+00 -4.09935493e-10
4.68046826e+00 -4.07404188e-10
4.68202530e+00 -4.04861284e-10
4.68358234e+00 -4.02307476e-10
4.68513939e+00 -3.99742300e-10
4.68669643e+00 -3.97166452e-10
4.68825347e+00 -3.94580049e-10
4.68981051e+00 -3.91982858e-10
4.69136755e+00 -3.89375690e-10
4.69292460e+00 -3.86759012e-10
4.69448164e+00 -3.84132357e-10
4.69603868e+00 -3.81496190e-10
4.69759572e+00 -3.78851208e-10
4.69915276e+00 -3.76197294e-10
4.70070981e+00 -3.73535144e-10
4.70226685e+00 -3.70863946e-10
4.70382389e+00 -3.68184860e-10
4.70538093e+00 -3.65497771e-10
4.70693797e+00 -3.62803489e-10
4.70849502e+00 -3.60101552e-10
4.71005206e+00 -3.57392887e-10
4.71160910e+00 -3.54677030e-10
4.71316614e+00 -3.51954909e-10
4.71472318e+00 -3.49226408e-10
4.71628023e+00 -3.46491644e-10
4.71783727e+00 -3.43751311e-10
4.71939431e+00 -3.41005527e-10
4.72095135e+00 -3.38254754e-10
4.72250839e+00 -3.35498762e-10
4.72406544e+00 -3.32737898e-10
4.72562248e+00 -3.29972974e-10
4.72717952e+00 -3.27203526e-10
4.72873656e+00 -3.24430018e-10
4.73029360e+00 -3.21653146e-10
4.73185065e+00 -3.18872910e-10
4.73340769e+00 -3.16089658e-10
4.73496473e+00 -3.13303159e-10
4.73652177e+00 -3.10514571e-10
4.73807881e+00 -3.07722967e-10
4.73963586e+00 -3.04929624e-10
4.74119290e+00 -3.02134888e-10
4.74274994e+00 -2.99338065e-10
4.74430698e+00 -2.96540313e-10
4.74586402e+00 -2.93741402e-10
4.74742107e+00 -2.90941678e-10
4.74897811e+00 -2.88141607e-10
4.75053515e+00 -2.85341535e-10
4.75209219e+00 -2.82541464e-10
4.75364923e+00 -2.79741161e-10
4.75520628e+00 -2.76942365e-10
4.75676332e+00 -2.74143802e-10
4.75832036e+00 -2.71346862e-10
4.75987740e+00 -2.68551199e-10
4.76143444e+00 -2.65757159e-10
4.76299149e+00 -2.62965092e-10
4.76454853e+00 -2.60175112e-10
4.76610557e+00 -2.57388032e-10
4.76766261e+00 -2.54603156e-10
4.76921965e+00 -2.51821877e-10
4.77077670e+00 -2.49043729e-10
4.77233374e+00 -2.46269061e-10
4.77389078e+00 -2.43497989e-10
4.77544782e+00 -2.40731557e-10
4.77700486e+00 -2.37969185e-10
4.77856191e+00 -2.35211453e-10
4.78011895e+00 -2.32458592e-10
4.78167599e+00 -2.29710488e-10
4.78323303e+00 -2.26968183e-10
4.78479007e+00 -2.24231215e-10
4.78634712e+00 -2.21500858e-10
4.78790416e+00 -2.18776069e-10
4.78946120e+00 -2.16058008e-10
4.79101824e+00 -2.13346791e-10
4.79257528e+00 -2.10642418e-10
4.79413233e+00 -2.07945236e-10
4.79568937e+00 -2.05255595e-10
4.79724641e+00 -2.02573609e-10
4.79880345e+00 -1.99899395e-10
4.80036049e+00 -1.97233765e-10
4.80191754e+00 -1.94576371e-10
4.80347458e+00 -1.91928141e-10
4.80503162e+00 -1.89288843e-10
4.80658866e+00 -1.86658360e-10
4.80814570e+00 -1.84038085e-10
4.80970275e+00 -1.81426742e-10
4.81125979e+00 -1.78826535e-10
4.81281683e+00 -1.76235840e-10
4.81437387e+00 -1.73655816e-10
4.81593091e+00 -1.71086696e-10
4.81748796e+00 -1.68528364e-10
4.81904500e+00 -1.65981400e-10
4.82060204e+00 -1.63446152e-10
4.82215908e+00 -1.60922619e-10
4.82371612e+00 -1.58411150e-10
4.82527317e+00 -1.55911629e-10
4.82683021e+00 -1.53424868e-10
4.82838725e+00 -1.50950402e-10
4.82994429e+00 -1.48489276e-10
4.83150133e+00 -1.46040910e-10
4.83305838e+00 -1.43606348e-10
4.83461542e+00 -1.41185706e-10
4.83617246e+00 -1.38778055e-10
4.83772950e+00 -1.36385252e-10
4.83928654e+00 -1.34006484e-10
4.84084359e+00 -1.31642565e-10
4.84240063e+00 -1.29293145e-10
4.84395767e+00 -1.26959037e-10
4.84551471e+00 -1.24639776e-10
4.84707175e+00 -1.22336291e-10
4.84862880e+00 -1.20048118e-10
4.85018584e+00 -1.17776301e-10
4.85174288e+00 -1.15520259e-10
4.85329992e+00 -1.13281037e-10
4.85485696e+00 -1.11057707e-10
4.85641401e+00 -1.08851545e-10
4.85797105e+00 -1.06662086e-10
4.85952809e+00 -1.04490258e-10
4.86108513e+00 -1.02335483e-10
4.86264217e+00 -1.00198223e-10
4.86419922e+00 -9.80788268e-11
4.86575626e+00 -9.59778743e-11
4.86731330e+00 -9.38947854e-11
4.86887034e+00 -9.18299081e-11
4.87042738e+00 -8.97838225e-11
4.87198443e+00 -8.77565286e-11
4.87354147e+00 -8.57482583e-11
4.87509851e+00 -8.37592436e-11
4.87665555e+00 -8.17894846e-11
4.87821259e+00 -7.98395612e-11
4.87976964e+00 -7.79088935e-11
4.88132668e+00 -7.59982933e-11
4.88288372e+00 -7.41081088e-11
4.88444076e+00 -7.22379919e-11
4.88599780e+00 -7.03882906e-11
4.88755485e+00 -6.85597010e-11
4.88911189e+00 -6.67511789e-11
4.89066893e+00 -6.49642325e-11
4.89222597e+00 -6.31985136e-11
4.89378301e+00 -6.14539064e-11
4.89534006e+00 -5.97306427e-11
4.89689710e+00 -5.80294186e-11
4.89845414e+00 -5.63501182e-11
4.90001118e+00 -5.46923933e-11
4.90156822e+00 -5.30571720e-11
4.90312527e+00 -5.14442223e-11
4.90468231e+00 -4.98535441e-11
4.90623935e+00 -4.82856016e-11
4.90779639e+00 -4.67402786e-11
4.90935343e+00 -4.52179232e-11
4.91091048e+00 -4.37192313e-11
4.91246752e+00 -4.22428110e-11
4.91402456e+00 -4.07904023e-11
4.91558160e+00 -3.93614251e-11
4.91713864e+00 -3.79559955e-11
4.91869569e+00 -3.65742294e-11
4.92025273e+00 -3.52163589e-11
4.92180977e+00 -3.38821520e-11
4.92336681e+00 -3.25728845e-11
4.92492385e+00 -3.12876287e-11
4.92648090e+00 -3.00266163e-11
4.92803794e+00 -2.87903115e-11
4.92959498e+00 -2.75779023e-11
4.93115202e+00 -2.63911286e-11
4.93270906e+00 -2.52287144e-11
4.93426611e+00 -2.40912397e-11
4.93582315e+00 -2.29792846e-11
4.93738019e+00 -2.18925010e-11
4.93893723e+00 -2.08310050e-11
4.94049427e+00 -1.97945644e-11
4.94205132e+00 -1.87831794e-11
4.94360836e+00 -1.77985899e-11
4.94516540e+00 -1.68388239e-11
4.94672244e+00 -1.59051574e-11
4.94827948e+00 -1.49973585e-11
4.94983653e+00 -1.41154270e-11
4.95139357e+00 -1.32598271e-11
4.95295061e+00 -1.24297467e-11
4.95450765e+00 -1.16264617e-11
4.95606469e+00 -1.08490443e-11
4.95762174e+00 -1.00983064e-11
4.95917878e+00 -9.37366803e-12
4.96073582e+00 -8.67582513e-12
4.96229286e+00 -8.00419774e-12
4.96384990e+00 -7.35971384e-12
4.96540695e+00 -6.74144545e-12
4.96696399e+00 -6.15008855e-12
4.96852103e+00 -5.58575914e-12
4.97007807e+00 -5.04787724e-12
4.97163512e+00 -4.53702283e-12
4.97319216e+00 -4.05331191e-12
4.97474920e+00 -3.59651248e-12
4.97630624e+00 -3.16662455e-12
4.97786328e+00 -2.76388012e-12
4.97942033e+00 -2.38827917e-12
4.98097737e+00 -2.03993771e-12
4.98253441e+00 -1.71897173e-12
4.98409145e+00 -1.42503325e-12
4.98564849e+00 -1.15847025e-12
4.98720554e+00 -9.19050747e-13
4.98876258e+00 -7.07006728e-13
4.99031962e+00 -5.22454192e-13
4.99187666e+00 -3.64581156e-13
4.99343370e+00 -2.34431599e-13
4.99499075e+00 -1.32005522e-13
4.99654779e+00 -5.68389330e-14
4.99810483e+00 -8.46784104e-15
4.99966187e+00 1.20637735e-14
5.00121891e+00 4.98790637e-15
