#	Time	Error_of_Energy
1.55704200e-03 -5.44029787e-14
3.11408401e-03 -2.18655895e-13
4.67112601e-03 -4.92758750e-13
6.22816801e-03 -8.76595544e-13
7.78521001e-03 -1.36958629e-12
9.34225202e-03 -1.97184698e-12
1.08992940e-02 -2.68430561e-12
1.24563360e-02 -3.50545419e-12
1.40133780e-02 -4.43587273e-12
1.55704200e-02 -5.47614120e-12
1.71274620e-02 -6.62498363e-12
1.86845040e-02 -7.88216803e-12
2.02415460e-02 -9.24908637e-12
2.17985880e-02 -1.07244627e-11
2.33556300e-02 -1.23084129e-11
2.49126720e-02 -1.40005892e-11
2.64697140e-02 -1.58009914e-11
2.80267561e-02 -1.77098515e-11
2.95837981e-02 -1.97264737e-11
3.11408401e-02 -2.18510898e-11
3.26978821e-02 -2.40828879e-11
3.42549241e-02 -2.64216360e-11
3.58119661e-02 -2.88675661e-11
3.73690081e-02 -3.14209102e-11
3.89260501e-02 -3.40802762e-11
4.04830921e-02 -3.68461283e-11
4.20401341e-02 -3.97180024e-11
4.35971761e-02 -4.26958985e-11
4.51542181e-02 -4.57793526e-11
4.67112601e-02 -4.89679008e-11
4.82683021e-02 -5.22617749e-11
4.98253441e-02 -5.56598151e-11
5.13823861e-02 -5.91624854e-11
5.29394281e-02 -6.27681617e-11
5.44964701e-02 -6.64783520e-11
5.60535121e-02 -7.02915485e-11
5.76105541e-02 -7.42074029e-11
5.91675961e-02 -7.82257995e-11
6.07246381e-02 -8.23459262e-11
6.22816801e-02 -8.65682469e-11
6.38387221e-02 -9.08920657e-11
6.53957641e-02 -9.53163387e-11
6.69528061e-02 -9.98414137e-11
6.85098481e-02 -1.04466479e-10
7.00668901e-02 -1.09190954e-10
7.16239321e-02 -1.14014840e-10
7.31809741e-02 -1.18937323e-10
7.47380161e-02 -1.23957709e-10
7.62950581e-02 -1.29076461e-10
7.78521001e-02 -1.34292071e-10
7.94091421e-02 -1.39604655e-10
8.09661841e-02 -1.45013402e-10
8.25232261e-02 -1.50517150e-10
8.40802682e-02 -1.56116945e-10
8.56373102e-02 -1.61811278e-10
8.71943522e-02 -1.67599338e-10
8.87513942e-02 -1.73481355e-10
9.03084362e-02 -1.79456171e-10
9.18654782e-02 -1.85523553e-10
9.34225202e-02 -1.91682342e-10
9.49795622e-02 -1.97933348e-10
9.65366042e-02 -2.04274485e-10
9.80936462e-02 -2.10705173e-10
9.96506882e-02 -2.17225410e-10
1.01207730e-01 -2.23834618e-10
1.02764772e-01 -2.30531868e-10
1.04321814e-01 -2.37316813e-10
1.05878856e-01 -2.44188524e-10
1.07435898e-01 -2.51146537e-10
1.08992940e-01 -2.58190157e-10
1.10549982e-01 -2.65318687e-10
1.12107024e-01 -2.72530968e-10
1.13664066e-01 -2.79827231e-10
1.15221108e-01 -2.87205852e-10
1.16778150e-01 -2.94667064e-10
1.18335192e-01 -3.02209243e-10
1.19892234e-01 -3.09832156e-10
1.21449276e-01 -3.17534991e-10
1.23006318e-01 -3.25316705e-10
1.24563360e-01 -3.33177413e-10
1.26120402e-01 -3.41115376e-10
1.27677444e-01 -3.49131058e-10
1.29234486e-01 -3.57222718e-10
1.30791528e-01 -3.65389081e-10
1.32348570e-01 -3.73630958e-10
1.33905612e-01 -3.81946378e-10
1.35462654e-01 -3.90334644e-10
1.37019696e-01 -3.98794598e-10
1.38576738e-01 -4.07326702e-10
1.40133780e-01 -4.15929100e-10
1.41690822e-01 -4.24601561e-10
1.43247864e-01 -4.33342461e-10
1.44804906e-01 -4.42152032e-10
1.46361948e-01 -4.51028533e-10
1.47918990e-01 -4.59971617e-10
1.49476032e-01 -4.68980008e-10
1.51033074e-01 -4.78053822e-10
1.52590116e-01 -4.87190738e-10
1.54147158e-01 -4.96390758e-10
1.55704200e-01 -5.05652720e-10
1.57261242e-01 -5.14976509e-10
1.58818284e-01 -5.24359921e-10
1.60375326e-01 -5.33802839e-10
1.61932368e-01 -5.43304221e-10
1.63489410e-01 -5.52862905e-10
1.65046452e-01 -5.62478661e-10
1.66603494e-01 -5.72149747e-10
1.68160536e-01 -5.81875817e-10
1.69717578e-01 -5.91656057e-10
1.71274620e-01 -6.01488845e-10
1.72831662e-01 -6.11373831e-10
1.74388704e-01 -6.21309857e-10
1.75945746e-01 -6.31296109e-10
1.77502788e-01 -6.41331661e-10
1.79059830e-01 -6.51415235e-10
1.80616872e-01 -6.61545789e-10
1.82173914e-01 -6.71722742e-10
1.83730956e-01 -6.81944934e-10
1.85287998e-01 -6.92211786e-10
1.86845040e-01 -7.02521788e-10
1.88402082e-01 -7.12873898e-10
1.89959124e-01 -7.23267535e-10
1.91516166e-01 -7.33701307e-10
1.93073208e-01 -7.44175214e-10
1.94630250e-01 -7.54686705e-10
1.96187292e-01 -7.65236127e-10
1.97744334e-01 -7.75821044e-10
1.99301376e-01 -7.86441805e-10
2.00858418e-01 -7.97096437e-10
2.02415460e-01 -8.07784824e-10
2.03972502e-01 -8.18505575e-10
2.05529544e-01 -8.29257645e-10
2.07086586e-01 -8.40039526e-10
2.08643628e-01 -8.50850523e-10
2.10200670e-01 -8.61690056e-10
2.11757712e-01 -8.72556268e-10
2.13314754e-01 -8.83448580e-10
2.14871796e-01 -8.94365831e-10
2.16428838e-01 -9.05307325e-10
2.17985880e-01 -9.16271323e-10
2.19542922e-01 -9.27257709e-10
2.21099964e-01 -9.38264511e-10
2.22657006e-01 -9.49291380e-10
2.24214048e-01 -9.60336460e-10
2.25771090e-01 -9.71399752e-10
2.27328132e-01 -9.82479169e-10
2.28885174e-01 -9.93574360e-10
2.30442216e-01 -1.00468347e-09
2.31999258e-01 -1.01580697e-09
2.33556300e-01 -1.02694241e-09
2.35113342e-01 -1.03808922e-09
2.36670384e-01 -1.04924636e-09
2.38227426e-01 -1.06041254e-09
2.39784468e-01 -1.07158649e-09
2.41341510e-01 -1.08276787e-09
2.42898552e-01 -1.09395470e-09
2.44455594e-01 -1.10514663e-09
2.46012636e-01 -1.11634274e-09
2.47569678e-01 -1.12754094e-09
2.49126720e-01 -1.13874100e-09
2.50683762e-01 -1.14994174e-09
2.52240804e-01 -1.16114191e-09
2.53797846e-01 -1.17234046e-09
2.55354888e-01 -1.18353657e-09
2.56911930e-01 -1.19472897e-09
2.58468972e-01 -1.20591615e-09
2.60026014e-01 -1.21709776e-09
2.61583056e-01 -1.22827229e-09
2.63140098e-01 -1.23943917e-09
2.64697140e-01 -1.25059677e-09
2.66254182e-01 -1.26174427e-09
2.67811224e-01 -1.27288041e-09
2.69368266e-01 -1.28400484e-09
2.70925308e-01 -1.29511557e-09
2.72482350e-01 -1.30621204e-09
2.74039392e-01 -1.31729296e-09
2.75596434e-01 -1.32835707e-09
2.77153477e-01 -1.33940400e-09
2.78710519e-01 -1.35043169e-09
2.80267561e-01 -1.36144023e-09
2.81824603e-01 -1.37242789e-09
2.83381645e-01 -1.38339386e-09
2.84938687e-01 -1.39433686e-09
2.86495729e-01 -1.40525574e-09
2.88052771e-01 -1.41615048e-09
2.89609813e-01 -1.42701855e-09
2.91166855e-01 -1.43785948e-09
2.92723897e-01 -1.44867279e-09
2.94280939e-01 -1.45945665e-09
2.95837981e-01 -1.47021104e-09
2.97395023e-01 -1.48093388e-09
2.98952065e-01 -1.49162470e-09
3.00509107e-01 -1.50228211e-09
3.02066149e-01 -1.51290543e-09
3.03623191e-01 -1.52349348e-09
3.05180233e-01 -1.53404533e-09
3.06737275e-01 -1.54455961e-09
3.08294317e-01 -1.55503653e-09
3.09851359e-01 -1.56547332e-09
3.11408401e-01 -1.57587067e-09
3.12965443e-01 -1.58622626e-09
3.14522485e-01 -1.59653939e-09
3.16079527e-01 -1.60680949e-09
3.17636569e-01 -1.61703551e-09
3.19193611e-01 -1.62721618e-09
3.20750653e-01 -1.63735044e-09
3.22307695e-01 -1.64743727e-09
3.23864737e-01 -1.65747699e-09
3.25421779e-01 -1.66746731e-09
3.26978821e-01 -1.67740704e-09
3.28535863e-01 -1.68729632e-09
3.30092905e-01 -1.69713363e-09
3.31649947e-01 -1.70691828e-09
3.33206989e-01 -1.71664853e-09
3.34764031e-01 -1.72632448e-09
3.36321073e-01 -1.73594488e-09
3.37878115e-01 -1.74550820e-09
3.39435157e-01 -1.75501446e-09
3.40992199e-01 -1.76446248e-09
3.42549241e-01 -1.77385088e-09
3.44106283e-01 -1.78317896e-09
3.45663325e-01 -1.79244649e-09
3.47220367e-01 -1.80165127e-09
3.48777409e-01 -1.81079398e-09
3.50334451e-01 -1.81987278e-09
3.51891493e-01 -1.82888709e-09
3.53448535e-01 -1.83783598e-09
3.55005577e-01 -1.84671804e-09
3.56562619e-01 -1.85553330e-09
3.58119661e-01 -1.86428000e-09
3.59676703e-01 -1.87295803e-09
3.61233745e-01 -1.88156646e-09
3.62790787e-01 -1.89010436e-09
3.64347829e-01 -1.89857151e-09
3.65904871e-01 -1.90696604e-09
3.67461913e-01 -1.91528819e-09
3.69018955e-01 -1.92353586e-09
3.70575997e-01 -1.93170930e-09
3.72133039e-01 -1.93980734e-09
3.73690081e-01 -1.94782987e-09
3.75247123e-01 -1.95577491e-09
3.76804165e-01 -1.96364257e-09
3.78361207e-01 -1.97143206e-09
3.79918249e-01 -1.97914243e-09
3.81475291e-01 -1.98677254e-09
3.83032333e-01 -1.99432237e-09
3.84589375e-01 -2.00179101e-09
3.86146417e-01 -2.00917752e-09
3.87703459e-01 -2.01648190e-09
3.89260501e-01 -2.02370230e-09
3.90817543e-01 -2.03083849e-09
3.92374585e-01 -2.03788988e-09
3.93931627e-01 -2.04485555e-09
3.95488669e-01 -2.05173550e-09
3.97045711e-01 -2.05852902e-09
3.98602753e-01 -2.06523463e-09
4.00159795e-01 -2.07185253e-09
4.01716837e-01 -2.07838159e-09
4.03273879e-01 -2.08482086e-09
4.04830921e-01 -2.09117035e-09
4.06387963e-01 -2.09742924e-09
4.07945005e-01 -2.10359708e-09
4.09502047e-01 -2.10967339e-09
4.11059089e-01 -2.11565749e-09
4.12616131e-01 -2.12154832e-09
4.14173173e-01 -2.12734589e-09
4.15730215e-01 -2.13304974e-09
4.17287257e-01 -2.13865846e-09
4.18844299e-01 -2.14417207e-09
4.20401341e-01 -2.14959056e-09
4.21958383e-01 -2.15491254e-09
4.23515425e-01 -2.16013778e-09
4.25072467e-01 -2.16526604e-09
4.26629509e-01 -2.17029664e-09
4.28186551e-01 -2.17522910e-09
4.29743593e-01 -2.18006284e-09
4.31300635e-01 -2.18479741e-09
4.32857677e-01 -2.18943315e-09
4.34414719e-01 -2.19396831e-09
4.35971761e-01 -2.19840326e-09
4.37528803e-01 -2.20273798e-09
4.39085845e-01 -2.20697097e-09
4.40642887e-01 -2.21110212e-09
4.42199929e-01 -2.21513142e-09
4.43756971e-01 -2.21905841e-09
4.45314013e-01 -2.22288309e-09
4.46871055e-01 -2.22660395e-09
4.48428097e-01 -2.23022088e-09
4.49985139e-01 -2.23373515e-09
4.51542181e-01 -2.23714456e-09
4.53099223e-01 -2.24044957e-09
4.54656265e-01 -2.24364949e-09
4.56213307e-01 -2.24674431e-09
4.57770349e-01 -2.24973404e-09
4.59327391e-01 -2.25261797e-09
4.60884433e-01 -2.25539600e-09
4.62441475e-01 -2.25806778e-09
4.63998517e-01 -2.26063249e-09
4.65555559e-01 -2.26309142e-09
4.67112601e-01 -2.26544246e-09
4.68669643e-01 -2.26768667e-09
4.70226685e-01 -2.26982347e-09
4.71783727e-01 -2.27185250e-09
4.73340769e-01 -2.27377389e-09
4.74897811e-01 -2.27558717e-09
4.76454853e-01 -2.27729222e-09
4.78011895e-01 -2.27888893e-09
4.79568937e-01 -2.28037706e-09
4.81125979e-01 -2.28175616e-09
4.82683021e-01 -2.28302657e-09
4.84240063e-01 -2.28418864e-09
4.85797105e-01 -2.28524120e-09
4.87354147e-01 -2.28618496e-09
4.88911189e-01 -2.28701933e-09
4.90468231e-01 -2.28774432e-09
4.92025273e-01 -2.28836015e-09
4.93582315e-01 -2.28886683e-09
4.95139357e-01 -2.28926331e-09
4.96696399e-01 -2.28955098e-09
4.98253441e-01 -2.28972892e-09
4.99810483e-01 -2.28979713e-09
5.01367525e-01 -2.28975549e-09
5.02924567e-01 -2.28960527e-09
5.04481609e-01 -2.28934474e-09
5.06038651e-01 -2.28897517e-09
5.07595693e-01 -2.28849587e-09
5.09152735e-01 -2.28790753e-09
5.10709777e-01 -2.28720945e-09
5.12266819e-01 -2.28640199e-09
5.13823861e-01 -2.28548526e-09
5.15380903e-01 -2.28445961e-09
5.16937945e-01 -2.28332468e-09
5.18494987e-01 -2.28208096e-09
5.20052029e-01 -2.28072865e-09
5.21609071e-01 -2.27926754e-09
5.23166113e-01 -2.27769809e-09
5.24723155e-01 -2.27602007e-09
5.26280197e-01 -2.27423394e-09
5.27837239e-01 -2.27233946e-09
5.29394281e-01 -2.27033734e-09
5.30951323e-01 -2.26822780e-09
5.32508365e-01 -2.26600992e-09
5.34065407e-01 -2.26368533e-09
5.35622449e-01 -2.26125331e-09
5.37179491e-01 -2.25871470e-09
5.38736533e-01 -2.25606960e-09
5.40293575e-01 -2.25331790e-09
5.41850617e-01 -2.25046041e-09
5.43407659e-01 -2.24749667e-09
5.44964701e-01 -2.24442783e-09
5.46521743e-01 -2.24125390e-09
5.48078785e-01 -2.23797522e-09
5.49635827e-01 -2.23459145e-09
5.51192869e-01 -2.23110386e-09
5.52749911e-01 -2.22751210e-09
5.54306953e-01 -2.22381664e-09
5.55863995e-01 -2.22001794e-09
5.57421037e-01 -2.21611671e-09
5.58978079e-01 -2.21211269e-09
5.60535121e-01 -2.20800649e-09
5.62092163e-01 -2.20379890e-09
5.63649205e-01 -2.19948981e-09
5.65206247e-01 -2.19507969e-09
5.66763289e-01 -2.19056923e-09
5.68320331e-01 -2.18595832e-09
5.69877373e-01 -2.18124822e-09
5.71434415e-01 -2.17643872e-09
5.72991457e-01 -2.17153051e-09
5.74548499e-01 -2.16652427e-09
5.76105541e-01 -2.16142002e-09
5.77662583e-01 -2.15621868e-09
5.79219625e-01 -2.15092036e-09
5.80776667e-01 -2.14552600e-09
5.82333709e-01 -2.14003617e-09
5.83890751e-01 -2.13445088e-09
5.85447793e-01 -2.12877035e-09
5.87004835e-01 -2.12299609e-09
5.88561877e-01 -2.11712834e-09
5.90118919e-01 -2.11116733e-09
5.91675961e-01 -2.10511421e-09
5.93233003e-01 -2.09896865e-09
5.94790045e-01 -2.09273249e-09
5.96347087e-01 -2.08640516e-09
5.97904129e-01 -2.07998804e-09
5.99461171e-01 -2.07348068e-09
6.01018213e-01 -2.06688528e-09
6.02575255e-01 -2.06020160e-09
6.04132297e-01 -2.05343034e-09
6.05689339e-01 -2.04657150e-09
6.07246381e-01 -2.03962753e-09
6.08803423e-01 -2.03259690e-09
6.10360465e-01 -2.02548159e-09
6.11917507e-01 -2.01828207e-09
6.13474549e-01 -2.01099892e-09
6.15031591e-01 -2.00363294e-09
6.16588633e-01 -1.99618472e-09
6.18145675e-01 -1.98865472e-09
6.19702717e-01 -1.98104445e-09
6.21259759e-01 -1.97335403e-09
6.22816801e-01 -1.96558438e-09
6.24373843e-01 -1.95773620e-09
6.25930885e-01 -1.94981030e-09
6.27487927e-01 -1.94180714e-09
6.29044969e-01 -1.93372790e-09
6.30602011e-01 -1.92557302e-09
6.32159053e-01 -1.91734332e-09
6.33716095e-01 -1.90903961e-09
6.35273137e-01 -1.90066295e-09
6.36830179e-01 -1.89221425e-09
6.38387221e-01 -1.88369397e-09
6.39944263e-01 -1.87510306e-09
6.41501305e-01 -1.86644231e-09
6.43058347e-01 -1.85771185e-09
6.44615389e-01 -1.84891330e-09
6.46172431e-01 -1.84004782e-09
6.47729473e-01 -1.83111541e-09
6.49286515e-01 -1.82211757e-09
6.50843557e-01 -1.81305478e-09
6.52400599e-01 -1.80392830e-09
6.53957641e-01 -1.79473884e-09
6.55514683e-01 -1.78548662e-09
6.57071725e-01 -1.77617316e-09
6.58628767e-01 -1.76679937e-09
6.60185809e-01 -1.75736631e-09
6.61742851e-01 -1.74787468e-09
6.63299893e-01 -1.73832504e-09
6.64856935e-01 -1.72871880e-09
6.66413977e-01 -1.71905653e-09
6.67971019e-01 -1.70933962e-09
6.69528061e-01 -1.69956820e-09
6.71085103e-01 -1.68974411e-09
6.72642145e-01 -1.67986759e-09
6.74199187e-01 -1.66994003e-09
6.75756229e-01 -1.65996213e-09
6.77313271e-01 -1.64993481e-09
6.78870313e-01 -1.63985924e-09
6.80427355e-01 -1.62973611e-09
6.81984397e-01 -1.61956682e-09
6.83541439e-01 -1.60935205e-09
6.85098481e-01 -1.59909297e-09
6.86655523e-01 -1.58879004e-09
6.88212565e-01 -1.57844489e-09
6.89769607e-01 -1.56805822e-09
6.91326649e-01 -1.55763117e-09
6.92883691e-01 -1.54716469e-09
6.94440733e-01 -1.53665923e-09
6.95997775e-01 -1.52611665e-09
6.97554817e-01 -1.51553753e-09
6.99111859e-01 -1.50492246e-09
7.00668901e-01 -1.49427362e-09
7.02225943e-01 -1.48359081e-09
7.03782985e-01 -1.47287562e-09
7.05340027e-01 -1.46212924e-09
7.06897069e-01 -1.45135257e-09
7.08454111e-01 -1.44054610e-09
7.10011153e-01 -1.42971179e-09
7.11568195e-01 -1.41885045e-09
7.13125237e-01 -1.40796243e-09
7.14682279e-01 -1.39704935e-09
7.16239321e-01 -1.38611227e-09
7.17796363e-01 -1.37515175e-09
7.19353405e-01 -1.36416966e-09
7.20910447e-01 -1.35316610e-09
7.22467489e-01 -1.34214260e-09
7.24024531e-01 -1.33110030e-09
7.25581573e-01 -1.32004002e-09
7.27138615e-01 -1.30896339e-09
7.28695657e-01 -1.29787052e-09
7.30252699e-01 -1.28676303e-09
7.31809741e-01 -1.27564244e-09
7.33366783e-01 -1.26450897e-09
7.34923825e-01 -1.25336413e-09
7.36480867e-01 -1.24220908e-09
7.38037909e-01 -1.23104464e-09
7.39594951e-01 -1.21987173e-09
7.41151993e-01 -1.20869163e-09
7.42709035e-01 -1.19750572e-09
7.44266077e-01 -1.18631472e-09
7.45823119e-01 -1.17511954e-09
7.47380161e-01 -1.16392111e-09
7.48937203e-01 -1.15272152e-09
7.50494245e-01 -1.14152100e-09
7.52051287e-01 -1.13032083e-09
7.53608329e-01 -1.11912182e-09
7.55165371e-01 -1.10792525e-09
7.56722413e-01 -1.09673262e-09
7.58279455e-01 -1.08554463e-09
7.59836497e-01 -1.07436128e-09
7.61393539e-01 -1.06318547e-09
7.62950581e-01 -1.05201720e-09
7.64507623e-01 -1.04085809e-09
7.66064665e-01 -1.02970861e-09
7.67621707e-01 -1.01857003e-09
7.69178749e-01 -1.00744445e-09
7.70735791e-01 -9.96330932e-10
7.72292833e-01 -9.85232029e-10
7.73849875e-01 -9.74148205e-10
7.75406917e-01 -9.63080853e-10
7.76963959e-01 -9.52031132e-10
7.78521001e-01 -9.40999855e-10
7.80078043e-01 -9.29987834e-10
7.81635085e-01 -9.18996576e-10
7.83192127e-01 -9.08026894e-10
7.84749169e-01 -8.97079484e-10
7.86306211e-01 -8.86156201e-10
7.87863253e-01 -8.75257509e-10
7.89420295e-01 -8.64384801e-10
7.90977337e-01 -8.53538773e-10
7.92534379e-01 -8.42720352e-10
7.94091421e-01 -8.31931047e-10
7.95648463e-01 -8.21171785e-10
7.97205505e-01 -8.10443378e-10
7.98762547e-01 -7.99746987e-10
8.00319589e-01 -7.89083539e-10
8.01876631e-01 -7.78454659e-10
8.03433673e-01 -7.67860113e-10
8.04990715e-01 -7.57302108e-10
8.06547757e-01 -7.46781105e-10
8.08104799e-01 -7.36298150e-10
8.09661841e-01 -7.25854402e-10
8.11218883e-01 -7.15450557e-10
8.12775925e-01 -7.05087892e-10
8.14332967e-01 -6.94767450e-10
8.15890009e-01 -6.84489810e-10
8.17447051e-01 -6.74256483e-10
8.19004093e-01 -6.64067930e-10
8.20561135e-01 -6.53925544e-10
8.22118177e-01 -6.43830138e-10
8.23675219e-01 -6.33782870e-10
8.25232261e-01 -6.23784206e-10
8.26789303e-01 -6.13835885e-10
8.28346346e-01 -6.03937675e-10
8.29903388e-01 -5.94091779e-10
8.31460430e-01 -5.84298315e-10
8.33017472e-01 -5.74558674e-10
8.34574514e-01 -5.64874016e-10
8.36131556e-01 -5.55243877e-10
8.37688598e-01 -5.45670576e-10
8.39245640e-01 -5.36154811e-10
8.40802682e-01 -5.26697161e-10
8.42359724e-01 -5.17298901e-10
8.43916766e-01 -5.07960380e-10
8.45473808e-01 -4.98683107e-10
8.47030850e-01 -4.89467196e-10
8.48587892e-01 -4.80314619e-10
8.50144934e-01 -4.71225262e-10
8.51701976e-01 -4.62200747e-10
8.53259018e-01 -4.53241308e-10
8.54816060e-01 -4.44347987e-10
8.56373102e-01 -4.35521944e-10
8.57930144e-01 -4.26763181e-10
8.59487186e-01 -4.18074132e-10
8.61044228e-01 -4.09454102e-10
8.62601270e-01 -4.00904482e-10
8.64158312e-01 -3.92426201e-10
8.65715354e-01 -3.84019955e-10
8.67272396e-01 -3.75686439e-10
8.68829438e-01 -3.67426235e-10
8.70386480e-01 -3.59240964e-10
8.71943522e-01 -3.51130976e-10
8.73500564e-01 -3.43096503e-10
8.75057606e-01 -3.35138937e-10
8.76614648e-01 -3.27259089e-10
8.78171690e-01 -3.19457307e-10
8.79728732e-01 -3.11734520e-10
8.81285774e-01 -3.04091423e-10
8.82842816e-01 -2.96529293e-10
8.84399858e-01 -2.89047666e-10
8.85956900e-01 -2.81648281e-10
8.87513942e-01 -2.74331370e-10
8.89070984e-01 -2.67098094e-10
8.90628026e-01 -2.59948916e-10
8.92185068e-01 -2.52883953e-10
8.93742110e-01 -2.45904712e-10
8.95299152e-01 -2.39011657e-10
8.96856194e-01 -2.32204557e-10
8.98413236e-01 -2.25485731e-10
8.99970278e-01 -2.18853904e-10
9.01527320e-01 -2.12311858e-10
9.03084362e-01 -2.05858436e-10
9.04641404e-01 -1.99495375e-10
9.06198446e-01 -1.93222445e-10
9.07755488e-01 -1.87040457e-10
9.09312530e-01 -1.80950339e-10
9.10869572e-01 -1.74952556e-10
9.12426614e-01 -1.69047571e-10
9.13983656e-01 -1.63236312e-10
9.15540698e-01 -1.57518199e-10
9.17097740e-01 -1.51894857e-10
9.18654782e-01 -1.46367096e-10
9.20211824e-01 -1.40934802e-10
9.21768866e-01 -1.35598322e-10
9.23325908e-01 -1.30358701e-10
9.24882950e-01 -1.25216053e-10
9.26439992e-01 -1.20171076e-10
9.27997034e-01 -1.15223885e-10
9.29554076e-01 -1.10375524e-10
9.31111118e-01 -1.05626225e-10
9.32668160e-01 -1.00976220e-10
9.34225202e-01 -9.64265538e-11
9.35782244e-01 -9.19771094e-11
9.37339286e-01 -8.76283510e-11
9.38896328e-01 -8.33807427e-11
9.40453370e-01 -7.92347486e-11
9.42010412e-01 -7.51908325e-11
9.43567454e-01 -7.12495745e-11
9.45124496e-01 -6.74106265e-11
9.46681538e-01 -6.36752647e-11
9.48238580e-01 -6.00429089e-11
9.49795622e-01 -5.65149511e-11
9.51352664e-01 -5.30906954e-11
9.52909706e-01 -4.97713017e-11
9.54466748e-01 -4.65564220e-11
9.56023790e-01 -4.34471004e-11
9.57580832e-01 -4.04427568e-11
9.59137874e-01 -3.75446672e-11
9.60694916e-01 -3.47520196e-11
9.62251958e-01 -3.20660900e-11
9.63809000e-01 -2.94865305e-11
9.65366042e-01 -2.70136889e-11
9.66923084e-01 -2.46481453e-11
9.68480126e-01 -2.23895517e-11
9.70037168e-01 -2.02382561e-11
9.71594210e-01 -1.81950704e-11
9.73151252e-01 -1.62597628e-11
9.74708294e-01 -1.44321011e-11
9.76265336e-01 -1.27127814e-11
9.77822378e-01 -1.11019196e-11
9.79379420e-01 -9.59974779e-12
9.80936462e-01 -8.20603395e-12
9.82493504e-01 -6.92124207e-12
9.84050546e-01 -5.74548814e-12
9.85607588e-01 -4.67888817e-12
9.87164630e-01 -3.72086215e-12
9.88721672e-01 -2.87222208e-12
9.90278714e-01 -2.13319995e-12
9.91835756e-01 -1.50367977e-12
9.93392798e-01 -9.82965547e-13
9.94949840e-01 -5.72449254e-13
9.96506882e-01 -2.70970913e-13
9.98063924e-01 -7.93425106e-14
9.99620966e-01 2.66794992e-15
1.00117801e+00 -2.49395318e-14
1.00273505e+00 -1.61816962e-13
1.00429209e+00 -4.08544331e-13
1.00584913e+00 -7.64657646e-13
1.00740618e+00 -1.23108489e-12
1.00896322e+00 -1.80643409e-12
1.01052026e+00 -2.49093724e-12
1.01207730e+00 -3.28505833e-12
1.01363434e+00 -4.18856537e-12
1.01519139e+00 -5.20122636e-12
1.01674843e+00 -6.32280931e-12
1.01830547e+00 -7.55366220e-12
1.01986251e+00 -8.89332105e-12
1.02141955e+00 -1.03414379e-11
1.02297660e+00 -1.18982446e-11
1.02453364e+00 -1.35639734e-11
1.02609068e+00 -1.53375801e-11
1.02764772e+00 -1.72194128e-11
1.02920476e+00 -1.92091234e-11
1.03076181e+00 -2.13068280e-11
1.03231885e+00 -2.35120626e-11
1.03387589e+00 -2.58245952e-11
1.03543293e+00 -2.82438458e-11
1.03698997e+00 -3.07708584e-11
1.03854702e+00 -3.34040089e-11
1.04010406e+00 -3.61431815e-11
1.04166110e+00 -3.89890721e-11
1.04321814e+00 -4.19405207e-11
1.04477518e+00 -4.49977593e-11
1.04633223e+00 -4.81598599e-11
1.04788927e+00 -5.14272866e-11
1.04944631e+00 -5.47994593e-11
1.05100335e+00 -5.82760300e-11
1.05256039e+00 -6.18564188e-11
1.05411744e+00 -6.55405096e-11
1.05567448e+00 -6.93279545e-11
1.05723152e+00 -7.32181735e-11
1.05878856e+00 -7.72115146e-11
1.06034560e+00 -8.13069337e-11
1.06190265e+00 -8.55039669e-11
1.06345969e+00 -8.98021502e-11
1.06501673e+00 -9.42014836e-11
1.06657377e+00 -9.87017351e-11
1.06813081e+00 -1.03301745e-10
1.06968786e+00 -1.08001745e-10
1.07124490e+00 -1.12800806e-10
1.07280194e+00 -1.17698699e-10
1.07435898e+00 -1.22695189e-10
1.07591602e+00 -1.27789581e-10
1.07747307e+00 -1.32980716e-10
1.07903011e+00 -1.38269288e-10
1.08058715e+00 -1.43653907e-10
1.08214419e+00 -1.49134572e-10
1.08370123e+00 -1.54710588e-10
1.08525828e+00 -1.60381257e-10
1.08681532e+00 -1.66146001e-10
1.08837236e+00 -1.72004703e-10
1.08992940e+00 -1.77956319e-10
1.09148644e+00 -1.84000502e-10
1.09304349e+00 -1.90137019e-10
1.09460053e+00 -1.96364594e-10
1.09615757e+00 -2.02682879e-10
1.09771461e+00 -2.09091759e-10
1.09927165e+00 -2.15590189e-10
1.10082870e+00 -2.22177009e-10
1.10238574e+00 -2.28852916e-10
1.10394278e+00 -2.35615937e-10
1.10549982e+00 -2.42466420e-10
1.10705686e+00 -2.49402858e-10
1.10861391e+00 -2.56425482e-10
1.11017095e+00 -2.63533017e-10
1.11172799e+00 -2.70724418e-10
1.11328503e+00 -2.77999801e-10
1.11484207e+00 -2.85358587e-10
1.11639912e+00 -2.92799499e-10
1.11795616e+00 -3.00321494e-10
1.11951320e+00 -3.07924456e-10
1.12107024e+00 -3.15607803e-10
1.12262728e+00 -3.23370262e-10
1.12418433e+00 -3.31211946e-10
1.12574137e+00 -3.39130538e-10
1.12729841e+00 -3.47126848e-10
1.12885545e+00 -3.55199832e-10
1.13041249e+00 -3.63347519e-10
1.13196954e+00 -3.71570721e-10
1.13352658e+00 -3.79867465e-10
1.13508362e+00 -3.88237868e-10
1.13664066e+00 -3.96680189e-10
1.13819770e+00 -4.05194430e-10
1.13975475e+00 -4.13779660e-10
1.14131179e+00 -4.22434490e-10
1.14286883e+00 -4.31159034e-10
1.14442587e+00 -4.39951785e-10
1.14598291e+00 -4.48811351e-10
1.14753996e+00 -4.57737963e-10
1.14909700e+00 -4.66730578e-10
1.15065404e+00 -4.75787456e-10
1.15221108e+00 -4.84909061e-10
1.15376812e+00 -4.94093305e-10
1.15532517e+00 -5.03339839e-10
1.15688221e+00 -5.12647968e-10
1.15843925e+00 -5.22016880e-10
1.15999629e+00 -5.31445531e-10
1.16155333e+00 -5.40932181e-10
1.16311038e+00 -5.50476946e-10
1.16466742e+00 -5.60079130e-10
1.16622446e+00 -5.69736413e-10
1.16778150e+00 -5.79449258e-10
1.16933854e+00 -5.89215927e-10
1.17089559e+00 -5.99036303e-10
1.17245263e+00 -6.08908181e-10
1.17400967e+00 -6.18832027e-10
1.17556671e+00 -6.28805752e-10
1.17712375e+00 -6.38829240e-10
1.17868080e+00 -6.48900751e-10
1.18023784e+00 -6.59019821e-10
1.18179488e+00 -6.69185522e-10
1.18335192e+00 -6.79396810e-10
1.18490896e+00 -6.89652410e-10
1.18646601e+00 -6.99951624e-10
1.18802305e+00 -7.10293526e-10
1.18958009e+00 -7.20676955e-10
1.19113713e+00 -7.31100983e-10
1.19269417e+00 -7.41564683e-10
1.19425122e+00 -7.52066430e-10
1.19580826e+00 -7.62606456e-10
1.19736530e+00 -7.73183137e-10
1.19892234e+00 -7.83794966e-10
1.20047938e+00 -7.94441826e-10
1.20203643e+00 -8.05121746e-10
1.20359347e+00 -8.15834377e-10
1.20515051e+00 -8.26578211e-10
1.20670755e+00 -8.37352669e-10
1.20826459e+00 -8.48156822e-10
1.20982164e+00 -8.58989047e-10
1.21137868e+00 -8.69848299e-10
1.21293572e+00 -8.80734694e-10
1.21449276e+00 -8.91646030e-10
1.21604980e+00 -9.02581492e-10
1.21760685e+00 -9.13539923e-10
1.21916389e+00 -9.24520857e-10
1.22072093e+00 -9.35523018e-10
1.22227797e+00 -9.46545015e-10
1.22383501e+00 -9.57585572e-10
1.22539206e+00 -9.68644224e-10
1.22694910e+00 -9.79719580e-10
1.22850614e+00 -9.90811176e-10
1.23006318e+00 -1.00191750e-09
1.23162022e+00 -1.01303740e-09
1.23317727e+00 -1.02416995e-09
1.23473431e+00 -1.03531362e-09
1.23629135e+00 -1.04646821e-09
1.23784839e+00 -1.05763184e-09
1.23940543e+00 -1.06880440e-09
1.24096248e+00 -1.07998357e-09
1.24251952e+00 -1.09116924e-09
1.24407656e+00 -1.10236013e-09
1.24563360e+00 -1.11355520e-09
1.24719064e+00 -1.12475282e-09
1.24874769e+00 -1.13595276e-09
1.25030473e+00 -1.14715339e-09
1.25186177e+00 -1.15835367e-09
1.25341881e+00 -1.16955280e-09
1.25497585e+00 -1.18074949e-09
1.25653290e+00 -1.19194293e-09
1.25808994e+00 -1.20313162e-09
1.25964698e+00 -1.21431474e-09
1.26120402e+00 -1.22549113e-09
1.26276106e+00 -1.23666009e-09
1.26431811e+00 -1.24782013e-09
1.26587515e+00 -1.25896995e-09
1.26743219e+00 -1.27010934e-09
1.26898923e+00 -1.28123713e-09
1.27054627e+00 -1.29235065e-09
1.27210332e+00 -1.30345071e-09
1.27366036e+00 -1.31453546e-09
1.27521740e+00 -1.32560421e-09
1.27677444e+00 -1.33665544e-09
1.27833148e+00 -1.34768834e-09
1.27988853e+00 -1.35870198e-09
1.28144557e+00 -1.36969475e-09
1.28300261e+00 -1.38066640e-09
1.28455965e+00 -1.39161497e-09
1.28611669e+00 -1.40254069e-09
1.28767374e+00 -1.41344124e-09
1.28923078e+00 -1.42431592e-09
1.29078782e+00 -1.43516392e-09
1.29234486e+00 -1.44598443e-09
1.29390190e+00 -1.45677628e-09
1.29545895e+00 -1.46753752e-09
1.29701599e+00 -1.47826825e-09
1.29857303e+00 -1.48896742e-09
1.30013007e+00 -1.49963319e-09
1.30168711e+00 -1.51026485e-09
1.30324416e+00 -1.52086172e-09
1.30480120e+00 -1.53142297e-09
1.30635824e+00 -1.54194711e-09
1.30791528e+00 -1.55243308e-09
1.30947232e+00 -1.56288007e-09
1.31102937e+00 -1.57328693e-09
1.31258641e+00 -1.58365296e-09
1.31414345e+00 -1.59397689e-09
1.31570049e+00 -1.60425766e-09
1.31725753e+00 -1.61449493e-09
1.31881458e+00 -1.62468673e-09
1.32037162e+00 -1.63483294e-09
1.32192866e+00 -1.64493218e-09
1.32348570e+00 -1.65498350e-09
1.32504274e+00 -1.66498565e-09
1.32659979e+00 -1.67493873e-09
1.32815683e+00 -1.68484053e-09
1.32971387e+00 -1.69469095e-09
1.33127091e+00 -1.70448882e-09
1.33282795e+00 -1.71423264e-09
1.33438500e+00 -1.72392252e-09
1.33594204e+00 -1.73355672e-09
1.33749908e+00 -1.74313466e-09
1.33905612e+00 -1.75265518e-09
1.34061316e+00 -1.76211747e-09
1.34217021e+00 -1.77152095e-09
1.34372725e+00 -1.78086411e-09
1.34528429e+00 -1.79014683e-09
1.34684133e+00 -1.79936773e-09
1.34839837e+00 -1.80852588e-09
1.34995542e+00 -1.81762022e-09
1.35151246e+00 -1.82665042e-09
1.35306950e+00 -1.83561555e-09
1.35462654e+00 -1.84451443e-09
1.35618358e+00 -1.85334651e-09
1.35774063e+00 -1.86211038e-09
1.35929767e+00 -1.87080604e-09
1.36085471e+00 -1.87943210e-09
1.36241175e+00 -1.88798740e-09
1.36396879e+00 -1.89647241e-09
1.36552584e+00 -1.90488492e-09
1.36708288e+00 -1.91322482e-09
1.36863992e+00 -1.92149128e-09
1.37019696e+00 -1.92968340e-09
1.37175400e+00 -1.93780035e-09
1.37331105e+00 -1.94584132e-09
1.37486809e+00 -1.95380561e-09
1.37642513e+00 -1.96169288e-09
1.37798217e+00 -1.96950139e-09
1.37953921e+00 -1.97723172e-09
1.38109626e+00 -1.98488201e-09
1.38265330e+00 -1.99245202e-09
1.38421034e+00 -1.99994038e-09
1.38576738e+00 -2.00734707e-09
1.38732442e+00 -2.01467187e-09
1.38888147e+00 -2.02191315e-09
1.39043851e+00 -2.02907057e-09
1.39199555e+00 -2.03614307e-09
1.39355259e+00 -2.04313055e-09
1.39510963e+00 -2.05003218e-09
1.39666668e+00 -2.05684648e-09
1.39822372e+00 -2.06357400e-09
1.39978076e+00 -2.07021372e-09
1.40133780e+00 -2.07676481e-09
1.40289484e+00 -2.08322682e-09
1.40445189e+00 -2.08959904e-09
1.40600893e+00 -2.09588056e-09
1.40756597e+00 -2.10207113e-09
1.40912301e+00 -2.10817052e-09
1.41068005e+00 -2.11417736e-09
1.41223710e+00 -2.12009162e-09
1.41379414e+00 -2.12591216e-09
1.41535118e+00 -2.13163920e-09
1.41690822e+00 -2.13727194e-09
1.41846526e+00 -2.14280921e-09
1.42002231e+00 -2.14825148e-09
1.42157935e+00 -2.15359736e-09
1.42313639e+00 -2.15884719e-09
1.42469343e+00 -2.16399958e-09
1.42625047e+00 -2.16905477e-09
1.42780752e+00 -2.17401158e-09
1.42936456e+00 -2.17887039e-09
1.43092160e+00 -2.18363001e-09
1.43247864e+00 -2.18828999e-09
1.43403568e+00 -2.19285033e-09
1.43559273e+00 -2.19731068e-09
1.43714977e+00 -2.20166964e-09
1.43870681e+00 -2.20592804e-09
1.44026385e+00 -2.21008459e-09
1.44182089e+00 -2.21413964e-09
1.44337794e+00 -2.21809192e-09
1.44493498e+00 -2.22194177e-09
1.44649202e+00 -2.22568838e-09
1.44804906e+00 -2.22933187e-09
1.44960610e+00 -2.23287097e-09
1.45116315e+00 -2.23630636e-09
1.45272019e+00 -2.23963758e-09
1.45427723e+00 -2.24286372e-09
1.45583427e+00 -2.24598475e-09
1.45739131e+00 -2.24900081e-09
1.45894836e+00 -2.25191085e-09
1.46050540e+00 -2.25471463e-09
1.46206244e+00 -2.25741286e-09
1.46361948e+00 -2.26000425e-09
1.46517652e+00 -2.26248904e-09
1.46673357e+00 -2.26486734e-09
1.46829061e+00 -2.26713788e-09
1.46984765e+00 -2.26930148e-09
1.47140469e+00 -2.27135719e-09
1.47296173e+00 -2.27330549e-09
1.47451878e+00 -2.27514533e-09
1.47607582e+00 -2.27687729e-09
1.47763286e+00 -2.27850115e-09
1.47918990e+00 -2.28001596e-09
1.48074694e+00 -2.28142255e-09
1.48230399e+00 -2.28272045e-09
1.48386103e+00 -2.28390908e-09
1.48541807e+00 -2.28498879e-09
1.48697511e+00 -2.28596016e-09
1.48853215e+00 -2.28682155e-09
1.49008920e+00 -2.28757415e-09
1.49164624e+00 -2.28821712e-09
1.49320328e+00 -2.28875095e-09
1.49476032e+00 -2.28917515e-09
1.49631736e+00 -2.28948950e-09
1.49787441e+00 -2.28969482e-09
1.49943145e+00 -2.28979029e-09
1.50098849e+00 -2.28977625e-09
1.50254553e+00 -2.28965295e-09
1.50410257e+00 -2.28942037e-09
1.50565962e+00 -2.28907748e-09
1.50721666e+00 -2.28862532e-09
1.50877370e+00 -2.28806412e-09
1.51033074e+00 -2.28739296e-09
1.51188778e+00 -2.28661276e-09
1.51344483e+00 -2.28572364e-09
1.51500187e+00 -2.28472524e-09
1.51655891e+00 -2.28361746e-09
1.51811595e+00 -2.28240065e-09
1.51967299e+00 -2.28107560e-09
1.52123004e+00 -2.27964129e-09
1.52278708e+00 -2.27809852e-09
1.52434412e+00 -2.27644764e-09
1.52590116e+00 -2.27468795e-09
1.52745820e+00 -2.27282073e-09
1.52901525e+00 -2.27084517e-09
1.53057229e+00 -2.26876197e-09
1.53212933e+00 -2.26657089e-09
1.53368637e+00 -2.26427332e-09
1.53524341e+00 -2.26186776e-09
1.53680046e+00 -2.25935582e-09
1.53835750e+00 -2.25673682e-09
1.53991454e+00 -2.25401192e-09
1.54147158e+00 -2.25118053e-09
1.54302862e+00 -2.24824346e-09
1.54458567e+00 -2.24520096e-09
1.54614271e+00 -2.24205301e-09
1.54769975e+00 -2.23880031e-09
1.54925679e+00 -2.23544241e-09
1.55081383e+00 -2.23198057e-09
1.55237088e+00 -2.22841433e-09
1.55392792e+00 -2.22474509e-09
1.55548496e+00 -2.22097191e-09
1.55704200e+00 -2.21709596e-09
1.55859904e+00 -2.21311747e-09
1.56015609e+00 -2.20903678e-09
1.56171313e+00 -2.20485413e-09
1.56327017e+00 -2.20056998e-09
1.56482721e+00 -2.19618526e-09
1.56638425e+00 -2.19169940e-09
1.56794130e+00 -2.18711342e-09
1.56949834e+00 -2.18242815e-09
1.57105538e+00 -2.17764371e-09
1.57261242e+00 -2.17275974e-09
1.57416946e+00 -2.16777763e-09
1.57572651e+00 -2.16269774e-09
1.57728355e+00 -2.15752075e-09
1.57884059e+00 -2.15224668e-09
1.58039763e+00 -2.14687633e-09
1.58195467e+00 -2.14140993e-09
1.58351172e+00 -2.13584807e-09
1.58506876e+00 -2.13019167e-09
1.58662580e+00 -2.12444038e-09
1.58818284e+00 -2.11859583e-09
1.58973988e+00 -2.11265767e-09
1.59129693e+00 -2.10662729e-09
1.59285397e+00 -2.10050516e-09
1.59441101e+00 -2.09429127e-09
1.59596805e+00 -2.08798644e-09
1.59752509e+00 -2.08159136e-09
1.59908214e+00 -2.07510627e-09
1.60063918e+00 -2.06853291e-09
1.60219622e+00 -2.06187046e-09
1.60375326e+00 -2.05512124e-09
1.60531030e+00 -2.04828386e-09
1.60686735e+00 -2.04136100e-09
1.60842439e+00 -2.03435195e-09
1.60998143e+00 -2.02725764e-09
1.61153847e+00 -2.02007899e-09
1.61309551e+00 -2.01281649e-09
1.61465256e+00 -2.00547116e-09
1.61620960e+00 -1.99804289e-09
1.61776664e+00 -1.99053342e-09
1.61932368e+00 -1.98294299e-09
1.62088072e+00 -1.97527252e-09
1.62243777e+00 -1.96752224e-09
1.62399481e+00 -1.95969366e-09
1.62555185e+00 -1.95178690e-09
1.62710889e+00 -1.94380254e-09
1.62866593e+00 -1.93574208e-09
1.63022298e+00 -1.92760599e-09
1.63178002e+00 -1.91939520e-09
1.63333706e+00 -1.91111006e-09
1.63489410e+00 -1.90275137e-09
1.63645114e+00 -1.89432054e-09
1.63800819e+00 -1.88581755e-09
1.63956523e+00 -1.87724392e-09
1.64112227e+00 -1.86860022e-09
1.64267931e+00 -1.85988739e-09
1.64423635e+00 -1.85110566e-09
1.64579340e+00 -1.84225677e-09
1.64735044e+00 -1.83334083e-09
1.64890748e+00 -1.82435935e-09
1.65046452e+00 -1.81531256e-09
1.65202156e+00 -1.80620175e-09
1.65357861e+00 -1.79702748e-09
1.65513565e+00 -1.78779057e-09
1.65669269e+00 -1.77849265e-09
1.65824973e+00 -1.76913395e-09
1.65980678e+00 -1.75971562e-09
1.66136382e+00 -1.75023813e-09
1.66292086e+00 -1.74070288e-09
1.66447790e+00 -1.73111067e-09
1.66603494e+00 -1.72146232e-09
1.66759199e+00 -1.71175887e-09
1.66914903e+00 -1.70200067e-09
1.67070607e+00 -1.69218981e-09
1.67226311e+00 -1.68232628e-09
1.67382015e+00 -1.67241113e-09
1.67537720e+00 -1.66244588e-09
1.67693424e+00 -1.65243086e-09
1.67849128e+00 -1.64236712e-09
1.68004832e+00 -1.63225535e-09
1.68160536e+00 -1.62209824e-09
1.68316241e+00 -1.61189437e-09
1.68471945e+00 -1.60164608e-09
1.68627649e+00 -1.59135383e-09
1.68783353e+00 -1.58101946e-09
1.68939057e+00 -1.57064265e-09
1.69094762e+00 -1.56022535e-09
1.69250466e+00 -1.54976861e-09
1.69406170e+00 -1.53927289e-09
1.69561874e+00 -1.52873959e-09
1.69717578e+00 -1.51816918e-09
1.69873283e+00 -1.50756326e-09
1.70028987e+00 -1.49692278e-09
1.70184691e+00 -1.48624832e-09
1.70340395e+00 -1.47554137e-09
1.70496099e+00 -1.46480252e-09
1.70651804e+00 -1.45403317e-09
1.70807508e+00 -1.44323412e-09
1.70963212e+00 -1.43240665e-09
1.71118916e+00 -1.42155157e-09
1.71274620e+00 -1.41067005e-09
1.71430325e+00 -1.39976324e-09
1.71586029e+00 -1.38883160e-09
1.71741733e+00 -1.37787712e-09
1.71897437e+00 -1.36690001e-09
1.72053141e+00 -1.35590168e-09
1.72208846e+00 -1.34488305e-09
1.72364550e+00 -1.33384527e-09
1.72520254e+00 -1.32278975e-09
1.72675958e+00 -1.31171672e-09
1.72831662e+00 -1.30062837e-09
1.72987367e+00 -1.28952424e-09
1.73143071e+00 -1.27840678e-09
1.73298775e+00 -1.26727633e-09
1.73454479e+00 -1.25613416e-09
1.73610183e+00 -1.24498143e-09
1.73765888e+00 -1.23381907e-09
1.73921592e+00 -1.22264848e-09
1.74077296e+00 -1.21147001e-09
1.74233000e+00 -1.20028550e-09
1.74388704e+00 -1.18909565e-09
1.74544409e+00 -1.17790140e-09
1.74700113e+00 -1.16670389e-09
1.74855817e+00 -1.15550465e-09
1.75011521e+00 -1.14430402e-09
1.75167225e+00 -1.13310315e-09
1.75322930e+00 -1.12190380e-09
1.75478634e+00 -1.11070641e-09
1.75634338e+00 -1.09951274e-09
1.75790042e+00 -1.08832347e-09
1.75945746e+00 -1.07713896e-09
1.76101451e+00 -1.06596118e-09
1.76257155e+00 -1.05479117e-09
1.76412859e+00 -1.04362939e-09
1.76568563e+00 -1.03247771e-09
1.76724267e+00 -1.02133635e-09
1.76879972e+00 -1.01020706e-09
1.77035676e+00 -9.99090405e-10
1.77191380e+00 -9.87988137e-10
1.77347084e+00 -9.76900601e-10
1.77502788e+00 -9.65829073e-10
1.77658493e+00 -9.54774945e-10
1.77814197e+00 -9.43738680e-10
1.77969901e+00 -9.32721439e-10
1.78125605e+00 -9.21725077e-10
1.78281309e+00 -9.10749711e-10
1.78437014e+00 -8.99796849e-10
1.78592718e+00 -8.88867302e-10
1.78748422e+00 -8.77962463e-10
1.78904126e+00 -8.67083375e-10
1.79059830e+00 -8.56230387e-10
1.79215535e+00 -8.45405354e-10
1.79371239e+00 -8.34608856e-10
1.79526943e+00 -8.23841939e-10
1.79682647e+00 -8.13105528e-10
1.79838351e+00 -8.02401365e-10
1.79994056e+00 -7.91729797e-10
1.80149760e+00 -7.81091985e-10
1.80305464e+00 -7.70488856e-10
1.80461168e+00 -7.59921686e-10
1.80616872e+00 -7.49391404e-10
1.80772577e+00 -7.38899053e-10
1.80928281e+00 -7.28445329e-10
1.81083985e+00 -7.18031277e-10
1.81239689e+00 -7.07658520e-10
1.81395393e+00 -6.97327521e-10
1.81551098e+00 -6.87038863e-10
1.81706802e+00 -6.76794631e-10
1.81862506e+00 -6.66594826e-10
1.82018210e+00 -6.56440841e-10
1.82173914e+00 -6.46333835e-10
1.82329619e+00 -6.36274156e-10
1.82485323e+00 -6.26263312e-10
1.82641027e+00 -6.16302463e-10
1.82796731e+00 -6.06391957e-10
1.82952435e+00 -5.96532606e-10
1.83108140e+00 -5.86726382e-10
1.83263844e+00 -5.76972937e-10
1.83419548e+00 -5.67274359e-10
1.83575252e+00 -5.57630648e-10
1.83730956e+00 -5.48043428e-10
1.83886661e+00 -5.38513279e-10
1.84042365e+00 -5.29040781e-10
1.84198069e+00 -5.19627905e-10
1.84353773e+00 -5.10274537e-10
1.84509477e+00 -5.00981951e-10
1.84665182e+00 -4.91751193e-10
1.84820886e+00 -4.82582725e-10
1.84976590e+00 -4.73477244e-10
1.85132294e+00 -4.64437069e-10
1.85287998e+00 -4.55460462e-10
1.85443703e+00 -4.46551133e-10
1.85599407e+00 -4.37708039e-10
1.85755111e+00 -4.28933152e-10
1.85910815e+00 -4.20226587e-10
1.86066519e+00 -4.11588925e-10
1.86222224e+00 -4.03022022e-10
1.86377928e+00 -3.94525646e-10
1.86533632e+00 -3.86101536e-10
1.86689336e+00 -3.77749345e-10
1.86845040e+00 -3.69471508e-10
1.87000745e+00 -3.61267446e-10
1.87156449e+00 -3.53138551e-10
1.87312153e+00 -3.45085054e-10
1.87467857e+00 -3.37108348e-10
1.87623561e+00 -3.29208896e-10
1.87779266e+00 -3.21387627e-10
1.87934970e+00 -3.13645004e-10
1.88090674e+00 -3.05981956e-10
1.88246378e+00 -2.98399642e-10
1.88402082e+00 -2.90897599e-10
1.88557787e+00 -2.83477798e-10
1.88713491e+00 -2.76140356e-10
1.88869195e+00 -2.68885968e-10
1.89024899e+00 -2.61715447e-10
1.89180603e+00 -2.54630068e-10
1.89336308e+00 -2.47629019e-10
1.89492012e+00 -2.40714273e-10
1.89647716e+00 -2.33886061e-10
1.89803420e+00 -2.27145312e-10
1.89959124e+00 -2.20492025e-10
1.90114829e+00 -2.13927476e-10
1.90270533e+00 -2.07452014e-10
1.90426237e+00 -2.01066102e-10
1.90581941e+00 -1.94770668e-10
1.90737645e+00 -1.88566176e-10
1.90893350e+00 -1.82453323e-10
1.91049054e+00 -1.76432340e-10
1.91204758e+00 -1.70504155e-10
1.91360462e+00 -1.64669465e-10
1.91516166e+00 -1.58928269e-10
1.91671871e+00 -1.53281611e-10
1.91827575e+00 -1.47730071e-10
1.91983279e+00 -1.42273765e-10
1.92138983e+00 -1.36913506e-10
1.92294687e+00 -1.31649641e-10
1.92450392e+00 -1.26482634e-10
1.92606096e+00 -1.21413413e-10
1.92761800e+00 -1.16442210e-10
1.92917504e+00 -1.11569374e-10
1.93073208e+00 -1.06795367e-10
1.93228913e+00 -1.02120887e-10
1.93384617e+00 -9.75465128e-11
1.93540321e+00 -9.30714328e-11
1.93696025e+00 -8.86976189e-11
1.93851729e+00 -8.44251871e-11
1.94007434e+00 -8.02536734e-11
1.94163138e+00 -7.61844698e-11
1.94318842e+00 -7.22175763e-11
1.94474546e+00 -6.83531088e-11
1.94630250e+00 -6.45922274e-11
1.94785955e+00 -6.09340041e-11
1.94941659e+00 -5.73799468e-11
1.95097363e+00 -5.39298236e-11
1.95253067e+00 -5.05845624e-11
1.95408771e+00 -4.73436992e-11
1.95564476e+00 -4.42082781e-11
1.95720180e+00 -4.11777190e-11
1.95875884e+00 -3.82529499e-11
1.96031588e+00 -3.54339708e-11
1.96187292e+00 -3.27213617e-11
1.96342997e+00 -3.01154707e-11
1.96498701e+00 -2.76162976e-11
1.96654405e+00 -2.52236105e-11
1.96810109e+00 -2.29384534e-11
1.96965813e+00 -2.07607103e-11
1.97121518e+00 -1.86903811e-11
1.97277222e+00 -1.67281620e-11
1.97432926e+00 -1.48738208e-11
1.97588630e+00 -1.31275896e-11
1.97744334e+00 -1.14897003e-11
1.97900039e+00 -9.96038502e-12
1.98055743e+00 -8.53987569e-12
1.98211447e+00 -7.22840431e-12
1.98367151e+00 -6.02527489e-12
1.98522855e+00 -4.93141543e-12
1.98678560e+00 -3.94670991e-12
1.98834264e+00 -3.07081035e-12
1.98989968e+00 -2.30441274e-12
1.99145672e+00 -1.64751707e-12
1.99301376e+00 -1.10000735e-12
1.99457081e+00 -6.62115571e-13
1.99612785e+00 -3.33493740e-13
1.99768489e+00 -1.14489851e-13
1.99924193e+00 -5.21990201e-15
2.00079897e+00 -5.68389330e-15
2.00235602e+00 -1.15881825e-13
2.00391306e+00 -3.35117709e-13
2.00547010e+00 -6.64319529e-13
2.00702714e+00 -1.10279130e-12
2.00858418e+00 -1.65076501e-12
2.01014123e+00 -2.30847266e-12
2.01169827e+00 -3.07545027e-12
2.01325531e+00 -3.95158182e-12
2.01481235e+00 -4.93709932e-12
2.01636939e+00 -6.03177077e-12
2.01792644e+00 -7.23548017e-12
2.01948348e+00 -8.54799553e-12
2.02104052e+00 -9.96920085e-12
2.02259756e+00 -1.14992121e-11
2.02415460e+00 -1.31379134e-11
2.02571165e+00 -1.48847246e-11
2.02726869e+00 -1.67397618e-11
2.02882573e+00 -1.87023289e-11
2.03038277e+00 -2.07734700e-11
2.03193981e+00 -2.29520251e-11
2.03349686e+00 -2.52375302e-11
2.03505390e+00 -2.76305653e-11
2.03661094e+00 -3.01305504e-11
2.03816798e+00 -3.27373694e-11
2.03972502e+00 -3.54502105e-11
2.04128207e+00 -3.82697696e-11
2.04283911e+00 -4.11953507e-11
2.04439615e+00 -4.42260258e-11
2.04595319e+00 -4.73622589e-11
2.04751023e+00 -5.06037020e-11
2.04906728e+00 -5.39498912e-11
2.05062432e+00 -5.74004785e-11
2.05218136e+00 -6.09549997e-11
2.05373840e+00 -6.46133391e-11
2.05529544e+00 -6.83750324e-11
2.05685249e+00 -7.22400799e-11
2.05840953e+00 -7.62076694e-11
2.05996657e+00 -8.02776850e-11
2.06152361e+00 -8.44493147e-11
2.06308065e+00 -8.87229065e-11
2.06463770e+00 -9.30969523e-11
2.06619474e+00 -9.75719163e-11
2.06775178e+00 -1.02147102e-10
2.06930882e+00 -1.06822511e-10
2.07086586e+00 -1.11597213e-10
2.07242291e+00 -1.16470746e-10
2.07397995e+00 -1.21442412e-10
2.07553699e+00 -1.26512445e-10
2.07709403e+00 -1.31679916e-10
2.07865107e+00 -1.36944129e-10
2.08020812e+00 -1.42304969e-10
2.08176516e+00 -1.47761622e-10
2.08332220e+00 -1.53313974e-10
2.08487924e+00 -1.58961444e-10
2.08643628e+00 -1.64702756e-10
2.08799333e+00 -1.70538027e-10
2.08955037e+00 -1.76466907e-10
2.09110741e+00 -1.82488586e-10
2.09266445e+00 -1.88601903e-10
2.09422149e+00 -1.94806859e-10
2.09577854e+00 -2.01103221e-10
2.09733558e+00 -2.07489133e-10
2.09889262e+00 -2.13965291e-10
2.10044966e+00 -2.20530768e-10
2.10200670e+00 -2.27184171e-10
2.10356375e+00 -2.33925965e-10
2.10512079e+00 -2.40754524e-10
2.10667783e+00 -2.47669387e-10
2.10823487e+00 -2.54670783e-10
2.10979191e+00 -2.61757090e-10
2.11134896e+00 -2.68928076e-10
2.11290600e+00 -2.76182579e-10
2.11446304e+00 -2.83520254e-10
2.11602008e+00 -2.90940982e-10
2.11757712e+00 -2.98443026e-10
2.11913417e+00 -3.06026035e-10
2.12069121e+00 -3.13689547e-10
2.12224825e+00 -3.21432170e-10
2.12380529e+00 -3.29254135e-10
2.12536233e+00 -3.37153819e-10
2.12691938e+00 -3.45130757e-10
2.12847642e+00 -3.53184718e-10
2.13003346e+00 -3.61314077e-10
2.13159050e+00 -3.69518603e-10
2.13314754e+00 -3.77797368e-10
2.13470459e+00 -3.86149211e-10
2.13626163e+00 -3.94573785e-10
2.13781867e+00 -4.03070509e-10
2.13937571e+00 -4.11638225e-10
2.14093275e+00 -4.20276118e-10
2.14248980e+00 -4.28983147e-10
2.14404684e+00 -4.37758498e-10
2.14560388e+00 -4.46601940e-10
2.14716092e+00 -4.55512197e-10
2.14871796e+00 -4.64488108e-10
2.15027501e+00 -4.73529211e-10
2.15183205e+00 -4.82634576e-10
2.15338909e+00 -4.91803740e-10
2.15494613e+00 -5.01034846e-10
2.15650317e+00 -5.10327664e-10
2.15806022e+00 -5.19681612e-10
2.15961726e+00 -5.29095184e-10
2.16117430e+00 -5.38567798e-10
2.16273134e+00 -5.48098179e-10
2.16428838e+00 -5.57685631e-10
2.16584543e+00 -5.67330038e-10
2.16740247e+00 -5.77028500e-10
2.16895951e+00 -5.86781829e-10
2.17051655e+00 -5.96588981e-10
2.17207359e+00 -6.06448332e-10
2.17363064e+00 -6.16359069e-10
2.17518768e+00 -6.26320730e-10
2.17674472e+00 -6.36331575e-10
2.17830176e+00 -6.46391022e-10
2.17985880e+00 -6.56498724e-10
2.18141585e+00 -6.66652941e-10
2.18297289e+00 -6.76852746e-10
2.18452993e+00 -6.87097558e-10
2.18608697e+00 -6.97385868e-10
2.18764401e+00 -7.07717214e-10
2.18920106e+00 -7.18090436e-10
2.19075810e+00 -7.28504488e-10
2.19231514e+00 -7.38958444e-10
2.19387218e+00 -7.49451143e-10
2.19542922e+00 -7.59981889e-10
2.19698627e+00 -7.70549291e-10
2.19854331e+00 -7.81152652e-10
2.20010035e+00 -7.91790580e-10
2.20165739e+00 -8.02462496e-10
2.20321443e+00 -8.13166659e-10
2.20477148e+00 -8.23903069e-10
2.20632852e+00 -8.34670103e-10
2.20788556e+00 -8.45467065e-10
2.20944260e+00 -8.56292561e-10
2.21099964e+00 -8.67145202e-10
2.21255669e+00 -8.78024753e-10
2.21411373e+00 -8.88929941e-10
2.21567077e+00 -8.99859719e-10
2.21722781e+00 -9.10812582e-10
2.21878485e+00 -9.21787716e-10
2.22034190e+00 -9.32784541e-10
2.22189894e+00 -9.43801783e-10
2.22345598e+00 -9.54837815e-10
2.22501302e+00 -9.65892176e-10
2.22657006e+00 -9.76963704e-10
2.22812711e+00 -9.88051472e-10
2.22968415e+00 -9.99153855e-10
2.23124119e+00 -1.01027085e-09
2.23279823e+00 -1.02140027e-09
2.23435527e+00 -1.03254104e-09
2.23591232e+00 -1.04369331e-09
2.23746936e+00 -1.05485497e-09
2.23902640e+00 -1.06602498e-09
2.24058344e+00 -1.07720287e-09
2.24214048e+00 -1.08838680e-09
2.24369753e+00 -1.09957665e-09
2.24525457e+00 -1.11077032e-09
2.24681161e+00 -1.12196771e-09
2.24836865e+00 -1.13316707e-09
2.24992569e+00 -1.14436759e-09
2.25148274e+00 -1.15556810e-09
2.25303978e+00 -1.16676746e-09
2.25459682e+00 -1.17796496e-09
2.25615386e+00 -1.18915887e-09
2.25771090e+00 -1.20034906e-09
2.25926795e+00 -1.21153369e-09
2.26082499e+00 -1.22271193e-09
2.26238203e+00 -1.23388241e-09
2.26393907e+00 -1.24504488e-09
2.26549611e+00 -1.25619737e-09
2.26705316e+00 -1.26733954e-09
2.26861020e+00 -1.27846988e-09
2.27016724e+00 -1.28958735e-09
2.27172428e+00 -1.30069066e-09
2.27328132e+00 -1.31177959e-09
2.27483837e+00 -1.32285251e-09
2.27639541e+00 -1.33390826e-09
2.27795245e+00 -1.34494545e-09
2.27950949e+00 -1.35596443e-09
2.28106653e+00 -1.36696230e-09
2.28262358e+00 -1.37793918e-09
2.28418062e+00 -1.38889424e-09
2.28573766e+00 -1.39982541e-09
2.28729470e+00 -1.41073176e-09
2.28885174e+00 -1.42161328e-09
2.29040879e+00 -1.43246825e-09
2.29196583e+00 -1.44329548e-09
2.29352287e+00 -1.45409430e-09
2.29507991e+00 -1.46486377e-09
2.29663695e+00 -1.47560227e-09
2.29819400e+00 -1.48630898e-09
2.29975104e+00 -1.49698322e-09
2.30130808e+00 -1.50762347e-09
2.30286512e+00 -1.51822973e-09
2.30442216e+00 -1.52879968e-09
2.30597921e+00 -1.53933275e-09
2.30753625e+00 -1.54982835e-09
2.30909329e+00 -1.56028485e-09
2.31065033e+00 -1.57070192e-09
2.31220737e+00 -1.58107804e-09
2.31376442e+00 -1.59141310e-09
2.31532146e+00 -1.60170431e-09
2.31687850e+00 -1.61195226e-09
2.31843554e+00 -1.62215577e-09
2.31999258e+00 -1.63231324e-09
2.32154963e+00 -1.64242442e-09
2.32310667e+00 -1.65248769e-09
2.32466371e+00 -1.66250225e-09
2.32622075e+00 -1.67246728e-09
2.32777779e+00 -1.68238196e-09
2.32933484e+00 -1.69224514e-09
2.33089188e+00 -1.70205577e-09
2.33244892e+00 -1.71181316e-09
2.33400596e+00 -1.72151684e-09
2.33556300e+00 -1.73116507e-09
2.33712005e+00 -1.74075693e-09
2.33867709e+00 -1.75029195e-09
2.34023413e+00 -1.75976874e-09
2.34179117e+00 -1.76918707e-09
2.34334821e+00 -1.77854578e-09
2.34490526e+00 -1.78784335e-09
2.34646230e+00 -1.79707968e-09
2.34801934e+00 -1.80625302e-09
2.34957638e+00 -1.81536349e-09
2.35113342e+00 -1.82441004e-09
2.35269047e+00 -1.83339117e-09
2.35424751e+00 -1.84230653e-09
2.35580455e+00 -1.85115508e-09
2.35736159e+00 -1.85993634e-09
2.35891863e+00 -1.86864917e-09
2.36047568e+00 -1.87729194e-09
2.36203272e+00 -1.88586534e-09
2.36358976e+00 -1.89436798e-09
2.36514680e+00 -1.90279847e-09
2.36670384e+00 -1.91115658e-09
2.36826089e+00 -1.91944137e-09
2.36981793e+00 -1.92765181e-09
2.37137497e+00 -1.93578802e-09
2.37293201e+00 -1.94384766e-09
2.37448905e+00 -1.95183110e-09
2.37604610e+00 -1.95973786e-09
2.37760314e+00 -1.96756585e-09
2.37916018e+00 -1.97531567e-09
2.38071722e+00 -1.98298591e-09
2.38227426e+00 -1.99057588e-09
2.38383131e+00 -1.99808488e-09
2.38538835e+00 -2.00551222e-09
2.38694539e+00 -2.01285697e-09
2.38850243e+00 -2.02011913e-09
2.39005947e+00 -2.02729707e-09
2.39161652e+00 -2.03439127e-09
2.39317356e+00 -2.04139974e-09
2.39473060e+00 -2.04832261e-09
2.39628764e+00 -2.05515882e-09
2.39784468e+00 -2.06190804e-09
2.39940173e+00 -2.06856956e-09
2.40095877e+00 -2.07514293e-09
2.40251581e+00 -2.08162674e-09
2.40407285e+00 -2.08802170e-09
2.40562989e+00 -2.09432572e-09
2.40718694e+00 -2.10053949e-09
2.40874398e+00 -2.10666093e-09
2.41030102e+00 -2.11269096e-09
2.41185806e+00 -2.11862796e-09
2.41341510e+00 -2.12447216e-09
2.41497215e+00 -2.13022252e-09
2.41652919e+00 -2.13587869e-09
2.41808623e+00 -2.14143986e-09
2.41964327e+00 -2.14690591e-09
2.42120031e+00 -2.15227580e-09
2.42275736e+00 -2.15754941e-09
2.42431440e+00 -2.16272627e-09
2.42587144e+00 -2.16780547e-09
2.42742848e+00 -2.17278688e-09
2.42898552e+00 -2.17766992e-09
2.43054257e+00 -2.18245414e-09
2.43209961e+00 -2.18713906e-09
2.43365665e+00 -2.19172422e-09
2.43521369e+00 -2.19620939e-09
2.43677073e+00 -2.20059411e-09
2.43832778e+00 -2.20487745e-09
2.43988482e+00 -2.20905940e-09
2.44144186e+00 -2.21313951e-09
2.44299890e+00 -2.21711754e-09
2.44455594e+00 -2.22099314e-09
2.44611299e+00 -2.22476550e-09
2.44767003e+00 -2.22843451e-09
2.44922707e+00 -2.23199994e-09
2.45078411e+00 -2.23546120e-09
2.45234115e+00 -2.23881818e-09
2.45389820e+00 -2.24207052e-09
2.45545524e+00 -2.24521778e-09
2.45701228e+00 -2.24825993e-09
2.45856932e+00 -2.25119619e-09
2.46012636e+00 -2.25402665e-09
2.46168341e+00 -2.25675098e-09
2.46324045e+00 -2.25936928e-09
2.46479749e+00 -2.26188040e-09
2.46635453e+00 -2.26428492e-09
2.46791157e+00 -2.26658283e-09
2.46946862e+00 -2.26877299e-09
2.47102566e+00 -2.27085538e-09
2.47258270e+00 -2.27283025e-09
2.47413974e+00 -2.27469711e-09
2.47569678e+00 -2.27645599e-09
2.47725383e+00 -2.27810675e-09
2.47881087e+00 -2.27964883e-09
2.48036791e+00 -2.28108233e-09
2.48192495e+00 -2.28240714e-09
2.48348199e+00 -2.28362280e-09
2.48503904e+00 -2.28472953e-09
2.48659608e+00 -2.28572770e-09
2.48815312e+00 -2.28661624e-09
2.48971016e+00 -2.28739598e-09
2.49126720e+00 -2.28806586e-09
2.49282425e+00 -2.28862671e-09
2.49438129e+00 -2.28907829e-09
2.49593833e+00 -2.28941991e-09
2.49749537e+00 -2.28965225e-09
2.49905241e+00 -2.28977521e-09
2.50060946e+00 -2.28978843e-09
2.50216650e+00 -2.28969215e-09
2.50372354e+00 -2.28948626e-09
2.50528058e+00 -2.28917097e-09
2.50683762e+00 -2.28874607e-09
2.50839467e+00 -2.28821237e-09
2.50995171e+00 -2.28756870e-09
2.51150875e+00 -2.28681552e-09
2.51306579e+00 -2.28595308e-09
2.51462283e+00 -2.28498160e-09
2.51617988e+00 -2.28390108e-09
2.51773692e+00 -2.28271164e-09
2.51929396e+00 -2.28141350e-09
2.52085100e+00 -2.28000622e-09
2.52240804e+00 -2.27849059e-09
2.52396509e+00 -2.27686662e-09
2.52552213e+00 -2.27513385e-09
2.52707917e+00 -2.27329296e-09
2.52863621e+00 -2.27134420e-09
2.53019325e+00 -2.26928802e-09
2.53175030e+00 -2.26712408e-09
2.53330734e+00 -2.26485250e-09
2.53486438e+00 -2.26247408e-09
2.53642142e+00 -2.25998871e-09
2.53797846e+00 -2.25739627e-09
2.53953551e+00 -2.25469712e-09
2.54109255e+00 -2.25189287e-09
2.54264959e+00 -2.24898214e-09
2.54420663e+00 -2.24596550e-09
2.54576367e+00 -2.24284365e-09
2.54732072e+00 -2.23961694e-09
2.54887776e+00 -2.23628548e-09
2.55043480e+00 -2.23284939e-09
2.55199184e+00 -2.22930914e-09
2.55354888e+00 -2.22566495e-09
2.55510593e+00 -2.22191787e-09
2.55666297e+00 -2.21806733e-09
2.55822001e+00 -2.21411447e-09
2.55977705e+00 -2.21005907e-09
2.56133409e+00 -2.20590159e-09
2.56289114e+00 -2.20164296e-09
2.56444818e+00 -2.19728272e-09
2.56600522e+00 -2.19282226e-09
2.56756226e+00 -2.18826145e-09
2.56911930e+00 -2.18360089e-09
2.57067635e+00 -2.17884034e-09
2.57223339e+00 -2.17398119e-09
2.57379043e+00 -2.16902368e-09
2.57534747e+00 -2.16396826e-09
2.57690451e+00 -2.15881494e-09
2.57846156e+00 -2.15356500e-09
2.58001860e+00 -2.14821854e-09
2.58157564e+00 -2.14277546e-09
2.58313268e+00 -2.13723726e-09
2.58468972e+00 -2.13160464e-09
2.58624677e+00 -2.12587713e-09
2.58780381e+00 -2.12005555e-09
2.58936085e+00 -2.11414093e-09
2.59091789e+00 -2.10813329e-09
2.59247493e+00 -2.10203378e-09
2.59403198e+00 -2.09584251e-09
2.59558902e+00 -2.08956053e-09
2.59714606e+00 -2.08318784e-09
2.59870310e+00 -2.07672595e-09
2.60026014e+00 -2.07017428e-09
2.60181719e+00 -2.06353387e-09
2.60337423e+00 -2.05680576e-09
2.60493127e+00 -2.04999042e-09
2.60648831e+00 -2.04308879e-09
2.60804535e+00 -2.03610131e-09
2.60960240e+00 -2.02902788e-09
2.61115944e+00 -2.02187000e-09
2.61271648e+00 -2.01462837e-09
2.61427352e+00 -2.00730346e-09
2.61583056e+00 -1.99989630e-09
2.61738761e+00 -1.99240679e-09
2.61894465e+00 -1.98483630e-09
2.62050169e+00 -1.97718578e-09
2.62205873e+00 -1.96945522e-09
2.62361577e+00 -1.96164590e-09
2.62517282e+00 -1.95375852e-09
2.62672986e+00 -1.94579376e-09
2.62828690e+00 -1.93775209e-09
2.62984394e+00 -1.92963456e-09
2.63140098e+00 -1.92144233e-09
2.63295803e+00 -1.91317563e-09
2.63451507e+00 -1.90483504e-09
2.63607211e+00 -1.89642207e-09
2.63762915e+00 -1.88793706e-09
2.63918619e+00 -1.87938083e-09
2.64074324e+00 -1.87075465e-09
2.64230028e+00 -1.86205864e-09
2.64385732e+00 -1.85329419e-09
2.64541436e+00 -1.84446154e-09
2.64697140e+00 -1.83556230e-09
2.64852845e+00 -1.82659741e-09
2.65008549e+00 -1.81756663e-09
2.65164253e+00 -1.80847171e-09
2.65319957e+00 -1.79931310e-09
2.65475661e+00 -1.79009220e-09
2.65631366e+00 -1.78080936e-09
2.65787070e+00 -1.77146562e-09
2.65942774e+00 -1.76206144e-09
2.66098478e+00 -1.75259904e-09
2.66254182e+00 -1.74307782e-09
2.66409887e+00 -1.73349965e-09
2.66565591e+00 -1.72386510e-09
2.66721295e+00 -1.71417522e-09
2.66876999e+00 -1.70443059e-09
2.67032703e+00 -1.69463249e-09
2.67188408e+00 -1.68478184e-09
2.67344112e+00 -1.67487991e-09
2.67499816e+00 -1.66492661e-09
2.67655520e+00 -1.65492388e-09
2.67811224e+00 -1.64487221e-09
2.67966929e+00 -1.63477274e-09
2.68122633e+00 -1.62462641e-09
2.68278337e+00 -1.61443415e-09
2.68434041e+00 -1.60419676e-09
2.68589745e+00 -1.59391575e-09
2.68745450e+00 -1.58359172e-09
2.68901154e+00 -1.57322534e-09
2.69056858e+00 -1.56281859e-09
2.69212562e+00 -1.55237160e-09
2.69368266e+00 -1.54188516e-09
2.69523971e+00 -1.53136091e-09
2.69679675e+00 -1.52079943e-09
2.69835379e+00 -1.51020245e-09
2.69991083e+00 -1.49957043e-09
2.70146787e+00 -1.48890397e-09
2.70302492e+00 -1.47820537e-09
2.70458196e+00 -1.46747407e-09
2.70613900e+00 -1.45671260e-09
2.70769604e+00 -1.44592086e-09
2.70925308e+00 -1.43510012e-09
2.71081013e+00 -1.42425189e-09
2.71236717e+00 -1.41337674e-09
2.71392421e+00 -1.40247596e-09
2.71548125e+00 -1.39155083e-09
2.71703829e+00 -1.38060167e-09
2.71859534e+00 -1.36963037e-09
2.72015238e+00 -1.35863714e-09
2.72170942e+00 -1.34762361e-09
2.72326646e+00 -1.33659059e-09
2.72482350e+00 -1.32553925e-09
2.72638055e+00 -1.31447085e-09
2.72793759e+00 -1.30338598e-09
2.72949463e+00 -1.29228592e-09
2.73105167e+00 -1.28117171e-09
2.73260871e+00 -1.27004450e-09
2.73416576e+00 -1.25890523e-09
2.73572280e+00 -1.24775470e-09
2.73727984e+00 -1.23659490e-09
2.73883688e+00 -1.22542617e-09
2.74039392e+00 -1.21424943e-09
2.74195097e+00 -1.20306643e-09
2.74350801e+00 -1.19187774e-09
2.74506505e+00 -1.18068442e-09
2.74662209e+00 -1.16948738e-09
2.74817913e+00 -1.15828802e-09
2.74973618e+00 -1.14708808e-09
2.75129322e+00 -1.13588768e-09
2.75285026e+00 -1.12468809e-09
2.75440730e+00 -1.11348989e-09
2.75596434e+00 -1.10229518e-09
2.75752139e+00 -1.09110452e-09
2.75907843e+00 -1.07991873e-09
2.76063547e+00 -1.06873921e-09
2.76219251e+00 -1.05756711e-09
2.76374956e+00 -1.04640325e-09
2.76530660e+00 -1.03524913e-09
2.76686364e+00 -1.02410499e-09
2.76842068e+00 -1.01297268e-09
2.76997772e+00 -1.00185289e-09
2.77153477e+00 -9.90747261e-10
2.77309181e+00 -9.79655782e-10
2.77464885e+00 -9.68580193e-10
2.77620589e+00 -9.57521425e-10
2.77776293e+00 -9.46480868e-10
2.77931998e+00 -9.35459219e-10
2.78087702e+00 -9.24457290e-10
2.78243406e+00 -9.13476820e-10
2.78399110e+00 -9.02518158e-10
2.78554814e+00 -8.91583043e-10
2.78710519e+00 -8.80671824e-10
2.78866223e+00 -8.69786124e-10
2.79021927e+00 -8.58926408e-10
2.79177631e+00 -8.48094763e-10
2.79333335e+00 -8.37290958e-10
2.79489040e+00 -8.26516732e-10
2.79644744e+00 -8.15772434e-10
2.79800448e+00 -8.05060383e-10
2.79956152e+00 -7.94380348e-10
2.80111856e+00 -7.83734299e-10
2.80267561e+00 -7.73122007e-10
2.80423265e+00 -7.62545905e-10
2.80578969e+00 -7.52006343e-10
2.80734673e+00 -7.41504248e-10
2.80890377e+00 -7.31040665e-10
2.81046082e+00 -7.20617100e-10
2.81201786e+00 -7.10233903e-10
2.81357490e+00 -6.99892233e-10
2.81513194e+00 -6.89593251e-10
2.81668898e+00 -6.79337651e-10
2.81824603e+00 -6.69126827e-10
2.81980307e+00 -6.58961474e-10
2.82136011e+00 -6.48842868e-10
2.82291715e+00 -6.38771357e-10
2.82447419e+00 -6.28747985e-10
2.82603124e+00 -6.18774492e-10
2.82758828e+00 -6.08851574e-10
2.82914532e+00 -5.98979580e-10
2.83070236e+00 -5.89160016e-10
2.83225940e+00 -5.79393231e-10
2.83381645e+00 -5.69681082e-10
2.83537349e+00 -5.60024031e-10
2.83693053e+00 -5.50422311e-10
2.83848757e+00 -5.40878010e-10
2.84004461e+00 -5.31391477e-10
2.84160166e+00 -5.21963173e-10
2.84315870e+00 -5.12594957e-10
2.84471574e+00 -5.03286944e-10
2.84627278e+00 -4.94040410e-10
2.84782982e+00 -4.84856398e-10
2.84938687e+00 -4.75735257e-10
2.85094391e+00 -4.66678727e-10
2.85250095e+00 -4.57686692e-10
2.85405799e+00 -4.48760544e-10
2.85561503e+00 -4.39900978e-10
2.85717208e+00 -4.31108691e-10
2.85872912e+00 -4.22385307e-10
2.86028616e+00 -4.13730477e-10
2.86184320e+00 -4.05145710e-10
2.86340024e+00 -3.96632514e-10
2.86495729e+00 -3.88190077e-10
2.86651433e+00 -3.79819790e-10
2.86807137e+00 -3.71523510e-10
2.86962841e+00 -3.63300888e-10
2.87118545e+00 -3.55152969e-10
2.87274250e+00 -3.47080912e-10
2.87429954e+00 -3.39085415e-10
2.87585658e+00 -3.31166475e-10
2.87741362e+00 -3.23325602e-10
2.87897066e+00 -3.15563608e-10
2.88052771e+00 -3.07880840e-10
2.88208475e+00 -3.00278227e-10
2.88364179e+00 -2.92756464e-10
2.88519883e+00 -2.85316364e-10
2.88675587e+00 -2.77958506e-10
2.88831292e+00 -2.70683355e-10
2.88986996e+00 -2.63492186e-10
2.89142700e+00 -2.56385231e-10
2.89298404e+00 -2.49363419e-10
2.89454108e+00 -2.42427445e-10
2.89609813e+00 -2.35577658e-10
2.89765517e+00 -2.28814753e-10
2.89921221e+00 -2.22140006e-10
2.90076925e+00 -2.15553302e-10
2.90232629e+00 -2.09055452e-10
2.90388334e+00 -2.02647616e-10
2.90544038e+00 -1.96329446e-10
2.90699742e+00 -1.90102451e-10
2.90855446e+00 -1.83966515e-10
2.91011150e+00 -1.77922912e-10
2.91166855e+00 -1.71971644e-10
2.91322559e+00 -1.66113406e-10
2.91478263e+00 -1.60348778e-10
2.91633967e+00 -1.54678688e-10
2.91789671e+00 -1.49103717e-10
2.91945376e+00 -1.43623748e-10
2.92101080e+00 -1.38239245e-10
2.92256784e+00 -1.32951484e-10
2.92412488e+00 -1.27760582e-10
2.92568192e+00 -1.22666885e-10
2.92723897e+00 -1.17670859e-10
2.92879601e+00 -1.12773779e-10
2.93035305e+00 -1.07975065e-10
2.93191009e+00 -1.03275993e-10
2.93346713e+00 -9.86763316e-11
2.93502418e+00 -9.41767761e-11
2.93658122e+00 -8.97779067e-11
2.93813826e+00 -8.54799553e-11
2.93969530e+00 -8.12835021e-11
2.94125234e+00 -7.71890110e-11
2.94280939e+00 -7.31968299e-11
2.94436643e+00 -6.93070749e-11
2.94592347e+00 -6.55198620e-11
2.94748051e+00 -6.18365832e-11
2.94903755e+00 -5.82564264e-11
2.95059460e+00 -5.47807836e-11
2.95215164e+00 -5.14094229e-11
2.95370868e+00 -4.81424603e-11
2.95526572e+00 -4.49803596e-11
2.95682276e+00 -4.19240490e-11
2.95837981e+00 -3.89730644e-11
2.95993685e+00 -3.61279858e-11
2.96149389e+00 -3.33890452e-11
2.96305093e+00 -3.07564746e-11
2.96460797e+00 -2.82306220e-11
2.96616502e+00 -2.58117195e-11
2.96772206e+00 -2.34997669e-11
2.96927910e+00 -2.12952282e-11
2.97083614e+00 -1.91984516e-11
2.97239318e+00 -1.72093209e-11
2.97395023e+00 -1.53279523e-11
2.97550727e+00 -1.35549255e-11
2.97706431e+00 -1.18903568e-11
2.97862135e+00 -1.03341300e-11
2.98017839e+00 -8.88624518e-12
2.98173544e+00 -7.54763031e-12
2.98329248e+00 -6.31712541e-12
2.98484952e+00 -5.19600646e-12
2.98640656e+00 -4.18450545e-12
2.98796360e+00 -3.28157840e-12
2.98952065e+00 -2.48803729e-12
2.99107769e+00 -1.80376614e-12
2.99263473e+00 -1.22934492e-12
2.99419177e+00 -7.64193654e-13
2.99574881e+00 -4.08196337e-13
2.99730586e+00 -1.62628947e-13
2.99886290e+00 -2.58675144e-14
3.00041994e+00 1.15997822e-15
3.00197698e+00 -8.15464692e-14
3.00353402e+00 -2.73754861e-13
3.00509107e+00 -5.75581195e-13
3.00664811e+00 -9.87025471e-13
3.00820515e+00 -1.50797169e-12
3.00976219e+00 -2.13807186e-12
3.01131923e+00 -2.87778998e-12
3.01287628e+00 -3.72677804e-12
3.01443332e+00 -4.68550004e-12
3.01599036e+00 -5.75291200e-12
3.01754740e+00 -6.92947792e-12
3.01910444e+00 -8.21484979e-12
3.02066149e+00 -9.60902762e-12
3.02221853e+00 -1.11122434e-11
3.02377557e+00 -1.27236851e-11
3.02533261e+00 -1.44439329e-11
3.02688965e+00 -1.62718265e-11
3.02844670e+00 -1.82079462e-11
3.03000374e+00 -2.02521758e-11
3.03156078e+00 -2.24037034e-11
3.03311782e+00 -2.46631090e-11
3.03467486e+00 -2.70294646e-11
3.03623191e+00 -2.95027702e-11
3.03778895e+00 -3.20832577e-11
3.03934599e+00 -3.47701153e-11
3.04090303e+00 -3.75629949e-11
3.04246007e+00 -4.04615484e-11
3.04401712e+00 -4.34667040e-11
3.04557416e+00 -4.65764896e-11
3.04713120e+00 -4.97920653e-11
3.04868824e+00 -5.31119230e-11
3.05024528e+00 -5.65366427e-11
3.05180233e+00 -6.00654124e-11
3.05335937e+00 -6.36984642e-11
3.05491641e+00 -6.74345221e-11
3.05647345e+00 -7.12733540e-11
3.05803049e+00 -7.52155400e-11
3.05958754e+00 -7.92602681e-11
3.06114458e+00 -8.34067263e-11
3.06270162e+00 -8.76547985e-11
3.06425866e+00 -9.20040209e-11
3.06581570e+00 -9.64542773e-11
3.06737275e+00 -1.01004524e-10
3.06892979e+00 -1.05655457e-10
3.07048683e+00 -1.10405219e-10
3.07204387e+00 -1.15254160e-10
3.07360091e+00 -1.20201468e-10
3.07515796e+00 -1.25247141e-10
3.07671500e+00 -1.30390484e-10
3.07827204e+00 -1.35631034e-10
3.07982908e+00 -1.40967630e-10
3.08138612e+00 -1.46400620e-10
3.08294317e+00 -1.51929308e-10
3.08450021e+00 -1.57552998e-10
3.08605725e+00 -1.63271459e-10
3.08761429e+00 -1.69083182e-10
3.08917133e+00 -1.74988979e-10
3.09072838e+00 -1.80987342e-10
3.09228542e+00 -1.87078040e-10
3.09384246e+00 -1.93260492e-10
3.09539950e+00 -1.99534002e-10
3.09695654e+00 -2.05897643e-10
3.09851359e+00 -2.12351530e-10
3.10007063e+00 -2.18894851e-10
3.10162767e+00 -2.25526330e-10
3.10318471e+00 -2.32246316e-10
3.10474175e+00 -2.39053068e-10
3.10629880e+00 -2.45946819e-10
3.10785584e+00 -2.52926524e-10
3.10941288e+00 -2.59992067e-10
3.11096992e+00 -2.67141593e-10
3.11252696e+00 -2.74375913e-10
3.11408401e+00 -2.81692708e-10
3.11564105e+00 -2.89092557e-10
3.11719809e+00 -2.96574533e-10
3.11875513e+00 -3.04137823e-10
3.12031217e+00 -3.11780919e-10
3.12186922e+00 -3.19504402e-10
3.12342626e+00 -3.27306764e-10
3.12498330e+00 -3.35187192e-10
3.12654034e+00 -3.43145454e-10
3.12809738e+00 -3.51180276e-10
3.12965443e+00 -3.59290843e-10
3.13121147e+00 -3.67476578e-10
3.13276851e+00 -3.75737131e-10
3.13432555e+00 -3.84070878e-10
3.13588259e+00 -3.92477820e-10
3.13743964e+00 -4.00956333e-10
3.13899668e+00 -4.09506533e-10
3.14055372e+00 -4.18126795e-10
3.14211076e+00 -4.26816656e-10
3.14366780e+00 -4.35575187e-10
3.14522485e+00 -4.44401578e-10
3.14678189e+00 -4.53295015e-10
3.14833893e+00 -4.62255150e-10
3.14989597e+00 -4.71280245e-10
3.15145301e+00 -4.80369834e-10
3.15301006e+00 -4.89522990e-10
3.15456710e+00 -4.98738901e-10
3.15612414e+00 -5.08016291e-10
3.15768118e+00 -5.17355044e-10
3.15923822e+00 -5.26754116e-10
3.16079527e+00 -5.36211766e-10
3.16235231e+00 -5.45727995e-10
3.16390935e+00 -5.55301412e-10
3.16546639e+00 -5.64931319e-10
3.16702343e+00 -5.74617137e-10
3.16858048e+00 -5.84356778e-10
3.17013752e+00 -5.94150242e-10
3.17169456e+00 -6.03996486e-10
3.17325160e+00 -6.13895160e-10
3.17480864e+00 -6.23843713e-10
3.17636569e+00 -6.33842609e-10
3.17792273e+00 -6.43890109e-10
3.17947977e+00 -6.53985979e-10
3.18103681e+00 -6.64128713e-10
3.18259385e+00 -6.74317497e-10
3.18415090e+00 -6.84551057e-10
3.18570794e+00 -6.94828812e-10
3.18726498e+00 -7.05149719e-10
3.18882202e+00 -7.15512268e-10
3.19037906e+00 -7.25916577e-10
3.19193611e+00 -7.36360789e-10
3.19349315e+00 -7.46843976e-10
3.19505019e+00 -7.57364862e-10
3.19660723e+00 -7.67923448e-10
3.19816427e+00 -7.78517761e-10
3.19972132e+00 -7.89147106e-10
3.20127836e+00 -7.99810786e-10
3.20283540e+00 -8.10507525e-10
3.20439244e+00 -8.21236163e-10
3.20594948e+00 -8.31995309e-10
3.20750653e+00 -8.42784963e-10
3.20906357e+00 -8.53603500e-10
3.21062061e+00 -8.64449528e-10
3.21217765e+00 -8.75322468e-10
3.21373469e+00 -8.86221391e-10
3.21529174e+00 -8.97145022e-10
3.21684878e+00 -9.08092317e-10
3.21840582e+00 -9.19062463e-10
3.21996286e+00 -9.30053837e-10
3.22151990e+00 -9.41065742e-10
3.22307695e+00 -9.52097715e-10
3.22463399e+00 -9.63147319e-10
3.22619103e+00 -9.74214788e-10
3.22774807e+00 -9.85298612e-10
3.22930511e+00 -9.96397747e-10
3.23086216e+00 -1.00751057e-09
3.23241920e+00 -1.01863685e-09
3.23397624e+00 -1.02977508e-09
3.23553328e+00 -1.04092467e-09
3.23709032e+00 -1.05208389e-09
3.23864737e+00 -1.06325193e-09
3.24020441e+00 -1.07442774e-09
3.24176145e+00 -1.08561051e-09
3.24331849e+00 -1.09679897e-09
3.24487553e+00 -1.10799183e-09
3.24643258e+00 -1.11918840e-09
3.24798962e+00 -1.13038764e-09
3.24954666e+00 -1.14158781e-09
3.25110370e+00 -1.15278856e-09
3.25266074e+00 -1.16398839e-09
3.25421779e+00 -1.17518658e-09
3.25577483e+00 -1.18638188e-09
3.25733187e+00 -1.19757277e-09
3.25888891e+00 -1.20875867e-09
3.26044595e+00 -1.21993854e-09
3.26200300e+00 -1.23111145e-09
3.26356004e+00 -1.24227590e-09
3.26511708e+00 -1.25343106e-09
3.26667412e+00 -1.26457601e-09
3.26823116e+00 -1.27570902e-09
3.26978821e+00 -1.28682985e-09
3.27134525e+00 -1.29793699e-09
3.27290229e+00 -1.30902974e-09
3.27445933e+00 -1.32010672e-09
3.27601637e+00 -1.33116653e-09
3.27757342e+00 -1.34220883e-09
3.27913046e+00 -1.35323187e-09
3.28068750e+00 -1.36423519e-09
3.28224454e+00 -1.37521752e-09
3.28380158e+00 -1.38617804e-09
3.28535863e+00 -1.39711524e-09
3.28691567e+00 -1.40802832e-09
3.28847271e+00 -1.41891587e-09
3.29002975e+00 -1.42977756e-09
3.29158679e+00 -1.44061176e-09
3.29314384e+00 -1.45141777e-09
3.29470088e+00 -1.46219443e-09
3.29625792e+00 -1.47294093e-09
3.29781496e+00 -1.48365565e-09
3.29937200e+00 -1.49433789e-09
3.30092905e+00 -1.50498684e-09
3.30248609e+00 -1.51560145e-09
3.30404313e+00 -1.52618033e-09
3.30560017e+00 -1.53672280e-09
3.30715721e+00 -1.54722779e-09
3.30871426e+00 -1.55769451e-09
3.31027130e+00 -1.56812155e-09
3.31182834e+00 -1.57850753e-09
3.31338538e+00 -1.58885245e-09
3.31494242e+00 -1.59915503e-09
3.31649947e+00 -1.60941399e-09
3.31805651e+00 -1.61962876e-09
3.31961355e+00 -1.62979748e-09
3.32117059e+00 -1.63992003e-09
3.32272763e+00 -1.64999537e-09
3.32428468e+00 -1.66002245e-09
3.32584172e+00 -1.66999989e-09
3.32739876e+00 -1.67992698e-09
3.32895580e+00 -1.68980315e-09
3.33051284e+00 -1.69962712e-09
3.33206989e+00 -1.70939797e-09
3.33362693e+00 -1.71911476e-09
3.33518397e+00 -1.72877645e-09
3.33674101e+00 -1.73838281e-09
3.33829805e+00 -1.74793233e-09
3.33985510e+00 -1.75742338e-09
3.34141214e+00 -1.76685668e-09
3.34296918e+00 -1.77622988e-09
3.34452622e+00 -1.78554242e-09
3.34608326e+00 -1.79479440e-09
3.34764031e+00 -1.80398375e-09
3.34919735e+00 -1.81311011e-09
3.35075439e+00 -1.82217233e-09
3.35231143e+00 -1.83116981e-09
3.35386847e+00 -1.84010188e-09
3.35542552e+00 -1.84896713e-09
3.35698256e+00 -1.85776487e-09
3.35853960e+00 -1.86649486e-09
3.36009664e+00 -1.87515526e-09
3.36165368e+00 -1.88374629e-09
3.36321073e+00 -1.89226587e-09
3.36476777e+00 -1.90071445e-09
3.36632481e+00 -1.90909089e-09
3.36788185e+00 -1.91739413e-09
3.36943889e+00 -1.92562301e-09
3.37099594e+00 -1.93377789e-09
3.37255298e+00 -1.94185644e-09
3.37411002e+00 -1.94985925e-09
3.37566706e+00 -1.95778457e-09
3.37722410e+00 -1.96563228e-09
3.37878115e+00 -1.97340170e-09
3.38033819e+00 -1.98109189e-09
3.38189523e+00 -1.98870170e-09
3.38345227e+00 -1.99623089e-09
3.38500931e+00 -2.00367876e-09
3.38656636e+00 -2.01104439e-09
3.38812340e+00 -2.01832720e-09
3.38968044e+00 -2.02552579e-09
3.39123748e+00 -2.03264086e-09
3.39279452e+00 -2.03967068e-09
3.39435157e+00 -2.04661466e-09
3.39590861e+00 -2.05347291e-09
3.39746565e+00 -2.06024394e-09
3.39902269e+00 -2.06692750e-09
3.40057973e+00 -2.07352221e-09
3.40213678e+00 -2.08002899e-09
3.40369382e+00 -2.08644599e-09
3.40525086e+00 -2.09277263e-09
3.40680790e+00 -2.09900844e-09
3.40836494e+00 -2.10515319e-09
3.40992199e+00 -2.11120584e-09
3.41147903e+00 -2.11716639e-09
3.41303607e+00 -2.12303333e-09
3.41459311e+00 -2.12880747e-09
3.41615015e+00 -2.13448683e-09
3.41770720e+00 -2.14007167e-09
3.41926424e+00 -2.14556149e-09
3.42082128e+00 -2.15095516e-09
3.42237832e+00 -2.15625278e-09
3.42393536e+00 -2.16145354e-09
3.42549241e+00 -2.16655698e-09
3.42704945e+00 -2.17156299e-09
3.42860649e+00 -2.17647051e-09
3.43016353e+00 -2.18127931e-09
3.43172057e+00 -2.18598906e-09
3.43327762e+00 -2.19059904e-09
3.43483466e+00 -2.19510904e-09
3.43639170e+00 -2.19951858e-09
3.43794874e+00 -2.20382720e-09
3.43950578e+00 -2.20803444e-09
3.44106283e+00 -2.21213984e-09
3.44261987e+00 -2.21614350e-09
3.44417691e+00 -2.22004439e-09
3.44573395e+00 -2.22384216e-09
3.44729099e+00 -2.22753716e-09
3.44884804e+00 -2.23112775e-09
3.45040508e+00 -2.23461523e-09
3.45196212e+00 -2.23799830e-09
3.45351916e+00 -2.24127652e-09
3.45507620e+00 -2.24445022e-09
3.45663325e+00 -2.24751801e-09
3.45819029e+00 -2.25048095e-09
3.45974733e+00 -2.25333762e-09
3.46130437e+00 -2.25608840e-09
3.46286141e+00 -2.25873326e-09
3.46441846e+00 -2.26127129e-09
3.46597550e+00 -2.26370238e-09
3.46753254e+00 -2.26602651e-09
3.46908958e+00 -2.26824311e-09
3.47064662e+00 -2.27035218e-09
3.47220367e+00 -2.27235407e-09
3.47376071e+00 -2.27424785e-09
3.47531775e+00 -2.27603341e-09
3.47687479e+00 -2.27771085e-09
3.47843183e+00 -2.27927984e-09
3.47998888e+00 -2.28074049e-09
3.48154592e+00 -2.28209256e-09
3.48310296e+00 -2.28333547e-09
3.48466000e+00 -2.28446958e-09
3.48621704e+00 -2.28549466e-09
3.48777409e+00 -2.28641069e-09
3.48933113e+00 -2.28721734e-09
3.49088817e+00 -2.28791460e-09
3.49244521e+00 -2.28850260e-09
3.49400225e+00 -2.28898120e-09
3.49555930e+00 -2.28935019e-09
3.49711634e+00 -2.28961014e-09
3.49867338e+00 -2.28976001e-09
3.50023042e+00 -2.28980084e-09
3.50178746e+00 -2.28973171e-09
3.50334451e+00 -2.28955296e-09
3.50490155e+00 -2.28926493e-09
3.50645859e+00 -2.28886752e-09
3.50801563e+00 -2.28836003e-09
3.50957267e+00 -2.28774351e-09
3.51112972e+00 -2.28701806e-09
3.51268676e+00 -2.28618287e-09
3.51424380e+00 -2.28523865e-09
3.51580084e+00 -2.28418527e-09
3.51735788e+00 -2.28302263e-09
3.51891493e+00 -2.28175152e-09
3.52047197e+00 -2.28037150e-09
3.52202901e+00 -2.27888290e-09
3.52358605e+00 -2.27728561e-09
3.52514309e+00 -2.27557974e-09
3.52670014e+00 -2.27376612e-09
3.52825718e+00 -2.27184392e-09
3.52981422e+00 -2.26981430e-09
3.53137126e+00 -2.26767704e-09
3.53292830e+00 -2.26543225e-09
3.53448535e+00 -2.26308005e-09
3.53604239e+00 -2.26062113e-09
3.53759943e+00 -2.25805549e-09
3.53915647e+00 -2.25538336e-09
3.54071351e+00 -2.25260487e-09
3.54227056e+00 -2.24972012e-09
3.54382760e+00 -2.24672992e-09
3.54538464e+00 -2.24363417e-09
3.54694168e+00 -2.24043356e-09
3.54849872e+00 -2.23712797e-09
3.55005577e+00 -2.23371775e-09
3.55161281e+00 -2.23020348e-09
3.55316985e+00 -2.22658551e-09
3.55472689e+00 -2.22286372e-09
3.55628393e+00 -2.21903904e-09
3.55784098e+00 -2.21511112e-09
3.55939802e+00 -2.21108182e-09
3.56095506e+00 -2.20694917e-09
3.56251210e+00 -2.20271583e-09
3.56406914e+00 -2.19838087e-09
3.56562619e+00 -2.19394511e-09
3.56718323e+00 -2.18940925e-09
3.56874027e+00 -2.18477317e-09
3.57029731e+00 -2.18003767e-09
3.57185435e+00 -2.17520335e-09
3.57341140e+00 -2.17027019e-09
3.57496844e+00 -2.16523913e-09
3.57652548e+00 -2.16011029e-09
3.57808252e+00 -2.15488424e-09
3.57963956e+00 -2.14956168e-09
3.58119661e+00 -2.14414273e-09
3.58275365e+00 -2.13862819e-09
3.58431069e+00 -2.13301877e-09
3.58586773e+00 -2.12731434e-09
3.58742477e+00 -2.12151607e-09
3.58898182e+00 -2.11562489e-09
3.59053886e+00 -2.10963998e-09
3.59209590e+00 -2.10356379e-09
3.59365294e+00 -2.09739514e-09
3.59520998e+00 -2.09113590e-09
3.59676703e+00 -2.08478536e-09
3.59832407e+00 -2.07834540e-09
3.59988111e+00 -2.07181588e-09
3.60143815e+00 -2.06519786e-09
3.60299519e+00 -2.05849179e-09
3.60455224e+00 -2.05169838e-09
3.60610928e+00 -2.04481762e-09
3.60766632e+00 -2.03785102e-09
3.60922336e+00 -2.03079917e-09
3.61078040e+00 -2.02366205e-09
3.61233745e+00 -2.01644119e-09
3.61389449e+00 -2.00913692e-09
3.61545153e+00 -2.00174983e-09
3.61700857e+00 -1.99428096e-09
3.61856561e+00 -1.98673078e-09
3.62012266e+00 -1.97909998e-09
3.62167970e+00 -1.97138914e-09
3.62323674e+00 -1.96359942e-09
3.62479378e+00 -1.95573106e-09
3.62635082e+00 -1.94778556e-09
3.62790787e+00 -1.93976280e-09
3.62946491e+00 -1.93166429e-09
3.63102195e+00 -1.92349051e-09
3.63257899e+00 -1.91524225e-09
3.63413603e+00 -1.90691987e-09
3.63569308e+00 -1.89852441e-09
3.63725012e+00 -1.89005727e-09
3.63880716e+00 -1.88151844e-09
3.64036420e+00 -1.87290977e-09
3.64192124e+00 -1.86423105e-09
3.64347829e+00 -1.85548330e-09
3.64503533e+00 -1.84666782e-09
3.64659237e+00 -1.83778528e-09
3.64814941e+00 -1.82883617e-09
3.64970645e+00 -1.81982151e-09
3.65126350e+00 -1.81074283e-09
3.65282054e+00 -1.80160000e-09
3.65437758e+00 -1.79239429e-09
3.65593462e+00 -1.78312630e-09
3.65749166e+00 -1.77379752e-09
3.65904871e+00 -1.76440889e-09
3.66060575e+00 -1.75496040e-09
3.66216279e+00 -1.74545438e-09
3.66371983e+00 -1.73589036e-09
3.66527687e+00 -1.72626950e-09
3.66683392e+00 -1.71659320e-09
3.66839096e+00 -1.70686249e-09
3.66994800e+00 -1.69707772e-09
3.67150504e+00 -1.68723995e-09
3.67306208e+00 -1.67735044e-09
3.67461913e+00 -1.66740965e-09
3.67617617e+00 -1.65741946e-09
3.67773321e+00 -1.64737996e-09
3.67929025e+00 -1.63729233e-09
3.68084729e+00 -1.62715725e-09
3.68240434e+00 -1.61697659e-09
3.68396138e+00 -1.60675057e-09
3.68551842e+00 -1.59647989e-09
3.68707546e+00 -1.58616664e-09
3.68863250e+00 -1.57581081e-09
3.69018955e+00 -1.56541358e-09
3.69174659e+00 -1.55497645e-09
3.69330363e+00 -1.54449952e-09
3.69486067e+00 -1.53398478e-09
3.69641771e+00 -1.52343269e-09
3.69797476e+00 -1.51284430e-09
3.69953180e+00 -1.50222087e-09
3.70108884e+00 -1.49156299e-09
3.70264588e+00 -1.48087216e-09
3.70420292e+00 -1.47014875e-09
3.70575997e+00 -1.45939470e-09
3.70731701e+00 -1.44861015e-09
3.70887405e+00 -1.43779684e-09
3.71043109e+00 -1.42695522e-09
3.71198813e+00 -1.41608692e-09
3.71354518e+00 -1.40519263e-09
3.71510222e+00 -1.39427283e-09
3.71665926e+00 -1.38332971e-09
3.71821630e+00 -1.37236363e-09
3.71977334e+00 -1.36137585e-09
3.72133039e+00 -1.35036707e-09
3.72288743e+00 -1.33933881e-09
3.72444447e+00 -1.32829176e-09
3.72600151e+00 -1.31722766e-09
3.72755855e+00 -1.30614650e-09
3.72911560e+00 -1.29505038e-09
3.73067264e+00 -1.28393930e-09
3.73222968e+00 -1.27281522e-09
3.73378672e+00 -1.26167897e-09
3.73534376e+00 -1.25053134e-09
3.73690081e+00 -1.23937375e-09
3.73845785e+00 -1.22820652e-09
3.74001489e+00 -1.21703187e-09
3.74157193e+00 -1.20584991e-09
3.74312897e+00 -1.19466262e-09
3.74468602e+00 -1.18347045e-09
3.74624306e+00 -1.17227457e-09
3.74780010e+00 -1.16107568e-09
3.74935714e+00 -1.14987563e-09
3.75091418e+00 -1.13867511e-09
3.75247123e+00 -1.12747505e-09
3.75402827e+00 -1.11627662e-09
3.75558531e+00 -1.10508098e-09
3.75714235e+00 -1.09388893e-09
3.75869939e+00 -1.08270187e-09
3.76025644e+00 -1.07152072e-09
3.76181348e+00 -1.06034688e-09
3.76337052e+00 -1.04918047e-09
3.76492756e+00 -1.03802403e-09
3.76648460e+00 -1.02687734e-09
3.76804165e+00 -1.01574212e-09
3.76959869e+00 -1.00461898e-09
3.77115573e+00 -9.93509401e-10
3.77271277e+00 -9.82413978e-10
3.77426981e+00 -9.71334330e-10
3.77582686e+00 -9.60271501e-10
3.77738390e+00 -9.49226189e-10
3.77894094e+00 -9.38199552e-10
3.78049798e+00 -9.27192750e-10
3.78205502e+00 -9.16206365e-10
3.78361207e+00 -9.05242482e-10
3.78516911e+00 -8.94301104e-10
3.78672615e+00 -8.83383853e-10
3.78828319e+00 -8.72491773e-10
3.78984023e+00 -8.61625793e-10
3.79139728e+00 -8.50786609e-10
3.79295432e+00 -8.39975380e-10
3.79451136e+00 -8.29193614e-10
3.79606840e+00 -8.18442240e-10
3.79762544e+00 -8.07721953e-10
3.79918249e+00 -7.97034030e-10
3.80073953e+00 -7.86379166e-10
3.80229657e+00 -7.75759217e-10
3.80385361e+00 -7.65173720e-10
3.80541065e+00 -7.54624994e-10
3.80696770e+00 -7.44113619e-10
3.80852474e+00 -7.33640408e-10
3.81008178e+00 -7.23206636e-10
3.81163882e+00 -7.12813231e-10
3.81319586e+00 -7.02461353e-10
3.81475291e+00 -6.92151467e-10
3.81630995e+00 -6.81885195e-10
3.81786699e+00 -6.71663235e-10
3.81942403e+00 -6.61486282e-10
3.82098107e+00 -6.51355728e-10
3.82253812e+00 -6.41272270e-10
3.82409516e+00 -6.31237066e-10
3.82565220e+00 -6.21251394e-10
3.82720924e+00 -6.11315600e-10
3.82876628e+00 -6.01430498e-10
3.83032333e+00 -5.91597710e-10
3.83188037e+00 -5.81817818e-10
3.83343741e+00 -5.72092328e-10
3.83499445e+00 -5.62421126e-10
3.83655149e+00 -5.52805603e-10
3.83810854e+00 -5.43246802e-10
3.83966558e+00 -5.33745768e-10
3.84122262e+00 -5.24303082e-10
3.84277966e+00 -5.14919902e-10
3.84433670e+00 -5.05596693e-10
3.84589375e+00 -4.96335079e-10
3.84745079e+00 -4.87135407e-10
3.84900783e+00 -4.77998607e-10
3.85056487e+00 -4.68925721e-10
3.85212191e+00 -4.59917562e-10
3.85367896e+00 -4.50974942e-10
3.85523600e+00 -4.42098905e-10
3.85679304e+00 -4.33289682e-10
3.85835008e+00 -4.24549130e-10
3.85990712e+00 -4.15877365e-10
3.86146417e+00 -4.07275198e-10
3.86302121e+00 -3.98743907e-10
3.86457825e+00 -3.90283605e-10
3.86613529e+00 -3.81895803e-10
3.86769234e+00 -3.73580847e-10
3.86924938e+00 -3.65339550e-10
3.87080642e+00 -3.57173071e-10
3.87236346e+00 -3.49082455e-10
3.87392050e+00 -3.41067585e-10
3.87547755e+00 -3.33129622e-10
3.87703459e+00 -3.25269378e-10
3.87859163e+00 -3.17487780e-10
3.88014867e+00 -3.09785293e-10
3.88170571e+00 -3.02162148e-10
3.88326276e+00 -2.94620201e-10
3.88481980e+00 -2.87159685e-10
3.88637684e+00 -2.79781412e-10
3.88793388e+00 -2.72485381e-10
3.88949092e+00 -2.65273332e-10
3.89104797e+00 -2.58145150e-10
3.89260501e+00 -2.51102110e-10
3.89416205e+00 -2.44144445e-10
3.89571909e+00 -2.37273546e-10
3.89727613e+00 -2.30488833e-10
3.89883318e+00 -2.23792163e-10
3.90039022e+00 -2.17183303e-10
3.90194726e+00 -2.10663413e-10
3.90350430e+00 -2.04232842e-10
3.90506134e+00 -1.97892633e-10
3.90661839e+00 -1.91642902e-10
3.90817543e+00 -1.85484114e-10
3.90973247e+00 -1.79417428e-10
3.91128951e+00 -1.73443076e-10
3.91284655e+00 -1.67561870e-10
3.91440360e+00 -1.61774159e-10
3.91596064e+00 -1.56080870e-10
3.91751768e+00 -1.50481771e-10
3.91907472e+00 -1.44977906e-10
3.92063176e+00 -1.39569740e-10
3.92218881e+00 -1.34257852e-10
3.92374585e+00 -1.29043054e-10
3.92530289e+00 -1.23924998e-10
3.92685993e+00 -1.18905308e-10
3.92841697e+00 -1.13983288e-10
3.92997402e+00 -1.09159751e-10
3.93153106e+00 -1.04435971e-10
3.93308810e+00 -9.98113703e-11
3.93464514e+00 -9.52868752e-11
3.93620218e+00 -9.08629503e-11
3.93775923e+00 -8.65398274e-11
3.93931627e+00 -8.23179707e-11
3.94087331e+00 -7.81979600e-11
3.94243035e+00 -7.41802595e-11
3.94398739e+00 -7.02647530e-11
3.94554444e+00 -6.64522525e-11
3.94710148e+00 -6.27431062e-11
3.94865852e+00 -5.91374298e-11
3.95021556e+00 -5.56358036e-11
3.95177260e+00 -5.22381114e-11
3.95332965e+00 -4.89453972e-11
3.95488669e+00 -4.57573130e-11
3.95644373e+00 -4.26745549e-11
3.95800077e+00 -3.96973548e-11
3.95955781e+00 -3.68260607e-11
3.96111486e+00 -3.40605566e-11
3.96267190e+00 -3.14018865e-11
3.96422894e+00 -2.88494704e-11
3.96578598e+00 -2.64037723e-11
3.96734302e+00 -2.40652562e-11
3.96890007e+00 -2.18340381e-11
3.97045711e+00 -1.97104660e-11
3.97201415e+00 -1.76943078e-11
3.97357119e+00 -1.57861437e-11
3.97512823e+00 -1.39862054e-11
3.97668528e+00 -1.22944932e-11
3.97824232e+00 -1.07111229e-11
3.97979936e+00 -9.23655861e-12
3.98135640e+00 -7.87045225e-12
3.98291344e+00 -6.61338385e-12
3.98447049e+00 -5.46512141e-12
3.98602753e+00 -4.42601291e-12
3.98758457e+00 -3.49629037e-12
3.98914161e+00 -2.67560577e-12
3.99069865e+00 -1.96430713e-12
3.99225570e+00 -1.36227843e-12
3.99381274e+00 -8.70099666e-13
3.99536978e+00 -4.87074856e-13
3.99692682e+00 -2.13783987e-13
3.99848386e+00 -5.01110593e-14
4.00004091e+00 4.29191943e-15
4.00159795e+00 -5.11550397e-14
4.00315499e+00 -2.16219941e-13
4.00471203e+00 -4.91018782e-13
4.00626907e+00 -8.74971575e-13
4.00782612e+00 -1.36889030e-12
4.00938316e+00 -1.97173099e-12
4.01094020e+00 -2.68453760e-12
4.01249724e+00 -3.50603418e-12
4.01405428e+00 -4.43749670e-12
4.01561133e+00 -5.47799716e-12
4.01716837e+00 -6.62741959e-12
4.01872541e+00 -7.88553197e-12
4.02028245e+00 -9.25279830e-12
4.02183949e+00 -1.07287546e-11
4.02339654e+00 -1.23136328e-11
4.02495358e+00 -1.40063891e-11
4.02651062e+00 -1.58078352e-11
4.02806766e+00 -1.77171594e-11
4.02962470e+00 -1.97341295e-11
4.03118175e+00 -2.18588617e-11
4.03273879e+00 -2.40917037e-11
4.03429583e+00 -2.64311478e-11
4.03585287e+00 -2.88782379e-11
4.03740991e+00 -3.14315820e-11
4.03896696e+00 -3.40921080e-11
4.04052400e+00 -3.68586561e-11
4.04208104e+00 -3.97312261e-11
4.04363808e+00 -4.27098182e-11
4.04519512e+00 -4.57937363e-11
4.04675217e+00 -4.89829805e-11
4.04830921e+00 -5.22772026e-11
4.04986625e+00 -5.56760548e-11
4.05142329e+00 -5.91789571e-11
4.05298033e+00 -6.27856774e-11
4.05453738e+00 -6.64963317e-11
4.05609442e+00 -7.03103401e-11
4.05765146e+00 -7.42268906e-11
4.05920850e+00 -7.82457511e-11
4.06076554e+00 -8.23669218e-11
4.06232259e+00 -8.65900545e-11
4.06387963e+00 -9.09143373e-11
4.06543667e+00 -9.53393063e-11
4.06699371e+00 -9.98649613e-11
4.06855075e+00 -1.04490722e-10
4.07010780e+00 -1.09215778e-10
4.07166484e+00 -1.14040127e-10
4.07322188e+00 -1.18963307e-10
4.07477892e+00 -1.23984389e-10
4.07633596e+00 -1.29103140e-10
4.07789301e+00 -1.34319331e-10
4.07945005e+00 -1.39632727e-10
4.08100709e+00 -1.45041473e-10
4.08256413e+00 -1.50546266e-10
4.08412117e+00 -1.56146061e-10
4.08567822e+00 -1.61840742e-10
4.08723526e+00 -1.67629497e-10
4.08879230e+00 -1.73511979e-10
4.09034934e+00 -1.79487375e-10
4.09190638e+00 -1.85555105e-10
4.09346343e+00 -1.91714821e-10
4.09502047e+00 -1.97965712e-10
4.09657751e+00 -2.04307081e-10
4.09813455e+00 -2.10738696e-10
4.09969159e+00 -2.17259630e-10
4.10124864e+00 -2.23869301e-10
4.10280568e+00 -2.30567132e-10
4.10436272e+00 -2.37352656e-10
4.10591976e+00 -2.44224947e-10
4.10747680e+00 -2.51183309e-10
4.10903385e+00 -2.58227740e-10
4.11059089e+00 -2.65356503e-10
4.11214793e+00 -2.72569479e-10
4.11370497e+00 -2.79865974e-10
4.11526201e+00 -2.87245756e-10
4.11681906e+00 -2.94706736e-10
4.11837610e+00 -3.02249958e-10
4.11993314e+00 -3.09873219e-10
4.12149018e+00 -3.17576866e-10
4.12304722e+00 -3.25359392e-10
4.12460427e+00 -3.33220333e-10
4.12616131e+00 -3.41159340e-10
4.12771835e+00 -3.49175137e-10
4.12927539e+00 -3.57267261e-10
4.13083243e+00 -3.65434088e-10
4.13238948e+00 -3.73676197e-10
4.13394652e+00 -3.81991849e-10
4.13550356e+00 -3.90380580e-10
4.13706060e+00 -3.98841693e-10
4.13861764e+00 -4.07373797e-10
4.14017469e+00 -4.15976775e-10
4.14173173e+00 -4.24649352e-10
4.14328877e+00 -4.33390948e-10
4.14484581e+00 -4.42200751e-10
4.14640285e+00 -4.51077832e-10
4.14795990e+00 -4.60021264e-10
4.14951694e+00 -4.69030119e-10
4.15107398e+00 -4.78103701e-10
4.15263102e+00 -4.87241081e-10
4.15418806e+00 -4.96441333e-10
4.15574511e+00 -5.05703991e-10
4.15730215e+00 -5.15027432e-10
4.15885919e+00 -5.24411308e-10
4.16041623e+00 -5.33854690e-10
4.16197327e+00 -5.43356536e-10
4.16353032e+00 -5.52916032e-10
4.16508736e+00 -5.62531672e-10
4.16664440e+00 -5.72203454e-10
4.16820144e+00 -5.81929872e-10
4.16975848e+00 -5.91710576e-10
4.17131553e+00 -6.01543828e-10
4.17287257e+00 -6.11429278e-10
4.17442961e+00 -6.21365651e-10
4.17598665e+00 -6.31352136e-10
4.17754369e+00 -6.41387804e-10
4.17910074e+00 -6.51471958e-10
4.18065778e+00 -6.61602744e-10
4.18221482e+00 -6.71780393e-10
4.18377186e+00 -6.82002701e-10
4.18532890e+00 -6.92269552e-10
4.18688595e+00 -7.02580019e-10
4.18844299e+00 -7.12932245e-10
4.19000003e+00 -7.23326229e-10
4.19155707e+00 -7.33760582e-10
4.19311411e+00 -7.44234025e-10
4.19467116e+00 -7.54745980e-10
4.19622820e+00 -7.65295170e-10
4.19778524e+00 -7.75880667e-10
4.19934228e+00 -7.86501659e-10
4.20089932e+00 -7.97156755e-10
4.20245637e+00 -8.07845143e-10
4.20401341e+00 -8.18565894e-10
4.20557045e+00 -8.29317848e-10
4.20712749e+00 -8.40100193e-10
4.20868453e+00 -8.50911538e-10
4.21024158e+00 -8.61750491e-10
4.21179862e+00 -8.72617167e-10
4.21335566e+00 -8.83509826e-10
4.21491270e+00 -8.94427309e-10
4.21646974e+00 -9.05368456e-10
4.21802679e+00 -9.16332802e-10
4.21958383e+00 -9.27319072e-10
4.22114087e+00 -9.38326337e-10
4.22269791e+00 -9.49352974e-10
4.22425495e+00 -9.60398519e-10
4.22581200e+00 -9.71462043e-10
4.22736904e+00 -9.82541923e-10
4.22892608e+00 -9.93636999e-10
4.23048312e+00 -1.00474681e-09
4.23204016e+00 -1.01586995e-09
4.23359721e+00 -1.02700551e-09
4.23515425e+00 -1.03815256e-09
4.23671129e+00 -1.04930934e-09
4.23826833e+00 -1.06047541e-09
4.23982537e+00 -1.07164971e-09
4.24138242e+00 -1.08283074e-09
4.24293946e+00 -1.09401780e-09
4.24449650e+00 -1.10520997e-09
4.24605354e+00 -1.11640561e-09
4.24761058e+00 -1.12760381e-09
4.24916763e+00 -1.13880387e-09
4.25072467e+00 -1.15000438e-09
4.25228171e+00 -1.16120444e-09
4.25383875e+00 -1.17240287e-09
4.25539579e+00 -1.18359898e-09
4.25695284e+00 -1.19479103e-09
4.25850988e+00 -1.20597878e-09
4.26006692e+00 -1.21715993e-09
4.26162396e+00 -1.22833458e-09
4.26318100e+00 -1.23950146e-09
4.26473805e+00 -1.25065894e-09
4.26629509e+00 -1.26180633e-09
4.26785213e+00 -1.27294294e-09
4.26940917e+00 -1.28406678e-09
4.27096621e+00 -1.29517751e-09
4.27252326e+00 -1.30627352e-09
4.27408030e+00 -1.31735433e-09
4.27563734e+00 -1.32841878e-09
4.27719438e+00 -1.33946525e-09
4.27875142e+00 -1.35049340e-09
4.28030847e+00 -1.36150182e-09
4.28186551e+00 -1.37248960e-09
4.28342255e+00 -1.38345534e-09
4.28497959e+00 -1.39439834e-09
4.28653663e+00 -1.40531733e-09
4.28809368e+00 -1.41621173e-09
4.28965072e+00 -1.42707945e-09
4.29120776e+00 -1.43792107e-09
4.29276480e+00 -1.44873404e-09
4.29432184e+00 -1.45951789e-09
4.29587889e+00 -1.47027182e-09
4.29743593e+00 -1.48099454e-09
4.29899297e+00 -1.49168513e-09
4.30055001e+00 -1.50234255e-09
4.30210705e+00 -1.51296609e-09
4.30366410e+00 -1.52355345e-09
4.30522114e+00 -1.53410519e-09
4.30677818e+00 -1.54461970e-09
4.30833522e+00 -1.55509581e-09
4.30989226e+00 -1.56553294e-09
4.31144931e+00 -1.57592925e-09
4.31300635e+00 -1.58628449e-09
4.31456339e+00 -1.59659739e-09
4.31612043e+00 -1.60686761e-09
4.31767747e+00 -1.61709328e-09
4.31923452e+00 -1.62727383e-09
4.32079156e+00 -1.63740821e-09
4.32234860e+00 -1.64749492e-09
4.32390564e+00 -1.65753406e-09
4.32546268e+00 -1.66752426e-09
4.32701973e+00 -1.67746435e-09
4.32857677e+00 -1.68735316e-09
4.33013381e+00 -1.69719024e-09
4.33169085e+00 -1.70697442e-09
4.33324789e+00 -1.71670479e-09
4.33480494e+00 -1.72638040e-09
4.33636198e+00 -1.73600033e-09
4.33791902e+00 -1.74556365e-09
4.33947606e+00 -1.75506944e-09
4.34103310e+00 -1.76451700e-09
4.34259015e+00 -1.77390517e-09
4.34414719e+00 -1.78323302e-09
4.34570423e+00 -1.79250031e-09
4.34726127e+00 -1.80170521e-09
4.34881831e+00 -1.81084723e-09
4.35037536e+00 -1.81992545e-09
4.35193240e+00 -1.82893941e-09
4.35348944e+00 -1.83788736e-09
4.35504648e+00 -1.84676955e-09
4.35660352e+00 -1.85558411e-09
4.35816057e+00 -1.86433081e-09
4.35971761e+00 -1.87300884e-09
4.36127465e+00 -1.88161727e-09
4.36283169e+00 -1.89015471e-09
4.36438873e+00 -1.89862092e-09
4.36594578e+00 -1.90701499e-09
4.36750282e+00 -1.91533621e-09
4.36905986e+00 -1.92358412e-09
4.37061690e+00 -1.93175709e-09
4.37217394e+00 -1.93985467e-09
4.37373099e+00 -1.94787650e-09
4.37528803e+00 -1.95582130e-09
4.37684507e+00 -1.96368851e-09
4.37840211e+00 -1.97147730e-09
4.37995915e+00 -1.97918698e-09
4.38151620e+00 -1.98681708e-09
4.38307324e+00 -1.99436645e-09
4.38463028e+00 -2.00183439e-09
4.38618732e+00 -2.00922055e-09
4.38774436e+00 -2.01652401e-09
4.38930141e+00 -2.02374360e-09
4.39085845e+00 -2.03087955e-09
4.39241549e+00 -2.03793083e-09
4.39397253e+00 -2.04489650e-09
4.39552957e+00 -2.05177610e-09
4.39708662e+00 -2.05856846e-09
4.39864366e+00 -2.06527395e-09
4.40020070e+00 -2.07189093e-09
4.40175774e+00 -2.07841917e-09
4.40331478e+00 -2.08485821e-09
4.40487183e+00 -2.09120770e-09
4.40642887e+00 -2.09746578e-09
4.40798591e+00 -2.10363350e-09
4.40954295e+00 -2.10970900e-09
4.41109999e+00 -2.11569229e-09
4.41265704e+00 -2.12158289e-09
4.41421408e+00 -2.12737965e-09
4.41577112e+00 -2.13308268e-09
4.41732816e+00 -2.13869071e-09
4.41888520e+00 -2.14420432e-09
4.42044225e+00 -2.14962211e-09
4.42199929e+00 -2.15494351e-09
4.42355633e+00 -2.16016829e-09
4.42511337e+00 -2.16529632e-09
4.42667041e+00 -2.17032633e-09
4.42822746e+00 -2.17525845e-09
4.42978450e+00 -2.18009184e-09
4.43134154e+00 -2.18482641e-09
4.43289858e+00 -2.18946110e-09
4.43445562e+00 -2.19399604e-09
4.43601267e+00 -2.19843029e-09
4.43756971e+00 -2.20276373e-09
4.43912675e+00 -2.20699673e-09
4.44068379e+00 -2.21112776e-09
4.44224083e+00 -2.21515659e-09
4.44379788e+00 -2.21908289e-09
4.44535492e+00 -2.22290664e-09
4.44691196e+00 -2.22662704e-09
4.44846900e+00 -2.23024408e-09
4.45002604e+00 -2.23375731e-09
4.45158309e+00 -2.23716614e-09
4.45314013e+00 -2.24047022e-09
4.45469717e+00 -2.24367013e-09
4.45625421e+00 -2.24676449e-09
4.45781125e+00 -2.24975364e-09
4.45936830e+00 -2.25263723e-09
4.46092534e+00 -2.25541433e-09
4.46248238e+00 -2.25808472e-09
4.46403942e+00 -2.26064955e-09
4.46559646e+00 -2.26310731e-09
4.46715351e+00 -2.26545824e-09
4.46871055e+00 -2.26770163e-09
4.47026759e+00 -2.26983762e-09
4.47182463e+00 -2.27186596e-09
4.47338167e+00 -2.27378688e-09
4.47493872e+00 -2.27559900e-09
4.47649576e+00 -2.27730347e-09
4.47805280e+00 -2.27889937e-09
4.47960984e+00 -2.28038681e-09
4.48116688e+00 -2.28176591e-09
4.48272393e+00 -2.28303573e-09
4.48428097e+00 -2.28419734e-09
4.48583801e+00 -2.28524955e-09
4.48739505e+00 -2.28619238e-09
4.48895209e+00 -2.28702629e-09
4.49050914e+00 -2.28775093e-09
4.49206618e+00 -2.28836641e-09
4.49362322e+00 -2.28887193e-09
4.49518026e+00 -2.28926841e-09
4.49673730e+00 -2.28955516e-09
4.49829435e+00 -2.28973240e-09
4.49985139e+00 -2.28980038e-09
4.50140843e+00 -2.28975839e-09
4.50296547e+00 -2.28960689e-09
4.50452251e+00 -2.28934613e-09
4.50607956e+00 -2.28897552e-09
4.50763660e+00 -2.28849610e-09
4.50919364e+00 -2.28790660e-09
4.51075068e+00 -2.28720783e-09
4.51230772e+00 -2.28640013e-09
4.51386477e+00 -2.28548306e-09
4.51542181e+00 -2.28445659e-09
4.51697885e+00 -2.28332144e-09
4.51853589e+00 -2.28207678e-09
4.52009293e+00 -2.28072425e-09
4.52164998e+00 -2.27926244e-09
4.52320702e+00 -2.27769183e-09
4.52476406e+00 -2.27601334e-09
4.52632110e+00 -2.27422616e-09
4.52787814e+00 -2.27233157e-09
4.52943519e+00 -2.27032875e-09
4.53099223e+00 -2.26821794e-09
4.53254927e+00 -2.26600006e-09
4.53410631e+00 -2.26367442e-09
4.53566335e+00 -2.26124218e-09
4.53722040e+00 -2.25870299e-09
4.53877744e+00 -2.25605708e-09
4.54033448e+00 -2.25330514e-09
4.54189152e+00 -2.25044696e-09
4.54344856e+00 -2.24748321e-09
4.54500561e+00 -2.24441379e-09
4.54656265e+00 -2.24123928e-09
4.54811969e+00 -2.23795933e-09
4.54967673e+00 -2.23457544e-09
4.55123377e+00 -2.23108692e-09
4.55279082e+00 -2.22749447e-09
4.55434786e+00 -2.22379843e-09
4.55590490e+00 -2.21999939e-09
4.55746194e+00 -2.21609722e-09
4.55901898e+00 -2.21209263e-09
4.56057603e+00 -2.20798607e-09
4.56213307e+00 -2.20377790e-09
4.56369011e+00 -2.19946789e-09
4.56524715e+00 -2.19505730e-09
4.56680419e+00 -2.19054591e-09
4.56836124e+00 -2.18593477e-09
4.56991828e+00 -2.18122445e-09
4.57147532e+00 -2.17641402e-09
4.57303236e+00 -2.17150534e-09
4.57458940e+00 -2.16649817e-09
4.57614645e+00 -2.16139381e-09
4.57770349e+00 -2.15619177e-09
4.57926053e+00 -2.15089299e-09
4.58081757e+00 -2.14549793e-09
4.58237461e+00 -2.14000705e-09
4.58393166e+00 -2.13442118e-09
4.58548870e+00 -2.12874065e-09
4.58704574e+00 -2.12296558e-09
4.58860278e+00 -2.11709772e-09
4.59015982e+00 -2.11113589e-09
4.59171687e+00 -2.10508220e-09
4.59327391e+00 -2.09893640e-09
4.59483095e+00 -2.09269943e-09
4.59638799e+00 -2.08637187e-09
4.59794503e+00 -2.07995429e-09
4.59950208e+00 -2.07344658e-09
4.60105912e+00 -2.06685024e-09
4.60261616e+00 -2.06016599e-09
4.60417320e+00 -2.05339403e-09
4.60573024e+00 -2.04653531e-09
4.60728729e+00 -2.03958994e-09
4.60884433e+00 -2.03255920e-09
4.61040137e+00 -2.02544343e-09
4.61195841e+00 -2.01824321e-09
4.61351545e+00 -2.01095959e-09
4.61507250e+00 -2.00359315e-09
4.61662954e+00 -1.99614447e-09
4.61818658e+00 -1.98861458e-09
4.61974362e+00 -1.98100304e-09
4.62130066e+00 -1.97331227e-09
4.62285771e+00 -1.96554215e-09
4.62441475e+00 -1.95769363e-09
4.62597179e+00 -1.94976691e-09
4.62752883e+00 -1.94176330e-09
4.62908587e+00 -1.93368382e-09
4.63064292e+00 -1.92552847e-09
4.63219996e+00 -1.91729843e-09
4.63375700e+00 -1.90899438e-09
4.63531404e+00 -1.90061736e-09
4.63687108e+00 -1.89216843e-09
4.63842813e+00 -1.88364746e-09
4.63998517e+00 -1.87505596e-09
4.64154221e+00 -1.86639418e-09
4.64309925e+00 -1.85766372e-09
4.64465629e+00 -1.84886505e-09
4.64621334e+00 -1.83999899e-09
4.64777038e+00 -1.83106646e-09
4.64932742e+00 -1.82206816e-09
4.65088446e+00 -1.81300502e-09
4.65244150e+00 -1.80387819e-09
4.65399855e+00 -1.79468780e-09
4.65555559e+00 -1.78543558e-09
4.65711263e+00 -1.77612189e-09
4.65866967e+00 -1.76674775e-09
4.66022671e+00 -1.75731423e-09
4.66178376e+00 -1.74782190e-09
4.66334080e+00 -1.73827226e-09
4.66489784e+00 -1.72866532e-09
4.66645488e+00 -1.71900305e-09
4.66801192e+00 -1.70928580e-09
4.66956897e+00 -1.69951437e-09
4.67112601e+00 -1.68968970e-09
4.67268305e+00 -1.67981295e-09
4.67424009e+00 -1.66988516e-09
4.67579713e+00 -1.65990715e-09
4.67735418e+00 -1.64987960e-09
4.67891122e+00 -1.63980391e-09
4.68046826e+00 -1.62968043e-09
4.68202530e+00 -1.61951102e-09
4.68358234e+00 -1.60929567e-09
4.68513939e+00 -1.59903659e-09
4.68669643e+00 -1.58873367e-09
4.68825347e+00 -1.57838829e-09
4.68981051e+00 -1.56800114e-09
4.69136755e+00 -1.55757364e-09
4.69292460e+00 -1.54710669e-09
4.69448164e+00 -1.53660123e-09
4.69603868e+00 -1.52605842e-09
4.69759572e+00 -1.51547895e-09
4.69915276e+00 -1.50486399e-09
4.70070981e+00 -1.49421447e-09
4.70226685e+00 -1.48353199e-09
4.70382389e+00 -1.47281704e-09
4.70538093e+00 -1.46206985e-09
4.70693797e+00 -1.45129295e-09
4.70849502e+00 -1.44048648e-09
4.71005206e+00 -1.42965193e-09
4.71160910e+00 -1.41879013e-09
4.71316614e+00 -1.40790234e-09
4.71472318e+00 -1.39698857e-09
4.71628023e+00 -1.38605137e-09
4.71783727e+00 -1.37509073e-09
4.71939431e+00 -1.36410852e-09
4.72095135e+00 -1.35310462e-09
4.72250839e+00 -1.34208100e-09
4.72406544e+00 -1.33103847e-09
4.72562248e+00 -1.31997878e-09
4.72717952e+00 -1.30890145e-09
4.72873656e+00 -1.29780881e-09
4.73029360e+00 -1.28670155e-09
4.73185065e+00 -1.27558084e-09
4.73340769e+00 -1.26444737e-09
4.73496473e+00 -1.25330242e-09
4.73652177e+00 -1.24214702e-09
4.73807881e+00 -1.23098235e-09
4.73963586e+00 -1.21980944e-09
4.74119290e+00 -1.20862922e-09
4.74274994e+00 -1.19744320e-09
4.74430698e+00 -1.18625185e-09
4.74586402e+00 -1.17505690e-09
4.74742107e+00 -1.16385858e-09
4.74897811e+00 -1.15265923e-09
4.75053515e+00 -1.14145801e-09
4.75209219e+00 -1.13025773e-09
4.75364923e+00 -1.11905895e-09
4.75520628e+00 -1.10786237e-09
4.75676332e+00 -1.09666963e-09
4.75832036e+00 -1.08548152e-09
4.75987740e+00 -1.07429887e-09
4.76143444e+00 -1.06312271e-09
4.76299149e+00 -1.05195467e-09
4.76454853e+00 -1.04079510e-09
4.76610557e+00 -1.02964609e-09
4.76766261e+00 -1.01850774e-09
4.76921965e+00 -1.00738158e-09
4.77077670e+00 -9.96268758e-10
4.77233374e+00 -9.85170086e-10
4.77389078e+00 -9.74086494e-10
4.77544782e+00 -9.63019026e-10
4.77700486e+00 -9.51969537e-10
4.77856191e+00 -9.40938028e-10
4.78011895e+00 -9.29926355e-10
4.78167599e+00 -9.18934865e-10
4.78323303e+00 -9.07965183e-10
4.78479007e+00 -8.97017773e-10
4.78634712e+00 -8.86094722e-10
4.78790416e+00 -8.75196378e-10
4.78946120e+00 -8.64323555e-10
4.79101824e+00 -8.53477526e-10
4.79257528e+00 -8.42659801e-10
4.79413233e+00 -8.31870380e-10
4.79568937e+00 -8.21111234e-10
4.79724641e+00 -8.10383059e-10
4.79880345e+00 -7.99687016e-10
4.80036049e+00 -7.89024032e-10
4.80191754e+00 -7.78394804e-10
4.80347458e+00 -7.67800839e-10
4.80503162e+00 -7.57242833e-10
4.80658866e+00 -7.46722178e-10
4.80814570e+00 -7.36239223e-10
4.80970275e+00 -7.25796055e-10
4.81125979e+00 -7.15392326e-10
4.81281683e+00 -7.05030241e-10
4.81437387e+00 -6.94709915e-10
4.81593091e+00 -6.84432276e-10
4.81748796e+00 -6.74199180e-10
4.81904500e+00 -6.64011091e-10
4.82060204e+00 -6.53868937e-10
4.82215908e+00 -6.43774111e-10
4.82371612e+00 -6.33726611e-10
4.82527317e+00 -6.23728295e-10
4.82683021e+00 -6.13780090e-10
4.82838725e+00 -6.03882460e-10
4.82994429e+00 -5.94036797e-10
4.83150133e+00 -5.84243796e-10
4.83305838e+00 -5.74504387e-10
4.83461542e+00 -5.64819497e-10
4.83617246e+00 -5.55190170e-10
4.83772950e+00 -5.45617449e-10
4.83928654e+00 -5.36101916e-10
4.84084359e+00 -5.26644614e-10
4.84240063e+00 -5.17246470e-10
4.84395767e+00 -5.07908297e-10
4.84551471e+00 -4.98631139e-10
4.84707175e+00 -4.89415808e-10
4.84862880e+00 -4.80263580e-10
4.85018584e+00 -4.71174919e-10
4.85174288e+00 -4.62150404e-10
4.85329992e+00 -4.53191313e-10
4.85485696e+00 -4.44298687e-10
4.85641401e+00 -4.35472413e-10
4.85797105e+00 -4.26715042e-10
4.85952809e+00 -4.18025877e-10
4.86108513e+00 -4.09406078e-10
4.86264217e+00 -4.00857271e-10
4.86419922e+00 -3.92378874e-10
4.86575626e+00 -3.83973324e-10
4.86731330e+00 -3.75640040e-10
4.86887034e+00 -3.67380763e-10
4.87042738e+00 -3.59195841e-10
4.87198443e+00 -3.51085853e-10
4.87354147e+00 -3.43052192e-10
4.87509851e+00 -3.35095089e-10
4.87665555e+00 -3.27215357e-10
4.87821259e+00 -3.19414040e-10
4.87976964e+00 -3.11691833e-10
4.88132668e+00 -3.04049316e-10
4.88288372e+00 -2.96487302e-10
4.88444076e+00 -2.89006371e-10
4.88599780e+00 -2.81607798e-10
4.88755485e+00 -2.74291467e-10
4.88911189e+00 -2.67058307e-10
4.89066893e+00 -2.59909709e-10
4.89222597e+00 -2.52845093e-10
4.89378301e+00 -2.45866548e-10
4.89534006e+00 -2.38973726e-10
4.89689710e+00 -2.32167786e-10
4.89845414e+00 -2.25448960e-10
4.90001118e+00 -2.18818292e-10
4.90156822e+00 -2.12276363e-10
4.90312527e+00 -2.05823520e-10
4.90468231e+00 -1.99460692e-10
4.90623935e+00 -1.93187877e-10
4.90779639e+00 -1.87007049e-10
4.90935343e+00 -1.80917280e-10
4.91091048e+00 -1.74919612e-10
4.91246752e+00 -1.69015439e-10
4.91402456e+00 -1.63204412e-10
4.91558160e+00 -1.57487344e-10
4.91713864e+00 -1.51864465e-10
4.91869569e+00 -1.46337169e-10
4.92025273e+00 -1.40905455e-10
4.92180977e+00 -1.35569323e-10
4.92336681e+00 -1.30330397e-10
4.92492385e+00 -1.25188214e-10
4.92648090e+00 -1.20143353e-10
4.92803794e+00 -1.15197089e-10
4.92959498e+00 -1.10348960e-10
4.93115202e+00 -1.05600358e-10
4.93270906e+00 -1.00950933e-10
4.93426611e+00 -9.64017303e-11
4.93582315e+00 -9.19530978e-11
4.93738019e+00 -8.76044555e-11
4.93893723e+00 -8.33575432e-11
4.94049427e+00 -7.92122450e-11
4.94205132e+00 -7.51687929e-11
4.94360836e+00 -7.12278829e-11
4.94516540e+00 -6.73899789e-11
4.94672244e+00 -6.36548490e-11
4.94827948e+00 -6.00236532e-11
4.94983653e+00 -5.64959274e-11
4.95139357e+00 -5.30723677e-11
4.95295061e+00 -4.97535540e-11
4.95450765e+00 -4.65396023e-11
4.95606469e+00 -4.34306287e-11
4.95762174e+00 -4.04272131e-11
4.95917878e+00 -3.75294715e-11
4.96073582e+00 -3.47378679e-11
4.96229286e+00 -3.20524023e-11
4.96384990e+00 -2.94737707e-11
4.96540695e+00 -2.70013931e-11
4.96696399e+00 -2.46364295e-11
4.96852103e+00 -2.23786479e-11
4.97007807e+00 -2.02282803e-11
4.97163512e+00 -1.81850946e-11
4.97319216e+00 -1.62500189e-11
4.97474920e+00 -1.44235172e-11
4.97630624e+00 -1.27046615e-11
4.97786328e+00 -1.10946117e-11
4.97942033e+00 -9.59290392e-12
4.98097737e+00 -8.19977007e-12
4.98253441e+00 -6.91555818e-12
4.98409145e+00 -5.74038424e-12
4.98564849e+00 -4.67436425e-12
4.98720554e+00 -3.71680223e-12
4.98876258e+00 -2.86897414e-12
4.99031962e+00 -2.13053200e-12
4.99187666e+00 -1.50112782e-12
4.99343370e+00 -9.81805569e-13
4.99499075e+00 -5.71405273e-13
4.99654779e+00 -2.70854915e-13
4.99810483e+00 -7.98065018e-14
4.99966187e+00 1.97196298e-15
5.00121891e+00 -2.65635013e-14
