#	Time	Error_of_Energy
3.11408401e-03 -3.50789015e-12
6.22816801e-03 -1.40305166e-11
9.34225202e-03 -3.15641675e-11
1.24563360e-02 -5.61014188e-11
1.55704200e-02 -8.76333389e-11
1.86845040e-02 -1.26147748e-10
2.17985880e-02 -1.71629914e-10
2.49126720e-02 -2.24062206e-10
2.80267561e-02 -2.83424555e-10
3.11408401e-02 -3.49694227e-10
3.42549241e-02 -4.22845818e-10
3.73690081e-02 -5.02851140e-10
4.04830921e-02 -5.89679454e-10
4.35971761e-02 -6.83298049e-10
4.67112601e-02 -7.83669805e-10
4.98253441e-02 -8.90757370e-10
5.29394281e-02 -1.00451829e-09
5.60535121e-02 -1.12491057e-09
5.91675961e-02 -1.25188666e-09
6.22816801e-02 -1.38539830e-09
6.53957641e-02 -1.52539445e-09
6.85098481e-02 -1.67182082e-09
7.16239321e-02 -1.82462174e-09
7.47380161e-02 -1.98373873e-09
7.78521001e-02 -2.14911010e-09
8.09661841e-02 -2.32067227e-09
8.40802682e-02 -2.49836052e-09
8.71943522e-02 -2.68210525e-09
9.03084362e-02 -2.87183685e-09
9.34225202e-02 -3.06748226e-09
9.65366042e-02 -3.26896677e-09
9.96506882e-02 -3.47621219e-09
1.02764772e-01 -3.68913988e-09
1.05878856e-01 -3.90766794e-09
1.08992940e-01 -4.13171217e-09
1.12107024e-01 -4.36118649e-09
1.15221108e-01 -4.59600366e-09
1.18335192e-01 -4.83607276e-09
1.21449276e-01 -5.08130236e-09
1.24563360e-01 -5.33159817e-09
1.27677444e-01 -5.58686379e-09
1.30791528e-01 -5.84700167e-09
1.33905612e-01 -6.11191239e-09
1.37019696e-01 -6.38149376e-09
1.40133780e-01 -6.65564255e-09
1.43247864e-01 -6.93425343e-09
1.46361948e-01 -7.21722026e-09
1.49476032e-01 -7.50443365e-09
1.52590116e-01 -7.79578364e-09
1.55704200e-01 -8.09115922e-09
1.58818284e-01 -8.39044648e-09
1.61932368e-01 -8.69353069e-09
1.65046452e-01 -9.00029563e-09
1.68160536e-01 -9.31062438e-09
1.71274620e-01 -9.62439721e-09
1.74388704e-01 -9.94149361e-09
1.77502788e-01 -1.02617928e-08
1.80616872e-01 -1.05851720e-08
1.83730956e-01 -1.09115063e-08
1.86845040e-01 -1.12406718e-08
1.89959124e-01 -1.15725414e-08
1.93073208e-01 -1.19069886e-08
1.96187292e-01 -1.22438850e-08
1.99301376e-01 -1.25831015e-08
2.02415460e-01 -1.29245079e-08
2.05529544e-01 -1.32679738e-08
2.08643628e-01 -1.36133679e-08
2.11757712e-01 -1.39605569e-08
2.14871796e-01 -1.43094086e-08
2.17985880e-01 -1.46597891e-08
2.21099964e-01 -1.50115637e-08
2.24214048e-01 -1.53645986e-08
2.27328132e-01 -1.57187583e-08
2.30442216e-01 -1.60739065e-08
2.33556300e-01 -1.64299080e-08
2.36670384e-01 -1.67866257e-08
2.39784468e-01 -1.71439240e-08
2.42898552e-01 -1.75016653e-08
2.46012636e-01 -1.78597132e-08
2.49126720e-01 -1.82179307e-08
2.52240804e-01 -1.85761794e-08
2.55354888e-01 -1.89343237e-08
2.58468972e-01 -1.92922259e-08
2.61583056e-01 -1.96497489e-08
2.64697140e-01 -2.00067556e-08
2.67811224e-01 -2.03631098e-08
2.70925308e-01 -2.07186751e-08
2.74039392e-01 -2.10733156e-08
2.77153477e-01 -2.14268954e-08
2.80267561e-01 -2.17792789e-08
2.83381645e-01 -2.21303317e-08
2.86495729e-01 -2.24799194e-08
2.89609813e-01 -2.28279080e-08
2.92723897e-01 -2.31741646e-08
2.95837981e-01 -2.35185570e-08
2.98952065e-01 -2.38609531e-08
3.02066149e-01 -2.42012220e-08
3.05180233e-01 -2.45392334e-08
3.08294317e-01 -2.48748585e-08
3.11408401e-01 -2.52079684e-08
3.14522485e-01 -2.55384359e-08
3.17636569e-01 -2.58661352e-08
3.20750653e-01 -2.61909403e-08
3.23864737e-01 -2.65127271e-08
3.26978821e-01 -2.68313728e-08
3.30092905e-01 -2.71467558e-08
3.33206989e-01 -2.74587555e-08
3.36321073e-01 -2.77672520e-08
3.39435157e-01 -2.80721275e-08
3.42549241e-01 -2.83732657e-08
3.45663325e-01 -2.86705520e-08
3.48777409e-01 -2.89638721e-08
3.51891493e-01 -2.92531140e-08
3.55005577e-01 -2.95381670e-08
3.58119661e-01 -2.98189230e-08
3.61233745e-01 -3.00952737e-08
3.64347829e-01 -3.03671146e-08
3.67461913e-01 -3.06343405e-08
3.70575997e-01 -3.08968502e-08
3.73690081e-01 -3.11545430e-08
3.76804165e-01 -3.14073207e-08
3.79918249e-01 -3.16550871e-08
3.83032333e-01 -3.18977467e-08
3.86146417e-01 -3.21352072e-08
3.89260501e-01 -3.23673781e-08
3.92374585e-01 -3.25941704e-08
3.95488669e-01 -3.28154973e-08
3.98602753e-01 -3.30312752e-08
4.01716837e-01 -3.32414209e-08
4.04830921e-01 -3.34458541e-08
4.07945005e-01 -3.36444968e-08
4.11059089e-01 -3.38372741e-08
4.14173173e-01 -3.40241111e-08
4.17287257e-01 -3.42049369e-08
4.20401341e-01 -3.43796823e-08
4.23515425e-01 -3.45482802e-08
4.26629509e-01 -3.47106677e-08
4.29743593e-01 -3.48667813e-08
4.32857677e-01 -3.50165622e-08
4.35971761e-01 -3.51599530e-08
4.39085845e-01 -3.52968990e-08
4.42199929e-01 -3.54273473e-08
4.45314013e-01 -3.55512493e-08
4.48428097e-01 -3.56685561e-08
4.51542181e-01 -3.57792245e-08
4.54656265e-01 -3.58832119e-08
4.57770349e-01 -3.59804777e-08
4.60884433e-01 -3.60709855e-08
4.63998517e-01 -3.61547009e-08
4.67112601e-01 -3.62315912e-08
4.70226685e-01 -3.63016275e-08
4.73340769e-01 -3.63647835e-08
4.76454853e-01 -3.64210342e-08
4.79568937e-01 -3.64703592e-08
4.82683021e-01 -3.65127383e-08
4.85797105e-01 -3.65481564e-08
4.88911189e-01 -3.65765999e-08
4.92025273e-01 -3.65980576e-08
4.95139357e-01 -3.66125212e-08
4.98253441e-01 -3.66199852e-08
5.01367525e-01 -3.66204472e-08
5.04481609e-01 -3.66139068e-08
5.07595693e-01 -3.66003664e-08
5.10709777e-01 -3.65798312e-08
5.13823861e-01 -3.65523092e-08
5.16937945e-01 -3.65178112e-08
5.20052029e-01 -3.64763494e-08
5.23166113e-01 -3.64279404e-08
5.26280197e-01 -3.63726025e-08
5.29394281e-01 -3.63103565e-08
5.32508365e-01 -3.62412269e-08
5.35622449e-01 -3.61652393e-08
5.38736533e-01 -3.60824232e-08
5.41850617e-01 -3.59928099e-08
5.44964701e-01 -3.58964335e-08
5.48078785e-01 -3.57933309e-08
5.51192869e-01 -3.56835418e-08
5.54306953e-01 -3.55671081e-08
5.57421037e-01 -3.54440741e-08
5.60535121e-01 -3.53144865e-08
5.63649205e-01 -3.51783949e-08
5.66763289e-01 -3.50358519e-08
5.69877373e-01 -3.48869112e-08
5.72991457e-01 -3.47316295e-08
5.76105541e-01 -3.45700667e-08
5.79219625e-01 -3.44022847e-08
5.82333709e-01 -3.42283466e-08
5.85447793e-01 -3.40483194e-08
5.88561877e-01 -3.38622719e-08
5.91675961e-01 -3.36702749e-08
5.94790045e-01 -3.34724016e-08
5.97904129e-01 -3.32687282e-08
6.01018213e-01 -3.30593320e-08
6.04132297e-01 -3.28442929e-08
6.07246381e-01 -3.26236929e-08
6.10360465e-01 -3.23976167e-08
6.13474549e-01 -3.21661509e-08
6.16588633e-01 -3.19293829e-08
6.19702717e-01 -3.16874045e-08
6.22816801e-01 -3.14403070e-08
6.25930885e-01 -3.11881851e-08
6.29044969e-01 -3.09311352e-08
6.32159053e-01 -3.06692555e-08
6.35273137e-01 -3.04026461e-08
6.38387221e-01 -3.01314089e-08
6.41501305e-01 -2.98556475e-08
6.44615389e-01 -2.95754666e-08
6.47729473e-01 -2.92909741e-08
6.50843557e-01 -2.90022788e-08
6.53957641e-01 -2.87094906e-08
6.57071725e-01 -2.84127213e-08
6.60185809e-01 -2.81120847e-08
6.63299893e-01 -2.78076960e-08
6.66413977e-01 -2.74996707e-08
6.69528061e-01 -2.71881270e-08
6.72642145e-01 -2.68731839e-08
6.75756229e-01 -2.65549618e-08
6.78870313e-01 -2.62335822e-08
6.81984397e-01 -2.59091685e-08
6.85098481e-01 -2.55818439e-08
6.88212565e-01 -2.52517345e-08
6.91326649e-01 -2.49189658e-08
6.94440733e-01 -2.45836652e-08
6.97554817e-01 -2.42459615e-08
7.00668901e-01 -2.39059828e-08
7.03782985e-01 -2.35638606e-08
7.06897069e-01 -2.32197241e-08
7.10011153e-01 -2.28737056e-08
7.13125237e-01 -2.25259381e-08
7.16239321e-01 -2.21765538e-08
7.19353405e-01 -2.18256867e-08
7.22467489e-01 -2.14734711e-08
7.25581573e-01 -2.11200415e-08
7.28695657e-01 -2.07655336e-08
7.31809741e-01 -2.04100825e-08
7.34923825e-01 -2.00538243e-08
7.38037909e-01 -1.96968959e-08
7.41151993e-01 -1.93394335e-08
7.44266077e-01 -1.89815738e-08
7.47380161e-01 -1.86234538e-08
7.50494245e-01 -1.82652105e-08
7.53608329e-01 -1.79069816e-08
7.56722413e-01 -1.75489034e-08
7.59836497e-01 -1.71911139e-08
7.62950581e-01 -1.68337495e-08
7.66064665e-01 -1.64769470e-08
7.69178749e-01 -1.61208428e-08
7.72292833e-01 -1.57655748e-08
7.75406917e-01 -1.54112766e-08
7.78521001e-01 -1.50580856e-08
7.81635085e-01 -1.47061365e-08
7.84749169e-01 -1.43555648e-08
7.87863253e-01 -1.40065037e-08
7.90977337e-01 -1.36590876e-08
7.94091421e-01 -1.33134497e-08
7.97205505e-01 -1.29697217e-08
8.00319589e-01 -1.26280357e-08
8.03433673e-01 -1.22885227e-08
8.06547757e-01 -1.19513129e-08
8.09661841e-01 -1.16165350e-08
8.12775925e-01 -1.12843176e-08
8.15890009e-01 -1.09547884e-08
8.19004093e-01 -1.06280731e-08
8.22118177e-01 -1.03042968e-08
8.25232261e-01 -9.98358424e-09
8.28346346e-01 -9.66605794e-09
8.31460430e-01 -9.35183968e-09
8.34574514e-01 -9.04104996e-09
8.37688598e-01 -8.73380781e-09
8.40802682e-01 -8.43023164e-09
8.43916766e-01 -8.13043690e-09
8.47030850e-01 -7.83453875e-09
8.50144934e-01 -7.54265064e-09
8.53259018e-01 -7.25488533e-09
8.56373102e-01 -6.97135209e-09
8.59487186e-01 -6.69216018e-09
8.62601270e-01 -6.41741655e-09
8.65715354e-01 -6.14722630e-09
8.68829438e-01 -5.88169360e-09
8.71943522e-01 -5.62091994e-09
8.75057606e-01 -5.36500566e-09
8.78171690e-01 -5.11404831e-09
8.81285774e-01 -4.86814476e-09
8.84399858e-01 -4.62738873e-09
8.87513942e-01 -4.39187371e-09
8.90628026e-01 -4.16168856e-09
8.93742110e-01 -3.93692271e-09
8.96856194e-01 -3.71766200e-09
8.99970278e-01 -3.50399030e-09
9.03084362e-01 -3.29599020e-09
9.06198446e-01 -3.09374138e-09
9.09312530e-01 -2.89732111e-09
9.12426614e-01 -2.70680478e-09
9.15540698e-01 -2.52226570e-09
9.18654782e-01 -2.34377451e-09
9.21768866e-01 -2.17139989e-09
9.24882950e-01 -2.00520761e-09
9.27997034e-01 -1.84526227e-09
9.31111118e-01 -1.69162443e-09
9.34225202e-01 -1.54435336e-09
9.37339286e-01 -1.40350579e-09
9.40453370e-01 -1.26913519e-09
9.43567454e-01 -1.14129388e-09
9.46681538e-01 -1.02003022e-09
9.49795622e-01 -9.05391424e-10
9.52909706e-01 -7.97421114e-10
9.56023790e-01 -6.96160583e-10
9.59137874e-01 -6.01649038e-10
9.62251958e-01 -5.13922204e-10
9.65366042e-01 -4.33014535e-10
9.68480126e-01 -3.58957002e-10
9.71594210e-01 -2.91777559e-10
9.74708294e-01 -2.31501958e-10
9.77822378e-01 -1.78153864e-10
9.80936462e-01 -1.31753459e-10
9.84050546e-01 -9.23183750e-11
9.87164630e-01 -5.98642722e-11
9.90278714e-01 -3.44027502e-11
9.93392798e-01 -1.59445967e-11
9.96506882e-01 -4.49642359e-12
9.99620966e-01 -6.25228263e-14
1.00273505e+00 -2.64451836e-12
1.00584913e+00 -1.22418302e-11
1.00896322e+00 -2.88508624e-11
1.01207730e+00 -5.24641911e-11
1.01519139e+00 -8.30738125e-11
1.01830547e+00 -1.20667895e-10
1.02141955e+00 -1.65231358e-10
1.02453364e+00 -2.16747615e-10
1.02764772e+00 -2.75196830e-10
1.03076181e+00 -3.40556731e-10
1.03387589e+00 -4.12801567e-10
1.03698997e+00 -4.91904310e-10
1.04010406e+00 -5.77834105e-10
1.04321814e+00 -6.70558240e-10
1.04633223e+00 -7.70041452e-10
1.04944631e+00 -8.76244651e-10
1.05256039e+00 -9.89128164e-10
1.05567448e+00 -1.10864745e-09
1.05878856e+00 -1.23475750e-09
1.06190265e+00 -1.36740959e-09
1.06501673e+00 -1.50655315e-09
1.06813081e+00 -1.65213402e-09
1.07124490e+00 -1.80409720e-09
1.07435898e+00 -1.96238377e-09
1.07747307e+00 -2.12693329e-09
1.08058715e+00 -2.29768243e-09
1.08370123e+00 -2.47456589e-09
1.08681532e+00 -2.65751533e-09
1.08992940e+00 -2.84646094e-09
1.09304349e+00 -3.04133032e-09
1.09615757e+00 -3.24204854e-09
1.09927165e+00 -3.44853812e-09
1.10238574e+00 -3.66072064e-09
1.10549982e+00 -3.87851433e-09
1.10861391e+00 -4.10183531e-09
1.11172799e+00 -4.33059844e-09
1.11484207e+00 -4.56471534e-09
1.11795616e+00 -4.80409691e-09
1.12107024e+00 -5.04865094e-09
1.12418433e+00 -5.29828325e-09
1.12729841e+00 -5.55289893e-09
1.13041249e+00 -5.81239952e-09
1.13352658e+00 -6.07668594e-09
1.13664066e+00 -6.34565682e-09
1.13975475e+00 -6.61920880e-09
1.14286883e+00 -6.89723725e-09
1.14598291e+00 -7.17963499e-09
1.14909700e+00 -7.46629450e-09
1.15221108e+00 -7.75710510e-09
1.15532517e+00 -8.05195544e-09
1.15843925e+00 -8.35073300e-09
1.16155333e+00 -8.65332237e-09
1.16466742e+00 -8.95960882e-09
1.16778150e+00 -9.26947369e-09
1.17089559e+00 -9.58279854e-09
1.17400967e+00 -9.89946378e-09
1.17712375e+00 -1.02193474e-08
1.18023784e+00 -1.05423263e-08
1.18335192e+00 -1.08682783e-08
1.18646601e+00 -1.11970770e-08
1.18958009e+00 -1.15285973e-08
1.19269417e+00 -1.18627116e-08
1.19580826e+00 -1.21992922e-08
1.19892234e+00 -1.25382098e-08
1.20203643e+00 -1.28793349e-08
1.20515051e+00 -1.32225367e-08
1.20826459e+00 -1.35676836e-08
1.21137868e+00 -1.39146433e-08
1.21449276e+00 -1.42632831e-08
1.21760685e+00 -1.46134690e-08
1.22072093e+00 -1.49650679e-08
1.22383501e+00 -1.53179442e-08
1.22694910e+00 -1.56719627e-08
1.23006318e+00 -1.60269888e-08
1.23317727e+00 -1.63828853e-08
1.23629135e+00 -1.67395164e-08
1.23940543e+00 -1.70967459e-08
1.24251952e+00 -1.74544368e-08
1.24563360e+00 -1.78124520e-08
1.24874769e+00 -1.81706546e-08
1.25186177e+00 -1.85289076e-08
1.25497585e+00 -1.88870734e-08
1.25808994e+00 -1.92450154e-08
1.26120402e+00 -1.96025959e-08
1.26431811e+00 -1.99596786e-08
1.26743219e+00 -2.03161269e-08
1.27054627e+00 -2.06718039e-08
1.27366036e+00 -2.10265743e-08
1.27677444e+00 -2.13803014e-08
1.27988853e+00 -2.17328506e-08
1.28300261e+00 -2.20840867e-08
1.28611669e+00 -2.24338753e-08
1.28923078e+00 -2.27820828e-08
1.29234486e+00 -2.31285756e-08
1.29545895e+00 -2.34732213e-08
1.29857303e+00 -2.38158882e-08
1.30168711e+00 -2.41564453e-08
1.30480120e+00 -2.44947621e-08
1.30791528e+00 -2.48307094e-08
1.31102937e+00 -2.51641586e-08
1.31414345e+00 -2.54949830e-08
1.31725753e+00 -2.58230542e-08
1.32037162e+00 -2.61482485e-08
1.32348570e+00 -2.64704410e-08
1.32659979e+00 -2.67895084e-08
1.32971387e+00 -2.71053286e-08
1.33282795e+00 -2.74177811e-08
1.33594204e+00 -2.77267469e-08
1.33905612e+00 -2.80321071e-08
1.34217021e+00 -2.83337450e-08
1.34528429e+00 -2.86315461e-08
1.34839837e+00 -2.89253959e-08
1.35151246e+00 -2.92151823e-08
1.35462654e+00 -2.95007946e-08
1.35774063e+00 -2.97821238e-08
1.36085471e+00 -3.00590620e-08
1.36396879e+00 -3.03315035e-08
1.36708288e+00 -3.05993443e-08
1.37019696e+00 -3.08624823e-08
1.37331105e+00 -3.11208167e-08
1.37642513e+00 -3.13742488e-08
1.37953921e+00 -3.16226812e-08
1.38265330e+00 -3.18660204e-08
1.38576738e+00 -3.21041724e-08
1.38888147e+00 -3.23370461e-08
1.39199555e+00 -3.25645530e-08
1.39510963e+00 -3.27866069e-08
1.39822372e+00 -3.30031214e-08
1.40133780e+00 -3.32140148e-08
1.40445189e+00 -3.34192065e-08
1.40756597e+00 -3.36186180e-08
1.41068005e+00 -3.38121729e-08
1.41379414e+00 -3.39997981e-08
1.41690822e+00 -3.41814210e-08
1.42002231e+00 -3.43569724e-08
1.42313639e+00 -3.45263856e-08
1.42625047e+00 -3.46895964e-08
1.42936456e+00 -3.48465417e-08
1.43247864e+00 -3.49971615e-08
1.43559273e+00 -3.51413986e-08
1.43870681e+00 -3.52791981e-08
1.44182089e+00 -3.54105069e-08
1.44493498e+00 -3.55352755e-08
1.44804906e+00 -3.56534558e-08
1.45116315e+00 -3.57650027e-08
1.45427723e+00 -3.58698736e-08
1.45739131e+00 -3.59680289e-08
1.46050540e+00 -3.60594307e-08
1.46361948e+00 -3.61440438e-08
1.46673357e+00 -3.62218367e-08
1.46984765e+00 -3.62927794e-08
1.47296173e+00 -3.63568445e-08
1.47607582e+00 -3.64140079e-08
1.47918990e+00 -3.64642478e-08
1.48230399e+00 -3.65075447e-08
1.48541807e+00 -3.65438824e-08
1.48853215e+00 -3.65732468e-08
1.49164624e+00 -3.65956267e-08
1.49476032e+00 -3.66110138e-08
1.49787441e+00 -3.66194024e-08
1.50098849e+00 -3.66207885e-08
1.50410257e+00 -3.66151726e-08
1.50721666e+00 -3.66025556e-08
1.51033074e+00 -3.65829432e-08
1.51344483e+00 -3.65563427e-08
1.51655891e+00 -3.65227641e-08
1.51967299e+00 -3.64822208e-08
1.52278708e+00 -3.64347271e-08
1.52590116e+00 -3.63803024e-08
1.52901525e+00 -3.63189670e-08
1.53212933e+00 -3.62507436e-08
1.53524341e+00 -3.61756596e-08
1.53835750e+00 -3.60937427e-08
1.54147158e+00 -3.60050243e-08
1.54458567e+00 -3.59095383e-08
1.54769975e+00 -3.58073218e-08
1.55081383e+00 -3.56984128e-08
1.55392792e+00 -3.55828533e-08
1.55704200e+00 -3.54606878e-08
1.56015609e+00 -3.53319626e-08
1.56327017e+00 -3.51967264e-08
1.56638425e+00 -3.50550316e-08
1.56949834e+00 -3.49069318e-08
1.57261242e+00 -3.47524837e-08
1.57572651e+00 -3.45917466e-08
1.57884059e+00 -3.44247813e-08
1.58195467e+00 -3.42516515e-08
1.58506876e+00 -3.40724242e-08
1.58818284e+00 -3.38871669e-08
1.59129693e+00 -3.36959511e-08
1.59441101e+00 -3.34988489e-08
1.59752509e+00 -3.32959368e-08
1.60063918e+00 -3.30872907e-08
1.60375326e+00 -3.28729919e-08
1.60686735e+00 -3.26531213e-08
1.60998143e+00 -3.24277629e-08
1.61309551e+00 -3.21970030e-08
1.61620960e+00 -3.19609295e-08
1.61932368e+00 -3.17196337e-08
1.62243777e+00 -3.14732060e-08
1.62555185e+00 -3.12217420e-08
1.62866593e+00 -3.09653368e-08
1.63178002e+00 -3.07040887e-08
1.63489410e+00 -3.04380976e-08
1.63800819e+00 -3.01674652e-08
1.64112227e+00 -2.98922947e-08
1.64423635e+00 -2.96126912e-08
1.64735044e+00 -2.93287614e-08
1.65046452e+00 -2.90406147e-08
1.65357861e+00 -2.87483601e-08
1.65669269e+00 -2.84521100e-08
1.65980678e+00 -2.81519773e-08
1.66292086e+00 -2.78480767e-08
1.66603494e+00 -2.75405244e-08
1.66914903e+00 -2.72294383e-08
1.67226311e+00 -2.69149368e-08
1.67537720e+00 -2.65971404e-08
1.67849128e+00 -2.62761704e-08
1.68160536e+00 -2.59521500e-08
1.68471945e+00 -2.56252025e-08
1.68783353e+00 -2.52954535e-08
1.69094762e+00 -2.49630282e-08
1.69406170e+00 -2.46280549e-08
1.69717578e+00 -2.42906605e-08
1.70028987e+00 -2.39509751e-08
1.70340395e+00 -2.36091280e-08
1.70651804e+00 -2.32652496e-08
1.70963212e+00 -2.29194723e-08
1.71274620e+00 -2.25719276e-08
1.71586029e+00 -2.22227490e-08
1.71897437e+00 -2.18720701e-08
1.72208846e+00 -2.15200247e-08
1.72520254e+00 -2.11667478e-08
1.72831662e+00 -2.08123740e-08
1.73143071e+00 -2.04570398e-08
1.73454479e+00 -2.01008809e-08
1.73765888e+00 -1.97440331e-08
1.74077296e+00 -1.93866330e-08
1.74388704e+00 -1.90288174e-08
1.74700113e+00 -1.86707243e-08
1.75011521e+00 -1.83124893e-08
1.75322930e+00 -1.79542508e-08
1.75634338e+00 -1.75961447e-08
1.75945746e+00 -1.72383093e-08
1.76257155e+00 -1.68808809e-08
1.76568563e+00 -1.65239964e-08
1.76879972e+00 -1.61677926e-08
1.77191380e+00 -1.58124061e-08
1.77502788e+00 -1.54579722e-08
1.77814197e+00 -1.51046274e-08
1.78125605e+00 -1.47525071e-08
1.78437014e+00 -1.44017455e-08
1.78748422e+00 -1.40524774e-08
1.79059830e+00 -1.37048364e-08
1.79371239e+00 -1.33589564e-08
1.79682647e+00 -1.30149688e-08
1.79994056e+00 -1.26730058e-08
1.80305464e+00 -1.23331984e-08
1.80616872e+00 -1.19956770e-08
1.80928281e+00 -1.16605710e-08
1.81239689e+00 -1.13280086e-08
1.81551098e+00 -1.09981171e-08
1.81862506e+00 -1.06710229e-08
1.82173914e+00 -1.03468521e-08
1.82485323e+00 -1.00257282e-08
1.82796731e+00 -9.70777436e-09
1.83108140e+00 -9.39311263e-09
1.83419548e+00 -9.08186380e-09
1.83730956e+00 -8.77414674e-09
1.84042365e+00 -8.47007980e-09
1.84353773e+00 -8.16977895e-09
1.84665182e+00 -7.87336020e-09
1.84976590e+00 -7.58093665e-09
1.85287998e+00 -7.29262047e-09
1.85599407e+00 -7.00852243e-09
1.85910815e+00 -6.72875169e-09
1.86222224e+00 -6.45341473e-09
1.86533632e+00 -6.18261793e-09
1.86845040e+00 -5.91646511e-09
1.87156449e+00 -5.65505728e-09
1.87467857e+00 -5.39849620e-09
1.87779266e+00 -5.14687941e-09
1.88090674e+00 -4.90030330e-09
1.88402082e+00 -4.65886335e-09
1.88713491e+00 -4.42265095e-09
1.89024899e+00 -4.19175763e-09
1.89336308e+00 -3.96627167e-09
1.89647716e+00 -3.74627971e-09
1.89959124e+00 -3.53186609e-09
1.90270533e+00 -3.32311281e-09
1.90581941e+00 -3.12010026e-09
1.90893350e+00 -2.92290652e-09
1.91204758e+00 -2.73160709e-09
1.91516166e+00 -2.54627481e-09
1.91827575e+00 -2.36698127e-09
1.92138983e+00 -2.19379571e-09
1.92450392e+00 -2.02678390e-09
1.92761800e+00 -1.86601057e-09
1.93073208e+00 -1.71153673e-09
1.93384617e+00 -1.56342271e-09
1.93696025e+00 -1.42172383e-09
1.94007434e+00 -1.28649554e-09
1.94318842e+00 -1.15778946e-09
1.94630250e+00 -1.03565535e-09
1.94941659e+00 -9.20139039e-10
1.95253067e+00 -8.11286102e-10
1.95564476e+00 -7.09138188e-10
1.95875884e+00 -6.13733807e-10
1.96187292e+00 -5.25110078e-10
1.96498701e+00 -4.43301106e-10
1.96810109e+00 -3.68337281e-10
1.97121518e+00 -3.00248532e-10
1.97432926e+00 -2.39060724e-10
1.97744334e+00 -1.84797175e-10
1.98055743e+00 -1.37478879e-10
1.98367151e+00 -9.71239328e-11
1.98678560e+00 -6.37478793e-11
1.98989968e+00 -3.73630146e-11
1.99301376e+00 -1.79800105e-11
1.99612785e+00 -5.60594276e-12
1.99924193e+00 -2.46727368e-13
2.00235602e+00 -1.90294428e-12
2.00547010e+00 -1.05749415e-11
2.00858418e+00 -2.62579631e-11
2.01169827e+00 -4.89476011e-11
2.01481235e+00 -7.86345758e-11
2.01792644e+00 -1.15307635e-10
2.02104052e+00 -1.58952512e-10
2.02415460e+00 -2.09552734e-10
2.02726869e+00 -2.67087538e-10
2.03038277e+00 -3.31536972e-10
2.03349686e+00 -4.02874937e-10
2.03661094e+00 -4.81074405e-10
2.03972502e+00 -5.66104753e-10
2.04283911e+00 -6.57934429e-10
2.04595319e+00 -7.56527474e-10
2.04906728e+00 -8.61846653e-10
2.05218136e+00 -9.73850438e-10
2.05529544e+00 -1.09249684e-09
2.05840953e+00 -1.21773969e-09
2.06152361e+00 -1.34953154e-09
2.06463770e+00 -1.48782125e-09
2.06775178e+00 -1.63255556e-09
2.07086586e+00 -1.78367984e-09
2.07397995e+00 -1.94113575e-09
2.07709403e+00 -2.10486215e-09
2.08020812e+00 -2.27479734e-09
2.08332220e+00 -2.45087484e-09
2.08643628e+00 -2.63302761e-09
2.08955037e+00 -2.82118629e-09
2.09266445e+00 -3.01527790e-09
2.09577854e+00 -3.21522857e-09
2.09889262e+00 -3.42096150e-09
2.10200670e+00 -3.63239699e-09
2.10512079e+00 -3.84945513e-09
2.10823487e+00 -4.07205159e-09
2.11134896e+00 -4.30010122e-09
2.11446304e+00 -4.53351680e-09
2.11757712e+00 -4.77220899e-09
2.12069121e+00 -5.01608583e-09
2.12380529e+00 -5.26505335e-09
2.12691938e+00 -5.51901689e-09
2.13003346e+00 -5.77787891e-09
2.13314754e+00 -6.04153929e-09
2.13626163e+00 -6.30989770e-09
2.13937571e+00 -6.58285137e-09
2.14248980e+00 -6.86029508e-09
2.14560388e+00 -7.14212234e-09
2.14871796e+00 -7.42822517e-09
2.15183205e+00 -7.71849429e-09
2.15494613e+00 -8.01281858e-09
2.15806022e+00 -8.31108402e-09
2.16117430e+00 -8.61317761e-09
2.16428838e+00 -8.91898244e-09
2.16740247e+00 -9.22838169e-09
2.17051655e+00 -9.54125693e-09
2.17363064e+00 -9.85748822e-09
2.17674472e+00 -1.01769539e-08
2.17985880e+00 -1.04995318e-08
2.18297289e+00 -1.08250986e-08
2.18608697e+00 -1.11535291e-08
2.18920106e+00 -1.14846973e-08
2.19231514e+00 -1.18184768e-08
2.19542922e+00 -1.21547391e-08
2.19854331e+00 -1.24933560e-08
2.20165739e+00 -1.28341973e-08
2.20477148e+00 -1.31771323e-08
2.20788556e+00 -1.35220300e-08
2.21099964e+00 -1.38687582e-08
2.21411373e+00 -1.42171841e-08
2.21722781e+00 -1.45671742e-08
2.22034190e+00 -1.49185935e-08
2.22345598e+00 -1.52713088e-08
2.22657006e+00 -1.56251845e-08
2.22968415e+00 -1.59800852e-08
2.23279823e+00 -1.63358744e-08
2.23591232e+00 -1.66924168e-08
2.23902640e+00 -1.70495752e-08
2.24214048e+00 -1.74072129e-08
2.24525457e+00 -1.77651931e-08
2.24836865e+00 -1.81233788e-08
2.25148274e+00 -1.84816323e-08
2.25459682e+00 -1.88398171e-08
2.25771090e+00 -1.91977964e-08
2.26082499e+00 -1.95554327e-08
2.26393907e+00 -1.99125891e-08
2.26705316e+00 -2.02691290e-08
2.27016724e+00 -2.06249158e-08
2.27328132e+00 -2.09798133e-08
2.27639541e+00 -2.13336863e-08
2.27950949e+00 -2.16863985e-08
2.28262358e+00 -2.20378156e-08
2.28573766e+00 -2.23878028e-08
2.28885174e+00 -2.27362260e-08
2.29196583e+00 -2.30829532e-08
2.29507991e+00 -2.34278504e-08
2.29819400e+00 -2.37707858e-08
2.30130808e+00 -2.41116288e-08
2.30442216e+00 -2.44502488e-08
2.30753625e+00 -2.47865162e-08
2.31065033e+00 -2.51203026e-08
2.31376442e+00 -2.54514797e-08
2.31687850e+00 -2.57799219e-08
2.31999258e+00 -2.61055028e-08
2.32310667e+00 -2.64280984e-08
2.32622075e+00 -2.67475850e-08
2.32933484e+00 -2.70638409e-08
2.33244892e+00 -2.73767450e-08
2.33556300e+00 -2.76861770e-08
2.33867709e+00 -2.79920199e-08
2.34179117e+00 -2.82941560e-08
2.34490526e+00 -2.85924695e-08
2.34801934e+00 -2.88868475e-08
2.35113342e+00 -2.91771765e-08
2.35424751e+00 -2.94633459e-08
2.35736159e+00 -2.97452463e-08
2.36047568e+00 -3.00227698e-08
2.36358976e+00 -3.02958107e-08
2.36670384e+00 -3.05642647e-08
2.36981793e+00 -3.08280292e-08
2.37293201e+00 -3.10870029e-08
2.37604610e+00 -3.13410875e-08
2.37916018e+00 -3.15901857e-08
2.38227426e+00 -3.18342022e-08
2.38538835e+00 -3.20730438e-08
2.38850243e+00 -3.23066193e-08
2.39161652e+00 -3.25348399e-08
2.39473060e+00 -3.27576174e-08
2.39784468e+00 -3.29748681e-08
2.40095877e+00 -3.31865080e-08
2.40407285e+00 -3.33924568e-08
2.40718694e+00 -3.35926355e-08
2.41030102e+00 -3.37869678e-08
2.41341510e+00 -3.39753794e-08
2.41652919e+00 -3.41577984e-08
2.41964327e+00 -3.43341554e-08
2.42275736e+00 -3.45043822e-08
2.42587144e+00 -3.46684150e-08
2.42898552e+00 -3.48261906e-08
2.43209961e+00 -3.49776485e-08
2.43521369e+00 -3.51227311e-08
2.43832778e+00 -3.52613833e-08
2.44144186e+00 -3.53935516e-08
2.44455594e+00 -3.55191861e-08
2.44767003e+00 -3.56382383e-08
2.45078411e+00 -3.57506633e-08
2.45389820e+00 -3.58564177e-08
2.45701228e+00 -3.59554614e-08
2.46012636e+00 -3.60477565e-08
2.46324045e+00 -3.61332678e-08
2.46635453e+00 -3.62119626e-08
2.46946862e+00 -3.62838107e-08
2.47258270e+00 -3.63487850e-08
2.47569678e+00 -3.64068607e-08
2.47881087e+00 -3.64580153e-08
2.48192495e+00 -3.65022293e-08
2.48503904e+00 -3.65394863e-08
2.48815312e+00 -3.65697717e-08
2.49126720e+00 -3.65930741e-08
2.49438129e+00 -3.66093843e-08
2.49749537e+00 -3.66186966e-08
2.50060946e+00 -3.66210068e-08
2.50372354e+00 -3.66163147e-08
2.50683762e+00 -3.66046215e-08
2.50995171e+00 -3.65859315e-08
2.51306579e+00 -3.65602532e-08
2.51617988e+00 -3.65275949e-08
2.51929396e+00 -3.64879694e-08
2.52240804e+00 -3.64413921e-08
2.52552213e+00 -3.63878809e-08
2.52863621e+00 -3.63274561e-08
2.53175030e+00 -3.62601411e-08
2.53486438e+00 -3.61859605e-08
2.53797846e+00 -3.61049436e-08
2.54109255e+00 -3.60171210e-08
2.54420663e+00 -3.59225260e-08
2.54732072e+00 -3.58211952e-08
2.55043480e+00 -3.57131670e-08
2.55354888e+00 -3.55984828e-08
2.55666297e+00 -3.54771864e-08
2.55977705e+00 -3.53493243e-08
2.56289114e+00 -3.52149443e-08
2.56600522e+00 -3.50740987e-08
2.56911930e+00 -3.49268412e-08
2.57223339e+00 -3.47732274e-08
2.57534747e+00 -3.46133167e-08
2.57846156e+00 -3.44471693e-08
2.58157564e+00 -3.42748499e-08
2.58468972e+00 -3.40964232e-08
2.58780381e+00 -3.39119577e-08
2.59091789e+00 -3.37215241e-08
2.59403198e+00 -3.35251943e-08
2.59714606e+00 -3.33230440e-08
2.60026014e+00 -3.31151507e-08
2.60337423e+00 -3.29015927e-08
2.60648831e+00 -3.26824529e-08
2.60960240e+00 -3.24578140e-08
2.61271648e+00 -3.22277621e-08
2.61583056e+00 -3.19923850e-08
2.61894465e+00 -3.17517727e-08
2.62205873e+00 -3.15060168e-08
2.62517282e+00 -3.12552118e-08
2.62828690e+00 -3.09994533e-08
2.63140098e+00 -3.07388383e-08
2.63451507e+00 -3.04734677e-08
2.63762915e+00 -3.02034419e-08
2.64074324e+00 -2.99288639e-08
2.64385732e+00 -2.96498395e-08
2.64697140e+00 -2.93664746e-08
2.65008549e+00 -2.90788776e-08
2.65319957e+00 -2.87871592e-08
2.65631366e+00 -2.84914298e-08
2.65942774e+00 -2.81918028e-08
2.66254182e+00 -2.78883931e-08
2.66565591e+00 -2.75813160e-08
2.66876999e+00 -2.72706897e-08
2.67188408e+00 -2.69566319e-08
2.67499816e+00 -2.66392636e-08
2.67811224e+00 -2.63187056e-08
2.68122633e+00 -2.59950806e-08
2.68434041e+00 -2.56685121e-08
2.68745450e+00 -2.53391254e-08
2.69056858e+00 -2.50070464e-08
2.69368266e+00 -2.46724015e-08
2.69679675e+00 -2.43353194e-08
2.69991083e+00 -2.39959287e-08
2.70302492e+00 -2.36543594e-08
2.70613900e+00 -2.33107413e-08
2.70925308e+00 -2.29652070e-08
2.71236717e+00 -2.26178882e-08
2.71548125e+00 -2.22689176e-08
2.71859534e+00 -2.19184290e-08
2.72170942e+00 -2.15665561e-08
2.72482350e+00 -2.12134339e-08
2.72793759e+00 -2.08591972e-08
2.73105167e+00 -2.05039819e-08
2.73416576e+00 -2.01479236e-08
2.73727984e+00 -1.97911589e-08
2.74039392e+00 -1.94338241e-08
2.74350801e+00 -1.90760561e-08
2.74662209e+00 -1.87179911e-08
2.74973618e+00 -1.83597672e-08
2.75285026e+00 -1.80015210e-08
2.75596434e+00 -1.76433898e-08
2.75907843e+00 -1.72855107e-08
2.76219251e+00 -1.69280205e-08
2.76530660e+00 -1.65710566e-08
2.76842068e+00 -1.62147553e-08
2.77153477e+00 -1.58592528e-08
2.77464885e+00 -1.55046857e-08
2.77776293e+00 -1.51511893e-08
2.78087702e+00 -1.47988996e-08
2.78399110e+00 -1.44479510e-08
2.78710519e+00 -1.40984780e-08
2.79021927e+00 -1.37506150e-08
2.79333335e+00 -1.34044945e-08
2.79644744e+00 -1.30602498e-08
2.79956152e+00 -1.27180125e-08
2.80267561e+00 -1.23779130e-08
2.80578969e+00 -1.20400830e-08
2.80890377e+00 -1.17046505e-08
2.81201786e+00 -1.13717453e-08
2.81513194e+00 -1.10414939e-08
2.81824603e+00 -1.07140237e-08
2.82136011e+00 -1.03894596e-08
2.82447419e+00 -1.00679269e-08
2.82758828e+00 -9.74954761e-09
2.83070236e+00 -9.43444474e-09
2.83381645e+00 -9.12273830e-09
2.83693053e+00 -8.81454844e-09
2.84004461e+00 -8.50999302e-09
2.84315870e+00 -8.20918863e-09
2.84627278e+00 -7.91225114e-09
2.84938687e+00 -7.61929388e-09
2.85250095e+00 -7.33042926e-09
2.85561503e+00 -7.04576817e-09
2.85872912e+00 -6.76542022e-09
2.86184320e+00 -6.48949226e-09
2.86495729e+00 -6.21809042e-09
2.86807137e+00 -5.95131828e-09
2.87118545e+00 -5.68927885e-09
2.87429954e+00 -5.43207258e-09
2.87741362e+00 -5.17979773e-09
2.88052771e+00 -4.93255116e-09
2.88364179e+00 -4.69042751e-09
2.88675587e+00 -4.45352029e-09
2.88986996e+00 -4.22191973e-09
2.89298404e+00 -3.99571528e-09
2.89609813e+00 -3.77499358e-09
2.89921221e+00 -3.55983873e-09
2.90232629e+00 -3.35033379e-09
2.90544038e+00 -3.14655948e-09
2.90855446e+00 -2.94859331e-09
2.91166855e+00 -2.75651159e-09
2.91478263e+00 -2.57038798e-09
2.91789671e+00 -2.39029393e-09
2.92101080e+00 -2.21629836e-09
2.92412488e+00 -2.04846807e-09
2.92723897e+00 -1.88686767e-09
2.93035305e+00 -1.73155900e-09
2.93346713e+00 -1.58260202e-09
2.93658122e+00 -1.44005392e-09
2.93969530e+00 -1.30396887e-09
2.94280939e+00 -1.17439884e-09
2.94592347e+00 -1.05139487e-09
2.94903755e+00 -9.35002884e-10
2.95215164e+00 -8.25268480e-10
2.95526572e+00 -7.22232718e-10
2.95837981e+00 -6.25936314e-10
2.96149389e+00 -5.36415574e-10
2.96460797e+00 -4.53705531e-10
2.96772206e+00 -3.77836459e-10
2.97083614e+00 -3.08838866e-10
2.97395023e+00 -2.46739084e-10
2.97706431e+00 -1.91560080e-10
2.98017839e+00 -1.43324473e-10
2.98329248e+00 -1.02049200e-10
2.98640656e+00 -6.77514281e-11
2.98952065e+00 -4.04429888e-11
2.99263473e+00 -2.01358300e-11
2.99574881e+00 -6.83702765e-12
2.99886290e+00 -5.51337650e-13
3.00197698e+00 -1.28154394e-12
3.00509107e+00 -9.02776253e-12
3.00820515e+00 -2.37863975e-11
3.01131923e+00 -4.55518809e-11
3.01443332e+00 -7.43163249e-11
3.01754740e+00 -1.10068130e-10
3.02066149e+00 -1.52793724e-10
3.02377557e+00 -2.02476635e-10
3.02688965e+00 -2.59098188e-10
3.03000374e+00 -3.22636343e-10
3.03311782e+00 -3.93066277e-10
3.03623191e+00 -4.70362238e-10
3.03934599e+00 -5.54493255e-10
3.04246007e+00 -6.45427312e-10
3.04557416e+00 -7.43129842e-10
3.04868824e+00 -8.47563261e-10
3.05180233e+00 -9.58687435e-10
3.05491641e+00 -1.07645991e-09
3.05803049e+00 -1.20083498e-09
3.06114458e+00 -1.33176520e-09
3.06425866e+00 -1.46920046e-09
3.06737275e+00 -1.61308787e-09
3.07048683e+00 -1.76337175e-09
3.07360091e+00 -1.91999561e-09
3.07671500e+00 -2.08289796e-09
3.07982908e+00 -2.25201734e-09
3.08294317e+00 -2.42728796e-09
3.08605725e+00 -2.60864336e-09
3.08917133e+00 -2.79601348e-09
3.09228542e+00 -2.98932664e-09
3.09539950e+00 -3.18850836e-09
3.09851359e+00 -3.39348242e-09
3.10162767e+00 -3.60417078e-09
3.10474175e+00 -3.82049140e-09
3.10785584e+00 -4.04236206e-09
3.11096992e+00 -4.26969715e-09
3.11408401e+00 -4.50240977e-09
3.11719809e+00 -4.74041040e-09
3.12031217e+00 -4.98360807e-09
3.12342626e+00 -5.23190976e-09
3.12654034e+00 -5.48521965e-09
3.12965443e+00 -5.74344032e-09
3.13276851e+00 -6.00647373e-09
3.13588259e+00 -6.27421782e-09
3.13899668e+00 -6.54657108e-09
3.14211076e+00 -6.82342784e-09
3.14522485e+00 -7.10468300e-09
3.14833893e+00 -7.39022788e-09
3.15145301e+00 -7.67995367e-09
3.15456710e+00 -7.97374889e-09
3.15768118e+00 -8.27150092e-09
3.16079527e+00 -8.57309572e-09
3.16390935e+00 -8.87841753e-09
3.16702343e+00 -9.18734920e-09
3.17013752e+00 -9.49977286e-09
3.17325160e+00 -9.81556765e-09
3.17636569e+00 -1.01346139e-08
3.17947977e+00 -1.04567885e-08
3.18259385e+00 -1.07819676e-08
3.18570794e+00 -1.11100273e-08
3.18882202e+00 -1.14408414e-08
3.19193611e+00 -1.17742839e-08
3.19505019e+00 -1.21102261e-08
3.19816427e+00 -1.24485394e-08
3.20127836e+00 -1.27890947e-08
3.20439244e+00 -1.31317612e-08
3.20750653e+00 -1.34764077e-08
3.21062061e+00 -1.38229013e-08
3.21373469e+00 -1.41711108e-08
3.21684878e+00 -1.45209019e-08
3.21996286e+00 -1.48721408e-08
3.22307695e+00 -1.52246930e-08
3.22619103e+00 -1.55784231e-08
3.22930511e+00 -1.59331965e-08
3.23241920e+00 -1.62888765e-08
3.23553328e+00 -1.66453269e-08
3.23864737e+00 -1.70024120e-08
3.24176145e+00 -1.73599941e-08
3.24487553e+00 -1.77179369e-08
3.24798962e+00 -1.80761035e-08
3.25110370e+00 -1.84343560e-08
3.25421779e+00 -1.87925581e-08
3.25733187e+00 -1.91505722e-08
3.26044595e+00 -1.95082613e-08
3.26356004e+00 -1.98654888e-08
3.26667412e+00 -2.02221183e-08
3.26978821e+00 -2.05780122e-08
3.27290229e+00 -2.09330349e-08
3.27601637e+00 -2.12870502e-08
3.27913046e+00 -2.16399237e-08
3.28224454e+00 -2.19915194e-08
3.28535863e+00 -2.23417033e-08
3.28847271e+00 -2.26903408e-08
3.29158679e+00 -2.30372991e-08
3.29470088e+00 -2.33824454e-08
3.29781496e+00 -2.37256472e-08
3.30092905e+00 -2.40667738e-08
3.30404313e+00 -2.44056945e-08
3.30715721e+00 -2.47422797e-08
3.31027130e+00 -2.50764008e-08
3.31338538e+00 -2.54079298e-08
3.31649947e+00 -2.57367400e-08
3.31961355e+00 -2.60627057e-08
3.32272763e+00 -2.63857025e-08
3.32584172e+00 -2.67056059e-08
3.32895580e+00 -2.70222955e-08
3.33206989e+00 -2.73356485e-08
3.33518397e+00 -2.76455456e-08
3.33829805e+00 -2.79518690e-08
3.34141214e+00 -2.82545007e-08
3.34452622e+00 -2.85533255e-08
3.34764031e+00 -2.88482296e-08
3.35075439e+00 -2.91390990e-08
3.35386847e+00 -2.94258236e-08
3.35698256e+00 -2.97082937e-08
3.36009664e+00 -2.99864010e-08
3.36321073e+00 -3.02600398e-08
3.36632481e+00 -3.05291050e-08
3.36943889e+00 -3.07934937e-08
3.37255298e+00 -3.10531058e-08
3.37566706e+00 -3.13078410e-08
3.37878115e+00 -3.15576026e-08
3.38189523e+00 -3.18022949e-08
3.38500931e+00 -3.20418243e-08
3.38812340e+00 -3.22761003e-08
3.39123748e+00 -3.25050326e-08
3.39435157e+00 -3.27285335e-08
3.39746565e+00 -3.29465184e-08
3.40057973e+00 -3.31589033e-08
3.40369382e+00 -3.33656077e-08
3.40680790e+00 -3.35665522e-08
3.40992199e+00 -3.37616603e-08
3.41303607e+00 -3.39508573e-08
3.41615015e+00 -3.41340710e-08
3.41926424e+00 -3.43112320e-08
3.42237832e+00 -3.44822719e-08
3.42549241e+00 -3.46471258e-08
3.42860649e+00 -3.48057303e-08
3.43172057e+00 -3.49580251e-08
3.43483466e+00 -3.51039528e-08
3.43794874e+00 -3.52434561e-08
3.44106283e+00 -3.53764832e-08
3.44417691e+00 -3.55029826e-08
3.44729099e+00 -3.56229061e-08
3.45040508e+00 -3.57362074e-08
3.45351916e+00 -3.58428452e-08
3.45663325e+00 -3.59427765e-08
3.45974733e+00 -3.60359638e-08
3.46286141e+00 -3.61223728e-08
3.46597550e+00 -3.62019684e-08
3.46908958e+00 -3.62747221e-08
3.47220367e+00 -3.63406048e-08
3.47531775e+00 -3.63995920e-08
3.47843183e+00 -3.64516614e-08
3.48154592e+00 -3.64967926e-08
3.48466000e+00 -3.65349684e-08
3.48777409e+00 -3.65661746e-08
3.49088817e+00 -3.65903992e-08
3.49400225e+00 -3.66076325e-08
3.49711634e+00 -3.66178684e-08
3.50023042e+00 -3.66211026e-08
3.50334451e+00 -3.66173343e-08
3.50645859e+00 -3.66065644e-08
3.50957267e+00 -3.65887978e-08
3.51268676e+00 -3.65640411e-08
3.51580084e+00 -3.65323033e-08
3.51891493e+00 -3.64935963e-08
3.52202901e+00 -3.64479356e-08
3.52514309e+00 -3.63953384e-08
3.52825718e+00 -3.63358248e-08
3.53137126e+00 -3.62694174e-08
3.53448535e+00 -3.61961414e-08
3.53759943e+00 -3.61160249e-08
3.54071351e+00 -3.60290986e-08
3.54382760e+00 -3.59353958e-08
3.54694168e+00 -3.58349514e-08
3.55005577e+00 -3.57278047e-08
3.55316985e+00 -3.56139968e-08
3.55628393e+00 -3.54935704e-08
3.55939802e+00 -3.53665716e-08
3.56251210e+00 -3.52330493e-08
3.56562619e+00 -3.50930537e-08
3.56874027e+00 -3.49466388e-08
3.57185435e+00 -3.47938606e-08
3.57496844e+00 -3.46347773e-08
3.57808252e+00 -3.44694500e-08
3.58119661e+00 -3.42979407e-08
3.58431069e+00 -3.41203160e-08
3.58742477e+00 -3.39366437e-08
3.59053886e+00 -3.37469933e-08
3.59365294e+00 -3.35514376e-08
3.59676703e+00 -3.33500514e-08
3.59988111e+00 -3.31429114e-08
3.60299519e+00 -3.29300963e-08
3.60610928e+00 -3.27116883e-08
3.60922336e+00 -3.24877701e-08
3.61233745e+00 -3.22584271e-08
3.61545153e+00 -3.20237479e-08
3.61856561e+00 -3.17838213e-08
3.62167970e+00 -3.15387388e-08
3.62479378e+00 -3.12885948e-08
3.62790787e+00 -3.10334840e-08
3.63102195e+00 -3.07735046e-08
3.63413603e+00 -3.05087558e-08
3.63725012e+00 -3.02393384e-08
3.64036420e+00 -2.99653554e-08
3.64347829e+00 -2.96869118e-08
3.64659237e+00 -2.94041137e-08
3.64970645e+00 -2.91170689e-08
3.65282054e+00 -2.88258874e-08
3.65593462e+00 -2.85306809e-08
3.65904871e+00 -2.82315620e-08
3.66216279e+00 -2.79286444e-08
3.66527687e+00 -2.76220447e-08
3.66839096e+00 -2.73118800e-08
3.67150504e+00 -2.69982680e-08
3.67461913e+00 -2.66813295e-08
3.67773321e+00 -2.63611857e-08
3.68084729e+00 -2.60379580e-08
3.68396138e+00 -2.57117712e-08
3.68707546e+00 -2.53827489e-08
3.69018955e+00 -2.50510179e-08
3.69330363e+00 -2.47167046e-08
3.69641771e+00 -2.43799369e-08
3.69953180e+00 -2.40408433e-08
3.70264588e+00 -2.36995537e-08
3.70575997e+00 -2.33561990e-08
3.70887405e+00 -2.30109104e-08
3.71198813e+00 -2.26638194e-08
3.71510222e+00 -2.23150589e-08
3.71821630e+00 -2.19647631e-08
3.72133039e+00 -2.16130654e-08
3.72444447e+00 -2.12601005e-08
3.72755855e+00 -2.09060029e-08
3.73067264e+00 -2.05509087e-08
3.73378672e+00 -2.01949540e-08
3.73690081e+00 -1.98382746e-08
3.74001489e+00 -1.94810071e-08
3.74312897e+00 -1.91232880e-08
3.74624306e+00 -1.87652547e-08
3.74935714e+00 -1.84070445e-08
3.75247123e+00 -1.80487931e-08
3.75558531e+00 -1.76906387e-08
3.75869939e+00 -1.73327187e-08
3.76181348e+00 -1.69751694e-08
3.76492756e+00 -1.66181281e-08
3.76804165e+00 -1.62617311e-08
3.77115573e+00 -1.59061159e-08
3.77426981e+00 -1.55514175e-08
3.77738390e+00 -1.51977724e-08
3.78049798e+00 -1.48453157e-08
3.78361207e+00 -1.44941821e-08
3.78672615e+00 -1.41445069e-08
3.78984023e+00 -1.37964233e-08
3.79295432e+00 -1.34500655e-08
3.79606840e+00 -1.31055656e-08
3.79918249e+00 -1.27630556e-08
3.80229657e+00 -1.24226666e-08
3.80541065e+00 -1.20845300e-08
3.80852474e+00 -1.17487740e-08
3.81163882e+00 -1.14155274e-08
3.81475291e+00 -1.10849188e-08
3.81786699e+00 -1.07570742e-08
3.82098107e+00 -1.04321199e-08
3.82409516e+00 -1.01101796e-08
3.82720924e+00 -9.79137700e-09
3.83032333e+00 -9.47583474e-09
3.83343741e+00 -9.16367335e-09
3.83655149e+00 -8.85501289e-09
3.83966558e+00 -8.54997132e-09
3.84277966e+00 -8.24866512e-09
3.84589375e+00 -7.95121028e-09
3.84900783e+00 -7.65772164e-09
3.85212191e+00 -7.36831067e-09
3.85523600e+00 -7.08308850e-09
3.85835008e+00 -6.80216532e-09
3.86146417e+00 -6.52564809e-09
3.86457825e+00 -6.25364294e-09
3.86769234e+00 -5.98625404e-09
3.87080642e+00 -5.72358404e-09
3.87392050e+00 -5.46573422e-09
3.87703459e+00 -5.21280306e-09
3.88014867e+00 -4.96488764e-09
3.88326276e+00 -4.72208286e-09
3.88637684e+00 -4.48448173e-09
3.88949092e+00 -4.25217579e-09
3.89260501e+00 -4.02525470e-09
3.89571909e+00 -3.80380407e-09
3.89883318e+00 -3.58790997e-09
3.90194726e+00 -3.37765475e-09
3.90506134e+00 -3.17311939e-09
3.90817543e+00 -2.97438218e-09
3.91128951e+00 -2.78151979e-09
3.91440360e+00 -2.59460554e-09
3.91751768e+00 -2.41371180e-09
3.92063176e+00 -2.23890761e-09
3.92374585e+00 -2.07026000e-09
3.92685993e+00 -1.90783393e-09
3.92997402e+00 -1.75169170e-09
3.93308810e+00 -1.60189316e-09
3.93620218e+00 -1.45849572e-09
3.93931627e+00 -1.32155496e-09
3.94243035e+00 -1.19112236e-09
3.94554444e+00 -1.06724887e-09
3.94865852e+00 -9.49981683e-10
3.95177260e+00 -8.39366159e-10
3.95488669e+00 -7.35444522e-10
3.95800077e+00 -6.38256558e-10
3.96111486e+00 -5.47839852e-10
3.96422894e+00 -4.64228621e-10
3.96734302e+00 -3.87455347e-10
3.97045711e+00 -3.17549723e-10
3.97357119e+00 -2.54537966e-10
3.97668528e+00 -1.98444783e-10
3.97979936e+00 -1.49291401e-10
3.98291344e+00 -1.07096730e-10
3.98602753e+00 -7.18772387e-11
3.98914161e+00 -4.36462687e-11
3.99225570e+00 -2.24143752e-11
3.99536978e+00 -8.19037425e-12
3.99848386e+00 -9.79369615e-13
4.00159795e+00 -7.83797286e-13
4.00471203e+00 -7.60365726e-12
4.00782612e+00 -2.14372096e-11
4.01094020e+00 -4.22787703e-11
4.01405428e+00 -7.01198717e-11
4.01716837e+00 -1.04950074e-10
4.02028245e+00 -1.46756385e-10
4.02339654e+00 -1.95522334e-10
4.02651062e+00 -2.51229592e-10
4.02962470e+00 -3.13856120e-10
4.03273879e+00 -3.83378255e-10
4.03585287e+00 -4.59769549e-10
4.03896696e+00 -5.43000075e-10
4.04208104e+00 -6.33038744e-10
4.04519512e+00 -7.29849831e-10
4.04830921e+00 -8.33397375e-10
4.05142329e+00 -9.43641010e-10
4.05453738e+00 -1.06053851e-09
4.05765146e+00 -1.18404510e-09
4.06076554e+00 -1.31411288e-09
4.06387963e+00 -1.45069278e-09
4.06699371e+00 -1.59373132e-09
4.07010780e+00 -1.74317468e-09
4.07322188e+00 -1.89896532e-09
4.07633596e+00 -2.06104281e-09
4.07945005e+00 -2.22934533e-09
4.08256413e+00 -2.40380803e-09
4.08567822e+00 -2.58436409e-09
4.08879230e+00 -2.77094450e-09
4.09190638e+00 -2.96347792e-09
4.09502047e+00 -3.16188964e-09
4.09813455e+00 -3.36610357e-09
4.10124864e+00 -3.57604223e-09
4.10436272e+00 -3.79162395e-09
4.10747680e+00 -4.01276684e-09
4.11059089e+00 -4.23938576e-09
4.11370497e+00 -4.47139370e-09
4.11681906e+00 -4.70870181e-09
4.11993314e+00 -4.95121927e-09
4.12304722e+00 -5.19885247e-09
4.12616131e+00 -5.45150686e-09
4.12927539e+00 -5.70908513e-09
4.13238948e+00 -5.97148914e-09
4.13550356e+00 -6.23861751e-09
4.13861764e+00 -6.51036804e-09
4.14173173e+00 -6.78663704e-09
4.14484581e+00 -7.06731767e-09
4.14795990e+00 -7.35230286e-09
4.15107398e+00 -7.64148346e-09
4.15418806e+00 -7.93474787e-09
4.15730215e+00 -8.23198464e-09
4.16041623e+00 -8.53307833e-09
4.16353032e+00 -8.83791504e-09
4.16664440e+00 -9.14637714e-09
4.16975848e+00 -9.45834679e-09
4.17287257e+00 -9.77370381e-09
4.17598665e+00 -1.00923276e-08
4.17910074e+00 -1.04140962e-08
4.18221482e+00 -1.07388863e-08
4.18532890e+00 -1.10665730e-08
4.18844299e+00 -1.13970309e-08
4.19155707e+00 -1.17301338e-08
4.19467116e+00 -1.20657533e-08
4.19778524e+00 -1.24037609e-08
4.20089932e+00 -1.27440276e-08
4.20401341e+00 -1.30864230e-08
4.20712749e+00 -1.34308154e-08
4.21024158e+00 -1.37770736e-08
4.21335566e+00 -1.41250642e-08
4.21646974e+00 -1.44746542e-08
4.21958383e+00 -1.48257095e-08
4.22269791e+00 -1.51780963e-08
4.22581200e+00 -1.55316790e-08
4.22892608e+00 -1.58863223e-08
4.23204016e+00 -1.62418904e-08
4.23515425e+00 -1.65982472e-08
4.23826833e+00 -1.69552561e-08
4.24138242e+00 -1.73127804e-08
4.24449650e+00 -1.76706836e-08
4.24761058e+00 -1.80288283e-08
4.25072467e+00 -1.83870778e-08
4.25383875e+00 -1.87452942e-08
4.25695284e+00 -1.91033412e-08
4.26006692e+00 -1.94610815e-08
4.26318100e+00 -1.98183775e-08
4.26629509e+00 -2.01750929e-08
4.26940917e+00 -2.05310917e-08
4.27252326e+00 -2.08862372e-08
4.27563734e+00 -2.12403936e-08
4.27875142e+00 -2.15934255e-08
4.28186551e+00 -2.19451973e-08
4.28497959e+00 -2.22955751e-08
4.28809368e+00 -2.26444244e-08
4.29120776e+00 -2.29916116e-08
4.29432184e+00 -2.33370047e-08
4.29743593e+00 -2.36804706e-08
4.30055001e+00 -2.40218787e-08
4.30366410e+00 -2.43610982e-08
4.30677818e+00 -2.46979991e-08
4.30989226e+00 -2.50324526e-08
4.31300635e+00 -2.53643310e-08
4.31612043e+00 -2.56935071e-08
4.31923452e+00 -2.60198555e-08
4.32234860e+00 -2.63432512e-08
4.32546268e+00 -2.66635702e-08
4.32857677e+00 -2.69806908e-08
4.33169085e+00 -2.72944910e-08
4.33480494e+00 -2.76048513e-08
4.33791902e+00 -2.79116529e-08
4.34103310e+00 -2.82147785e-08
4.34414719e+00 -2.85141125e-08
4.34726127e+00 -2.88095397e-08
4.35037536e+00 -2.91009483e-08
4.35348944e+00 -2.93882264e-08
4.35660352e+00 -2.96712638e-08
4.35971761e+00 -2.99499533e-08
4.36283169e+00 -3.02241879e-08
4.36594578e+00 -3.04938624e-08
4.36905986e+00 -3.07588744e-08
4.37217394e+00 -3.10191222e-08
4.37528803e+00 -3.12745066e-08
4.37840211e+00 -3.15249304e-08
4.38151620e+00 -3.17702969e-08
4.38463028e+00 -3.20105135e-08
4.38774436e+00 -3.22454878e-08
4.39085845e+00 -3.24751297e-08
4.39397253e+00 -3.26993528e-08
4.39708662e+00 -3.29180700e-08
4.40020070e+00 -3.31311988e-08
4.40331478e+00 -3.33386570e-08
4.40642887e+00 -3.35403663e-08
4.40954295e+00 -3.37362485e-08
4.41265704e+00 -3.39262298e-08
4.41577112e+00 -3.41102379e-08
4.41888520e+00 -3.42882013e-08
4.42199929e+00 -3.44600528e-08
4.42511337e+00 -3.46257263e-08
4.42822746e+00 -3.47851594e-08
4.43134154e+00 -3.49382905e-08
4.43445562e+00 -3.50850611e-08
4.43756971e+00 -3.52254158e-08
4.44068379e+00 -3.53593004e-08
4.44379788e+00 -3.54866639e-08
4.44691196e+00 -3.56074580e-08
4.45002604e+00 -3.57216363e-08
4.45314013e+00 -3.58291553e-08
4.45625421e+00 -3.59299737e-08
4.45936830e+00 -3.60240535e-08
4.46248238e+00 -3.61113582e-08
4.46559646e+00 -3.61918555e-08
4.46871055e+00 -3.62655136e-08
4.47182463e+00 -3.63323047e-08
4.47493872e+00 -3.63922032e-08
4.47805280e+00 -3.64451865e-08
4.48116688e+00 -3.64912345e-08
4.48428097e+00 -3.65303289e-08
4.48739505e+00 -3.65624556e-08
4.49050914e+00 -3.65876021e-08
4.49362322e+00 -3.66057584e-08
4.49673730e+00 -3.66169181e-08
4.49985139e+00 -3.66210765e-08
4.50296547e+00 -3.66182326e-08
4.50607956e+00 -3.66083864e-08
4.50919364e+00 -3.65915432e-08
4.51230772e+00 -3.65677080e-08
4.51542181e+00 -3.65368910e-08
4.51853589e+00 -3.64991031e-08
4.52164998e+00 -3.64543592e-08
4.52476406e+00 -3.64026762e-08
4.52787814e+00 -3.63440735e-08
4.53099223e+00 -3.62785745e-08
4.53410631e+00 -3.62062035e-08
4.53722040e+00 -3.61269880e-08
4.54033448e+00 -3.60409585e-08
4.54344856e+00 -3.59481475e-08
4.54656265e+00 -3.58485910e-08
4.54967673e+00 -3.57423266e-08
4.55279082e+00 -3.56293950e-08
4.55590490e+00 -3.55098393e-08
4.55901898e+00 -3.53837051e-08
4.56213307e+00 -3.52510407e-08
4.56524715e+00 -3.51118967e-08
4.56836124e+00 -3.49663259e-08
4.57147532e+00 -3.48143841e-08
4.57458940e+00 -3.46561294e-08
4.57770349e+00 -3.44916225e-08
4.58081757e+00 -3.43209259e-08
4.58393166e+00 -3.41441040e-08
4.58704574e+00 -3.39612259e-08
4.59015982e+00 -3.37723606e-08
4.59327391e+00 -3.35775798e-08
4.59638799e+00 -3.33769589e-08
4.59950208e+00 -3.31705732e-08
4.60261616e+00 -3.29585027e-08
4.60573024e+00 -3.27408276e-08
4.60884433e+00 -3.25176316e-08
4.61195841e+00 -3.22889999e-08
4.61507250e+00 -3.20550197e-08
4.61818658e+00 -3.18157802e-08
4.62130066e+00 -3.15713731e-08
4.62441475e+00 -3.13218915e-08
4.62752883e+00 -3.10674308e-08
4.63064292e+00 -3.08080882e-08
4.63375700e+00 -3.05439628e-08
4.63687108e+00 -3.02751557e-08
4.63998517e+00 -3.00017689e-08
4.64309925e+00 -2.97239081e-08
4.64621334e+00 -2.94416782e-08
4.64932742e+00 -2.91551877e-08
4.65244150e+00 -2.88645459e-08
4.65555559e+00 -2.85698644e-08
4.65866967e+00 -2.82712547e-08
4.66178376e+00 -2.79688322e-08
4.66489784e+00 -2.76627120e-08
4.66801192e+00 -2.73530107e-08
4.67112601e+00 -2.70398470e-08
4.67424009e+00 -2.67233407e-08
4.67735418e+00 -2.64036126e-08
4.68046826e+00 -2.60807851e-08
4.68358234e+00 -2.57549814e-08
4.68669643e+00 -2.54263265e-08
4.68981051e+00 -2.50949456e-08
4.69292460e+00 -2.47609656e-08
4.69603868e+00 -2.44245145e-08
4.69915276e+00 -2.40857206e-08
4.70226685e+00 -2.37447133e-08
4.70538093e+00 -2.34016238e-08
4.70849502e+00 -2.30565826e-08
4.71160910e+00 -2.27097218e-08
4.71472318e+00 -2.23611743e-08
4.71783727e+00 -2.20110731e-08
4.72095135e+00 -2.16595529e-08
4.72406544e+00 -2.13067474e-08
4.72717952e+00 -2.09527916e-08
4.73029360e+00 -2.05978216e-08
4.73340769e+00 -2.02419724e-08
4.73652177e+00 -1.98853807e-08
4.73963586e+00 -1.95281832e-08
4.74274994e+00 -1.91705160e-08
4.74586402e+00 -1.88125164e-08
4.74897811e+00 -1.84543214e-08
4.75209219e+00 -1.80960680e-08
4.75520628e+00 -1.77378932e-08
4.75832036e+00 -1.73799341e-08
4.76143444e+00 -1.70223282e-08
4.76454853e+00 -1.66652122e-08
4.76766261e+00 -1.63087223e-08
4.77077670e+00 -1.59529957e-08
4.77389078e+00 -1.55981687e-08
4.77700486e+00 -1.52443763e-08
4.78011895e+00 -1.48917550e-08
4.78323303e+00 -1.45404394e-08
4.78634712e+00 -1.41905643e-08
4.78946120e+00 -1.38422629e-08
4.79257528e+00 -1.34956699e-08
4.79568937e+00 -1.31509171e-08
4.79880345e+00 -1.28081368e-08
4.80191754e+00 -1.24674607e-08
4.80503162e+00 -1.21290186e-08
4.80814570e+00 -1.17929408e-08
4.81125979e+00 -1.14593559e-08
4.81437387e+00 -1.11283923e-08
4.81748796e+00 -1.08001757e-08
4.82060204e+00 -1.04748325e-08
4.82371612e+00 -1.01524874e-08
4.82683021e+00 -9.83326393e-09
4.82994429e+00 -9.51728436e-09
4.83305838e+00 -9.20466999e-09
4.83617246e+00 -8.89554055e-09
4.83928654e+00 -8.59001470e-09
4.84240063e+00 -8.28820901e-09
4.84551471e+00 -7.99023984e-09
4.84862880e+00 -7.69622086e-09
4.85174288e+00 -7.40626574e-09
4.85485696e+00 -7.12048446e-09
4.85797105e+00 -6.83898720e-09
4.86108513e+00 -6.56188244e-09
4.86419922e+00 -6.28927538e-09
4.86731330e+00 -6.02127146e-09
4.87042738e+00 -5.75797311e-09
4.87354147e+00 -5.49948135e-09
4.87665555e+00 -5.24589538e-09
4.87976964e+00 -4.99731193e-09
4.88288372e+00 -4.75382763e-09
4.88599780e+00 -4.51553446e-09
4.88911189e+00 -4.28252477e-09
4.89222597e+00 -4.05488751e-09
4.89534006e+00 -3.83271015e-09
4.89845414e+00 -3.61607819e-09
4.90156822e+00 -3.40507478e-09
4.90468231e+00 -3.19978010e-09
4.90779639e+00 -3.00027312e-09
4.91091048e+00 -2.80663100e-09
4.91402456e+00 -2.61892761e-09
4.91713864e+00 -2.43723558e-09
4.92025273e+00 -2.26162358e-09
4.92336681e+00 -2.09215969e-09
4.92648090e+00 -1.92890911e-09
4.92959498e+00 -1.77193413e-09
4.93270906e+00 -1.62129518e-09
4.93582315e+00 -1.47704957e-09
4.93893723e+00 -1.33925367e-09
4.94205132e+00 -1.20795922e-09
4.94516540e+00 -1.08321748e-09
4.94827948e+00 -9.65076015e-10
4.95139357e+00 -8.53580068e-10
4.95450765e+00 -7.48772440e-10
4.95762174e+00 -6.50693613e-10
4.96073582e+00 -5.59381287e-10
4.96384990e+00 -4.74870378e-10
4.96696399e+00 -3.97192668e-10
4.97007807e+00 -3.26379245e-10
4.97319216e+00 -2.62456093e-10
4.97630624e+00 -2.05448499e-10
4.97942033e+00 -1.55378039e-10
4.98253441e+00 -1.12264201e-10
4.98564849e+00 -7.61232230e-11
4.98876258e+00 -4.69691423e-11
4.99187666e+00 -2.48134422e-11
4.99499075e+00 -9.66412658e-12
4.99810483e+00 -1.52687934e-12
5.00121891e+00 -4.05064396e-13
