#	Time	Error_of_Energy
3.11408401e-03 1.55877874e-12
6.22816801e-03 3.11778947e-12
9.34225202e-03 4.67656821e-12
1.24563360e-02 6.23534695e-12
1.55704200e-02 7.79424168e-12
1.86845040e-02 9.35267243e-12
2.17985880e-02 1.09115672e-11
2.49126720e-02 1.24705779e-11
2.80267561e-02 1.40292406e-11
3.11408401e-02 1.55883674e-11
3.42549241e-02 1.71469141e-11
3.73690081e-02 1.87059248e-11
4.04830921e-02 2.02644716e-11
4.35971761e-02 2.18231343e-11
4.67112601e-02 2.33819131e-11
4.98253441e-02 2.49406918e-11
5.29394281e-02 2.64993545e-11
5.60535121e-02 2.80581333e-11
5.91675961e-02 2.96167960e-11
6.22816801e-02 3.11758068e-11
6.53957641e-02 3.27349335e-11
6.85098481e-02 3.42934802e-11
7.16239321e-02 3.58521430e-11
7.47380161e-02 3.74109217e-11
7.78521001e-02 3.89698164e-11
8.09661841e-02 4.05285952e-11
8.40802682e-02 4.20876059e-11
8.71943522e-02 4.36462687e-11
9.03084362e-02 4.52053954e-11
9.34225202e-02 4.67639421e-11
9.65366042e-02 4.83231849e-11
9.96506882e-02 4.98817316e-11
1.02764772e-01 5.14405103e-11
1.05878856e-01 5.29992891e-11
1.08992940e-01 5.45580678e-11
1.12107024e-01 5.61167306e-11
1.15221108e-01 5.76753933e-11
1.18335192e-01 5.92341720e-11
1.21449276e-01 6.07931828e-11
1.24563360e-01 6.23519615e-11
1.27677444e-01 6.39107402e-11
1.30791528e-01 6.54692870e-11
1.33905612e-01 6.70285297e-11
1.37019696e-01 6.85871925e-11
1.40133780e-01 7.01460872e-11
1.43247864e-01 7.17049819e-11
1.46361948e-01 7.32635287e-11
1.49476032e-01 7.48226554e-11
1.52590116e-01 7.63813181e-11
1.55704200e-01 7.79400969e-11
1.58818284e-01 7.94991076e-11
1.61932368e-01 8.10578863e-11
1.65046452e-01 8.26165491e-11
1.68160536e-01 8.41755598e-11
1.71274620e-01 8.57339906e-11
1.74388704e-01 8.72930013e-11
1.77502788e-01 8.88518960e-11
1.80616872e-01 9.04104428e-11
1.83730956e-01 9.19694535e-11
1.86845040e-01 9.35282323e-11
1.89959124e-01 9.50868950e-11
1.93073208e-01 9.66455577e-11
1.96187292e-01 9.82050325e-11
1.99301376e-01 9.97635792e-11
2.02415460e-01 1.01322358e-10
2.05529544e-01 1.02881137e-10
2.08643628e-01 1.04440147e-10
2.11757712e-01 1.05998926e-10
2.14871796e-01 1.07557821e-10
2.17985880e-01 1.09116484e-10
2.21099964e-01 1.10675378e-10
2.24214048e-01 1.12234273e-10
2.27328132e-01 1.13792820e-10
2.30442216e-01 1.15351947e-10
2.33556300e-01 1.16910725e-10
2.36670384e-01 1.18469504e-10
2.39784468e-01 1.20028283e-10
2.42898552e-01 1.21587178e-10
2.46012636e-01 1.23145956e-10
2.49126720e-01 1.24705083e-10
2.52240804e-01 1.26263746e-10
2.55354888e-01 1.27822292e-10
2.58468972e-01 1.29381419e-10
2.61583056e-01 1.30940314e-10
2.64697140e-01 1.32498629e-10
2.67811224e-01 1.34057987e-10
2.70925308e-01 1.35616766e-10
2.74039392e-01 1.37175429e-10
2.77153477e-01 1.38734324e-10
2.80267561e-01 1.40292754e-10
2.83381645e-01 1.41851533e-10
2.86495729e-01 1.43410312e-10
2.89609813e-01 1.44969555e-10
2.92723897e-01 1.46528101e-10
2.95837981e-01 1.48087228e-10
2.98952065e-01 1.49645891e-10
3.02066149e-01 1.51204670e-10
3.05180233e-01 1.52763680e-10
3.08294317e-01 1.54322459e-10
3.11408401e-01 1.55881238e-10
3.14522485e-01 1.57440016e-10
3.17636569e-01 1.58999027e-10
3.20750653e-01 1.60557574e-10
3.23864737e-01 1.62116585e-10
3.26978821e-01 1.63675595e-10
3.30092905e-01 1.65234142e-10
3.33206989e-01 1.66793153e-10
3.36321073e-01 1.68351932e-10
3.39435157e-01 1.69910942e-10
3.42549241e-01 1.71469489e-10
3.45663325e-01 1.73027804e-10
3.48777409e-01 1.74586815e-10
3.51891493e-01 1.76145825e-10
3.55005577e-01 1.77704372e-10
3.58119661e-01 1.79263151e-10
3.61233745e-01 1.80822162e-10
3.64347829e-01 1.82380476e-10
3.67461913e-01 1.83939719e-10
3.70575997e-01 1.85498498e-10
3.73690081e-01 1.87057276e-10
3.76804165e-01 1.88616287e-10
3.79918249e-01 1.90175182e-10
3.83032333e-01 1.91734077e-10
3.86146417e-01 1.93292623e-10
3.89260501e-01 1.94851750e-10
3.92374585e-01 1.96410529e-10
3.95488669e-01 1.97969192e-10
3.98602753e-01 1.99528318e-10
4.01716837e-01 2.01086749e-10
4.04830921e-01 2.02645296e-10
4.07945005e-01 2.04204075e-10
4.11059089e-01 2.05763085e-10
4.14173173e-01 2.07322328e-10
4.17287257e-01 2.08880875e-10
4.20401341e-01 2.10439422e-10
4.23515425e-01 2.11998664e-10
4.26629509e-01 2.13557443e-10
4.29743593e-01 2.15115990e-10
4.32857677e-01 2.16675232e-10
4.35971761e-01 2.18234011e-10
4.39085845e-01 2.19792558e-10
4.42199929e-01 2.21351105e-10
4.45314013e-01 2.22909999e-10
4.48428097e-01 2.24469126e-10
4.51542181e-01 2.26027905e-10
4.54656265e-01 2.27586684e-10
4.57770349e-01 2.29145462e-10
4.60884433e-01 2.30704009e-10
4.63998517e-01 2.32263020e-10
4.67112601e-01 2.33822031e-10
4.70226685e-01 2.35380577e-10
4.73340769e-01 2.36939356e-10
4.76454853e-01 2.38498135e-10
4.79568937e-01 2.40057030e-10
4.82683021e-01 2.41615576e-10
4.85797105e-01 2.43174587e-10
4.88911189e-01 2.44733250e-10
4.92025273e-01 2.46292029e-10
4.95139357e-01 2.47850575e-10
4.98253441e-01 2.49409702e-10
5.01367525e-01 2.50968017e-10
5.04481609e-01 2.52527143e-10
5.07595693e-01 2.54085922e-10
5.10709777e-01 2.55644933e-10
5.13823861e-01 2.57203480e-10
5.16937945e-01 2.58762258e-10
5.20052029e-01 2.60321269e-10
5.23166113e-01 2.61879584e-10
5.26280197e-01 2.63438711e-10
5.29394281e-01 2.64997605e-10
5.32508365e-01 2.66556384e-10
5.35622449e-01 2.68115163e-10
5.38736533e-01 2.69674058e-10
5.41850617e-01 2.71232836e-10
5.44964701e-01 2.72791847e-10
5.48078785e-01 2.74350742e-10
5.51192869e-01 2.75909753e-10
5.54306953e-01 2.77468415e-10
5.57421037e-01 2.79027310e-10
5.60535121e-01 2.80586089e-10
5.63649205e-01 2.82144751e-10
5.66763289e-01 2.83703298e-10
5.69877373e-01 2.85262193e-10
5.72991457e-01 2.86820740e-10
5.76105541e-01 2.88379750e-10
5.79219625e-01 2.89938761e-10
5.82333709e-01 2.91497656e-10
5.85447793e-01 2.93056319e-10
5.88561877e-01 2.94615213e-10
5.91675961e-01 2.96173876e-10
5.94790045e-01 2.97732771e-10
5.97904129e-01 2.99291666e-10
6.01018213e-01 3.00850328e-10
6.04132297e-01 3.02408759e-10
6.07246381e-01 3.03967770e-10
6.10360465e-01 3.05526549e-10
6.13474549e-01 3.07085559e-10
6.16588633e-01 3.08644338e-10
6.19702717e-01 3.10203349e-10
6.22816801e-01 3.11762359e-10
6.25930885e-01 3.13320906e-10
6.29044969e-01 3.14879685e-10
6.32159053e-01 3.16438928e-10
6.35273137e-01 3.17997706e-10
6.38387221e-01 3.19556369e-10
6.41501305e-01 3.21115032e-10
6.44615389e-01 3.22673579e-10
6.47729473e-01 3.24232705e-10
6.50843557e-01 3.25791368e-10
6.53957641e-01 3.27349915e-10
6.57071725e-01 3.28908694e-10
6.60185809e-01 3.30467356e-10
6.63299893e-01 3.32026251e-10
6.66413977e-01 3.33585262e-10
6.69528061e-01 3.35144041e-10
6.72642145e-01 3.36702703e-10
6.75756229e-01 3.38261598e-10
6.78870313e-01 3.39820377e-10
6.81984397e-01 3.41378923e-10
6.85098481e-01 3.42938050e-10
6.88212565e-01 3.44496945e-10
6.91326649e-01 3.46055492e-10
6.94440733e-01 3.47614270e-10
6.97554817e-01 3.49173281e-10
7.00668901e-01 3.50731596e-10
7.03782985e-01 3.52290839e-10
7.06897069e-01 3.53849617e-10
7.10011153e-01 3.55408628e-10
7.13125237e-01 3.56967523e-10
7.16239321e-01 3.58525954e-10
7.19353405e-01 3.60085196e-10
7.22467489e-01 3.61643975e-10
7.25581573e-01 3.63202870e-10
7.28695657e-01 3.64761881e-10
7.31809741e-01 3.66320311e-10
7.34923825e-01 3.67879206e-10
7.38037909e-01 3.69438101e-10
7.41151993e-01 3.70996648e-10
7.44266077e-01 3.72555658e-10
7.47380161e-01 3.74114321e-10
7.50494245e-01 3.75673216e-10
7.53608329e-01 3.77231994e-10
7.56722413e-01 3.78791005e-10
7.59836497e-01 3.80349784e-10
7.62950581e-01 3.81908795e-10
7.66064665e-01 3.83467457e-10
7.69178749e-01 3.85026120e-10
7.72292833e-01 3.86585363e-10
7.75406917e-01 3.88144026e-10
7.78521001e-01 3.89702688e-10
7.81635085e-01 3.91261235e-10
7.84749169e-01 3.92820246e-10
7.87863253e-01 3.94379025e-10
7.90977337e-01 3.95937803e-10
7.94091421e-01 3.97496814e-10
7.97205505e-01 3.99055593e-10
8.00319589e-01 4.00614488e-10
8.03433673e-01 4.02173382e-10
8.06547757e-01 4.03732161e-10
8.09661841e-01 4.05291172e-10
8.12775925e-01 4.06849950e-10
8.15890009e-01 4.08408265e-10
8.19004093e-01 4.09967392e-10
8.22118177e-01 4.11526171e-10
8.25232261e-01 4.13084833e-10
8.28346346e-01 4.14643380e-10
8.31460430e-01 4.16202507e-10
8.34574514e-01 4.17761170e-10
8.37688598e-01 4.19319948e-10
8.40802682e-01 4.20878959e-10
8.43916766e-01 4.22437738e-10
8.47030850e-01 4.23996285e-10
8.50144934e-01 4.25555295e-10
8.53259018e-01 4.27113842e-10
8.56373102e-01 4.28672737e-10
8.59487186e-01 4.30231748e-10
8.62601270e-01 4.31790178e-10
8.65715354e-01 4.33349305e-10
8.68829438e-01 4.34908316e-10
8.71943522e-01 4.36466862e-10
8.75057606e-01 4.38025641e-10
8.78171690e-01 4.39584420e-10
8.81285774e-01 4.41143315e-10
8.84399858e-01 4.42701977e-10
8.87513942e-01 4.44261104e-10
8.90628026e-01 4.45819883e-10
8.93742110e-01 4.47378662e-10
8.96856194e-01 4.48937324e-10
8.99970278e-01 4.50495987e-10
9.03084362e-01 4.52055230e-10
9.06198446e-01 4.53614009e-10
9.09312530e-01 4.55172787e-10
9.12426614e-01 4.56731798e-10
9.15540698e-01 4.58290113e-10
9.18654782e-01 4.59849240e-10
9.21768866e-01 4.61407902e-10
9.24882950e-01 4.62966913e-10
9.27997034e-01 4.64525460e-10
9.31111118e-01 4.66084470e-10
9.34225202e-01 4.67643365e-10
9.37339286e-01 4.69202260e-10
9.40453370e-01 4.70760807e-10
9.43567454e-01 4.72319817e-10
9.46681538e-01 4.73878828e-10
9.49795622e-01 4.75437607e-10
9.52909706e-01 4.76996038e-10
9.56023790e-01 4.78555048e-10
9.59137874e-01 4.80113827e-10
9.62251958e-01 4.81672490e-10
9.65366042e-01 4.83231501e-10
9.68480126e-01 4.84790163e-10
9.71594210e-01 4.86348710e-10
9.74708294e-01 4.87907605e-10
9.77822378e-01 4.89466732e-10
9.80936462e-01 4.91025858e-10
9.84050546e-01 4.92584405e-10
9.87164630e-01 4.94143068e-10
9.90278714e-01 4.95701962e-10
9.93392798e-01 4.97260857e-10
9.96506882e-01 4.98819288e-10
9.99620966e-01 5.00378415e-10
1.00273505e+00 5.01937309e-10
1.00584913e+00 5.03496088e-10
1.00896322e+00 5.05055099e-10
1.01207730e+00 5.06613646e-10
1.01519139e+00 5.08172656e-10
1.01830547e+00 5.09731435e-10
1.02141955e+00 5.11290098e-10
1.02453364e+00 5.12848877e-10
1.02764772e+00 5.14407539e-10
1.03076181e+00 5.15966782e-10
1.03387589e+00 5.17525561e-10
1.03698997e+00 5.19084108e-10
1.04010406e+00 5.20642886e-10
1.04321814e+00 5.22201665e-10
1.04633223e+00 5.23760676e-10
1.04944631e+00 5.25319338e-10
1.05256039e+00 5.26878001e-10
1.05567448e+00 5.28437128e-10
1.05878856e+00 5.29995791e-10
1.06190265e+00 5.31554569e-10
1.06501673e+00 5.33113232e-10
1.06813081e+00 5.34672359e-10
1.07124490e+00 5.36231138e-10
1.07435898e+00 5.37790264e-10
1.07747307e+00 5.39348927e-10
1.08058715e+00 5.40907938e-10
1.08370123e+00 5.42466717e-10
1.08681532e+00 5.44025495e-10
1.08992940e+00 5.45584506e-10
1.09304349e+00 5.47143285e-10
1.09615757e+00 5.48701832e-10
1.09927165e+00 5.50260842e-10
1.10238574e+00 5.51819389e-10
1.10549982e+00 5.53378168e-10
1.10861391e+00 5.54937062e-10
1.11172799e+00 5.56496073e-10
1.11484207e+00 5.58054620e-10
1.11795616e+00 5.59613515e-10
1.12107024e+00 5.61172061e-10
1.12418433e+00 5.62731304e-10
1.12729841e+00 5.64290083e-10
1.13041249e+00 5.65848978e-10
1.13352658e+00 5.67407408e-10
1.13664066e+00 5.68966187e-10
1.13975475e+00 5.70524734e-10
1.14286883e+00 5.72083745e-10
1.14598291e+00 5.73642871e-10
1.14909700e+00 5.75201534e-10
1.15221108e+00 5.76759849e-10
1.15532517e+00 5.78319208e-10
1.15843925e+00 5.79878218e-10
1.16155333e+00 5.81436765e-10
1.16466742e+00 5.82995660e-10
1.16778150e+00 5.84554207e-10
1.17089559e+00 5.86113449e-10
1.17400967e+00 5.87671996e-10
1.17712375e+00 5.89230775e-10
1.18023784e+00 5.90789785e-10
1.18335192e+00 5.92348564e-10
1.18646601e+00 5.93907459e-10
1.18958009e+00 5.95466006e-10
1.19269417e+00 5.97024900e-10
1.19580826e+00 5.98583911e-10
1.19892234e+00 6.00142458e-10
1.20203643e+00 6.01701121e-10
1.20515051e+00 6.03260015e-10
1.20826459e+00 6.04819026e-10
1.21137868e+00 6.06377689e-10
1.21449276e+00 6.07936816e-10
1.21760685e+00 6.09495826e-10
1.22072093e+00 6.11054373e-10
1.22383501e+00 6.12613384e-10
1.22694910e+00 6.14172395e-10
1.23006318e+00 6.15730941e-10
1.23317727e+00 6.17289488e-10
1.23629135e+00 6.18848615e-10
1.23940543e+00 6.20407393e-10
1.24251952e+00 6.21966056e-10
1.24563360e+00 6.23525067e-10
1.24874769e+00 6.25083730e-10
1.25186177e+00 6.26642276e-10
1.25497585e+00 6.28201287e-10
1.25808994e+00 6.29760182e-10
1.26120402e+00 6.31318729e-10
1.26431811e+00 6.32877507e-10
1.26743219e+00 6.34436518e-10
1.27054627e+00 6.35995065e-10
1.27366036e+00 6.37554076e-10
1.27677444e+00 6.39112854e-10
1.27988853e+00 6.40671517e-10
1.28300261e+00 6.42230412e-10
1.28611669e+00 6.43789191e-10
1.28923078e+00 6.45348201e-10
1.29234486e+00 6.46906980e-10
1.29545895e+00 6.48466107e-10
1.29857303e+00 6.50024537e-10
1.30168711e+00 6.51583316e-10
1.30480120e+00 6.53142327e-10
1.30791528e+00 6.54700758e-10
1.31102937e+00 6.56260116e-10
1.31414345e+00 6.57818663e-10
1.31725753e+00 6.59377674e-10
1.32037162e+00 6.60936221e-10
1.32348570e+00 6.62494999e-10
1.32659979e+00 6.64053778e-10
1.32971387e+00 6.65612789e-10
1.33282795e+00 6.67171336e-10
1.33594204e+00 6.68730346e-10
1.33905612e+00 6.70288893e-10
1.34217021e+00 6.71847672e-10
1.34528429e+00 6.73407031e-10
1.34839837e+00 6.74965461e-10
1.35151246e+00 6.76524240e-10
1.35462654e+00 6.78083019e-10
1.35774063e+00 6.79641797e-10
1.36085471e+00 6.81200692e-10
1.36396879e+00 6.82759587e-10
1.36708288e+00 6.84318366e-10
1.37019696e+00 6.85877144e-10
1.37331105e+00 6.87435807e-10
1.37642513e+00 6.88995166e-10
1.37953921e+00 6.90553713e-10
1.38265330e+00 6.92112143e-10
1.38576738e+00 6.93671038e-10
1.38888147e+00 6.95230049e-10
1.39199555e+00 6.96788712e-10
1.39510963e+00 6.98347606e-10
1.39822372e+00 6.99906385e-10
1.40133780e+00 7.01465396e-10
1.40445189e+00 7.03023943e-10
1.40756597e+00 7.04582605e-10
1.41068005e+00 7.06141848e-10
1.41379414e+00 7.07700395e-10
1.41690822e+00 7.09259058e-10
1.42002231e+00 7.10818300e-10
1.42313639e+00 7.12376731e-10
1.42625047e+00 7.13935858e-10
1.42936456e+00 7.15494404e-10
1.43247864e+00 7.17053299e-10
1.43559273e+00 7.18611962e-10
1.43870681e+00 7.20170857e-10
1.44182089e+00 7.21729751e-10
1.44493498e+00 7.23288530e-10
1.44804906e+00 7.24847541e-10
1.45116315e+00 7.26406088e-10
1.45427723e+00 7.27964866e-10
1.45739131e+00 7.29523413e-10
1.46050540e+00 7.31082540e-10
1.46361948e+00 7.32641435e-10
1.46673357e+00 7.34200097e-10
1.46984765e+00 7.35758992e-10
1.47296173e+00 7.37317655e-10
1.47607582e+00 7.38876550e-10
1.47918990e+00 7.40435560e-10
1.48230399e+00 7.41994339e-10
1.48541807e+00 7.43552886e-10
1.48853215e+00 7.45111432e-10
1.49164624e+00 7.46670327e-10
1.49476032e+00 7.48229686e-10
1.49787441e+00 7.49788117e-10
1.50098849e+00 7.51346779e-10
1.50410257e+00 7.52905790e-10
1.50721666e+00 7.54464801e-10
1.51033074e+00 7.56023348e-10
1.51344483e+00 7.57582010e-10
1.51655891e+00 7.59140789e-10
1.51967299e+00 7.60699916e-10
1.52278708e+00 7.62258695e-10
1.52590116e+00 7.63817241e-10
1.52901525e+00 7.65376484e-10
1.53212933e+00 7.66934915e-10
1.53524341e+00 7.68493810e-10
1.53835750e+00 7.70052704e-10
1.54147158e+00 7.71611367e-10
1.54458567e+00 7.73170378e-10
1.54769975e+00 7.74729156e-10
1.55081383e+00 7.76287935e-10
1.55392792e+00 7.77846714e-10
1.55704200e+00 7.79405493e-10
1.56015609e+00 7.80964735e-10
1.56327017e+00 7.82523282e-10
1.56638425e+00 7.84081713e-10
1.56949834e+00 7.85640840e-10
1.57261242e+00 7.87199386e-10
1.57572651e+00 7.88758165e-10
1.57884059e+00 7.90317176e-10
1.58195467e+00 7.91876187e-10
1.58506876e+00 7.93434849e-10
1.58818284e+00 7.94993976e-10
1.59129693e+00 7.96552523e-10
1.59441101e+00 7.98111186e-10
1.59752509e+00 7.99669848e-10
1.60063918e+00 8.01228627e-10
1.60375326e+00 8.02787638e-10
1.60686735e+00 8.04346416e-10
1.60998143e+00 8.05905195e-10
1.61309551e+00 8.07463742e-10
1.61620960e+00 8.09022753e-10
1.61932368e+00 8.10581531e-10
1.62243777e+00 8.12140310e-10
1.62555185e+00 8.13699321e-10
1.62866593e+00 8.15257868e-10
1.63178002e+00 8.16816878e-10
1.63489410e+00 8.18375773e-10
1.63800819e+00 8.19934436e-10
1.64112227e+00 8.21493215e-10
1.64423635e+00 8.23051877e-10
1.64735044e+00 8.24610772e-10
1.65046452e+00 8.26169551e-10
1.65357861e+00 8.27728330e-10
1.65669269e+00 8.29287340e-10
1.65980678e+00 8.30846003e-10
1.66292086e+00 8.32404666e-10
1.66603494e+00 8.33963445e-10
1.66914903e+00 8.35522223e-10
1.67226311e+00 8.37080886e-10
1.67537720e+00 8.38639781e-10
1.67849128e+00 8.40198559e-10
1.68160536e+00 8.41757570e-10
1.68471945e+00 8.43316465e-10
1.68783353e+00 8.44875476e-10
1.69094762e+00 8.46434254e-10
1.69406170e+00 8.47992917e-10
1.69717578e+00 8.49551928e-10
1.70028987e+00 8.51110475e-10
1.70340395e+00 8.52669485e-10
1.70651804e+00 8.54228380e-10
1.70963212e+00 8.55787043e-10
1.71274620e+00 8.57345822e-10
1.71586029e+00 8.58904832e-10
1.71897437e+00 8.60463843e-10
1.72208846e+00 8.62022274e-10
1.72520254e+00 8.63581401e-10
1.72831662e+00 8.65139947e-10
1.73143071e+00 8.66698726e-10
1.73454479e+00 8.68257505e-10
1.73765888e+00 8.69816515e-10
1.74077296e+00 8.71374830e-10
1.74388704e+00 8.72934305e-10
1.74700113e+00 8.74492852e-10
1.75011521e+00 8.76051630e-10
1.75322930e+00 8.77610293e-10
1.75634338e+00 8.79169304e-10
1.75945746e+00 8.80727735e-10
1.76257155e+00 8.82286629e-10
1.76568563e+00 8.83845756e-10
1.76879972e+00 8.85404767e-10
1.77191380e+00 8.86963198e-10
1.77502788e+00 8.88522324e-10
1.77814197e+00 8.90081103e-10
1.78125605e+00 8.91639650e-10
1.78437014e+00 8.93198545e-10
1.78748422e+00 8.94757323e-10
1.79059830e+00 8.96316102e-10
1.79371239e+00 8.97874881e-10
1.79682647e+00 8.99433775e-10
1.79994056e+00 9.00992090e-10
1.80305464e+00 9.02551101e-10
1.80616872e+00 9.04110112e-10
1.80928281e+00 9.05668774e-10
1.81239689e+00 9.07227669e-10
1.81551098e+00 9.08786448e-10
1.81862506e+00 9.10345459e-10
1.82173914e+00 9.11903773e-10
1.82485323e+00 9.13462900e-10
1.82796731e+00 9.15021563e-10
1.83108140e+00 9.16580806e-10
1.83419548e+00 9.18139584e-10
1.83730956e+00 9.19697899e-10
1.84042365e+00 9.21256910e-10
1.84353773e+00 9.22815921e-10
1.84665182e+00 9.24374931e-10
1.84976590e+00 9.25933362e-10
1.85287998e+00 9.27492257e-10
1.85599407e+00 9.29050919e-10
1.85910815e+00 9.30609930e-10
1.86222224e+00 9.32168825e-10
1.86533632e+00 9.33727372e-10
1.86845040e+00 9.35286382e-10
1.87156449e+00 9.36845161e-10
1.87467857e+00 9.38403940e-10
1.87779266e+00 9.39962487e-10
1.88090674e+00 9.41521265e-10
1.88402082e+00 9.43080276e-10
1.88713491e+00 9.44639055e-10
1.89024899e+00 9.46197950e-10
1.89336308e+00 9.47756612e-10
1.89647716e+00 9.49315623e-10
1.89959124e+00 9.50874518e-10
1.90270533e+00 9.52433413e-10
1.90581941e+00 9.53992075e-10
1.90893350e+00 9.55551086e-10
1.91204758e+00 9.57109517e-10
1.91516166e+00 9.58668759e-10
1.91827575e+00 9.60227190e-10
1.92138983e+00 9.61785853e-10
1.92450392e+00 9.63344864e-10
1.92761800e+00 9.64903758e-10
1.93073208e+00 9.66462537e-10
1.93384617e+00 9.68021316e-10
1.93696025e+00 9.69580095e-10
1.94007434e+00 9.71139221e-10
1.94318842e+00 9.72698232e-10
1.94630250e+00 9.74256779e-10
1.94941659e+00 9.75815674e-10
1.95253067e+00 9.77374336e-10
1.95564476e+00 9.78933347e-10
1.95875884e+00 9.80491894e-10
1.96187292e+00 9.82051137e-10
1.96498701e+00 9.83610031e-10
1.96810109e+00 9.85168810e-10
1.97121518e+00 9.86727821e-10
1.97432926e+00 9.88286251e-10
1.97744334e+00 9.89845378e-10
1.98055743e+00 9.91404157e-10
1.98367151e+00 9.92963052e-10
1.98678560e+00 9.94521714e-10
1.98989968e+00 9.96080493e-10
1.99301376e+00 9.97639736e-10
1.99612785e+00 9.99198399e-10
1.99924193e+00 1.00075695e-09
2.00235602e+00 1.00231584e-09
2.00547010e+00 1.00387450e-09
2.00858418e+00 1.00543351e-09
2.01169827e+00 1.00699229e-09
2.01481235e+00 1.00855096e-09
2.01792644e+00 1.01011008e-09
2.02104052e+00 1.01166886e-09
2.02415460e+00 1.01322776e-09
2.02726869e+00 1.01478642e-09
2.03038277e+00 1.01634496e-09
2.03349686e+00 1.01790409e-09
2.03661094e+00 1.01946275e-09
2.03972502e+00 1.02102153e-09
2.04283911e+00 1.02258078e-09
2.04595319e+00 1.02413932e-09
2.04906728e+00 1.02569810e-09
2.05218136e+00 1.02725711e-09
2.05529544e+00 1.02881589e-09
2.05840953e+00 1.03037455e-09
2.06152361e+00 1.03193368e-09
2.06463770e+00 1.03349234e-09
2.06775178e+00 1.03505089e-09
2.07086586e+00 1.03661002e-09
2.07397995e+00 1.03816880e-09
2.07709403e+00 1.03972792e-09
2.08020812e+00 1.04128624e-09
2.08332220e+00 1.04284525e-09
2.08643628e+00 1.04440379e-09
2.08955037e+00 1.04596292e-09
2.09266445e+00 1.04752158e-09
2.09577854e+00 1.04908071e-09
2.09889262e+00 1.05063902e-09
2.10200670e+00 1.05219827e-09
2.10512079e+00 1.05375681e-09
2.10823487e+00 1.05531559e-09
2.11134896e+00 1.05687449e-09
2.11446304e+00 1.05843338e-09
2.11757712e+00 1.05999216e-09
2.12069121e+00 1.06155117e-09
2.12380529e+00 1.06310972e-09
2.12691938e+00 1.06466873e-09
2.13003346e+00 1.06622774e-09
2.13314754e+00 1.06778652e-09
2.13626163e+00 1.06934530e-09
2.13937571e+00 1.07090361e-09
2.14248980e+00 1.07246274e-09
2.14560388e+00 1.07402175e-09
2.14871796e+00 1.07558006e-09
2.15183205e+00 1.07713942e-09
2.15494613e+00 1.07869820e-09
2.15806022e+00 1.08025675e-09
2.16117430e+00 1.08181599e-09
2.16428838e+00 1.08337442e-09
2.16740247e+00 1.08493320e-09
2.17051655e+00 1.08649210e-09
2.17363064e+00 1.08805111e-09
2.17674472e+00 1.08960965e-09
2.17985880e+00 1.09116866e-09
2.18297289e+00 1.09272744e-09
2.18608697e+00 1.09428599e-09
2.18920106e+00 1.09584477e-09
2.19231514e+00 1.09740378e-09
2.19542922e+00 1.09896233e-09
2.19854331e+00 1.10052157e-09
2.20165739e+00 1.10208035e-09
2.20477148e+00 1.10363901e-09
2.20788556e+00 1.10519790e-09
2.21099964e+00 1.10675668e-09
2.21411373e+00 1.10831546e-09
2.21722781e+00 1.10987401e-09
2.22034190e+00 1.11143267e-09
2.22345598e+00 1.11299168e-09
2.22657006e+00 1.11455058e-09
2.22968415e+00 1.11610936e-09
2.23279823e+00 1.11766790e-09
2.23591232e+00 1.11922691e-09
2.23902640e+00 1.12078592e-09
2.24214048e+00 1.12234447e-09
2.24525457e+00 1.12390348e-09
2.24836865e+00 1.12546226e-09
2.25148274e+00 1.12702081e-09
2.25459682e+00 1.12857959e-09
2.25771090e+00 1.13013825e-09
2.26082499e+00 1.13169761e-09
2.26393907e+00 1.13325615e-09
2.26705316e+00 1.13481482e-09
2.27016724e+00 1.13637348e-09
2.27328132e+00 1.13793272e-09
2.27639541e+00 1.13949104e-09
2.27950949e+00 1.14104982e-09
2.28262358e+00 1.14260859e-09
2.28573766e+00 1.14416795e-09
2.28885174e+00 1.14572638e-09
2.29196583e+00 1.14728528e-09
2.29507991e+00 1.14884394e-09
2.29819400e+00 1.15040295e-09
2.30130808e+00 1.15196150e-09
2.30442216e+00 1.15352051e-09
2.30753625e+00 1.15507929e-09
2.31065033e+00 1.15663784e-09
2.31376442e+00 1.15819661e-09
2.31687850e+00 1.15975562e-09
2.31999258e+00 1.16131440e-09
2.32310667e+00 1.16287341e-09
2.32622075e+00 1.16443196e-09
2.32933484e+00 1.16599074e-09
2.33244892e+00 1.16754963e-09
2.33556300e+00 1.16910853e-09
2.33867709e+00 1.17066708e-09
2.34179117e+00 1.17222585e-09
2.34490526e+00 1.17378521e-09
2.34801934e+00 1.17534411e-09
2.35113342e+00 1.17690265e-09
2.35424751e+00 1.17846120e-09
2.35736159e+00 1.18002010e-09
2.36047568e+00 1.18157899e-09
2.36358976e+00 1.18313765e-09
2.36670384e+00 1.18469643e-09
2.36981793e+00 1.18625521e-09
2.37293201e+00 1.18781387e-09
2.37604610e+00 1.18937277e-09
2.37916018e+00 1.19093190e-09
2.38227426e+00 1.19249067e-09
2.38538835e+00 1.19404922e-09
2.38850243e+00 1.19560823e-09
2.39161652e+00 1.19716701e-09
2.39473060e+00 1.19872579e-09
2.39784468e+00 1.20028457e-09
2.40095877e+00 1.20184323e-09
2.40407285e+00 1.20340213e-09
2.40718694e+00 1.20496090e-09
2.41030102e+00 1.20651980e-09
2.41341510e+00 1.20807869e-09
2.41652919e+00 1.20963712e-09
2.41964327e+00 1.21119637e-09
2.42275736e+00 1.21275515e-09
2.42587144e+00 1.21431358e-09
2.42898552e+00 1.21587270e-09
2.43209961e+00 1.21743125e-09
2.43521369e+00 1.21899038e-09
2.43832778e+00 1.22054916e-09
2.44144186e+00 1.22210770e-09
2.44455594e+00 1.22366671e-09
2.44767003e+00 1.22522561e-09
2.45078411e+00 1.22678450e-09
2.45389820e+00 1.22834351e-09
2.45701228e+00 1.22990206e-09
2.46012636e+00 1.23146084e-09
2.46324045e+00 1.23301962e-09
2.46635453e+00 1.23457840e-09
2.46946862e+00 1.23613717e-09
2.47258270e+00 1.23769595e-09
2.47569678e+00 1.23925485e-09
2.47881087e+00 1.24081374e-09
2.48192495e+00 1.24237252e-09
2.48503904e+00 1.24393107e-09
2.48815312e+00 1.24548985e-09
2.49126720e+00 1.24704886e-09
2.49438129e+00 1.24860775e-09
2.49749537e+00 1.25016653e-09
2.50060946e+00 1.25172496e-09
2.50372354e+00 1.25328397e-09
2.50683762e+00 1.25484287e-09
2.50995171e+00 1.25640188e-09
2.51306579e+00 1.25796031e-09
2.51617988e+00 1.25951920e-09
2.51929396e+00 1.26107787e-09
2.52240804e+00 1.26263688e-09
2.52552213e+00 1.26419566e-09
2.52863621e+00 1.26575432e-09
2.53175030e+00 1.26731321e-09
2.53486438e+00 1.26887199e-09
2.53797846e+00 1.27043100e-09
2.54109255e+00 1.27198990e-09
2.54420663e+00 1.27354856e-09
2.54732072e+00 1.27510722e-09
2.55043480e+00 1.27666612e-09
2.55354888e+00 1.27822490e-09
2.55666297e+00 1.27978368e-09
2.55977705e+00 1.28134245e-09
2.56289114e+00 1.28290135e-09
2.56600522e+00 1.28446024e-09
2.56911930e+00 1.28601902e-09
2.57223339e+00 1.28757734e-09
2.57534747e+00 1.28913623e-09
2.57846156e+00 1.29069513e-09
2.58157564e+00 1.29225391e-09
2.58468972e+00 1.29381280e-09
2.58780381e+00 1.29537181e-09
2.59091789e+00 1.29693047e-09
2.59403198e+00 1.29848937e-09
2.59714606e+00 1.30004803e-09
2.60026014e+00 1.30160669e-09
2.60337423e+00 1.30316582e-09
2.60648831e+00 1.30472460e-09
2.60960240e+00 1.30628338e-09
2.61271648e+00 1.30784239e-09
2.61583056e+00 1.30940070e-09
2.61894465e+00 1.31095971e-09
2.62205873e+00 1.31251838e-09
2.62517282e+00 1.31407750e-09
2.62828690e+00 1.31563605e-09
2.63140098e+00 1.31719495e-09
2.63451507e+00 1.31875372e-09
2.63762915e+00 1.32031273e-09
2.64074324e+00 1.32187140e-09
2.64385732e+00 1.32342994e-09
2.64697140e+00 1.32498872e-09
2.65008549e+00 1.32654797e-09
2.65319957e+00 1.32810628e-09
2.65631366e+00 1.32966529e-09
2.65942774e+00 1.33122407e-09
2.66254182e+00 1.33278308e-09
2.66565591e+00 1.33434174e-09
2.66876999e+00 1.33590052e-09
2.67188408e+00 1.33745953e-09
2.67499816e+00 1.33901843e-09
2.67811224e+00 1.34057721e-09
2.68122633e+00 1.34213552e-09
2.68434041e+00 1.34369476e-09
2.68745450e+00 1.34525343e-09
2.69056858e+00 1.34681221e-09
2.69368266e+00 1.34837110e-09
2.69679675e+00 1.34992999e-09
2.69991083e+00 1.35148901e-09
2.70302492e+00 1.35304767e-09
2.70613900e+00 1.35460633e-09
2.70925308e+00 1.35616511e-09
2.71236717e+00 1.35772400e-09
2.71548125e+00 1.35928278e-09
2.71859534e+00 1.36084156e-09
2.72170942e+00 1.36240034e-09
2.72482350e+00 1.36395924e-09
2.72793759e+00 1.36551813e-09
2.73105167e+00 1.36707668e-09
2.73416576e+00 1.36863569e-09
2.73727984e+00 1.37019481e-09
2.74039392e+00 1.37175348e-09
2.74350801e+00 1.37331202e-09
2.74662209e+00 1.37487127e-09
2.74973618e+00 1.37642981e-09
2.75285026e+00 1.37798871e-09
2.75596434e+00 1.37954772e-09
2.75907843e+00 1.38110627e-09
2.76219251e+00 1.38266516e-09
2.76530660e+00 1.38422394e-09
2.76842068e+00 1.38578283e-09
2.77153477e+00 1.38734173e-09
2.77464885e+00 1.38890039e-09
2.77776293e+00 1.39045905e-09
2.78087702e+00 1.39201783e-09
2.78399110e+00 1.39357684e-09
2.78710519e+00 1.39513562e-09
2.79021927e+00 1.39669440e-09
2.79333335e+00 1.39825341e-09
2.79644744e+00 1.39981196e-09
2.79956152e+00 1.40137074e-09
2.80267561e+00 1.40292952e-09
2.80578969e+00 1.40448876e-09
2.80890377e+00 1.40604731e-09
2.81201786e+00 1.40760620e-09
2.81513194e+00 1.40916498e-09
2.81824603e+00 1.41072399e-09
2.82136011e+00 1.41228288e-09
2.82447419e+00 1.41384155e-09
2.82758828e+00 1.41540021e-09
2.83070236e+00 1.41695922e-09
2.83381645e+00 1.41851777e-09
2.83693053e+00 1.42007655e-09
2.84004461e+00 1.42163556e-09
2.84315870e+00 1.42319434e-09
2.84627278e+00 1.42475311e-09
2.84938687e+00 1.42631236e-09
2.85250095e+00 1.42787090e-09
2.85561503e+00 1.42942968e-09
2.85872912e+00 1.43098846e-09
2.86184320e+00 1.43254724e-09
2.86495729e+00 1.43410602e-09
2.86807137e+00 1.43566480e-09
2.87118545e+00 1.43722381e-09
2.87429954e+00 1.43878270e-09
2.87741362e+00 1.44034125e-09
2.88052771e+00 1.44190026e-09
2.88364179e+00 1.44345892e-09
2.88675587e+00 1.44501817e-09
2.88986996e+00 1.44657671e-09
2.89298404e+00 1.44813549e-09
2.89609813e+00 1.44969450e-09
2.89921221e+00 1.45125305e-09
2.90232629e+00 1.45281194e-09
2.90544038e+00 1.45437072e-09
2.90855446e+00 1.45592985e-09
2.91166855e+00 1.45748863e-09
2.91478263e+00 1.45904717e-09
2.91789671e+00 1.46060595e-09
2.92101080e+00 1.46216496e-09
2.92412488e+00 1.46372374e-09
2.92723897e+00 1.46528252e-09
2.93035305e+00 1.46684107e-09
2.93346713e+00 1.46839996e-09
2.93658122e+00 1.46995886e-09
2.93969530e+00 1.47151740e-09
2.94280939e+00 1.47307630e-09
2.94592347e+00 1.47463519e-09
2.94903755e+00 1.47619409e-09
2.95215164e+00 1.47775275e-09
2.95526572e+00 1.47931153e-09
2.95837981e+00 1.48087066e-09
2.96149389e+00 1.48242932e-09
2.96460797e+00 1.48398810e-09
2.96772206e+00 1.48554676e-09
2.97083614e+00 1.48710589e-09
2.97395023e+00 1.48866432e-09
2.97706431e+00 1.49022321e-09
2.98017839e+00 1.49178211e-09
2.98329248e+00 1.49334100e-09
2.98640656e+00 1.49489978e-09
2.98952065e+00 1.49645856e-09
2.99263473e+00 1.49801745e-09
2.99574881e+00 1.49957600e-09
2.99886290e+00 1.50113501e-09
3.00197698e+00 1.50269391e-09
3.00509107e+00 1.50425245e-09
3.00820515e+00 1.50581123e-09
3.01131923e+00 1.50737001e-09
3.01443332e+00 1.50892925e-09
3.01754740e+00 1.51048768e-09
3.02066149e+00 1.51204635e-09
3.02377557e+00 1.51360559e-09
3.02688965e+00 1.51516437e-09
3.03000374e+00 1.51672280e-09
3.03311782e+00 1.51828169e-09
3.03623191e+00 1.51984059e-09
3.03934599e+00 1.52139948e-09
3.04246007e+00 1.52295826e-09
3.04557416e+00 1.52451727e-09
3.04868824e+00 1.52607582e-09
3.05180233e+00 1.52763483e-09
3.05491641e+00 1.52919349e-09
3.05803049e+00 1.53075239e-09
3.06114458e+00 1.53231140e-09
3.06425866e+00 1.53386995e-09
3.06737275e+00 1.53542907e-09
3.07048683e+00 1.53698774e-09
3.07360091e+00 1.53854640e-09
3.07671500e+00 1.54010529e-09
3.07982908e+00 1.54166407e-09
3.08294317e+00 1.54322262e-09
3.08605725e+00 1.54478163e-09
3.08917133e+00 1.54634064e-09
3.09228542e+00 1.54789930e-09
3.09539950e+00 1.54945831e-09
3.09851359e+00 1.55101674e-09
3.10162767e+00 1.55257564e-09
3.10474175e+00 1.55413442e-09
3.10785584e+00 1.55569331e-09
3.11096992e+00 1.55725232e-09
3.11408401e+00 1.55881110e-09
3.11719809e+00 1.56036976e-09
3.12031217e+00 1.56192866e-09
3.12342626e+00 1.56348744e-09
3.12654034e+00 1.56504645e-09
3.12965443e+00 1.56660523e-09
3.13276851e+00 1.56816377e-09
3.13588259e+00 1.56972278e-09
3.13899668e+00 1.57128133e-09
3.14211076e+00 1.57284011e-09
3.14522485e+00 1.57439900e-09
3.14833893e+00 1.57595790e-09
3.15145301e+00 1.57751668e-09
3.15456710e+00 1.57907546e-09
3.15768118e+00 1.58063400e-09
3.16079527e+00 1.58219313e-09
3.16390935e+00 1.58375191e-09
3.16702343e+00 1.58531069e-09
3.17013752e+00 1.58686981e-09
3.17325160e+00 1.58842825e-09
3.17636569e+00 1.58998714e-09
3.17947977e+00 1.59154615e-09
3.18259385e+00 1.59310505e-09
3.18570794e+00 1.59466382e-09
3.18882202e+00 1.59622260e-09
3.19193611e+00 1.59778103e-09
3.19505019e+00 1.59933981e-09
3.19816427e+00 1.60089871e-09
3.20127836e+00 1.60245749e-09
3.20439244e+00 1.60401638e-09
3.20750653e+00 1.60557551e-09
3.21062061e+00 1.60713394e-09
3.21373469e+00 1.60869318e-09
3.21684878e+00 1.61025173e-09
3.21996286e+00 1.61181074e-09
3.22307695e+00 1.61336952e-09
3.22619103e+00 1.61492795e-09
3.22930511e+00 1.61648719e-09
3.23241920e+00 1.61804585e-09
3.23553328e+00 1.61960452e-09
3.23864737e+00 1.62116353e-09
3.24176145e+00 1.62272219e-09
3.24487553e+00 1.62428097e-09
3.24798962e+00 1.62583998e-09
3.25110370e+00 1.62739864e-09
3.25421779e+00 1.62895765e-09
3.25733187e+00 1.63051655e-09
3.26044595e+00 1.63207533e-09
3.26356004e+00 1.63363422e-09
3.26667412e+00 1.63519288e-09
3.26978821e+00 1.63675201e-09
3.27290229e+00 1.63831044e-09
3.27601637e+00 1.63986899e-09
3.27913046e+00 1.64142800e-09
3.28224454e+00 1.64298678e-09
3.28535863e+00 1.64454544e-09
3.28847271e+00 1.64610433e-09
3.29158679e+00 1.64766346e-09
3.29470088e+00 1.64922201e-09
3.29781496e+00 1.65078102e-09
3.30092905e+00 1.65233980e-09
3.30404313e+00 1.65389869e-09
3.30715721e+00 1.65545724e-09
3.31027130e+00 1.65701625e-09
3.31338538e+00 1.65857514e-09
3.31649947e+00 1.66013358e-09
3.31961355e+00 1.66169270e-09
3.32272763e+00 1.66325136e-09
3.32584172e+00 1.66481038e-09
3.32895580e+00 1.66636881e-09
3.33206989e+00 1.66792805e-09
3.33518397e+00 1.66948648e-09
3.33829805e+00 1.67104526e-09
3.34141214e+00 1.67260415e-09
3.34452622e+00 1.67416282e-09
3.34764031e+00 1.67572148e-09
3.35075439e+00 1.67728084e-09
3.35386847e+00 1.67883938e-09
3.35698256e+00 1.68039816e-09
3.36009664e+00 1.68195694e-09
3.36321073e+00 1.68351549e-09
3.36632481e+00 1.68507462e-09
3.36943889e+00 1.68663328e-09
3.37255298e+00 1.68819206e-09
3.37566706e+00 1.68975095e-09
3.37878115e+00 1.69130996e-09
3.38189523e+00 1.69286862e-09
3.38500931e+00 1.69442706e-09
3.38812340e+00 1.69598641e-09
3.39123748e+00 1.69754473e-09
3.39435157e+00 1.69910386e-09
3.39746565e+00 1.70066275e-09
3.40057973e+00 1.70222130e-09
3.40369382e+00 1.70378031e-09
3.40680790e+00 1.70533932e-09
3.40992199e+00 1.70689787e-09
3.41303607e+00 1.70845664e-09
3.41615015e+00 1.71001542e-09
3.41926424e+00 1.71157420e-09
3.42237832e+00 1.71313321e-09
3.42549241e+00 1.71469199e-09
3.42860649e+00 1.71625077e-09
3.43172057e+00 1.71780955e-09
3.43483466e+00 1.71936844e-09
3.43794874e+00 1.72092722e-09
3.44106283e+00 1.72248588e-09
3.44417691e+00 1.72404490e-09
3.44729099e+00 1.72560367e-09
3.45040508e+00 1.72716280e-09
3.45351916e+00 1.72872135e-09
3.45663325e+00 1.73028001e-09
3.45974733e+00 1.73183925e-09
3.46286141e+00 1.73339803e-09
3.46597550e+00 1.73495658e-09
3.46908958e+00 1.73651559e-09
3.47220367e+00 1.73807437e-09
3.47531775e+00 1.73963291e-09
3.47843183e+00 1.74119216e-09
3.48154592e+00 1.74275094e-09
3.48466000e+00 1.74430948e-09
3.48777409e+00 1.74586849e-09
3.49088817e+00 1.74742704e-09
3.49400225e+00 1.74898594e-09
3.49711634e+00 1.75054506e-09
3.50023042e+00 1.75210384e-09
3.50334451e+00 1.75366250e-09
3.50645859e+00 1.75522128e-09
3.50957267e+00 1.75677995e-09
3.51268676e+00 1.75833884e-09
3.51580084e+00 1.75989739e-09
3.51891493e+00 1.76145628e-09
3.52202901e+00 1.76301529e-09
3.52514309e+00 1.76457407e-09
3.52825718e+00 1.76613285e-09
3.53137126e+00 1.76769163e-09
3.53448535e+00 1.76925064e-09
3.53759943e+00 1.77080919e-09
3.54071351e+00 1.77236796e-09
3.54382760e+00 1.77392674e-09
3.54694168e+00 1.77548575e-09
3.55005577e+00 1.77704442e-09
3.55316985e+00 1.77860354e-09
3.55628393e+00 1.78016209e-09
3.55939802e+00 1.78172122e-09
3.56251210e+00 1.78327965e-09
3.56562619e+00 1.78483843e-09
3.56874027e+00 1.78639744e-09
3.57185435e+00 1.78795622e-09
3.57496844e+00 1.78951499e-09
3.57808252e+00 1.79107389e-09
3.58119661e+00 1.79263278e-09
3.58431069e+00 1.79419133e-09
3.58742477e+00 1.79575046e-09
3.59053886e+00 1.79730912e-09
3.59365294e+00 1.79886767e-09
3.59676703e+00 1.80042668e-09
3.59988111e+00 1.80198569e-09
3.60299519e+00 1.80354447e-09
3.60610928e+00 1.80510301e-09
3.60922336e+00 1.80666179e-09
3.61233745e+00 1.80822080e-09
3.61545153e+00 1.80977923e-09
3.61856561e+00 1.81133836e-09
3.62167970e+00 1.81289691e-09
3.62479378e+00 1.81445580e-09
3.62790787e+00 1.81601447e-09
3.63102195e+00 1.81757336e-09
3.63413603e+00 1.81913237e-09
3.63725012e+00 1.82069103e-09
3.64036420e+00 1.82224981e-09
3.64347829e+00 1.82380871e-09
3.64659237e+00 1.82536760e-09
3.64970645e+00 1.82692626e-09
3.65282054e+00 1.82848539e-09
3.65593462e+00 1.83004382e-09
3.65904871e+00 1.83160260e-09
3.66216279e+00 1.83316150e-09
3.66527687e+00 1.83472051e-09
3.66839096e+00 1.83627928e-09
3.67150504e+00 1.83783806e-09
3.67461913e+00 1.83939673e-09
3.67773321e+00 1.84095550e-09
3.68084729e+00 1.84251428e-09
3.68396138e+00 1.84407318e-09
3.68707546e+00 1.84563196e-09
3.69018955e+00 1.84719074e-09
3.69330363e+00 1.84874975e-09
3.69641771e+00 1.85030864e-09
3.69953180e+00 1.85186719e-09
3.70264588e+00 1.85342608e-09
3.70575997e+00 1.85498475e-09
3.70887405e+00 1.85654364e-09
3.71198813e+00 1.85810242e-09
3.71510222e+00 1.85966097e-09
3.71821630e+00 1.86121986e-09
3.72133039e+00 1.86277876e-09
3.72444447e+00 1.86433753e-09
3.72755855e+00 1.86589654e-09
3.73067264e+00 1.86745532e-09
3.73378672e+00 1.86901410e-09
3.73690081e+00 1.87057276e-09
3.74001489e+00 1.87213143e-09
3.74312897e+00 1.87369021e-09
3.74624306e+00 1.87524922e-09
3.74935714e+00 1.87680800e-09
3.75247123e+00 1.87836677e-09
3.75558531e+00 1.87992555e-09
3.75869939e+00 1.88148433e-09
3.76181348e+00 1.88304346e-09
3.76492756e+00 1.88460201e-09
3.76804165e+00 1.88616090e-09
3.77115573e+00 1.88771968e-09
3.77426981e+00 1.88927857e-09
3.77738390e+00 1.89083700e-09
3.78049798e+00 1.89239602e-09
3.78361207e+00 1.89395491e-09
3.78672615e+00 1.89551404e-09
3.78984023e+00 1.89707235e-09
3.79295432e+00 1.89863125e-09
3.79606840e+00 1.90019014e-09
3.79918249e+00 1.90174892e-09
3.80229657e+00 1.90330747e-09
3.80541065e+00 1.90486659e-09
3.80852474e+00 1.90642526e-09
3.81163882e+00 1.90798450e-09
3.81475291e+00 1.90954305e-09
3.81786699e+00 1.91110182e-09
3.82098107e+00 1.91266049e-09
3.82409516e+00 1.91421915e-09
3.82720924e+00 1.91577816e-09
3.83032333e+00 1.91733740e-09
3.83343741e+00 1.91889630e-09
3.83655149e+00 1.92045473e-09
3.83966558e+00 1.92201362e-09
3.84277966e+00 1.92357287e-09
3.84589375e+00 1.92513130e-09
3.84900783e+00 1.92668984e-09
3.85212191e+00 1.92824874e-09
3.85523600e+00 1.92980786e-09
3.85835008e+00 1.93136630e-09
3.86146417e+00 1.93292507e-09
3.86457825e+00 1.93448420e-09
3.86769234e+00 1.93604275e-09
3.87080642e+00 1.93760187e-09
3.87392050e+00 1.93916031e-09
3.87703459e+00 1.94071932e-09
3.88014867e+00 1.94227821e-09
3.88326276e+00 1.94383711e-09
3.88637684e+00 1.94539565e-09
3.88949092e+00 1.94695466e-09
3.89260501e+00 1.94851344e-09
3.89571909e+00 1.95007222e-09
3.89883318e+00 1.95163088e-09
3.90194726e+00 1.95319001e-09
3.90506134e+00 1.95474844e-09
3.90817543e+00 1.95630757e-09
3.91128951e+00 1.95786635e-09
3.91440360e+00 1.95942489e-09
3.91751768e+00 1.96098367e-09
3.92063176e+00 1.96254245e-09
3.92374585e+00 1.96410123e-09
3.92685993e+00 1.96566024e-09
3.92997402e+00 1.96721902e-09
3.93308810e+00 1.96877757e-09
3.93620218e+00 1.97033646e-09
3.93931627e+00 1.97189535e-09
3.94243035e+00 1.97345402e-09
3.94554444e+00 1.97501314e-09
3.94865852e+00 1.97657181e-09
3.95177260e+00 1.97813047e-09
3.95488669e+00 1.97968948e-09
3.95800077e+00 1.98124826e-09
3.96111486e+00 1.98280704e-09
3.96422894e+00 1.98436558e-09
3.96734302e+00 1.98592448e-09
3.97045711e+00 1.98748337e-09
3.97357119e+00 1.98904215e-09
3.97668528e+00 1.99060082e-09
3.97979936e+00 1.99215936e-09
3.98291344e+00 1.99371861e-09
3.98602753e+00 1.99527738e-09
3.98914161e+00 1.99683605e-09
3.99225570e+00 1.99839506e-09
3.99536978e+00 1.99995372e-09
3.99848386e+00 2.00151261e-09
4.00159795e+00 2.00307139e-09
4.00471203e+00 2.00463052e-09
4.00782612e+00 2.00618884e-09
4.01094020e+00 2.00774761e-09
4.01405428e+00 2.00930674e-09
4.01716837e+00 2.01086529e-09
4.02028245e+00 2.01242418e-09
4.02339654e+00 2.01398319e-09
4.02651062e+00 2.01554186e-09
4.02962470e+00 2.01710075e-09
4.03273879e+00 2.01865941e-09
4.03585287e+00 2.02021819e-09
4.03896696e+00 2.02177720e-09
4.04208104e+00 2.02333587e-09
4.04519512e+00 2.02489511e-09
4.04830921e+00 2.02645342e-09
4.05142329e+00 2.02801255e-09
4.05453738e+00 2.02957133e-09
4.05765146e+00 2.03112987e-09
4.06076554e+00 2.03268889e-09
4.06387963e+00 2.03424755e-09
4.06699371e+00 2.03580633e-09
4.07010780e+00 2.03736557e-09
4.07322188e+00 2.03892400e-09
4.07633596e+00 2.04048278e-09
4.07945005e+00 2.04204179e-09
4.08256413e+00 2.04360057e-09
4.08567822e+00 2.04515900e-09
4.08879230e+00 2.04671813e-09
4.09190638e+00 2.04827679e-09
4.09502047e+00 2.04983592e-09
4.09813455e+00 2.05139446e-09
4.10124864e+00 2.05295313e-09
4.10436272e+00 2.05451225e-09
4.10747680e+00 2.05607068e-09
4.11059089e+00 2.05762935e-09
4.11370497e+00 2.05918812e-09
4.11681906e+00 2.06074690e-09
4.11993314e+00 2.06230557e-09
4.12304722e+00 2.06386481e-09
4.12616131e+00 2.06542324e-09
4.12927539e+00 2.06698213e-09
4.13238948e+00 2.06854091e-09
4.13550356e+00 2.07010016e-09
4.13861764e+00 2.07165893e-09
4.14173173e+00 2.07321748e-09
4.14484581e+00 2.07477649e-09
4.14795990e+00 2.07633515e-09
4.15107398e+00 2.07789370e-09
4.15418806e+00 2.07945271e-09
4.15730215e+00 2.08101149e-09
4.16041623e+00 2.08257050e-09
4.16353032e+00 2.08412916e-09
4.16664440e+00 2.08568759e-09
4.16975848e+00 2.08724661e-09
4.17287257e+00 2.08880562e-09
4.17598665e+00 2.09036474e-09
4.17910074e+00 2.09192341e-09
4.18221482e+00 2.09348207e-09
4.18532890e+00 2.09504096e-09
4.18844299e+00 2.09659997e-09
4.19155707e+00 2.09815840e-09
4.19467116e+00 2.09971730e-09
4.19778524e+00 2.10127608e-09
4.20089932e+00 2.10283497e-09
4.20401341e+00 2.10439364e-09
4.20712749e+00 2.10595265e-09
4.21024158e+00 2.10751142e-09
4.21335566e+00 2.10907020e-09
4.21646974e+00 2.11062898e-09
4.21958383e+00 2.11218765e-09
4.22269791e+00 2.11374654e-09
4.22581200e+00 2.11530520e-09
4.22892608e+00 2.11686387e-09
4.23204016e+00 2.11842288e-09
4.23515425e+00 2.11998177e-09
4.23826833e+00 2.12154055e-09
4.24138242e+00 2.12309933e-09
4.24449650e+00 2.12465822e-09
4.24761058e+00 2.12621700e-09
4.25072467e+00 2.12777566e-09
4.25383875e+00 2.12933433e-09
4.25695284e+00 2.13089322e-09
4.26006692e+00 2.13245212e-09
4.26318100e+00 2.13401113e-09
4.26629509e+00 2.13556979e-09
4.26940917e+00 2.13712880e-09
4.27252326e+00 2.13868735e-09
4.27563734e+00 2.14024624e-09
4.27875142e+00 2.14180514e-09
4.28186551e+00 2.14336357e-09
4.28497959e+00 2.14492269e-09
4.28809368e+00 2.14648124e-09
4.29120776e+00 2.14804037e-09
4.29432184e+00 2.14959915e-09
4.29743593e+00 2.15115804e-09
4.30055001e+00 2.15271670e-09
4.30366410e+00 2.15427525e-09
4.30677818e+00 2.15583426e-09
4.30989226e+00 2.15739327e-09
4.31300635e+00 2.15895205e-09
4.31612043e+00 2.16051106e-09
4.31923452e+00 2.16206961e-09
4.32234860e+00 2.16362839e-09
4.32546268e+00 2.16518717e-09
4.32857677e+00 2.16674583e-09
4.33169085e+00 2.16830472e-09
4.33480494e+00 2.16986350e-09
4.33791902e+00 2.17142228e-09
4.34103310e+00 2.17298129e-09
4.34414719e+00 2.17453972e-09
4.34726127e+00 2.17609862e-09
4.35037536e+00 2.17765751e-09
4.35348944e+00 2.17921617e-09
4.35660352e+00 2.18077495e-09
4.35971761e+00 2.18233373e-09
4.36283169e+00 2.18389286e-09
4.36594578e+00 2.18545152e-09
4.36905986e+00 2.18701053e-09
4.37217394e+00 2.18856931e-09
4.37528803e+00 2.19012832e-09
4.37840211e+00 2.19168710e-09
4.38151620e+00 2.19324588e-09
4.38463028e+00 2.19480454e-09
4.38774436e+00 2.19636344e-09
4.39085845e+00 2.19792222e-09
4.39397253e+00 2.19948099e-09
4.39708662e+00 2.20103989e-09
4.40020070e+00 2.20259890e-09
4.40331478e+00 2.20415756e-09
4.40642887e+00 2.20571623e-09
4.40954295e+00 2.20727512e-09
4.41265704e+00 2.20883448e-09
4.41577112e+00 2.21039268e-09
4.41888520e+00 2.21195146e-09
4.42199929e+00 2.21351000e-09
4.42511337e+00 2.21506901e-09
4.42822746e+00 2.21662768e-09
4.43134154e+00 2.21818669e-09
4.43445562e+00 2.21974523e-09
4.43756971e+00 2.22130436e-09
4.44068379e+00 2.22286291e-09
4.44379788e+00 2.22442192e-09
4.44691196e+00 2.22598035e-09
4.45002604e+00 2.22753948e-09
4.45314013e+00 2.22909849e-09
4.45625421e+00 2.23065715e-09
4.45936830e+00 2.23221581e-09
4.46248238e+00 2.23377482e-09
4.46559646e+00 2.23533337e-09
4.46871055e+00 2.23689250e-09
4.47182463e+00 2.23845081e-09
4.47493872e+00 2.24000982e-09
4.47805280e+00 2.24156872e-09
4.48116688e+00 2.24312726e-09
4.48428097e+00 2.24468569e-09
4.48739505e+00 2.24624494e-09
4.49050914e+00 2.24780360e-09
4.49362322e+00 2.24936238e-09
4.49673730e+00 2.25092092e-09
4.49985139e+00 2.25247970e-09
4.50296547e+00 2.25403871e-09
4.50607956e+00 2.25559749e-09
4.50919364e+00 2.25715627e-09
4.51230772e+00 2.25871493e-09
4.51542181e+00 2.26027383e-09
4.51853589e+00 2.26183214e-09
4.52164998e+00 2.26339139e-09
4.52476406e+00 2.26495005e-09
4.52787814e+00 2.26650894e-09
4.53099223e+00 2.26806772e-09
4.53410631e+00 2.26962650e-09
4.53722040e+00 2.27118528e-09
4.54033448e+00 2.27274418e-09
4.54344856e+00 2.27430307e-09
4.54656265e+00 2.27586208e-09
4.54967673e+00 2.27742086e-09
4.55279082e+00 2.27897964e-09
4.55590490e+00 2.28053842e-09
4.55901898e+00 2.28209696e-09
4.56213307e+00 2.28365609e-09
4.56524715e+00 2.28521487e-09
4.56836124e+00 2.28677353e-09
4.57147532e+00 2.28833231e-09
4.57458940e+00 2.28989097e-09
4.57770349e+00 2.29145010e-09
4.58081757e+00 2.29300876e-09
4.58393166e+00 2.29456754e-09
4.58704574e+00 2.29612667e-09
4.59015982e+00 2.29768579e-09
4.59327391e+00 2.29924423e-09
4.59638799e+00 2.30080300e-09
4.59950208e+00 2.30236190e-09
4.60261616e+00 2.30392091e-09
4.60573024e+00 2.30547957e-09
4.60884433e+00 2.30703824e-09
4.61195841e+00 2.30859701e-09
4.61507250e+00 2.31015591e-09
4.61818658e+00 2.31171469e-09
4.62130066e+00 2.31327335e-09
4.62441475e+00 2.31483236e-09
4.62752883e+00 2.31639079e-09
4.63064292e+00 2.31794969e-09
4.63375700e+00 2.31950881e-09
4.63687108e+00 2.32106713e-09
4.63998517e+00 2.32262614e-09
4.64309925e+00 2.32418492e-09
4.64621334e+00 2.32574404e-09
4.64932742e+00 2.32730247e-09
4.65244150e+00 2.32886125e-09
4.65555559e+00 2.33042003e-09
4.65866967e+00 2.33197893e-09
4.66178376e+00 2.33353782e-09
4.66489784e+00 2.33509648e-09
4.66801192e+00 2.33665538e-09
4.67112601e+00 2.33821393e-09
4.67424009e+00 2.33977294e-09
4.67735418e+00 2.34133160e-09
4.68046826e+00 2.34289038e-09
4.68358234e+00 2.34444927e-09
4.68669643e+00 2.34600828e-09
4.68981051e+00 2.34756683e-09
4.69292460e+00 2.34912526e-09
4.69603868e+00 2.35068462e-09
4.69915276e+00 2.35224317e-09
4.70226685e+00 2.35380218e-09
4.70538093e+00 2.35536049e-09
4.70849502e+00 2.35691927e-09
4.71160910e+00 2.35847817e-09
4.71472318e+00 2.36003718e-09
4.71783727e+00 2.36159584e-09
4.72095135e+00 2.36315462e-09
4.72406544e+00 2.36471328e-09
4.72717952e+00 2.36627241e-09
4.73029360e+00 2.36783119e-09
4.73340769e+00 2.36938996e-09
4.73652177e+00 2.37094898e-09
4.73963586e+00 2.37250752e-09
4.74274994e+00 2.37406595e-09
4.74586402e+00 2.37562496e-09
4.74897811e+00 2.37718386e-09
4.75209219e+00 2.37874264e-09
4.75520628e+00 2.38030142e-09
4.75832036e+00 2.38186019e-09
4.76143444e+00 2.38341886e-09
4.76454853e+00 2.38497798e-09
4.76766261e+00 2.38653665e-09
4.77077670e+00 2.38809554e-09
4.77389078e+00 2.38965409e-09
4.77700486e+00 2.39121322e-09
4.78011895e+00 2.39277199e-09
4.78323303e+00 2.39433054e-09
4.78634712e+00 2.39588944e-09
4.78946120e+00 2.39744821e-09
4.79257528e+00 2.39900699e-09
4.79568937e+00 2.40056589e-09
4.79880345e+00 2.40212501e-09
4.80191754e+00 2.40368379e-09
4.80503162e+00 2.40524234e-09
4.80814570e+00 2.40680123e-09
4.81125979e+00 2.40835990e-09
4.81437387e+00 2.40991856e-09
4.81748796e+00 2.41147780e-09
4.82060204e+00 2.41303647e-09
4.82371612e+00 2.41459501e-09
4.82683021e+00 2.41615391e-09
4.82994429e+00 2.41771280e-09
4.83305838e+00 2.41927123e-09
4.83617246e+00 2.42083001e-09
4.83928654e+00 2.42238937e-09
4.84240063e+00 2.42394792e-09
4.84551471e+00 2.42550693e-09
4.84862880e+00 2.42706571e-09
4.85174288e+00 2.42862437e-09
4.85485696e+00 2.43018315e-09
4.85797105e+00 2.43174204e-09
4.86108513e+00 2.43330082e-09
4.86419922e+00 2.43485960e-09
4.86731330e+00 2.43641838e-09
4.87042738e+00 2.43797716e-09
4.87354147e+00 2.43953605e-09
4.87665555e+00 2.44109495e-09
4.87976964e+00 2.44265396e-09
4.88288372e+00 2.44421297e-09
4.88599780e+00 2.44577151e-09
4.88911189e+00 2.44733029e-09
4.89222597e+00 2.44888872e-09
4.89534006e+00 2.45044785e-09
4.89845414e+00 2.45200663e-09
4.90156822e+00 2.45356518e-09
4.90468231e+00 2.45512396e-09
4.90779639e+00 2.45668297e-09
4.91091048e+00 2.45824151e-09
4.91402456e+00 2.45980029e-09
4.91713864e+00 2.46135953e-09
4.92025273e+00 2.46291785e-09
4.92336681e+00 2.46447686e-09
4.92648090e+00 2.46603564e-09
4.92959498e+00 2.46759442e-09
4.93270906e+00 2.46915343e-09
4.93582315e+00 2.47071209e-09
4.93893723e+00 2.47227075e-09
4.94205132e+00 2.47382976e-09
4.94516540e+00 2.47538854e-09
4.94827948e+00 2.47694721e-09
4.95139357e+00 2.47850610e-09
4.95450765e+00 2.48006465e-09
4.95762174e+00 2.48162366e-09
4.96073582e+00 2.48318232e-09
4.96384990e+00 2.48474122e-09
4.96696399e+00 2.48629999e-09
4.97007807e+00 2.48785877e-09
4.97319216e+00 2.48941767e-09
4.97630624e+00 2.49097656e-09
4.97942033e+00 2.49253511e-09
4.98253441e+00 2.49409366e-09
4.98564849e+00 2.49565301e-09
4.98876258e+00 2.49721156e-09
4.99187666e+00 2.49877034e-09
4.99499075e+00 2.50032912e-09
4.99810483e+00 2.50188801e-09
5.00121891e+00 2.50344668e-09
