#	Time	Error_of_Energy	Error_of_Position	Error_of_Velocity
4.83726421e-03 -4.93011737e-11 4.67929322e-06 2.34503127e-06
9.67452842e-03 -1.97159313e-10 9.35291778e-06 4.71103499e-06
1.45117926e-02 -4.43436990e-10 1.40152430e-05 7.11865391e-06
1.93490568e-02 -7.87904860e-10 1.86607145e-05 9.58789140e-06
2.41863211e-02 -1.23024281e-09 2.32838922e-05 1.21378394e-05
2.90235853e-02 -1.77003882e-09 2.78794900e-05 1.47864565e-05
3.38608495e-02 -2.40679241e-09 3.24424142e-05 1.75504040e-05
3.86981137e-02 -3.13991001e-09 3.69678043e-05 2.04449403e-05
4.35353779e-02 -3.96871154e-09 4.14510740e-05 2.34838710e-05
4.83726421e-02 -4.89242461e-09 4.58879525e-05 2.66795473e-05
5.32099063e-02 -5.91019223e-09 5.02745276e-05 3.00429029e-05
5.80471705e-02 -7.02106675e-09 5.46072900e-05 3.35835209e-05
6.28844348e-02 -8.22401644e-09 5.88831778e-05 3.73097196e-05
6.77216990e-02 -9.51792303e-09 6.30996232e-05 4.12286510e-05
7.25589632e-02 -1.09015842e-08 6.72545996e-05 4.53464036e-05
7.73962274e-02 -1.23737131e-08 7.13466702e-05 4.96681053e-05
8.22334916e-02 -1.39329428e-08 7.53750370e-05 5.41980229e-05
8.70707558e-02 -1.55778244e-08 7.93395914e-05 5.89396548e-05
9.19080200e-02 -1.73068296e-08 8.32409643e-05 6.38958167e-05
9.67452842e-02 -1.91183512e-08 8.70805770e-05 6.90687194e-05
1.01582548e-01 -2.10107080e-08 9.08606909e-05 7.44600375e-05
1.06419813e-01 -2.29821416e-08 9.45844566e-05 8.00709716e-05
1.11257077e-01 -2.50308220e-08 9.82559614e-05 8.59023012e-05
1.16094341e-01 -2.71548466e-08 1.01880273e-04 9.19544331e-05
1.20931605e-01 -2.93522429e-08 1.05463480e-04 9.82274415e-05
1.25768870e-01 -3.16209723e-08 1.09012727e-04 1.04721104e-04
1.30606134e-01 -3.39589285e-08 1.12536244e-04 1.11434934e-04
1.35443398e-01 -3.63639423e-08 1.16043365e-04 1.18368203e-04
1.40280662e-01 -3.88337815e-08 1.19544539e-04 1.25519971e-04
1.45117926e-01 -4.13661557e-08 1.23051330e-04 1.32889099e-04
1.49955191e-01 -4.39587155e-08 1.26576400e-04 1.40474272e-04
1.54792455e-01 -4.66090570e-08 1.30133479e-04 1.48274012e-04
1.59629719e-01 -4.93147224e-08 1.33737322e-04 1.56286690e-04
1.64466983e-01 -5.20732032e-08 1.37403639e-04 1.64510539e-04
1.69304247e-01 -5.48819432e-08 1.41149019e-04 1.72943665e-04
1.74141512e-01 -5.77383394e-08 1.44990822e-04 1.81584052e-04
1.78978776e-01 -6.06397445e-08 1.48947063e-04 1.90429575e-04
1.83816040e-01 -6.35834712e-08 1.53036274e-04 1.99478001e-04
1.88653304e-01 -6.65667929e-08 1.57277353e-04 2.08727000e-04
1.93490568e-01 -6.95869466e-08 1.61689398e-04 2.18174148e-04
1.98327833e-01 -7.26411364e-08 1.66291538e-04 2.27816932e-04
2.03165097e-01 -7.57265351e-08 1.71102753e-04 2.37652756e-04
2.08002361e-01 -7.88402869e-08 1.76141695e-04 2.47678941e-04
2.12839625e-01 -8.19795114e-08 1.81426522e-04 2.57892734e-04
2.17676890e-01 -8.51413036e-08 1.86974727e-04 2.68291306e-04
2.22514154e-01 -8.83227392e-08 1.92802993e-04 2.78871758e-04
2.27351418e-01 -9.15208766e-08 1.98927056e-04 2.89631125e-04
2.32188682e-01 -9.47327592e-08 2.05361598e-04 3.00566374e-04
2.37025946e-01 -9.79554175e-08 2.12120146e-04 3.11674412e-04
2.41863211e-01 -1.01185873e-07 2.19215013e-04 3.22952084e-04
2.46700475e-01 -1.04421142e-07 2.26657243e-04 3.34396177e-04
2.51537739e-01 -1.07658235e-07 2.34456594e-04 3.46003421e-04
2.56375003e-01 -1.10894162e-07 2.42621525e-04 3.57770494e-04
2.61212267e-01 -1.14125936e-07 2.51159216e-04 3.69694019e-04
2.66049532e-01 -1.17350572e-07 2.60075592e-04 3.81770571e-04
2.70886796e-01 -1.20565095e-07 2.69375364e-04 3.93996673e-04
2.75724060e-01 -1.23766538e-07 2.79062082e-04 4.06368805e-04
2.80561324e-01 -1.26951948e-07 2.89138189e-04 4.18883398e-04
2.85398589e-01 -1.30118387e-07 2.99605084e-04 4.31536842e-04
2.90235853e-01 -1.33262933e-07 3.10463187e-04 4.44325483e-04
2.95073117e-01 -1.36382688e-07 3.21712004e-04 4.57245628e-04
2.99910381e-01 -1.39474776e-07 3.33350192e-04 4.70293544e-04
3.04747645e-01 -1.42536347e-07 3.45375618e-04 4.83465462e-04
3.09584910e-01 -1.45564579e-07 3.57785422e-04 4.96757575e-04
3.14422174e-01 -1.48556683e-07 3.70576070e-04 5.10166044e-04
3.19259438e-01 -1.51509903e-07 3.83743408e-04 5.23686996e-04
3.24096702e-01 -1.54421520e-07 3.97282710e-04 5.37316528e-04
3.28933966e-01 -1.57288851e-07 4.11188720e-04 5.51050705e-04
3.33771231e-01 -1.60109258e-07 4.25455696e-04 5.64885566e-04
3.38608495e-01 -1.62880144e-07 4.40077442e-04 5.78817123e-04
3.43445759e-01 -1.65598960e-07 4.55047345e-04 5.92841362e-04
3.48283023e-01 -1.68263205e-07 4.70358401e-04 6.06954246e-04
3.53120288e-01 -1.70870426e-07 4.86003246e-04 6.21151715e-04
3.57957552e-01 -1.73418226e-07 5.01974176e-04 6.35429689e-04
3.62794816e-01 -1.75904263e-07 5.18263173e-04 6.49784070e-04
3.67632080e-01 -1.78326251e-07 5.34861920e-04 6.64210740e-04
3.72469344e-01 -1.80681962e-07 5.51761824e-04 6.78705566e-04
3.77306609e-01 -1.82969231e-07 5.68954028e-04 6.93264402e-04
3.82143873e-01 -1.85185958e-07 5.86429430e-04 7.07883086e-04
3.86981137e-01 -1.87330104e-07 6.04178693e-04 7.22557447e-04
3.91818401e-01 -1.89399699e-07 6.22192260e-04 7.37283302e-04
3.96655665e-01 -1.91392843e-07 6.40460367e-04 7.52056461e-04
4.01492930e-01 -1.93307704e-07 6.58973053e-04 7.66872727e-04
4.06330194e-01 -1.95142525e-07 6.77720170e-04 7.81727898e-04
4.11167458e-01 -1.96895620e-07 6.96691396e-04 7.96617766e-04
4.16004722e-01 -1.98565379e-07 7.15876242e-04 8.11538123e-04
4.20841986e-01 -2.00150270e-07 7.35264066e-04 8.26484760e-04
4.25679251e-01 -2.01648838e-07 7.54844076e-04 8.41453468e-04
4.30516515e-01 -2.03059706e-07 7.74605347e-04 8.56440042e-04
4.35353779e-01 -2.04381581e-07 7.94536824e-04 8.71440279e-04
4.40191043e-01 -2.05613250e-07 8.14627335e-04 8.86449984e-04
4.45028308e-01 -2.06753580e-07 8.34865599e-04 9.01464967e-04
4.49865572e-01 -2.07801529e-07 8.55240234e-04 9.16481049e-04
4.54702836e-01 -2.08756132e-07 8.75739768e-04 9.31494060e-04
4.59540100e-01 -2.09616514e-07 8.96352647e-04 9.46499841e-04
4.64377364e-01 -2.10381886e-07 9.17067244e-04 9.61494251e-04
4.69214629e-01 -2.11051546e-07 9.37871870e-04 9.76473159e-04
4.74051893e-01 -2.11624881e-07 9.58754781e-04 9.91432454e-04
4.78889157e-01 -2.12101363e-07 9.79704188e-04 1.00636804e-03
4.83726421e-01 -2.12480555e-07 1.00070827e-03 1.02127585e-03
4.88563685e-01 -2.12762110e-07 1.02175517e-03 1.03615183e-03
4.93400950e-01 -2.12945771e-07 1.04283303e-03 1.05099196e-03
4.98238214e-01 -2.13031367e-07 1.06392997e-03 1.06579222e-03
5.03075478e-01 -2.13018821e-07 1.08503412e-03 1.08054865e-03
5.07912742e-01 -2.12908144e-07 1.10613362e-03 1.09525729e-03
5.12750007e-01 -2.12699438e-07 1.12721664e-03 1.10991424e-03
5.17587271e-01 -2.12392894e-07 1.14827137e-03 1.12451560e-03
5.22424535e-01 -2.11988794e-07 1.16928605e-03 1.13905752e-03
5.27261799e-01 -2.11487508e-07 1.19024895e-03 1.15353619e-03
5.32099063e-01 -2.10889495e-07 1.21114842e-03 1.16794783e-03
5.36936328e-01 -2.10195305e-07 1.23197289e-03 1.18228869e-03
5.41773592e-01 -2.09405574e-07 1.25271083e-03 1.19655507e-03
5.46610856e-01 -2.08521026e-07 1.27335084e-03 1.21074332e-03
5.51448120e-01 -2.07542473e-07 1.29388160e-03 1.22484982e-03
5.56285384e-01 -2.06470813e-07 1.31429189e-03 1.23887100e-03
5.61122649e-01 -2.05307029e-07 1.33457061e-03 1.25280333e-03
5.65959913e-01 -2.04052189e-07 1.35470680e-03 1.26664334e-03
5.70797177e-01 -2.02707445e-07 1.37468963e-03 1.28038761e-03
5.75634441e-01 -2.01274031e-07 1.39450840e-03 1.29403276e-03
5.80471705e-01 -1.99753261e-07 1.41415258e-03 1.30757548e-03
5.85308970e-01 -1.98146533e-07 1.43361180e-03 1.32101250e-03
5.90146234e-01 -1.96455320e-07 1.45287584e-03 1.33434062e-03
5.94983498e-01 -1.94681177e-07 1.47193469e-03 1.34755670e-03
5.99820762e-01 -1.92825731e-07 1.49077852e-03 1.36065765e-03
6.04658027e-01 -1.90890687e-07 1.50939768e-03 1.37364044e-03
6.09495291e-01 -1.88877822e-07 1.52778274e-03 1.38650212e-03
6.14332555e-01 -1.86788985e-07 1.54592447e-03 1.39923980e-03
6.19169819e-01 -1.84626094e-07 1.56381389e-03 1.41185065e-03
6.24007083e-01 -1.82391137e-07 1.58144221e-03 1.42433192e-03
6.28844348e-01 -1.80086169e-07 1.59880090e-03 1.43668093e-03
6.33681612e-01 -1.77713306e-07 1.61588166e-03 1.44889506e-03
6.38518876e-01 -1.75274731e-07 1.63267646e-03 1.46097179e-03
6.43356140e-01 -1.72772685e-07 1.64917750e-03 1.47290865e-03
6.48193404e-01 -1.70209468e-07 1.66537727e-03 1.48470327e-03
6.53030669e-01 -1.67587439e-07 1.68126850e-03 1.49635334e-03
6.57867933e-01 -1.64909009e-07 1.69684424e-03 1.50785666e-03
6.62705197e-01 -1.62176641e-07 1.71209778e-03 1.51921108e-03
6.67542461e-01 -1.59392851e-07 1.72702272e-03 1.53041456e-03
6.72379726e-01 -1.56560199e-07 1.74161295e-03 1.54146514e-03
6.77216990e-01 -1.53681295e-07 1.75586266e-03 1.55236095e-03
6.82054254e-01 -1.50758786e-07 1.76976634e-03 1.56310021e-03
6.86891518e-01 -1.47795365e-07 1.78331880e-03 1.57368123e-03
6.91728782e-01 -1.44793761e-07 1.79651515e-03 1.58410242e-03
6.96566047e-01 -1.41756739e-07 1.80935083e-03 1.59436229e-03
7.01403311e-01 -1.38687098e-07 1.82182159e-03 1.60445942e-03
7.06240575e-01 -1.35587665e-07 1.83392352e-03 1.61439254e-03
7.11077839e-01 -1.32461297e-07 1.84565303e-03 1.62416043e-03
7.15915103e-01 -1.29310878e-07 1.85700686e-03 1.63376201e-03
7.20752368e-01 -1.26139311e-07 1.86798209e-03 1.64319629e-03
7.25589632e-01 -1.22949522e-07 1.87857615e-03 1.65246238e-03
7.30426896e-01 -1.19744453e-07 1.88878679e-03 1.66155951e-03
7.35264160e-01 -1.16527062e-07 1.89861211e-03 1.67048701e-03
7.40101424e-01 -1.13300317e-07 1.90805057e-03 1.67924435e-03
7.44938689e-01 -1.10067198e-07 1.91710094e-03 1.68783107e-03
7.49775953e-01 -1.06830689e-07 1.92576238e-03 1.69624685e-03
7.54613217e-01 -1.03593778e-07 1.93403436e-03 1.70449150e-03
7.59450481e-01 -1.00359455e-07 1.94191674e-03 1.71256491e-03
7.64287746e-01 -9.71307092e-08 1.94940969e-03 1.72046713e-03
7.69125010e-01 -9.39105228e-08 1.95651375e-03 1.72819831e-03
7.73962274e-01 -9.07018722e-08 1.96322982e-03 1.73575872e-03
7.78799538e-01 -8.75077235e-08 1.96955912e-03 1.74314877e-03
7.83636802e-01 -8.43310303e-08 1.97550324e-03 1.75036898e-03
7.88474067e-01 -8.11747297e-08 1.98106411e-03 1.75742002e-03
7.93311331e-01 -7.80417419e-08 1.98624402e-03 1.76430265e-03
7.98148595e-01 -7.49349649e-08 1.99104559e-03 1.77101781e-03
8.02985859e-01 -7.18572742e-08 1.99547179e-03 1.77756654e-03
8.07823123e-01 -6.88115170e-08 1.99952593e-03 1.78395002e-03
8.12660388e-01 -6.58005146e-08 2.00321165e-03 1.79016956e-03
8.17497652e-01 -6.28270537e-08 2.00653295e-03 1.79622662e-03
8.22334916e-01 -5.98938886e-08 2.00949414e-03 1.80212278e-03
8.27172180e-01 -5.70037354e-08 2.01209988e-03 1.80785976e-03
8.32009445e-01 -5.41592718e-08 2.01435514e-03 1.81343944e-03
8.36846709e-01 -5.13631345e-08 2.01626524e-03 1.81886381e-03
8.41683973e-01 -4.86179136e-08 2.01783580e-03 1.82413502e-03
8.46521237e-01 -4.59261555e-08 2.01907275e-03 1.82925535e-03
8.51358501e-01 -4.32903537e-08 2.01998237e-03 1.83422724e-03
8.56195766e-01 -4.07129530e-08 2.02057121e-03 1.83905325e-03
8.61033030e-01 -3.81963442e-08 2.02084615e-03 1.84373610e-03
8.65870294e-01 -3.57428618e-08 2.02081435e-03 1.84827865e-03
8.70707558e-01 -3.33547809e-08 2.02048328e-03 1.85268389e-03
8.75544822e-01 -3.10343182e-08 2.01986070e-03 1.85695498e-03
8.80382087e-01 -2.87836267e-08 2.01895464e-03 1.86109521e-03
8.85219351e-01 -2.66047957e-08 2.01777341e-03 1.86510800e-03
8.90056615e-01 -2.44998476e-08 2.01632562e-03 1.86899695e-03
8.94893879e-01 -2.24707369e-08 2.01462012e-03 1.87276577e-03
8.99731143e-01 -2.05193472e-08 2.01266602e-03 1.87641832e-03
9.04568408e-01 -1.86474909e-08 2.01047271e-03 1.87995862e-03
9.09405672e-01 -1.68569065e-08 2.00804980e-03 1.88339082e-03
9.14242936e-01 -1.51492580e-08 2.00540716e-03 1.88671920e-03
9.19080200e-01 -1.35261302e-08 2.00255489e-03 1.88994820e-03
9.23917465e-01 -1.19890325e-08 1.99950333e-03 1.89308238e-03
9.28754729e-01 -1.05393931e-08 1.99626301e-03 1.89612646e-03
9.33591993e-01 -9.17855807e-09 1.99284470e-03 1.89908526e-03
9.38429257e-01 -7.90779253e-09 1.98925937e-03 1.90196376e-03
9.43266521e-01 -6.72827812e-09 1.98551820e-03 1.90476706e-03
9.48103786e-01 -5.64111065e-09 1.98163253e-03 1.90750040e-03
9.52941050e-01 -4.64730059e-09 1.97761391e-03 1.91016912e-03
9.57778314e-01 -3.74777261e-09 1.97347406e-03 1.91277871e-03
9.62615578e-01 -2.94336258e-09 1.96922486e-03 1.91533475e-03
9.67452842e-01 -2.23481826e-09 1.96487834e-03 1.91784296e-03
9.72290107e-01 -1.62279808e-09 1.96044670e-03 1.92030916e-03
9.77127371e-01 -1.10787226e-09 1.95594226e-03 1.92273928e-03
9.81964635e-01 -6.90518722e-10 1.95137747e-03 1.92513934e-03
9.86801899e-01 -3.71125901e-10 1.94676491e-03 1.92751548e-03
9.91639164e-01 -1.49990449e-10 1.94211727e-03 1.92987392e-03
9.96476428e-01 -2.73177361e-11 1.93744733e-03 1.93222096e-03
1.00131369e+00 -3.22339825e-12 1.93276797e-03 1.93456300e-03
1.00615096e+00 -7.77276902e-11 1.92809214e-03 1.93690650e-03
1.01098822e+00 -2.50763052e-10 1.92343286e-03 1.93925799e-03
1.01582548e+00 -5.22167698e-10 1.91880321e-03 1.94162406e-03
1.02066275e+00 -8.91689335e-10 1.91421631e-03 1.94401138e-03
1.02550001e+00 -1.35898440e-09 1.90968532e-03 1.94642664e-03
1.03033728e+00 -1.92361854e-09 1.90522340e-03 1.94887659e-03
1.03517454e+00 -2.58506669e-09 1.90084374e-03 1.95136798e-03
1.04001181e+00 -3.34271386e-09 1.89655951e-03 1.95390763e-03
1.04484907e+00 -4.19585535e-09 1.89238387e-03 1.95650233e-03
1.04968633e+00 -5.14369802e-09 1.88832994e-03 1.95915892e-03
1.05452360e+00 -6.18536101e-09 1.88441079e-03 1.96188421e-03
1.05936086e+00 -7.31987605e-09 1.88063945e-03 1.96468499e-03
1.06419813e+00 -8.54618794e-09 1.87702884e-03 1.96756807e-03
1.06903539e+00 -9.86315740e-09 1.87359180e-03 1.97054018e-03
1.07387266e+00 -1.12695601e-08 1.87034108e-03 1.97360805e-03
1.07870992e+00 -1.27640894e-08 1.86728928e-03 1.97677832e-03
1.08354718e+00 -1.43453563e-08 1.86444888e-03 1.98005761e-03
1.08838445e+00 -1.60118919e-08 1.86183220e-03 1.98345243e-03
1.09322171e+00 -1.77621470e-08 1.85945137e-03 1.98696923e-03
1.09805898e+00 -1.95944972e-08 1.85731835e-03 1.99061437e-03
1.10289624e+00 -2.15072394e-08 1.85544490e-03 1.99439408e-03
1.10773350e+00 -2.34985980e-08 1.85384252e-03 1.99831451e-03
1.11257077e+00 -2.55667230e-08 1.85252250e-03 2.00238165e-03
1.11740803e+00 -2.77096946e-08 1.85149588e-03 2.00660138e-03
1.12224530e+00 -2.99255240e-08 1.85077339e-03 2.01097943e-03
1.12708256e+00 -3.22121534e-08 1.85036550e-03 2.01552137e-03
1.13191983e+00 -3.45674616e-08 1.85028235e-03 2.02023260e-03
1.13675709e+00 -3.69892618e-08 1.85053377e-03 2.02511834e-03
1.14159435e+00 -3.94753080e-08 1.85112924e-03 2.03018364e-03
1.14643162e+00 -4.20232937e-08 1.85207789e-03 2.03543335e-03
1.15126888e+00 -4.46308563e-08 1.85338848e-03 2.04087210e-03
1.15610615e+00 -4.72955769e-08 1.85506936e-03 2.04650433e-03
1.16094341e+00 -5.00149851e-08 1.85712852e-03 2.05233424e-03
1.16578068e+00 -5.27865595e-08 1.85957350e-03 2.05836582e-03
1.17061794e+00 -5.56077319e-08 1.86241143e-03 2.06460280e-03
1.17545520e+00 -5.84758874e-08 1.86564900e-03 2.07104869e-03
1.18029247e+00 -6.13883692e-08 1.86929246e-03 2.07770674e-03
1.18512973e+00 -6.43424790e-08 1.87334759e-03 2.08457995e-03
1.18996700e+00 -6.73354805e-08 1.87781970e-03 2.09167105e-03
1.19480426e+00 -7.03646030e-08 1.88271364e-03 2.09898252e-03
1.19964152e+00 -7.34270415e-08 1.88803376e-03 2.10651655e-03
1.20447879e+00 -7.65199614e-08 1.89378395e-03 2.11427507e-03
1.20931605e+00 -7.96405000e-08 1.89996759e-03 2.12225975e-03
1.21415332e+00 -8.27857710e-08 1.90658756e-03 2.13047196e-03
1.21899058e+00 -8.59528636e-08 1.91364625e-03 2.13891281e-03
1.22382785e+00 -8.91388498e-08 1.92114557e-03 2.14758310e-03
1.22866511e+00 -9.23407829e-08 1.92908690e-03 2.15648339e-03
1.23350237e+00 -9.55557028e-08 1.93747116e-03 2.16561393e-03
1.23833964e+00 -9.87806382e-08 1.94629874e-03 2.17497470e-03
1.24317690e+00 -1.02012609e-07 1.95556956e-03 2.18456542e-03
1.24801417e+00 -1.05248628e-07 1.96528305e-03 2.19438551e-03
1.25285143e+00 -1.08485707e-07 1.97543817e-03 2.20443414e-03
1.25768870e+00 -1.11720857e-07 1.98603337e-03 2.21471018e-03
1.26252596e+00 -1.14951090e-07 1.99706668e-03 2.22521227e-03
1.26736322e+00 -1.18173424e-07 2.00853563e-03 2.23593877e-03
1.27220049e+00 -1.21384885e-07 2.02043732e-03 2.24688779e-03
1.27703775e+00 -1.24582510e-07 2.03276840e-03 2.25805718e-03
1.28187502e+00 -1.27763349e-07 2.04552507e-03 2.26944455e-03
1.28671228e+00 -1.30924467e-07 2.05870314e-03 2.28104729e-03
1.29154954e+00 -1.34062951e-07 2.07229798e-03 2.29286252e-03
1.29638681e+00 -1.37175906e-07 2.08630456e-03 2.30488716e-03
1.30122407e+00 -1.40260462e-07 2.10071747e-03 2.31711791e-03
1.30606134e+00 -1.43313777e-07 2.11553091e-03 2.32955123e-03
1.31089860e+00 -1.46333038e-07 2.13073872e-03 2.34218341e-03
1.31573587e+00 -1.49315463e-07 2.14633437e-03 2.35501053e-03
1.32057313e+00 -1.52258304e-07 2.16231100e-03 2.36802847e-03
1.32541039e+00 -1.55158853e-07 2.17866141e-03 2.38123295e-03
1.33024766e+00 -1.58014437e-07 2.19537806e-03 2.39461948e-03
1.33508492e+00 -1.60822430e-07 2.21245314e-03 2.40818345e-03
1.33992219e+00 -1.63580246e-07 2.22987851e-03 2.42192006e-03
1.34475945e+00 -1.66285347e-07 2.24764574e-03 2.43582437e-03
1.34959672e+00 -1.68935245e-07 2.26574616e-03 2.44989131e-03
1.35443398e+00 -1.71527502e-07 2.28417081e-03 2.46411565e-03
1.35927124e+00 -1.74059733e-07 2.30291047e-03 2.47849207e-03
1.36410851e+00 -1.76529612e-07 2.32195570e-03 2.49301511e-03
1.36894577e+00 -1.78934866e-07 2.34129683e-03 2.50767921e-03
1.37378304e+00 -1.81273284e-07 2.36092395e-03 2.52247870e-03
1.37862030e+00 -1.83542717e-07 2.38082697e-03 2.53740783e-03
1.38345756e+00 -1.85741080e-07 2.40099557e-03 2.55246076e-03
1.38829483e+00 -1.87866352e-07 2.42141927e-03 2.56763157e-03
1.39313209e+00 -1.89916581e-07 2.44208741e-03 2.58291428e-03
1.39796936e+00 -1.91889884e-07 2.46298914e-03 2.59830284e-03
1.40280662e+00 -1.93784448e-07 2.48411348e-03 2.61379115e-03
1.40764389e+00 -1.95598534e-07 2.50544930e-03 2.62937304e-03
1.41248115e+00 -1.97330475e-07 2.52698531e-03 2.64504234e-03
1.41731841e+00 -1.98978681e-07 2.54871012e-03 2.66079280e-03
1.42215568e+00 -2.00541639e-07 2.57061219e-03 2.67661818e-03
1.42699294e+00 -2.02017915e-07 2.59267992e-03 2.69251220e-03
1.43183021e+00 -2.03406153e-07 2.61490155e-03 2.70846856e-03
1.43666747e+00 -2.04705080e-07 2.63726528e-03 2.72448096e-03
1.44150474e+00 -2.05913503e-07 2.65975921e-03 2.74054310e-03
1.44634200e+00 -2.07030313e-07 2.68237136e-03 2.75664867e-03
1.45117926e+00 -2.08054486e-07 2.70508969e-03 2.77279138e-03
1.45601653e+00 -2.08985082e-07 2.72790212e-03 2.78896494e-03
1.46085379e+00 -2.09821248e-07 2.75079652e-03 2.80516309e-03
1.46569106e+00 -2.10562215e-07 2.77376070e-03 2.82137957e-03
1.47052832e+00 -2.11207305e-07 2.79678249e-03 2.83760819e-03
1.47536558e+00 -2.11755926e-07 2.81984965e-03 2.85384275e-03
1.48020285e+00 -2.12207575e-07 2.84294997e-03 2.87007711e-03
1.48504011e+00 -2.12561837e-07 2.86607122e-03 2.88630517e-03
1.48987738e+00 -2.12818387e-07 2.88920118e-03 2.90252086e-03
1.49471464e+00 -2.12976990e-07 2.91232767e-03 2.91871818e-03
1.49955191e+00 -2.13037501e-07 2.93543849e-03 2.93489116e-03
1.50438917e+00 -2.12999864e-07 2.95852153e-03 2.95103391e-03
1.50922643e+00 -2.12864113e-07 2.98156468e-03 2.96714059e-03
1.51406370e+00 -2.12630375e-07 3.00455590e-03 2.98320542e-03
1.51890096e+00 -2.12298861e-07 3.02748322e-03 2.99922269e-03
1.52373823e+00 -2.11869877e-07 3.05033473e-03 3.01518677e-03
1.52857549e+00 -2.11343816e-07 3.07309859e-03 3.03109210e-03
1.53341276e+00 -2.10721160e-07 3.09576308e-03 3.04693319e-03
1.53825002e+00 -2.10002482e-07 3.11831654e-03 3.06270463e-03
1.54308728e+00 -2.09188439e-07 3.14074744e-03 3.07840109e-03
1.54792455e+00 -2.08279779e-07 3.16304436e-03 3.09401735e-03
1.55276181e+00 -2.07277335e-07 3.18519598e-03 3.10954825e-03
1.55759908e+00 -2.06182027e-07 3.20719115e-03 3.12498872e-03
1.56243634e+00 -2.04994861e-07 3.22901884e-03 3.14033381e-03
1.56727360e+00 -2.03716925e-07 3.25066815e-03 3.15557865e-03
1.57211087e+00 -2.02349392e-07 3.27212837e-03 3.17071846e-03
1.57694813e+00 -2.00893517e-07 3.29338895e-03 3.18574856e-03
1.58178540e+00 -1.99350637e-07 3.31443948e-03 3.20066439e-03
1.58662266e+00 -1.97722167e-07 3.33526977e-03 3.21546149e-03
1.59145993e+00 -1.96009604e-07 3.35586980e-03 3.23013548e-03
1.59629719e+00 -1.94214518e-07 3.37622976e-03 3.24468213e-03
1.60113445e+00 -1.92338558e-07 3.39634003e-03 3.25909729e-03
1.60597172e+00 -1.90383448e-07 3.41619121e-03 3.27337693e-03
1.61080898e+00 -1.88350982e-07 3.43577413e-03 3.28751713e-03
1.61564625e+00 -1.86243028e-07 3.45507982e-03 3.30151411e-03
1.62048351e+00 -1.84061523e-07 3.47409958e-03 3.31536418e-03
1.62532078e+00 -1.81808470e-07 3.49282494e-03 3.32906377e-03
1.63015804e+00 -1.79485941e-07 3.51124766e-03 3.34260945e-03
1.63499530e+00 -1.77096069e-07 3.52935978e-03 3.35599790e-03
1.63983257e+00 -1.74641053e-07 3.54715359e-03 3.36922592e-03
1.64466983e+00 -1.72123148e-07 3.56462166e-03 3.38229045e-03
1.64950710e+00 -1.69544670e-07 3.58175683e-03 3.39518855e-03
1.65434436e+00 -1.66907991e-07 3.59855222e-03 3.40791739e-03
1.65918162e+00 -1.64215535e-07 3.61500123e-03 3.42047430e-03
1.66401889e+00 -1.61469781e-07 3.63109757e-03 3.43285673e-03
1.66885615e+00 -1.58673254e-07 3.64683523e-03 3.44506226e-03
1.67369342e+00 -1.55828528e-07 3.66220853e-03 3.45708860e-03
1.67853068e+00 -1.52938222e-07 3.67721206e-03 3.46893359e-03
1.68336795e+00 -1.50004997e-07 3.69184076e-03 3.48059523e-03
1.68820521e+00 -1.47031554e-07 3.70608988e-03 3.49207164e-03
1.69304247e+00 -1.44020631e-07 3.71995497e-03 3.50336108e-03
1.69787974e+00 -1.40975003e-07 3.73343193e-03 3.51446194e-03
1.70271700e+00 -1.37897475e-07 3.74651698e-03 3.52537277e-03
1.70755427e+00 -1.34790884e-07 3.75920667e-03 3.53609225e-03
1.71239153e+00 -1.31658092e-07 3.77149791e-03 3.54661920e-03
1.71722880e+00 -1.28501990e-07 3.78338792e-03 3.55695260e-03
1.72206606e+00 -1.25325485e-07 3.79487428e-03 3.56709155e-03
1.72690332e+00 -1.22131509e-07 3.80595491e-03 3.57703532e-03
1.73174059e+00 -1.18923009e-07 3.81662809e-03 3.58678330e-03
1.73657785e+00 -1.15702943e-07 3.82689241e-03 3.59633505e-03
1.74141512e+00 -1.12474285e-07 3.83674687e-03 3.60569026e-03
1.74625238e+00 -1.09240015e-07 3.84619078e-03 3.61484878e-03
1.75108964e+00 -1.06003118e-07 3.85522381e-03 3.62381060e-03
1.75592691e+00 -1.02766584e-07 3.86384599e-03 3.63257586e-03
1.76076417e+00 -9.95334036e-08 3.87205772e-03 3.64114486e-03
1.76560144e+00 -9.63065620e-08 3.87985973e-03 3.64951805e-03
1.77043870e+00 -9.30890418e-08 3.88725311e-03 3.65769600e-03
1.77527597e+00 -8.98838170e-08 3.89423932e-03 3.66567947e-03
1.78011323e+00 -8.66938503e-08 3.90082016e-03 3.67346935e-03
1.78495049e+00 -8.35220913e-08 3.90699780e-03 3.68106669e-03
1.78978776e+00 -8.03714737e-08 3.91277474e-03 3.68847269e-03
1.79462502e+00 -7.72449117e-08 3.91815384e-03 3.69568869e-03
1.79946229e+00 -7.41452981e-08 3.92313833e-03 3.70271620e-03
1.80429955e+00 -7.10755010e-08 3.92773175e-03 3.70955687e-03
1.80913682e+00 -6.80383618e-08 3.93193802e-03 3.71621249e-03
1.81397408e+00 -6.50366925e-08 3.93576137e-03 3.72268504e-03
1.81881134e+00 -6.20732722e-08 3.93920641e-03 3.72897660e-03
1.82364861e+00 -5.91508458e-08 3.94227804e-03 3.73508944e-03
1.82848587e+00 -5.62721196e-08 3.94498154e-03 3.74102597e-03
1.83332314e+00 -5.34397617e-08 3.94732248e-03 3.74678873e-03
1.83816040e+00 -5.06563958e-08 3.94930679e-03 3.75238043e-03
1.84299766e+00 -4.79246022e-08 3.95094068e-03 3.75780393e-03
1.84783493e+00 -4.52469128e-08 3.95223073e-03 3.76306222e-03
1.85267219e+00 -4.26258108e-08 3.95318379e-03 3.76815844e-03
1.85750946e+00 -4.00637256e-08 3.95380703e-03 3.77309589e-03
1.86234672e+00 -3.75630347e-08 3.95410793e-03 3.77787799e-03
1.86718399e+00 -3.51260570e-08 3.95409426e-03 3.78250833e-03
1.87202125e+00 -3.27550541e-08 3.95377409e-03 3.78699062e-03
1.87685851e+00 -3.04522254e-08 3.95315577e-03 3.79132871e-03
1.88169578e+00 -2.82197086e-08 3.95224791e-03 3.79552660e-03
1.88653304e+00 -2.60595757e-08 3.95105943e-03 3.79958842e-03
1.89137031e+00 -2.39738314e-08 3.94959949e-03 3.80351844e-03
1.89620757e+00 -2.19644130e-08 3.94787752e-03 3.80732104e-03
1.90104484e+00 -2.00331858e-08 3.94590319e-03 3.81100076e-03
1.90588210e+00 -1.81819437e-08 3.94368643e-03 3.81456224e-03
1.91071936e+00 -1.64124061e-08 3.94123740e-03 3.81801027e-03
1.91555663e+00 -1.47262167e-08 3.93856648e-03 3.82134973e-03
1.92039389e+00 -1.31249422e-08 3.93568429e-03 3.82458566e-03
1.92523116e+00 -1.16100696e-08 3.93260164e-03 3.82772317e-03
1.93006842e+00 -1.01830076e-08 3.92932958e-03 3.83076754e-03
1.93490568e+00 -8.84508070e-09 3.92587931e-03 3.83372409e-03
1.93974295e+00 -7.59753378e-09 3.92226225e-03 3.83659831e-03
1.94458021e+00 -6.44152631e-09 3.91848999e-03 3.83939576e-03
1.94941748e+00 -5.37813255e-09 3.91457427e-03 3.84212209e-03
1.95425474e+00 -4.40834081e-09 3.91052702e-03 3.84478308e-03
1.95909201e+00 -3.53305293e-09 3.90636030e-03 3.84738456e-03
1.96392927e+00 -2.75308273e-09 3.90208631e-03 3.84993248e-03
1.96876653e+00 -2.06915503e-09 3.89771738e-03 3.85243285e-03
1.97360380e+00 -1.48190581e-09 3.89326595e-03 3.85489176e-03
1.97844106e+00 -9.91881588e-10 3.88874459e-03 3.85731538e-03
1.98327833e+00 -5.99537204e-10 3.88416595e-03 3.85970994e-03
1.98811559e+00 -3.05238533e-10 3.87954276e-03 3.86208174e-03
1.99295286e+00 -1.09258253e-10 3.87488785e-03 3.86443711e-03
1.99779012e+00 -1.17790438e-11 3.87021408e-03 3.86678247e-03
2.00262738e+00 -1.28923110e-11 3.86553440e-03 3.86912426e-03
2.00746465e+00 -1.12595362e-10 3.86086177e-03 3.87146896e-03
2.01230191e+00 -3.10797178e-10 3.85620918e-03 3.87382308e-03
2.01713918e+00 -6.07312127e-10 3.85158967e-03 3.87619316e-03
2.02197644e+00 -1.00186535e-09 3.84701625e-03 3.87858578e-03
2.02681370e+00 -1.49408932e-09 3.84250194e-03 3.88100749e-03
2.03165097e+00 -2.08352699e-09 3.83805972e-03 3.88346489e-03
2.03648823e+00 -2.76962995e-09 3.83370256e-03 3.88596455e-03
2.04132550e+00 -3.55176003e-09 3.82944339e-03 3.88851305e-03
2.04616276e+00 -4.42919034e-09 3.82529505e-03 3.89111695e-03
2.05100003e+00 -5.40110504e-09 3.82127034e-03 3.89378277e-03
2.05583729e+00 -6.46660007e-09 3.81738196e-03 3.89651703e-03
2.06067455e+00 -7.62468550e-09 3.81364252e-03 3.89932620e-03
2.06551182e+00 -8.87428563e-09 3.81006452e-03 3.90221671e-03
2.07034908e+00 -1.02142376e-08 3.80666033e-03 3.90519493e-03
2.07518635e+00 -1.16432965e-08 3.80344220e-03 3.90826717e-03
2.08002361e+00 -1.31601351e-08 3.80042222e-03 3.91143969e-03
2.08486088e+00 -1.47633430e-08 3.79761232e-03 3.91471866e-03
2.08969814e+00 -1.64514313e-08 3.79502424e-03 3.91811018e-03
2.09453540e+00 -1.82228313e-08 3.79266956e-03 3.92162023e-03
2.09937267e+00 -2.00758981e-08 3.79055964e-03 3.92525473e-03
2.10420993e+00 -2.20089098e-08 3.78870563e-03 3.92901948e-03
2.10904720e+00 -2.40200718e-08 3.78711844e-03 3.93292016e-03
2.11388446e+00 -2.61075163e-08 3.78580877e-03 3.93696234e-03
2.11872173e+00 -2.82693054e-08 3.78478704e-03 3.94115145e-03
2.12355899e+00 -3.05034326e-08 3.78406341e-03 3.94549279e-03
2.12839625e+00 -3.28078238e-08 3.78364778e-03 3.94999152e-03
2.13323352e+00 -3.51803401e-08 3.78354974e-03 3.95465266e-03
2.13807078e+00 -3.76187806e-08 3.78377858e-03 3.95948105e-03
2.14290805e+00 -4.01208833e-08 3.78434330e-03 3.96448138e-03
2.14774531e+00 -4.26843263e-08 3.78525255e-03 3.96965817e-03
2.15258257e+00 -4.53067328e-08 3.78651467e-03 3.97501577e-03
2.15741984e+00 -4.79856706e-08 3.78813763e-03 3.98055833e-03
2.16225710e+00 -5.07186566e-08 3.79012907e-03 3.98628982e-03
2.16709437e+00 -5.35031568e-08 3.79249626e-03 3.99221402e-03
2.17193163e+00 -5.63365907e-08 3.79524607e-03 3.99833451e-03
2.17676890e+00 -5.92163328e-08 3.79838504e-03 4.00465466e-03
2.18160616e+00 -6.21397145e-08 3.80191927e-03 4.01117763e-03
2.18644342e+00 -6.51040283e-08 3.80585450e-03 4.01790637e-03
2.19128069e+00 -6.81065289e-08 3.81019604e-03 4.02484361e-03
2.19611795e+00 -7.11444364e-08 3.81494880e-03 4.03199186e-03
2.20095522e+00 -7.42149379e-08 3.82011727e-03 4.03935340e-03
2.20579248e+00 -7.73151918e-08 3.82570552e-03 4.04693028e-03
2.21062975e+00 -8.04423286e-08 3.83171720e-03 4.05472433e-03
2.21546701e+00 -8.35934555e-08 3.83815552e-03 4.06273713e-03
2.22030427e+00 -8.67656576e-08 3.84502325e-03 4.07097004e-03
2.22514154e+00 -8.99560014e-08 3.85232272e-03 4.07942416e-03
2.22997880e+00 -9.31615371e-08 3.86005585e-03 4.08810038e-03
2.23481607e+00 -9.63793001e-08 3.86822408e-03 4.09699932e-03
2.23965333e+00 -9.96063173e-08 3.87682842e-03 4.10612139e-03
2.24449059e+00 -1.02839607e-07 3.88586946e-03 4.11546673e-03
2.24932786e+00 -1.06076181e-07 3.89534730e-03 4.12503526e-03
2.25416512e+00 -1.09313052e-07 3.90526165e-03 4.13482665e-03
2.25900239e+00 -1.12547229e-07 3.91561174e-03 4.14484033e-03
2.26383965e+00 -1.15775726e-07 3.92639637e-03 4.15507550e-03
2.26867692e+00 -1.18995563e-07 3.93761392e-03 4.16553112e-03
2.27351418e+00 -1.22203768e-07 3.94926233e-03 4.17620591e-03
2.27835144e+00 -1.25397382e-07 3.96133909e-03 4.18709838e-03
2.28318871e+00 -1.28573458e-07 3.97384129e-03 4.19820678e-03
2.28802597e+00 -1.31729067e-07 3.98676559e-03 4.20952916e-03
2.29286324e+00 -1.34861298e-07 4.00010825e-03 4.22106333e-03
2.29770050e+00 -1.37967265e-07 4.01386509e-03 4.23280689e-03
2.30253777e+00 -1.41044105e-07 4.02803155e-03 4.24475724e-03
2.30737503e+00 -1.44088981e-07 4.04260268e-03 4.25691154e-03
2.31221229e+00 -1.47099087e-07 4.05757312e-03 4.26926675e-03
2.31704956e+00 -1.50071653e-07 4.07293714e-03 4.28181966e-03
2.32188682e+00 -1.53003939e-07 4.08868865e-03 4.29456683e-03
2.32672409e+00 -1.55893245e-07 4.10482118e-03 4.30750465e-03
2.33156135e+00 -1.58736912e-07 4.12132789e-03 4.32062930e-03
2.33639861e+00 -1.61532321e-07 4.13820163e-03 4.33393680e-03
2.34123588e+00 -1.64276900e-07 4.15543487e-03 4.34742300e-03
2.34607314e+00 -1.66968124e-07 4.17301979e-03 4.36108356e-03
2.35091041e+00 -1.69603516e-07 4.19094823e-03 4.37491401e-03
2.35574767e+00 -1.72180653e-07 4.20921172e-03 4.38890969e-03
2.36058494e+00 -1.74697164e-07 4.22780149e-03 4.40306581e-03
2.36542220e+00 -1.77150735e-07 4.24670850e-03 4.41737744e-03
2.37025946e+00 -1.79539111e-07 4.26592341e-03 4.43183950e-03
2.37509673e+00 -1.81860095e-07 4.28543662e-03 4.44644680e-03
2.37993399e+00 -1.84111556e-07 4.30523829e-03 4.46119400e-03
2.38477126e+00 -1.86291423e-07 4.32531830e-03 4.47607566e-03
2.38960852e+00 -1.88397694e-07 4.34566633e-03 4.49108624e-03
2.39444579e+00 -1.90428434e-07 4.36627181e-03 4.50622008e-03
2.39928305e+00 -1.92381778e-07 4.38712397e-03 4.52147142e-03
2.40412031e+00 -1.94255931e-07 4.40821183e-03 4.53683444e-03
2.40895758e+00 -1.96049172e-07 4.42952423e-03 4.55230320e-03
2.41379484e+00 -1.97759855e-07 4.45104984e-03 4.56787171e-03
2.41863211e+00 -1.99386409e-07 4.47277712e-03 4.58353390e-03
2.42346937e+00 -2.00927341e-07 4.49469442e-03 4.59928364e-03
2.42830663e+00 -2.02381236e-07 4.51678992e-03 4.61511476e-03
2.43314390e+00 -2.03746760e-07 4.53905168e-03 4.63102100e-03
2.43798116e+00 -2.05022661e-07 4.56146761e-03 4.64699609e-03
2.44281843e+00 -2.06207766e-07 4.58402555e-03 4.66303373e-03
2.44765569e+00 -2.07300988e-07 4.60671320e-03 4.67912757e-03
2.45249296e+00 -2.08301324e-07 4.62951818e-03 4.69527123e-03
2.45733022e+00 -2.09207858e-07 4.65242806e-03 4.71145834e-03
2.46216748e+00 -2.10019757e-07 4.67543031e-03 4.72768249e-03
2.46700475e+00 -2.10736275e-07 4.69851235e-03 4.74393729e-03
2.47184201e+00 -2.11356756e-07 4.72166157e-03 4.76021632e-03
2.47667928e+00 -2.11880631e-07 4.74486531e-03 4.77651320e-03
2.48151654e+00 -2.12307420e-07 4.76811090e-03 4.79282155e-03
2.48635381e+00 -2.12636730e-07 4.79138564e-03 4.80913498e-03
2.49119107e+00 -2.12868259e-07 4.81467685e-03 4.82544716e-03
2.49602833e+00 -2.13001796e-07 4.83797184e-03 4.84175177e-03
2.50086560e+00 -2.13037218e-07 4.86125796e-03 4.85804253e-03
2.50570286e+00 -2.12974492e-07 4.88452257e-03 4.87431319e-03
2.51054013e+00 -2.12813676e-07 4.90775307e-03 4.89055755e-03
2.51537739e+00 -2.12554917e-07 4.93093694e-03 4.90676945e-03
2.52021465e+00 -2.12198454e-07 4.95406170e-03 4.92294279e-03
2.52505192e+00 -2.11744612e-07 4.97711493e-03 4.93907153e-03
2.52988918e+00 -2.11193807e-07 5.00008431e-03 4.95514968e-03
2.53472645e+00 -2.10546546e-07 5.02295762e-03 4.97117134e-03
2.53956371e+00 -2.09803422e-07 5.04572271e-03 4.98713065e-03
2.54440098e+00 -2.08965116e-07 5.06836759e-03 5.00302184e-03
2.54923824e+00 -2.08032399e-07 5.09088034e-03 5.01883922e-03
2.55407550e+00 -2.07006124e-07 5.11324919e-03 5.03457719e-03
2.55891277e+00 -2.05887234e-07 5.13546254e-03 5.05023022e-03
2.56375003e+00 -2.04676756e-07 5.15750889e-03 5.06579287e-03
2.56858730e+00 -2.03375800e-07 5.17937694e-03 5.08125982e-03
2.57342456e+00 -2.01985560e-07 5.20105553e-03 5.09662581e-03
2.57826183e+00 -2.00507314e-07 5.22253370e-03 5.11188572e-03
2.58309909e+00 -1.98942415e-07 5.24380065e-03 5.12703449e-03
2.58793635e+00 -1.97292302e-07 5.26484580e-03 5.14206721e-03
2.59277362e+00 -1.95558489e-07 5.28565876e-03 5.15697905e-03
2.59761088e+00 -1.93742569e-07 5.30622935e-03 5.17176531e-03
2.60244815e+00 -1.91846208e-07 5.32654761e-03 5.18642141e-03
2.60728541e+00 -1.89871149e-07 5.34660382e-03 5.20094286e-03
2.61212267e+00 -1.87819204e-07 5.36638849e-03 5.21532533e-03
2.61695994e+00 -1.85692260e-07 5.38589235e-03 5.22956459e-03
2.62179720e+00 -1.83492271e-07 5.40510642e-03 5.24365654e-03
2.62663447e+00 -1.81221257e-07 5.42402194e-03 5.25759722e-03
2.63147173e+00 -1.78881307e-07 5.44263044e-03 5.27138279e-03
2.63630900e+00 -1.76474570e-07 5.46092372e-03 5.28500955e-03
2.64114626e+00 -1.74003260e-07 5.47889384e-03 5.29847393e-03
2.64598352e+00 -1.71469647e-07 5.49653316e-03 5.31177251e-03
2.65082079e+00 -1.68876063e-07 5.51383434e-03 5.32490200e-03
2.65565805e+00 -1.66224892e-07 5.53079032e-03 5.33785926e-03
2.66049532e+00 -1.63518573e-07 5.54739434e-03 5.35064128e-03
2.66533258e+00 -1.60759597e-07 5.56363996e-03 5.36324521e-03
2.67016985e+00 -1.57950501e-07 5.57952105e-03 5.37566835e-03
2.67500711e+00 -1.55093873e-07 5.59503181e-03 5.38790813e-03
2.67984437e+00 -1.52192340e-07 5.61016675e-03 5.39996215e-03
2.68468164e+00 -1.49248575e-07 5.62492070e-03 5.41182815e-03
2.68951890e+00 -1.46265288e-07 5.63928884e-03 5.42350404e-03
2.69435617e+00 -1.43245228e-07 5.65326669e-03 5.43498787e-03
2.69919343e+00 -1.40191177e-07 5.66685010e-03 5.44627783e-03
2.70403069e+00 -1.37105948e-07 5.68003526e-03 5.45737231e-03
2.70886796e+00 -1.33992385e-07 5.69281871e-03 5.46826983e-03
2.71370522e+00 -1.30853358e-07 5.70519736e-03 5.47896907e-03
2.71854249e+00 -1.27691763e-07 5.71716844e-03 5.48946887e-03
2.72337975e+00 -1.24510512e-07 5.72872957e-03 5.49976824e-03
2.72821702e+00 -1.21312542e-07 5.73987870e-03 5.50986636e-03
2.73305428e+00 -1.18100803e-07 5.75061416e-03 5.51976253e-03
2.73789154e+00 -1.14878258e-07 5.76093463e-03 5.52945627e-03
2.74272881e+00 -1.11647882e-07 5.77083915e-03 5.53894723e-03
2.74756607e+00 -1.08412655e-07 5.78032715e-03 5.54823522e-03
2.75240334e+00 -1.05175567e-07 5.78939838e-03 5.55732023e-03
2.75724060e+00 -1.01939606e-07 5.79805299e-03 5.56620241e-03
2.76207787e+00 -9.87077615e-08 5.80629150e-03 5.57488208e-03
2.76691513e+00 -9.54830195e-08 5.81411476e-03 5.58335971e-03
2.77175239e+00 -9.22683599e-08 5.82152403e-03 5.59163595e-03
2.77658966e+00 -8.90667542e-08 5.82852089e-03 5.59971161e-03
2.78142692e+00 -8.58811625e-08 5.83510732e-03 5.60758766e-03
2.78626419e+00 -8.27145294e-08 5.84128564e-03 5.61526523e-03
2.79110145e+00 -7.95697855e-08 5.84705854e-03 5.62274564e-03
2.79593871e+00 -7.64498376e-08 5.85242906e-03 5.63003035e-03
2.80077598e+00 -7.33575744e-08 5.85740062e-03 5.63712098e-03
2.80561324e+00 -7.02958570e-08 5.86197697e-03 5.64401933e-03
2.81045051e+00 -6.72675192e-08 5.86616222e-03 5.65072736e-03
2.81528777e+00 -6.42753647e-08 5.86996083e-03 5.65724717e-03
2.82012504e+00 -6.13221642e-08 5.87337761e-03 5.66358105e-03
2.82496230e+00 -5.84106534e-08 5.87641769e-03 5.66973142e-03
2.82979956e+00 -5.55435291e-08 5.87908657e-03 5.67570088e-03
2.83463683e+00 -5.27234475e-08 5.88139007e-03 5.68149218e-03
2.83947409e+00 -4.99530222e-08 5.88333432e-03 5.68710822e-03
2.84431136e+00 -4.72348210e-08 5.88492581e-03 5.69255206e-03
2.84914862e+00 -4.45713634e-08 5.88617134e-03 5.69782691e-03
2.85398589e+00 -4.19651193e-08 5.88707800e-03 5.70293612e-03
2.85882315e+00 -3.94185057e-08 5.88765321e-03 5.70788322e-03
2.86366041e+00 -3.69338840e-08 5.88790470e-03 5.71267185e-03
2.86849768e+00 -3.45135597e-08 5.88784048e-03 5.71730581e-03
2.87333494e+00 -3.21597780e-08 5.88746887e-03 5.72178905e-03
2.87817221e+00 -2.98747232e-08 5.88679846e-03 5.72612566e-03
2.88300947e+00 -2.76605163e-08 5.88583812e-03 5.73031984e-03
2.88784673e+00 -2.55192119e-08 5.88459699e-03 5.73437597e-03
2.89268400e+00 -2.34527983e-08 5.88308448e-03 5.73829852e-03
2.89752126e+00 -2.14631943e-08 5.88131026e-03 5.74209211e-03
2.90235853e+00 -1.95522472e-08 5.87928423e-03 5.74576149e-03
2.90719579e+00 -1.77217318e-08 5.87701655e-03 5.74931153e-03
2.91203306e+00 -1.59733483e-08 5.87451761e-03 5.75274722e-03
2.91687032e+00 -1.43087205e-08 5.87179800e-03 5.75607365e-03
2.92170758e+00 -1.27293951e-08 5.86886855e-03 5.75929606e-03
2.92654485e+00 -1.12368400e-08 5.86574029e-03 5.76241975e-03
2.93138211e+00 -9.83244191e-09 5.86242444e-03 5.76545018e-03
2.93621938e+00 -8.51750516e-09 5.85893242e-03 5.76839287e-03
2.94105664e+00 -7.29325314e-09 5.85527582e-03 5.77125346e-03
2.94589391e+00 -6.16082221e-09 5.85146639e-03 5.77403767e-03
2.95073117e+00 -5.12126653e-09 5.84751605e-03 5.77675131e-03
2.95556843e+00 -4.17555233e-09 5.84343687e-03 5.77940030e-03
2.96040570e+00 -3.32455737e-09 5.83924105e-03 5.78199060e-03
2.96524296e+00 -2.56907405e-09 5.83494092e-03 5.78452826e-03
2.97008023e+00 -1.90980475e-09 5.83054893e-03 5.78701942e-03
2.97491749e+00 -1.34736162e-09 5.82607763e-03 5.78947027e-03
2.97975475e+00 -8.82268741e-10 5.82153966e-03 5.79188704e-03
2.98459202e+00 -5.14957998e-10 5.81694776e-03 5.79427605e-03
2.98942928e+00 -2.45771297e-10 5.81231473e-03 5.79664364e-03
2.99426655e+00 -7.49586239e-11 5.80765343e-03 5.79899621e-03
2.99910381e+00 -2.67907161e-12 5.80297678e-03 5.80134018e-03
3.00394108e+00 -2.89993029e-11 5.79829773e-03 5.80368204e-03
3.00877834e+00 -1.53895345e-10 5.79362925e-03 5.80602825e-03
3.01361560e+00 -3.77251435e-10 5.78898434e-03 5.80838533e-03
3.01845287e+00 -6.98858996e-10 5.78437598e-03 5.81075980e-03
3.02329013e+00 -1.11841958e-09 5.77981717e-03 5.81315820e-03
3.02812740e+00 -1.63554258e-09 5.77532085e-03 5.81558703e-03
3.03296466e+00 -2.24974763e-09 5.77089995e-03 5.81805284e-03
3.03780193e+00 -2.96046336e-09 5.76656736e-03 5.82056213e-03
3.04263919e+00 -3.76702891e-09 5.76233587e-03 5.82312139e-03
3.04747645e+00 -4.66869419e-09 5.75821825e-03 5.82573709e-03
3.05231372e+00 -5.66462169e-09 5.75422715e-03 5.82841566e-03
3.05715098e+00 -6.75388467e-09 5.75037514e-03 5.83116348e-03
3.06198825e+00 -7.93547076e-09 5.74667467e-03 5.83398692e-03
3.06682551e+00 -9.20828258e-09 5.74313806e-03 5.83689226e-03
3.07166277e+00 -1.05711360e-08 5.73977753e-03 5.83988573e-03
3.07650004e+00 -1.20227647e-08 5.73660512e-03 5.84297350e-03
3.08133730e+00 -1.35618202e-08 5.73363272e-03 5.84616167e-03
3.08617457e+00 -1.51868719e-08 5.73087205e-03 5.84945625e-03
3.09101183e+00 -1.68964105e-08 5.72833465e-03 5.85286316e-03
3.09584910e+00 -1.86888482e-08 5.72603186e-03 5.85638823e-03
3.10068636e+00 -2.05625187e-08 5.72397481e-03 5.86003719e-03
3.10552362e+00 -2.25156824e-08 5.72217443e-03 5.86381566e-03
3.11036089e+00 -2.45465259e-08 5.72064138e-03 5.86772916e-03
3.11519815e+00 -2.66531633e-08 5.71938611e-03 5.87178305e-03
3.12003542e+00 -2.88336390e-08 5.71841881e-03 5.87598261e-03
3.12487268e+00 -3.10859287e-08 5.71774939e-03 5.88033295e-03
3.12970995e+00 -3.34079414e-08 5.71738751e-03 5.88483906e-03
3.13454721e+00 -3.57975230e-08 5.71734252e-03 5.88950577e-03
3.13938447e+00 -3.82524559e-08 5.71762348e-03 5.89433777e-03
3.14422174e+00 -4.07704630e-08 5.71823915e-03 5.89933960e-03
3.14905900e+00 -4.33492078e-08 5.71919796e-03 5.90451559e-03
3.15389627e+00 -4.59862994e-08 5.72050803e-03 5.90986997e-03
3.15873353e+00 -4.86792930e-08 5.72217713e-03 5.91540673e-03
3.16357079e+00 -5.14256911e-08 5.72421269e-03 5.92112972e-03
3.16840806e+00 -5.42229480e-08 5.72662180e-03 5.92704260e-03
3.17324532e+00 -5.70684717e-08 5.72941118e-03 5.93314883e-03
3.17808259e+00 -5.99596254e-08 5.73258716e-03 5.93945167e-03
3.18291985e+00 -6.28937304e-08 5.73615573e-03 5.94595422e-03
3.18775712e+00 -6.58680692e-08 5.74012249e-03 5.95265933e-03
3.19259438e+00 -6.88798869e-08 5.74449263e-03 5.95956967e-03
3.19743164e+00 -7.19263956e-08 5.74927096e-03 5.96668771e-03
3.20226891e+00 -7.50047747e-08 5.75446190e-03 5.97401568e-03
3.20710617e+00 -7.81121747e-08 5.76006945e-03 5.98155562e-03
3.21194344e+00 -8.12457212e-08 5.76609721e-03 5.98930935e-03
3.21678070e+00 -8.44025136e-08 5.77254836e-03 5.99727845e-03
3.22161797e+00 -8.75796339e-08 5.77942566e-03 6.00546431e-03
3.22645523e+00 -9.07741420e-08 5.78673146e-03 6.01386807e-03
3.23129249e+00 -9.39830858e-08 5.79446770e-03 6.02249065e-03
3.23612976e+00 -9.72034982e-08 5.80263586e-03 6.03133276e-03
3.24096702e+00 -1.00432403e-07 5.81123702e-03 6.04039488e-03
3.24580429e+00 -1.03666817e-07 5.82027184e-03 6.04967724e-03
3.25064155e+00 -1.06903752e-07 5.82974053e-03 6.05917988e-03
3.25547881e+00 -1.10140218e-07 5.83964290e-03 6.06890258e-03
3.26031608e+00 -1.13373226e-07 5.84997831e-03 6.07884491e-03
3.26515334e+00 -1.16599792e-07 5.86074571e-03 6.08900622e-03
3.26999061e+00 -1.19816938e-07 5.87194363e-03 6.09938562e-03
3.27482787e+00 -1.23021695e-07 5.88357017e-03 6.10998202e-03
3.27966514e+00 -1.26211105e-07 5.89562302e-03 6.12079409e-03
3.28450240e+00 -1.29382227e-07 5.90809944e-03 6.13182028e-03
3.28933966e+00 -1.32532136e-07 5.92099630e-03 6.14305885e-03
3.29417693e+00 -1.35657927e-07 5.93431005e-03 6.15450780e-03
3.29901419e+00 -1.38756719e-07 5.94803675e-03 6.16616496e-03
3.30385146e+00 -1.41825655e-07 5.96217204e-03 6.17802794e-03
3.30868872e+00 -1.44861908e-07 5.97671119e-03 6.19009414e-03
3.31352599e+00 -1.47862681e-07 5.99164908e-03 6.20236076e-03
3.31836325e+00 -1.50825208e-07 6.00698021e-03 6.21482480e-03
3.32320051e+00 -1.53746762e-07 6.02269870e-03 6.22748307e-03
3.32803778e+00 -1.56624653e-07 6.03879830e-03 6.24033221e-03
3.33287504e+00 -1.59456230e-07 6.05527243e-03 6.25336863e-03
3.33771231e+00 -1.62238888e-07 6.07211412e-03 6.26658861e-03
3.34254957e+00 -1.64970066e-07 6.08931609e-03 6.27998822e-03
3.34738683e+00 -1.67647250e-07 6.10687071e-03 6.29356338e-03
3.35222410e+00 -1.70267978e-07 6.12477003e-03 6.30730984e-03
3.35706136e+00 -1.72829839e-07 6.14300577e-03 6.32122317e-03
3.36189863e+00 -1.75330478e-07 6.16156936e-03 6.33529882e-03
3.36673589e+00 -1.77767595e-07 6.18045193e-03 6.34953208e-03
3.37157316e+00 -1.80138949e-07 6.19964431e-03 6.36391808e-03
3.37641042e+00 -1.82442361e-07 6.21913706e-03 6.37845184e-03
3.38124768e+00 -1.84675713e-07 6.23892048e-03 6.39312822e-03
3.38608495e+00 -1.86836954e-07 6.25898459e-03 6.40794199e-03
3.39092221e+00 -1.88924098e-07 6.27931918e-03 6.42288776e-03
3.39575948e+00 -1.90935227e-07 6.29991380e-03 6.43796008e-03
3.40059674e+00 -1.92868493e-07 6.32075777e-03 6.45315333e-03
3.40543401e+00 -1.94722122e-07 6.34184020e-03 6.46846185e-03
3.41027127e+00 -1.96494412e-07 6.36314999e-03 6.48387986e-03
3.41510853e+00 -1.98183734e-07 6.38467585e-03 6.49940147e-03
3.41994580e+00 -1.99788539e-07 6.40640631e-03 6.51502076e-03
3.42478306e+00 -2.01307352e-07 6.42832973e-03 6.53073169e-03
3.42962033e+00 -2.02738780e-07 6.45043431e-03 6.54652817e-03
3.43445759e+00 -2.04081508e-07 6.47270809e-03 6.56240405e-03
3.43929485e+00 -2.05334305e-07 6.49513900e-03 6.57835313e-03
3.44413212e+00 -2.06496021e-07 6.51771483e-03 6.59436914e-03
3.44896938e+00 -2.07565590e-07 6.54042325e-03 6.61044579e-03
3.45380665e+00 -2.08542031e-07 6.56325184e-03 6.62657673e-03
3.45864391e+00 -2.09424447e-07 6.58618808e-03 6.64275561e-03
3.46348118e+00 -2.10212030e-07 6.60921939e-03 6.65897603e-03
3.46831844e+00 -2.10904056e-07 6.63233311e-03 6.67523158e-03
3.47315570e+00 -2.11499892e-07 6.65551651e-03 6.69151584e-03
3.47799297e+00 -2.11998989e-07 6.67875685e-03 6.70782238e-03
3.48283023e+00 -2.12400892e-07 6.70204133e-03 6.72414477e-03
3.48766750e+00 -2.12705230e-07 6.72535715e-03 6.74047660e-03
3.49250476e+00 -2.12911725e-07 6.74869147e-03 6.75681144e-03
3.49734203e+00 -2.13020188e-07 6.77203150e-03 6.77314290e-03
3.50217929e+00 -2.13030518e-07 6.79536441e-03 6.78946462e-03
3.50701655e+00 -2.12942707e-07 6.81867743e-03 6.80577025e-03
3.51185382e+00 -2.12756836e-07 6.84195782e-03 6.82205348e-03
3.51669108e+00 -2.12473074e-07 6.86519287e-03 6.83830804e-03
3.52152835e+00 -2.12091681e-07 6.88836995e-03 6.85452770e-03
3.52636561e+00 -2.11613008e-07 6.91147648e-03 6.87070628e-03
3.53120288e+00 -2.11037494e-07 6.93449998e-03 6.88683766e-03
3.53604014e+00 -2.10365666e-07 6.95742803e-03 6.90291578e-03
3.54087740e+00 -2.09598141e-07 6.98024833e-03 6.91893463e-03
3.54571467e+00 -2.08735623e-07 7.00294870e-03 6.93488828e-03
3.55055193e+00 -2.07778903e-07 7.02551706e-03 6.95077087e-03
3.55538920e+00 -2.06728859e-07 7.04794148e-03 6.96657662e-03
3.56022646e+00 -2.05586455e-07 7.07021014e-03 6.98229984e-03
3.56506372e+00 -2.04352738e-07 7.09231142e-03 6.99793491e-03
3.56990099e+00 -2.03028840e-07 7.11423381e-03 7.01347630e-03
3.57473825e+00 -2.01615978e-07 7.13596601e-03 7.02891859e-03
3.57957552e+00 -2.00115446e-07 7.15749688e-03 7.04425645e-03
3.58441278e+00 -1.98528623e-07 7.17881548e-03 7.05948466e-03
3.58925005e+00 -1.96856966e-07 7.19991105e-03 7.07459809e-03
3.59408731e+00 -1.95102009e-07 7.22077305e-03 7.08959174e-03
3.59892457e+00 -1.93265362e-07 7.24139116e-03 7.10446070e-03
3.60376184e+00 -1.91348714e-07 7.26175527e-03 7.11920020e-03
3.60859910e+00 -1.89353824e-07 7.28185553e-03 7.13380557e-03
3.61343637e+00 -1.87282525e-07 7.30168229e-03 7.14827229e-03
3.61827363e+00 -1.85136719e-07 7.32122620e-03 7.16259593e-03
3.62311090e+00 -1.82918378e-07 7.34047811e-03 7.17677223e-03
3.62794816e+00 -1.80629540e-07 7.35942918e-03 7.19079703e-03
3.63278542e+00 -1.78272309e-07 7.37807081e-03 7.20466632e-03
3.63762269e+00 -1.75848851e-07 7.39639471e-03 7.21837622e-03
3.64245995e+00 -1.73361395e-07 7.41439285e-03 7.23192300e-03
3.64729722e+00 -1.70812227e-07 7.43205749e-03 7.24530307e-03
3.65213448e+00 -1.68203692e-07 7.44938122e-03 7.25851298e-03
3.65697174e+00 -1.65538189e-07 7.46635689e-03 7.27154944e-03
3.66180901e+00 -1.62818170e-07 7.48297770e-03 7.28440929e-03
3.66664627e+00 -1.60046137e-07 7.49923715e-03 7.29708955e-03
3.67148354e+00 -1.57224642e-07 7.51512905e-03 7.30958736e-03
3.67632080e+00 -1.54356283e-07 7.53064755e-03 7.32190004e-03
3.68115807e+00 -1.51443698e-07 7.54578714e-03 7.33402506e-03
3.68599533e+00 -1.48489570e-07 7.56054263e-03 7.34596006e-03
3.69083259e+00 -1.45496619e-07 7.57490917e-03 7.35770282e-03
3.69566986e+00 -1.42467604e-07 7.58888227e-03 7.36925130e-03
3.70050712e+00 -1.39405313e-07 7.60245779e-03 7.38060362e-03
3.70534439e+00 -1.36312569e-07 7.61563191e-03 7.39175805e-03
3.71018165e+00 -1.33192223e-07 7.62840119e-03 7.40271305e-03
3.71501892e+00 -1.30047150e-07 7.64076257e-03 7.41346724e-03
3.71985618e+00 -1.26880252e-07 7.65271330e-03 7.42401939e-03
3.72469344e+00 -1.23694447e-07 7.66425103e-03 7.43436847e-03
3.72953071e+00 -1.20492676e-07 7.67537376e-03 7.44451359e-03
3.73436797e+00 -1.17277892e-07 7.68607987e-03 7.45445406e-03
3.73920524e+00 -1.14053061e-07 7.69636811e-03 7.46418933e-03
3.74404250e+00 -1.10821161e-07 7.70623757e-03 7.47371905e-03
3.74887976e+00 -1.07585175e-07 7.71568774e-03 7.48304303e-03
3.75371703e+00 -1.04348090e-07 7.72471848e-03 7.49216125e-03
3.75855429e+00 -1.01112897e-07 7.73333001e-03 7.50107386e-03
3.76339156e+00 -9.78825844e-08 7.74152294e-03 7.50978120e-03
3.76822882e+00 -9.46601366e-08 7.74929822e-03 7.51828376e-03
3.77306609e+00 -9.14485315e-08 7.75665720e-03 7.52658221e-03
3.77790335e+00 -8.82507385e-08 7.76360159e-03 7.53467741e-03
3.78274061e+00 -8.50697135e-08 7.77013347e-03 7.54257038e-03
3.78757788e+00 -8.19083985e-08 7.77625528e-03 7.55026229e-03
3.79241514e+00 -7.87697172e-08 7.78196985e-03 7.55775452e-03
3.79725241e+00 -7.56565733e-08 7.78728034e-03 7.56504858e-03
3.80208967e+00 -7.25718475e-08 7.79219029e-03 7.57214619e-03
3.80692694e+00 -6.95183948e-08 7.79670360e-03 7.57904921e-03
3.81176420e+00 -6.64990416e-08 7.80082452e-03 7.58575968e-03
3.81660146e+00 -6.35165832e-08 7.80455766e-03 7.59227980e-03
3.82143873e+00 -6.05737820e-08 7.80790796e-03 7.59861193e-03
3.82627599e+00 -5.76733628e-08 7.81088073e-03 7.60475861e-03
3.83111326e+00 -5.48180137e-08 7.81348160e-03 7.61072253e-03
3.83595052e+00 -5.20103793e-08 7.81571655e-03 7.61650655e-03
3.84078778e+00 -4.92530624e-08 7.81759188e-03 7.62211369e-03
3.84562505e+00 -4.65486183e-08 7.81911424e-03 7.62754710e-03
3.85046231e+00 -4.38995544e-08 7.82029056e-03 7.63281011e-03
3.85529958e+00 -4.13083263e-08 7.82112812e-03 7.63790622e-03
3.86013684e+00 -3.87773382e-08 7.82163450e-03 7.64283903e-03
3.86497411e+00 -3.63089369e-08 7.82181758e-03 7.64761234e-03
3.86981137e+00 -3.39054123e-08 7.82168555e-03 7.65223006e-03
3.87464863e+00 -3.15689951e-08 7.82124687e-03 7.65669627e-03
3.87948590e+00 -2.93018526e-08 7.82051030e-03 7.66101516e-03
3.88432316e+00 -2.71060896e-08 7.81948487e-03 7.66519109e-03
3.88916043e+00 -2.49837440e-08 7.81817988e-03 7.66922853e-03
3.89399769e+00 -2.29367870e-08 7.81660489e-03 7.67313210e-03
3.89883496e+00 -2.09671183e-08 7.81476972e-03 7.67690654e-03
3.90367222e+00 -1.90765667e-08 7.81268443e-03 7.68055670e-03
3.90850948e+00 -1.72668890e-08 7.81035932e-03 7.68408758e-03
3.91334675e+00 -1.55397653e-08 7.80780491e-03 7.68750428e-03
3.91818401e+00 -1.38968014e-08 7.80503195e-03 7.69081201e-03
3.92302128e+00 -1.23395216e-08 7.80205139e-03 7.69401611e-03
3.92785854e+00 -1.08693742e-08 7.79887440e-03 7.69712200e-03
3.93269580e+00 -9.48772483e-09 7.79551232e-03 7.70013523e-03
3.93753307e+00 -8.19585837e-09 7.79197668e-03 7.70306141e-03
3.94237033e+00 -6.99497445e-09 7.78827919e-03 7.70590629e-03
3.94720760e+00 -5.88619045e-09 7.78443170e-03 7.70867567e-03
3.95204486e+00 -4.87053579e-09 7.78044625e-03 7.71137545e-03
3.95688213e+00 -3.94895528e-09 7.77633498e-03 7.71401161e-03
3.96171939e+00 -3.12230528e-09 7.77211018e-03 7.71659019e-03
3.96655665e+00 -2.39135537e-09 7.76778426e-03 7.71911731e-03
3.97139392e+00 -1.75678435e-09 7.76336974e-03 7.72159916e-03
3.97623118e+00 -1.21918219e-09 7.75887924e-03 7.72404197e-03
3.98106845e+00 -7.79048848e-10 7.75432545e-03 7.72645205e-03
3.98590571e+00 -4.36793667e-10 7.74972115e-03 7.72883572e-03
3.99074298e+00 -1.92735217e-10 7.74507919e-03 7.73119938e-03
3.99558024e+00 -4.71007916e-11 7.74041245e-03 7.73354944e-03
4.00041750e+00 -2.43575274e-14 7.73573387e-03 7.73589235e-03
4.00525477e+00 -5.15512965e-11 7.73105641e-03 7.73823458e-03
4.01009203e+00 -2.01632637e-10 7.72639305e-03 7.74058263e-03
4.01492930e+00 -4.50129541e-10 7.72175677e-03 7.74294299e-03
4.01976656e+00 -7.96809972e-10 7.71716054e-03 7.74532218e-03
4.02460382e+00 -1.24135215e-09 7.71261732e-03 7.74772671e-03
4.02944109e+00 -1.78334278e-09 7.70814004e-03 7.75016307e-03
4.03427835e+00 -2.42227828e-09 7.70374157e-03 7.75263777e-03
4.03911562e+00 -3.15756345e-09 7.69943473e-03 7.75515726e-03
4.04395288e+00 -3.98851549e-09 7.69523230e-03 7.75772799e-03
4.04879015e+00 -4.91436126e-09 7.69114692e-03 7.76035638e-03
4.05362741e+00 -5.93424106e-09 7.68719120e-03 7.76304880e-03
4.05846467e+00 -7.04720532e-09 7.68337760e-03 7.76581157e-03
4.06330194e+00 -8.25222079e-09 7.67971849e-03 7.76865098e-03
4.06813920e+00 -9.54816675e-09 7.67622609e-03 7.77157325e-03
4.07297647e+00 -1.09338389e-08 7.67291249e-03 7.77458451e-03
4.07781373e+00 -1.24079492e-08 7.66978963e-03 7.77769087e-03
4.08265100e+00 -1.39691281e-08 7.66686926e-03 7.78089831e-03
4.08748826e+00 -1.56159254e-08 7.66416300e-03 7.78421277e-03
4.09232552e+00 -1.73468100e-08 7.66168223e-03 7.78764006e-03
4.09716279e+00 -1.91601755e-08 7.65943815e-03 7.79118592e-03
4.10200005e+00 -2.10543364e-08 7.65744177e-03 7.79485598e-03
4.10683732e+00 -2.30275346e-08 7.65570383e-03 7.79865575e-03
4.11167458e+00 -2.50779361e-08 7.65423488e-03 7.80259063e-03
4.11651184e+00 -2.72036388e-08 7.65304520e-03 7.80666591e-03
4.12134911e+00 -2.94026683e-08 7.65214481e-03 7.81088673e-03
4.12618637e+00 -3.16729833e-08 7.65154349e-03 7.81525812e-03
4.13102364e+00 -3.40124766e-08 7.65125071e-03 7.81978493e-03
4.13586090e+00 -3.64189785e-08 7.65127568e-03 7.82447192e-03
4.14069817e+00 -3.88902544e-08 7.65162729e-03 7.82932365e-03
4.14553543e+00 -4.14240131e-08 7.65231416e-03 7.83434456e-03
4.15037269e+00 -4.40179039e-08 7.65334454e-03 7.83953890e-03
4.15520996e+00 -4.66695215e-08 7.65472641e-03 7.84491077e-03
4.16004722e+00 -4.93764066e-08 7.65646739e-03 7.85046410e-03
4.16488449e+00 -5.21360503e-08 7.65857476e-03 7.85620263e-03
4.16972175e+00 -5.49458951e-08 7.66105545e-03 7.86212994e-03
4.17455902e+00 -5.78033358e-08 7.66391606e-03 7.86824940e-03
4.17939628e+00 -6.07057264e-08 7.66716278e-03 7.87456421e-03
4.18423354e+00 -6.36503768e-08 7.67080147e-03 7.88107737e-03
4.18907081e+00 -6.66345599e-08 7.67483760e-03 7.88779170e-03
4.19390807e+00 -6.96555133e-08 7.67927625e-03 7.89470979e-03
4.19874534e+00 -7.27104387e-08 7.68412213e-03 7.90183406e-03
4.20358260e+00 -7.57965090e-08 7.68937954e-03 7.90916669e-03
4.20841986e+00 -7.89108677e-08 7.69505240e-03 7.91670969e-03
4.21325713e+00 -8.20506333e-08 7.70114421e-03 7.92446483e-03
4.21809439e+00 -8.52129014e-08 7.70765808e-03 7.93243369e-03
4.22293166e+00 -8.83947463e-08 7.71459670e-03 7.94061761e-03
4.22776892e+00 -9.15932267e-08 7.72196236e-03 7.94901774e-03
4.23260619e+00 -9.48053849e-08 7.72975693e-03 7.95763499e-03
4.23744345e+00 -9.80282519e-08 7.73798186e-03 7.96647008e-03
4.24228071e+00 -1.01258849e-07 7.74663820e-03 7.97552348e-03
4.24711798e+00 -1.04494192e-07 7.75572656e-03 7.98479546e-03
4.25195524e+00 -1.07731291e-07 7.76524714e-03 7.99428608e-03
4.25679251e+00 -1.10967158e-07 7.77519974e-03 8.00399515e-03
4.26162977e+00 -1.14198803e-07 7.78558372e-03 8.01392228e-03
4.26646704e+00 -1.17423244e-07 7.79639803e-03 8.02406687e-03
4.27130430e+00 -1.20637505e-07 7.80764121e-03 8.03442808e-03
4.27614156e+00 -1.23838619e-07 7.81931137e-03 8.04500487e-03
4.28097883e+00 -1.27023633e-07 7.83140624e-03 8.05579599e-03
4.28581609e+00 -1.30189609e-07 7.84392311e-03 8.06679996e-03
4.29065336e+00 -1.33333628e-07 7.85685888e-03 8.07801511e-03
4.29549062e+00 -1.36452790e-07 7.87021005e-03 8.08943953e-03
4.30032788e+00 -1.39544220e-07 7.88397271e-03 8.10107113e-03
4.30516515e+00 -1.42605070e-07 7.89814259e-03 8.11290761e-03
4.31000241e+00 -1.45632518e-07 7.91271499e-03 8.12494648e-03
4.31483968e+00 -1.48623774e-07 7.92768485e-03 8.13718502e-03
4.31967694e+00 -1.51576085e-07 7.94304674e-03 8.14962034e-03
4.32451421e+00 -1.54486732e-07 7.95879485e-03 8.16224937e-03
4.32935147e+00 -1.57353032e-07 7.97492300e-03 8.17506882e-03
4.33418873e+00 -1.60172350e-07 7.99142466e-03 8.18807525e-03
4.33902600e+00 -1.62942089e-07 8.00829296e-03 8.20126503e-03
4.34386326e+00 -1.65659701e-07 8.02552067e-03 8.21463434e-03
4.34870053e+00 -1.68322685e-07 8.04310023e-03 8.22817921e-03
4.35353779e+00 -1.70928591e-07 8.06102377e-03 8.24189551e-03
4.35837506e+00 -1.73475024e-07 8.07928308e-03 8.25577893e-03
4.36321232e+00 -1.75959641e-07 8.09786966e-03 8.26982501e-03
4.36804958e+00 -1.78380156e-07 8.11677469e-03 8.28402915e-03
4.37288685e+00 -1.80734346e-07 8.13598908e-03 8.29838661e-03
4.37772411e+00 -1.83020047e-07 8.15550344e-03 8.31289249e-03
4.38256138e+00 -1.85235157e-07 8.17530813e-03 8.32754177e-03
4.38739864e+00 -1.87377641e-07 8.19539322e-03 8.34232930e-03
4.39223590e+00 -1.89445532e-07 8.21574856e-03 8.35724981e-03
4.39707317e+00 -1.91436930e-07 8.23636373e-03 8.37229792e-03
4.40191043e+00 -1.93350004e-07 8.25722811e-03 8.38746812e-03
4.40674770e+00 -1.95182998e-07 8.27833083e-03 8.40275482e-03
4.41158496e+00 -1.96934229e-07 8.29966083e-03 8.41815231e-03
4.41642223e+00 -1.98602090e-07 8.32120684e-03 8.43365480e-03
4.42125949e+00 -2.00185049e-07 8.34295742e-03 8.44925641e-03
4.42609675e+00 -2.01681652e-07 8.36490095e-03 8.46495118e-03
4.43093402e+00 -2.03090526e-07 8.38702562e-03 8.48073308e-03
4.43577128e+00 -2.04410378e-07 8.40931950e-03 8.49659601e-03
4.44060855e+00 -2.05639997e-07 8.43177051e-03 8.51253381e-03
4.44544581e+00 -2.06778255e-07 8.45436642e-03 8.52854026e-03
4.45028308e+00 -2.07824106e-07 8.47709491e-03 8.54460910e-03
4.45512034e+00 -2.08776592e-07 8.49994354e-03 8.56073401e-03
4.45995760e+00 -2.09634838e-07 8.52289977e-03 8.57690865e-03
4.46479487e+00 -2.10398058e-07 8.54595098e-03 8.59312664e-03
4.46963213e+00 -2.11065550e-07 8.56908450e-03 8.60938158e-03
4.47446940e+00 -2.11636704e-07 8.59228756e-03 8.62566706e-03
4.47930666e+00 -2.12110994e-07 8.61554737e-03 8.64197664e-03
4.48414392e+00 -2.12487986e-07 8.63885110e-03 8.65830388e-03
4.48898119e+00 -2.12767335e-07 8.66218589e-03 8.67464235e-03
4.49381845e+00 -2.12948783e-07 8.68553886e-03 8.69098561e-03
4.49865572e+00 -2.13032165e-07 8.70889716e-03 8.70732724e-03
4.50349298e+00 -2.13017404e-07 8.73224790e-03 8.72366083e-03
4.50833025e+00 -2.12904513e-07 8.75557825e-03 8.73998000e-03
4.51316751e+00 -2.12693597e-07 8.77887541e-03 8.75627840e-03
4.51800477e+00 -2.12384848e-07 8.80212660e-03 8.77254971e-03
4.52284204e+00 -2.11978549e-07 8.82531913e-03 8.78878764e-03
4.52767930e+00 -2.11475075e-07 8.84844034e-03 8.80498596e-03
4.53251657e+00 -2.10874885e-07 8.87147767e-03 8.82113847e-03
4.53735383e+00 -2.10178531e-07 8.89441865e-03 8.83723906e-03
4.54219110e+00 -2.09386651e-07 8.91725091e-03 8.85328163e-03
4.54702836e+00 -2.08499973e-07 8.93996216e-03 8.86926019e-03
4.55186562e+00 -2.07519308e-07 8.96254028e-03 8.88516880e-03
4.55670289e+00 -2.06445558e-07 8.98497325e-03 8.90100159e-03
4.56154015e+00 -2.05279707e-07 9.00724920e-03 8.91675278e-03
4.56637742e+00 -2.04022825e-07 9.02935640e-03 8.93241668e-03
4.57121468e+00 -2.02676066e-07 9.05128330e-03 8.94798765e-03
4.57605194e+00 -2.01240664e-07 9.07301851e-03 8.96346020e-03
4.58088921e+00 -1.99717939e-07 9.09455083e-03 8.97882889e-03
4.58572647e+00 -1.98109288e-07 9.11586925e-03 8.99408841e-03
4.59056374e+00 -1.96416186e-07 9.13696295e-03 9.00923353e-03
4.59540100e+00 -1.94640189e-07 9.15782132e-03 9.02425916e-03
4.60023827e+00 -1.92782928e-07 9.17843399e-03 9.03916030e-03
4.60507553e+00 -1.90846108e-07 9.19879080e-03 9.05393207e-03
4.60991279e+00 -1.88831507e-07 9.21888181e-03 9.06856972e-03
4.61475006e+00 -1.86740977e-07 9.23869736e-03 9.08306861e-03
4.61958732e+00 -1.84576438e-07 9.25822802e-03 9.09742425e-03
4.62442459e+00 -1.82339878e-07 9.27746463e-03 9.11163225e-03
4.62926185e+00 -1.80033354e-07 9.29639828e-03 9.12568838e-03
4.63409912e+00 -1.77658983e-07 9.31502035e-03 9.13958853e-03
4.63893638e+00 -1.75218950e-07 9.33332252e-03 9.15332874e-03
4.64377364e+00 -1.72715498e-07 9.35129672e-03 9.16690519e-03
4.64861091e+00 -1.70150928e-07 9.36893520e-03 9.18031421e-03
4.65344817e+00 -1.67527599e-07 9.38623052e-03 9.19355227e-03
4.65828544e+00 -1.64847924e-07 9.40317553e-03 9.20661599e-03
4.66312270e+00 -1.62114368e-07 9.41976340e-03 9.21950215e-03
4.66795996e+00 -1.59329447e-07 9.43598764e-03 9.23220768e-03
4.67279723e+00 -1.56495722e-07 9.45184207e-03 9.24472968e-03
4.67763449e+00 -1.53615804e-07 9.46732084e-03 9.25706539e-03
4.68247176e+00 -1.50692342e-07 9.48241843e-03 9.26921222e-03
4.68730902e+00 -1.47728029e-07 9.49712969e-03 9.28116776e-03
4.69214629e+00 -1.44725595e-07 9.51144979e-03 9.29292973e-03
4.69698355e+00 -1.41687807e-07 9.52537425e-03 9.30449605e-03
4.70182081e+00 -1.38617461e-07 9.53889895e-03 9.31586479e-03
4.70665808e+00 -1.35517389e-07 9.55202014e-03 9.32703420e-03
4.71149534e+00 -1.32390447e-07 9.56473441e-03 9.33800270e-03
4.71633261e+00 -1.29239517e-07 9.57703873e-03 9.34876886e-03
4.72116987e+00 -1.26067507e-07 9.58893041e-03 9.35933146e-03
4.72600714e+00 -1.22877341e-07 9.60040716e-03 9.36968943e-03
4.73084440e+00 -1.19671961e-07 9.61146704e-03 9.37984187e-03
4.73568166e+00 -1.16454326e-07 9.62210848e-03 9.38978808e-03
4.74051893e+00 -1.13227405e-07 9.63233030e-03 9.39952752e-03
4.74535619e+00 -1.09994176e-07 9.64213169e-03 9.40905983e-03
4.75019346e+00 -1.06757624e-07 9.65151219e-03 9.41838483e-03
4.75503072e+00 -1.03520738e-07 9.66047176e-03 9.42750250e-03
4.75986798e+00 -1.00286509e-07 9.66901070e-03 9.43641302e-03
4.76470525e+00 -9.70579231e-08 9.67712970e-03 9.44511674e-03
4.76954251e+00 -9.38379641e-08 9.68482982e-03 9.45361419e-03
4.77437978e+00 -9.06296081e-08 9.69211251e-03 9.46190606e-03
4.77921704e+00 -8.74358211e-08 9.69897957e-03 9.46999324e-03
4.78405431e+00 -8.42595553e-08 9.70543319e-03 9.47787680e-03
4.78889157e+00 -8.11037491e-08 9.71147592e-03 9.48555794e-03
4.79372883e+00 -7.79713209e-08 9.71711069e-03 9.49303810e-03
4.79856610e+00 -7.48651692e-08 9.72234079e-03 9.50031884e-03
4.80340336e+00 -7.17881675e-08 9.72716987e-03 9.50740193e-03
4.80824063e+00 -6.87431642e-08 9.73160194e-03 9.51428929e-03
4.81307789e+00 -6.57329781e-08 9.73564139e-03 9.52098301e-03
4.81791516e+00 -6.27603962e-08 9.73929294e-03 9.52748537e-03
4.82275242e+00 -5.98281717e-08 9.74256166e-03 9.53379881e-03
4.82758968e+00 -5.69390205e-08 9.74545297e-03 9.53992591e-03
4.83242695e+00 -5.40956197e-08 9.74797266e-03 9.54586946e-03
4.83726421e+00 -5.13006024e-08 9.75012681e-03 9.55163238e-03
4.84210148e+00 -4.85565608e-08 9.75192186e-03 9.55721776e-03
4.84693874e+00 -4.58660372e-08 9.75336458e-03 9.56262886e-03
4.85177600e+00 -4.32315269e-08 9.75446206e-03 9.56786908e-03
4.85661327e+00 -4.06554722e-08 9.75522168e-03 9.57294198e-03
4.86145053e+00 -3.81402629e-08 9.75565116e-03 9.57785127e-03
4.86628780e+00 -3.56882312e-08 9.75575852e-03 9.58260082e-03
4.87112506e+00 -3.33016524e-08 9.75555205e-03 9.58719464e-03
4.87596233e+00 -3.09827407e-08 9.75504037e-03 9.59163687e-03
4.88079959e+00 -2.87336483e-08 9.75423234e-03 9.59593182e-03
4.88563685e+00 -2.65564629e-08 9.75313713e-03 9.60008390e-03
4.89047412e+00 -2.44532050e-08 9.75176417e-03 9.60409770e-03
4.89531138e+00 -2.24258278e-08 9.75012312e-03 9.60797789e-03
4.90014865e+00 -2.04762138e-08 9.74822393e-03 9.61172931e-03
4.90498591e+00 -1.86061730e-08 9.74607678e-03 9.61535690e-03
4.90982318e+00 -1.68174429e-08 9.74369206e-03 9.61886572e-03
4.91466044e+00 -1.51116844e-08 9.74108042e-03 9.62226096e-03
4.91949770e+00 -1.34904824e-08 9.73825272e-03 9.62554791e-03
4.92433497e+00 -1.19553426e-08 9.73522000e-03 9.62873198e-03
4.92917223e+00 -1.05076927e-08 9.73199352e-03 9.63181866e-03
4.93400950e+00 -9.14887701e-09 9.72858472e-03 9.63481356e-03
4.93884676e+00 -7.88015879e-09 9.72500523e-03 9.63772237e-03
4.94368403e+00 -6.70271656e-09 9.72126684e-03 9.64055089e-03
4.94852129e+00 -5.61764525e-09 9.71738148e-03 9.64330499e-03
4.95335855e+00 -4.62595339e-09 9.71336124e-03 9.64599062e-03
4.95819582e+00 -3.72856363e-09 9.70921836e-03 9.64861380e-03
4.96303308e+00 -2.92630911e-09 9.70496519e-03 9.65118063e-03
4.96787035e+00 -2.21993594e-09 9.70061419e-03 9.65369728e-03
4.97270761e+00 -1.61010179e-09 9.69617792e-03 9.65616996e-03
4.97754487e+00 -1.09737250e-09 9.69166906e-03 9.65860495e-03
4.98238214e+00 -6.82225882e-10 9.68710034e-03 9.66100857e-03
4.98721940e+00 -3.65047801e-10 9.68248456e-03 9.66338720e-03
4.99205667e+00 -1.46132473e-10 9.67783461e-03 9.66574722e-03
4.99689393e+00 -2.56843716e-11 9.67316338e-03 9.66809508e-03
5.00173120e+00 -3.81502977e-12 9.66848382e-03 9.67043724e-03
