#	Time	Error_of_Energy	Error_of_Position	Error_of_Velocity
9.67452842e-03 1.40242976e-09 6.95892410e-09 6.05494174e-09
1.93490568e-02 2.80485876e-09 1.39297028e-08 1.22526539e-08
2.90235853e-02 4.20728788e-09 2.08865103e-08 1.87149280e-08
3.86981137e-02 5.60971649e-09 2.78072020e-08 2.55563832e-08
4.83726421e-02 7.01214471e-09 3.46749023e-08 3.28812821e-08
5.80471705e-02 8.41457281e-09 4.14796273e-08 4.07815624e-08
6.77216990e-02 9.81700052e-09 4.82199267e-08 4.93360504e-08
7.73962274e-02 1.12194281e-08 5.49045092e-08 5.86106415e-08
8.70707558e-02 1.26218553e-08 6.15537978e-08 6.86591382e-08
9.67452842e-02 1.40242821e-08 6.82013214e-08 7.95244601e-08
1.06419813e-01 1.54267094e-08 7.48948223e-08 9.12399961e-08
1.16094341e-01 1.68291363e-08 8.16969295e-08 1.03830936e-07
1.25768870e-01 1.82315628e-08 8.86852316e-08 1.17315486e-07
1.35443398e-01 1.96339891e-08 9.59515889e-08 1.31705943e-07
1.45117926e-01 2.10364157e-08 1.03600573e-07 1.47009593e-07
1.54792455e-01 2.24388421e-08 1.11747006e-07 1.63229466e-07
1.64466983e-01 2.38412683e-08 1.20512695e-07 1.80364948e-07
1.74141512e-01 2.52436950e-08 1.30022583e-07 1.98412282e-07
1.83816040e-01 2.66461211e-08 1.40400648e-07 2.17364974e-07
1.93490568e-01 2.80485478e-08 1.51765949e-07 2.37214114e-07
2.03165097e-01 2.94509741e-08 1.64229175e-07 2.57948651e-07
2.12839625e-01 3.08534004e-08 1.77889963e-07 2.79555603e-07
2.22514154e-01 3.22558274e-08 1.92835119e-07 3.02020241e-07
2.32188682e-01 3.36582541e-08 2.09137727e-07 3.25326235e-07
2.41863211e-01 3.50606813e-08 2.26857015e-07 3.49455782e-07
2.51537739e-01 3.64631082e-08 2.46038803e-07 3.74389711e-07
2.61212267e-01 3.78655357e-08 2.66716321e-07 4.00107582e-07
2.70886796e-01 3.92679634e-08 2.88911226e-07 4.26587761e-07
2.80561324e-01 4.06703913e-08 3.12634675e-07 4.53807503e-07
2.90235853e-01 4.20728196e-08 3.37888368e-07 4.81743014e-07
2.99910381e-01 4.34752475e-08 3.64665490e-07 5.10369515e-07
3.09584910e-01 4.48776765e-08 3.92951556e-07 5.39661306e-07
3.19259438e-01 4.62801058e-08 4.22725121e-07 5.69591817e-07
3.28933966e-01 4.76825350e-08 4.53958396e-07 6.00133669e-07
3.38608495e-01 4.90849644e-08 4.86617763e-07 6.31258722e-07
3.48283023e-01 5.04873951e-08 5.20664214e-07 6.62938134e-07
3.57957552e-01 5.18898248e-08 5.56053732e-07 6.95142407e-07
3.67632080e-01 5.32922558e-08 5.92737627e-07 7.27841447e-07
3.77306609e-01 5.46946871e-08 6.30662840e-07 7.61004609e-07
3.86981137e-01 5.60971185e-08 6.69772218e-07 7.94600756e-07
3.96655665e-01 5.74995508e-08 7.10004789e-07 8.28598308e-07
4.06330194e-01 5.89019829e-08 7.51296011e-07 8.62965297e-07
4.16004722e-01 6.03044156e-08 7.93578036e-07 8.97669423e-07
4.25679251e-01 6.17068486e-08 8.36779963e-07 9.32678105e-07
4.35353779e-01 6.31092826e-08 8.80828096e-07 9.67958544e-07
4.45028308e-01 6.45117166e-08 9.25646206e-07 1.00347777e-06
4.54702836e-01 6.59141512e-08 9.71155803e-07 1.03920270e-06
4.64377364e-01 6.73165861e-08 1.01727640e-06 1.07510022e-06
4.74051893e-01 6.87190210e-08 1.06392582e-06 1.11113720e-06
4.83726421e-01 7.01214570e-08 1.11102043e-06 1.14728059e-06
4.93400950e-01 7.15238929e-08 1.15847549e-06 1.18349746e-06
5.03075478e-01 7.29263295e-08 1.20620539e-06 1.21975507e-06
5.12750007e-01 7.43287659e-08 1.25412399e-06 1.25602095e-06
5.22424535e-01 7.57312036e-08 1.30214491e-06 1.29226291e-06
5.32099063e-01 7.71336411e-08 1.35018182e-06 1.32844917e-06
5.41773592e-01 7.85360788e-08 1.39814873e-06 1.36454836e-06
5.51448120e-01 7.99385170e-08 1.44596034e-06 1.40052964e-06
5.61122649e-01 8.13409556e-08 1.49353227e-06 1.43636271e-06
5.70797177e-01 8.27433944e-08 1.54078142e-06 1.47201794e-06
5.80471705e-01 8.41458334e-08 1.58762625e-06 1.50746637e-06
5.90146234e-01 8.55482727e-08 1.63398701e-06 1.54267982e-06
5.99820762e-01 8.69507121e-08 1.67978611e-06 1.57763096e-06
6.09495291e-01 8.83531520e-08 1.72494835e-06 1.61229332e-06
6.19169819e-01 8.97555920e-08 1.76940117e-06 1.64664144e-06
6.28844348e-01 9.11580320e-08 1.81307495e-06 1.68065086e-06
6.38518876e-01 9.25604723e-08 1.85590324e-06 1.71429825e-06
6.48193404e-01 9.39629126e-08 1.89782301e-06 1.74756143e-06
6.57867933e-01 9.53653534e-08 1.93877484e-06 1.78041946e-06
6.67542461e-01 9.67677931e-08 1.97870320e-06 1.81285271e-06
6.77216990e-01 9.81702342e-08 2.01755659e-06 1.84484291e-06
6.86891518e-01 9.95726745e-08 2.05528779e-06 1.87637322e-06
6.96566047e-01 1.00975114e-07 2.09185396e-06 1.90742832e-06
7.06240575e-01 1.02377556e-07 2.12721688e-06 1.93799442e-06
7.15915103e-01 1.03779996e-07 2.16134304e-06 1.96805940e-06
7.25589632e-01 1.05182436e-07 2.19420381e-06 1.99761278e-06
7.35264160e-01 1.06584876e-07 2.22577550e-06 2.02664587e-06
7.44938689e-01 1.07987317e-07 2.25603952e-06 2.05515175e-06
7.54613217e-01 1.09389757e-07 2.28498243e-06 2.08312540e-06
7.64287746e-01 1.10792197e-07 2.31259600e-06 2.11056368e-06
7.73962274e-01 1.12194636e-07 2.33887727e-06 2.13746544e-06
7.83636802e-01 1.13597075e-07 2.36382857e-06 2.16383155e-06
7.93311331e-01 1.14999515e-07 2.38745754e-06 2.18966494e-06
8.02985859e-01 1.16401954e-07 2.40977714e-06 2.21497062e-06
8.12660388e-01 1.17804392e-07 2.43080561e-06 2.23975577e-06
8.22334916e-01 1.19206831e-07 2.45056644e-06 2.26402974e-06
8.32009445e-01 1.20609269e-07 2.46908831e-06 2.28780405e-06
8.41683973e-01 1.22011707e-07 2.48640505e-06 2.31109250e-06
8.51358501e-01 1.23414144e-07 2.50255551e-06 2.33391106e-06
8.61033030e-01 1.24816581e-07 2.51758348e-06 2.35627800e-06
8.70707558e-01 1.26219018e-07 2.53153757e-06 2.37821380e-06
8.80382087e-01 1.27621455e-07 2.54447107e-06 2.39974120e-06
8.90056615e-01 1.29023891e-07 2.55644183e-06 2.42088515e-06
8.99731143e-01 1.30426327e-07 2.56751201e-06 2.44167282e-06
9.09405672e-01 1.31828762e-07 2.57774802e-06 2.46213351e-06
9.19080200e-01 1.33231197e-07 2.58722019e-06 2.48229865e-06
9.28754729e-01 1.34633632e-07 2.59600267e-06 2.50220174e-06
9.38429257e-01 1.36036066e-07 2.60417313e-06 2.52187823e-06
9.48103786e-01 1.37438500e-07 2.61181252e-06 2.54136552e-06
9.57778314e-01 1.38840933e-07 2.61900487e-06 2.56070278e-06
9.67452842e-01 1.40243366e-07 2.62583692e-06 2.57993089e-06
9.77127371e-01 1.41645799e-07 2.63239791e-06 2.59909232e-06
9.86801899e-01 1.43048231e-07 2.63877923e-06 2.61823095e-06
9.96476428e-01 1.44450664e-07 2.64507409e-06 2.63739197e-06
1.00615096e+00 1.45853095e-07 2.65137722e-06 2.65662168e-06
1.01582548e+00 1.47255526e-07 2.65778448e-06 2.67596732e-06
1.02550001e+00 1.48657957e-07 2.66439250e-06 2.69547688e-06
1.03517454e+00 1.50060388e-07 2.67129833e-06 2.71519891e-06
1.04484907e+00 1.51462819e-07 2.67859898e-06 2.73518226e-06
1.05452360e+00 1.52865249e-07 2.68639108e-06 2.75547591e-06
1.06419813e+00 1.54267678e-07 2.69477044e-06 2.77612869e-06
1.07387266e+00 1.55670108e-07 2.70383161e-06 2.79718905e-06
1.08354718e+00 1.57072538e-07 2.71366747e-06 2.81870485e-06
1.09322171e+00 1.58474967e-07 2.72436882e-06 2.84072302e-06
1.10289624e+00 1.59877396e-07 2.73602391e-06 2.86328939e-06
1.11257077e+00 1.61279825e-07 2.74871803e-06 2.88644840e-06
1.12224530e+00 1.62682254e-07 2.76253311e-06 2.91024286e-06
1.13191983e+00 1.64084682e-07 2.77754729e-06 2.93471369e-06
1.14159435e+00 1.65487111e-07 2.79383453e-06 2.95989972e-06
1.15126888e+00 1.66889539e-07 2.81146427e-06 2.98583741e-06
1.16094341e+00 1.68291968e-07 2.83050104e-06 3.01256069e-06
1.17061794e+00 1.69694396e-07 2.85100419e-06 3.04010073e-06
1.18029247e+00 1.71096824e-07 2.87302755e-06 3.06848580e-06
1.18996700e+00 1.72499253e-07 2.89661920e-06 3.09774106e-06
1.19964152e+00 1.73901682e-07 2.92182125e-06 3.12788845e-06
1.20931605e+00 1.75304110e-07 2.94866967e-06 3.15894659e-06
1.21899058e+00 1.76706539e-07 2.97719412e-06 3.19093064e-06
1.22866511e+00 1.78108968e-07 3.00741786e-06 3.22385227e-06
1.23833964e+00 1.79511397e-07 3.03935769e-06 3.25771959e-06
1.24801417e+00 1.80913826e-07 3.07302394e-06 3.29253717e-06
1.25768870e+00 1.82316255e-07 3.10842045e-06 3.32830597e-06
1.26736322e+00 1.83718685e-07 3.14554463e-06 3.36502344e-06
1.27703775e+00 1.85121115e-07 3.18438755e-06 3.40268352e-06
1.28671228e+00 1.86523545e-07 3.22493407e-06 3.44127670e-06
1.29638681e+00 1.87925975e-07 3.26716293e-06 3.48079016e-06
1.30606134e+00 1.89328406e-07 3.31104697e-06 3.52120783e-06
1.31573587e+00 1.90730837e-07 3.35655328e-06 3.56251052e-06
1.32541039e+00 1.92133268e-07 3.40364342e-06 3.60467606e-06
1.33508492e+00 1.93535699e-07 3.45227367e-06 3.64767943e-06
1.34475945e+00 1.94938131e-07 3.50239521e-06 3.69149295e-06
1.35443398e+00 1.96340563e-07 3.55395445e-06 3.73608643e-06
1.36410851e+00 1.97742996e-07 3.60689322e-06 3.78142733e-06
1.37378304e+00 1.99145429e-07 3.66114908e-06 3.82748097e-06
1.38345756e+00 2.00547863e-07 3.71665558e-06 3.87421067e-06
1.39313209e+00 2.01950296e-07 3.77334255e-06 3.92157798e-06
1.40280662e+00 2.03352731e-07 3.83113638e-06 3.96954286e-06
1.41248115e+00 2.04755165e-07 3.88996032e-06 4.01806383e-06
1.42215568e+00 2.06157601e-07 3.94973475e-06 4.06709819e-06
1.43183021e+00 2.07560036e-07 4.01037750e-06 4.11660221e-06
1.44150474e+00 2.08962472e-07 4.07180413e-06 4.16653126e-06
1.45117926e+00 2.10364909e-07 4.13392823e-06 4.21684007e-06
1.46085379e+00 2.11767345e-07 4.19666173e-06 4.26748283e-06
1.47052832e+00 2.13169782e-07 4.25991518e-06 4.31841338e-06
1.48020285e+00 2.14572220e-07 4.32359807e-06 4.36958541e-06
1.48987738e+00 2.15974658e-07 4.38761911e-06 4.42095255e-06
1.49955191e+00 2.17377097e-07 4.45188655e-06 4.47246861e-06
1.50922643e+00 2.18779536e-07 4.51630848e-06 4.52408765e-06
1.51890096e+00 2.20181974e-07 4.58079309e-06 4.57576417e-06
1.52857549e+00 2.21584414e-07 4.64524903e-06 4.62745324e-06
1.53825002e+00 2.22986853e-07 4.70958566e-06 4.67911063e-06
1.54792455e+00 2.24389294e-07 4.77371334e-06 4.73069293e-06
1.55759908e+00 2.25791734e-07 4.83754376e-06 4.78215768e-06
1.56727360e+00 2.27194175e-07 4.90099019e-06 4.83346349e-06
1.57694813e+00 2.28596616e-07 4.96396777e-06 4.88457015e-06
1.58662266e+00 2.29999057e-07 5.02639380e-06 4.93543874e-06
1.59629719e+00 2.31401499e-07 5.08818800e-06 4.98603174e-06
1.60597172e+00 2.32803940e-07 5.14927276e-06 5.03631308e-06
1.61564625e+00 2.34206382e-07 5.20957344e-06 5.08624833e-06
1.62532078e+00 2.35608824e-07 5.26901856e-06 5.13580468e-06
1.63499530e+00 2.37011266e-07 5.32754009e-06 5.18495110e-06
1.64466983e+00 2.38413708e-07 5.38507365e-06 5.23365840e-06
1.65434436e+00 2.39816151e-07 5.44155874e-06 5.28189929e-06
1.66401889e+00 2.41218593e-07 5.49693893e-06 5.32964846e-06
1.67369342e+00 2.42621036e-07 5.55116209e-06 5.37688267e-06
1.68336795e+00 2.44023479e-07 5.60418055e-06 5.42358078e-06
1.69304247e+00 2.45425921e-07 5.65595124e-06 5.46972381e-06
1.70271700e+00 2.46828364e-07 5.70643591e-06 5.51529503e-06
1.71239153e+00 2.48230807e-07 5.75560121e-06 5.56027995e-06
1.72206606e+00 2.49633249e-07 5.80341885e-06 5.60466645e-06
1.73174059e+00 2.51035691e-07 5.84986569e-06 5.64844470e-06
1.74141512e+00 2.52438134e-07 5.89492382e-06 5.69160733e-06
1.75108964e+00 2.53840575e-07 5.93858067e-06 5.73414934e-06
1.76076417e+00 2.55243018e-07 5.98082905e-06 5.77606821e-06
1.77043870e+00 2.56645459e-07 6.02166718e-06 5.81736386e-06
1.78011323e+00 2.58047901e-07 6.06109873e-06 5.85803872e-06
1.78978776e+00 2.59450342e-07 6.09913280e-06 5.89809767e-06
1.79946229e+00 2.60852783e-07 6.13578395e-06 5.93754811e-06
1.80913682e+00 2.62255224e-07 6.17107210e-06 5.97639989e-06
1.81881134e+00 2.63657664e-07 6.20502257e-06 6.01466536e-06
1.82848587e+00 2.65060105e-07 6.23766592e-06 6.05235931e-06
1.83816040e+00 2.66462544e-07 6.26903794e-06 6.08949895e-06
1.84783493e+00 2.67864984e-07 6.29917949e-06 6.12610390e-06
1.85750946e+00 2.69267423e-07 6.32813640e-06 6.16219611e-06
1.86718399e+00 2.70669862e-07 6.35595936e-06 6.19779986e-06
1.87685851e+00 2.72072301e-07 6.38270368e-06 6.23294166e-06
1.88653304e+00 2.73474739e-07 6.40842922e-06 6.26765023e-06
1.89620757e+00 2.74877177e-07 6.43320011e-06 6.30195637e-06
1.90588210e+00 2.76279615e-07 6.45708460e-06 6.33589294e-06
1.91555663e+00 2.77682052e-07 6.48015479e-06 6.36949474e-06
1.92523116e+00 2.79084489e-07 6.50248644e-06 6.40279839e-06
1.93490568e+00 2.80486925e-07 6.52415866e-06 6.43584227e-06
1.94458021e+00 2.81889361e-07 6.54525371e-06 6.46866639e-06
1.95425474e+00 2.83291797e-07 6.56585663e-06 6.50131222e-06
1.96392927e+00 2.84694232e-07 6.58605502e-06 6.53382263e-06
1.97360380e+00 2.86096667e-07 6.60593869e-06 6.56624170e-06
1.98327833e+00 2.87499102e-07 6.62559936e-06 6.59861459e-06
1.99295286e+00 2.88901536e-07 6.64513032e-06 6.63098738e-06
2.00262738e+00 2.90303970e-07 6.66462609e-06 6.66340690e-06
2.01230191e+00 2.91706403e-07 6.68418208e-06 6.69592056e-06
2.02197644e+00 2.93108836e-07 6.70389421e-06 6.72857619e-06
2.03165097e+00 2.94511269e-07 6.72385859e-06 6.76142183e-06
2.04132550e+00 2.95913702e-07 6.74417112e-06 6.79450556e-06
2.05100003e+00 2.97316134e-07 6.76492712e-06 6.82787533e-06
2.06067455e+00 2.98718566e-07 6.78622100e-06 6.86157871e-06
2.07034908e+00 3.00120998e-07 6.80814583e-06 6.89566274e-06
2.08002361e+00 3.01523429e-07 6.83079301e-06 6.93017373e-06
2.08969814e+00 3.02925861e-07 6.85425190e-06 6.96515703e-06
2.09937267e+00 3.04328292e-07 6.87860944e-06 7.00065687e-06
2.10904720e+00 3.05730723e-07 6.90394982e-06 7.03671615e-06
2.11872173e+00 3.07133154e-07 6.93035410e-06 7.07337625e-06
2.12839625e+00 3.08535585e-07 6.95789993e-06 7.11067683e-06
2.13807078e+00 3.09938015e-07 6.98666115e-06 7.14865569e-06
2.14774531e+00 3.11340446e-07 7.01670756e-06 7.18734856e-06
2.15741984e+00 3.12742877e-07 7.04810460e-06 7.22678895e-06
2.16709437e+00 3.14145307e-07 7.08091304e-06 7.26700800e-06
2.17676890e+00 3.15547737e-07 7.11518877e-06 7.30803432e-06
2.18644342e+00 3.16950168e-07 7.15098256e-06 7.34989389e-06
2.19611795e+00 3.18352599e-07 7.18833984e-06 7.39260990e-06
2.20579248e+00 3.19755029e-07 7.22730051e-06 7.43620266e-06
2.21546701e+00 3.21157460e-07 7.26789879e-06 7.48068951e-06
2.22514154e+00 3.22559891e-07 7.31016306e-06 7.52608476e-06
2.23481607e+00 3.23962322e-07 7.35411578e-06 7.57239960e-06
2.24449059e+00 3.25364753e-07 7.39977340e-06 7.61964205e-06
2.25416512e+00 3.26767184e-07 7.44714627e-06 7.66781696e-06
2.26383965e+00 3.28169615e-07 7.49623866e-06 7.71692596e-06
2.27351418e+00 3.29572047e-07 7.54704871e-06 7.76696748e-06
2.28318871e+00 3.30974479e-07 7.59956851e-06 7.81793676e-06
2.29286324e+00 3.32376912e-07 7.65378408e-06 7.86982590e-06
2.30253777e+00 3.33779344e-07 7.70967550e-06 7.92262386e-06
2.31221229e+00 3.35181777e-07 7.76721699e-06 7.97631657e-06
2.32188682e+00 3.36584210e-07 7.82637705e-06 8.03088697e-06
2.33156135e+00 3.37986644e-07 7.88711857e-06 8.08631512e-06
2.34123588e+00 3.39389078e-07 7.94939904e-06 8.14257828e-06
2.35091041e+00 3.40791512e-07 8.01317071e-06 8.19965105e-06
2.36058494e+00 3.42193946e-07 8.07838081e-06 8.25750546e-06
2.37025946e+00 3.43596381e-07 8.14497177e-06 8.31611110e-06
2.37993399e+00 3.44998816e-07 8.21288148e-06 8.37543530e-06
2.38960852e+00 3.46401252e-07 8.28204349e-06 8.43544323e-06
2.39928305e+00 3.47803688e-07 8.35238736e-06 8.49609810e-06
2.40895758e+00 3.49206125e-07 8.42383889e-06 8.55736127e-06
2.41863211e+00 3.50608562e-07 8.49632041e-06 8.61919246e-06
2.42830663e+00 3.52011000e-07 8.56975113e-06 8.68154990e-06
2.43798116e+00 3.53413437e-07 8.64404738e-06 8.74439050e-06
2.44765569e+00 3.54815875e-07 8.71912299e-06 8.80767002e-06
2.45733022e+00 3.56218314e-07 8.79488960e-06 8.87134327e-06
2.46700475e+00 3.57620753e-07 8.87125696e-06 8.93536427e-06
2.47667928e+00 3.59023193e-07 8.94813330e-06 8.99968639e-06
2.48635381e+00 3.60425633e-07 9.02542564e-06 9.06426263e-06
2.49602833e+00 3.61828073e-07 9.10304014e-06 9.12904566e-06
2.50570286e+00 3.63230513e-07 9.18088242e-06 9.19398809e-06
2.51537739e+00 3.64632955e-07 9.25885794e-06 9.25904262e-06
2.52505192e+00 3.66035396e-07 9.33687228e-06 9.32416216e-06
2.53472645e+00 3.67437838e-07 9.41483150e-06 9.38930007e-06
2.54440098e+00 3.68840280e-07 9.49264247e-06 9.45441025e-06
2.55407550e+00 3.70242722e-07 9.57021320e-06 9.51944733e-06
2.56375003e+00 3.71645164e-07 9.64745314e-06 9.58436681e-06
2.57342456e+00 3.73047607e-07 9.72427351e-06 9.64912522e-06
2.58309909e+00 3.74450051e-07 9.80058762e-06 9.71368024e-06
2.59277362e+00 3.75852494e-07 9.87631111e-06 9.77799086e-06
2.60244815e+00 3.77254938e-07 9.95136233e-06 9.84201747e-06
2.61212267e+00 3.78657381e-07 1.00256625e-05 9.90572205e-06
2.62179720e+00 3.80059825e-07 1.00991362e-05 9.96906820e-06
2.63147173e+00 3.81462270e-07 1.01717113e-05 1.00320214e-05
2.64114626e+00 3.82864714e-07 1.02433195e-05 1.00945488e-05
2.65082079e+00 3.84267158e-07 1.03138964e-05 1.01566198e-05
2.66049532e+00 3.85669603e-07 1.03833818e-05 1.02182058e-05
2.67016985e+00 3.87072047e-07 1.04517199e-05 1.02792802e-05
2.67984437e+00 3.88474492e-07 1.05188594e-05 1.03398190e-05
2.68951890e+00 3.89876936e-07 1.05847540e-05 1.03998000e-05
2.69919343e+00 3.91279381e-07 1.06493619e-05 1.04592040e-05
2.70886796e+00 3.92681826e-07 1.07126468e-05 1.05180138e-05
2.71854249e+00 3.94084270e-07 1.07745772e-05 1.05762150e-05
2.72821702e+00 3.95486715e-07 1.08351273e-05 1.06337954e-05
2.73789154e+00 3.96889159e-07 1.08942763e-05 1.06907458e-05
2.74756607e+00 3.98291603e-07 1.09520092e-05 1.07470593e-05
2.75724060e+00 3.99694047e-07 1.10083164e-05 1.08027318e-05
2.76691513e+00 4.01096491e-07 1.10631938e-05 1.08577618e-05
2.77658966e+00 4.02498935e-07 1.11166430e-05 1.09121506e-05
2.78626419e+00 4.03901378e-07 1.11686712e-05 1.09659021e-05
2.79593871e+00 4.05303821e-07 1.12192912e-05 1.10190228e-05
2.80561324e+00 4.06706264e-07 1.12685212e-05 1.10715218e-05
2.81528777e+00 4.08108707e-07 1.13163850e-05 1.11234111e-05
2.82496230e+00 4.09511149e-07 1.13629118e-05 1.11747051e-05
2.83463683e+00 4.10913591e-07 1.14081362e-05 1.12254208e-05
2.84431136e+00 4.12316033e-07 1.14520979e-05 1.12755777e-05
2.85398589e+00 4.13718474e-07 1.14948418e-05 1.13251978e-05
2.86366041e+00 4.15120915e-07 1.15364175e-05 1.13743054e-05
2.87333494e+00 4.16523356e-07 1.15768796e-05 1.14229274e-05
2.88300947e+00 4.17925796e-07 1.16162872e-05 1.14710925e-05
2.89268400e+00 4.19328237e-07 1.16547037e-05 1.15188321e-05
2.90235853e+00 4.20730676e-07 1.16921970e-05 1.15661792e-05
2.91203306e+00 4.22133115e-07 1.17288385e-05 1.16131690e-05
2.92170758e+00 4.23535554e-07 1.17647035e-05 1.16598384e-05
2.93138211e+00 4.24937993e-07 1.17998707e-05 1.17062264e-05
2.94105664e+00 4.26340431e-07 1.18344220e-05 1.17523730e-05
2.95073117e+00 4.27742869e-07 1.18684422e-05 1.17983202e-05
2.96040570e+00 4.29145306e-07 1.19020184e-05 1.18441111e-05
2.97008023e+00 4.30547743e-07 1.19352401e-05 1.18897899e-05
2.97975475e+00 4.31950181e-07 1.19681990e-05 1.19354021e-05
2.98942928e+00 4.33352617e-07 1.20009879e-05 1.19809938e-05
2.99910381e+00 4.34755053e-07 1.20337012e-05 1.20266119e-05
3.00877834e+00 4.36157488e-07 1.20664340e-05 1.20723038e-05
3.01845287e+00 4.37559924e-07 1.20992821e-05 1.21181173e-05
3.02812740e+00 4.38962359e-07 1.21323416e-05 1.21641003e-05
3.03780193e+00 4.40364794e-07 1.21657080e-05 1.22103010e-05
3.04747645e+00 4.41767228e-07 1.21994769e-05 1.22567669e-05
3.05715098e+00 4.43169662e-07 1.22337424e-05 1.23035455e-05
3.06682551e+00 4.44572096e-07 1.22685979e-05 1.23506836e-05
3.07650004e+00 4.45974530e-07 1.23041348e-05 1.23982275e-05
3.08617457e+00 4.47376963e-07 1.23404427e-05 1.24462221e-05
3.09584910e+00 4.48779396e-07 1.23776090e-05 1.24947117e-05
3.10552362e+00 4.50181830e-07 1.24157183e-05 1.25437391e-05
3.11519815e+00 4.51584262e-07 1.24548523e-05 1.25933454e-05
3.12487268e+00 4.52986695e-07 1.24950895e-05 1.26435706e-05
3.13454721e+00 4.54389128e-07 1.25365046e-05 1.26944524e-05
3.14422174e+00 4.55791561e-07 1.25791687e-05 1.27460269e-05
3.15389627e+00 4.57193994e-07 1.26231484e-05 1.27983279e-05
3.16357079e+00 4.58596425e-07 1.26685061e-05 1.28513870e-05
3.17324532e+00 4.59998858e-07 1.27152995e-05 1.29052335e-05
3.18291985e+00 4.61401291e-07 1.27635812e-05 1.29598941e-05
3.19259438e+00 4.62803724e-07 1.28133989e-05 1.30153929e-05
3.20226891e+00 4.64206156e-07 1.28647948e-05 1.30717514e-05
3.21194344e+00 4.65608588e-07 1.29178059e-05 1.31289880e-05
3.22161797e+00 4.67011021e-07 1.29724632e-05 1.31871186e-05
3.23129249e+00 4.68413455e-07 1.30287923e-05 1.32461558e-05
3.24096702e+00 4.69815888e-07 1.30868128e-05 1.33061094e-05
3.25064155e+00 4.71218321e-07 1.31465383e-05 1.33669862e-05
3.26031608e+00 4.72620754e-07 1.32079767e-05 1.34287897e-05
3.26999061e+00 4.74023188e-07 1.32711297e-05 1.34915205e-05
3.27966514e+00 4.75425622e-07 1.33359930e-05 1.35551760e-05
3.28933966e+00 4.76828056e-07 1.34025565e-05 1.36197507e-05
3.29901419e+00 4.78230491e-07 1.34708040e-05 1.36852358e-05
3.30868872e+00 4.79632925e-07 1.35407136e-05 1.37516199e-05
3.31836325e+00 4.81035361e-07 1.36122575e-05 1.38188882e-05
3.32803778e+00 4.82437796e-07 1.36854025e-05 1.38870233e-05
3.33771231e+00 4.83840232e-07 1.37601096e-05 1.39560049e-05
3.34738683e+00 4.85242668e-07 1.38363347e-05 1.40258101e-05
3.35706136e+00 4.86645105e-07 1.39140285e-05 1.40964132e-05
3.36673589e+00 4.88047542e-07 1.39931366e-05 1.41677861e-05
3.37641042e+00 4.89449979e-07 1.40735999e-05 1.42398985e-05
3.38608495e+00 4.90852417e-07 1.41553551e-05 1.43127175e-05
3.39575948e+00 4.92254855e-07 1.42383342e-05 1.43862082e-05
3.40543401e+00 4.93657293e-07 1.43224655e-05 1.44603339e-05
3.41510853e+00 4.95059732e-07 1.44076735e-05 1.45350560e-05
3.42478306e+00 4.96462171e-07 1.44938792e-05 1.46103340e-05
3.43445759e+00 4.97864611e-07 1.45810007e-05 1.46861262e-05
3.44413212e+00 4.99267051e-07 1.46689530e-05 1.47623895e-05
3.45380665e+00 5.00669491e-07 1.47576489e-05 1.48390795e-05
3.46348118e+00 5.02071933e-07 1.48469989e-05 1.49161509e-05
3.47315570e+00 5.03474374e-07 1.49369117e-05 1.49935575e-05
3.48283023e+00 5.04876816e-07 1.50272945e-05 1.50712526e-05
3.49250476e+00 5.06279258e-07 1.51180534e-05 1.51491889e-05
3.50217929e+00 5.07681700e-07 1.52090936e-05 1.52273188e-05
3.51185382e+00 5.09084143e-07 1.53003200e-05 1.53055947e-05
3.52152835e+00 5.10486587e-07 1.53916373e-05 1.53839689e-05
3.53120288e+00 5.11889031e-07 1.54829506e-05 1.54623940e-05
3.54087740e+00 5.13291474e-07 1.55741653e-05 1.55408230e-05
3.55055193e+00 5.14693919e-07 1.56651880e-05 1.56192095e-05
3.56022646e+00 5.16096363e-07 1.57559263e-05 1.56975077e-05
3.56990099e+00 5.17498808e-07 1.58462897e-05 1.57756728e-05
3.57957552e+00 5.18901253e-07 1.59361893e-05 1.58536609e-05
3.58925005e+00 5.20303698e-07 1.60255388e-05 1.59314295e-05
3.59892457e+00 5.21706144e-07 1.61142539e-05 1.60089373e-05
3.60859910e+00 5.23108590e-07 1.62022537e-05 1.60861444e-05
3.61827363e+00 5.24511036e-07 1.62894600e-05 1.61630126e-05
3.62794816e+00 5.25913482e-07 1.63757983e-05 1.62395054e-05
3.63762269e+00 5.27315928e-07 1.64611974e-05 1.63155883e-05
3.64729722e+00 5.28718375e-07 1.65455903e-05 1.63912285e-05
3.65697174e+00 5.30120821e-07 1.66289140e-05 1.64663954e-05
3.66664627e+00 5.31523267e-07 1.67111100e-05 1.65410607e-05
3.67632080e+00 5.32925714e-07 1.67921242e-05 1.66151982e-05
3.68599533e+00 5.34328161e-07 1.68719074e-05 1.66887841e-05
3.69566986e+00 5.35730607e-07 1.69504151e-05 1.67617970e-05
3.70534439e+00 5.37133054e-07 1.70276082e-05 1.68342181e-05
3.71501892e+00 5.38535501e-07 1.71034526e-05 1.69060311e-05
3.72469344e+00 5.39937947e-07 1.71779197e-05 1.69772222e-05
3.73436797e+00 5.41340393e-07 1.72509861e-05 1.70477806e-05
3.74404250e+00 5.42742839e-07 1.73226343e-05 1.71176979e-05
3.75371703e+00 5.44145286e-07 1.73928521e-05 1.71869684e-05
3.76339156e+00 5.45547732e-07 1.74616331e-05 1.72555894e-05
3.77306609e+00 5.46950178e-07 1.75289765e-05 1.73235608e-05
3.78274061e+00 5.48352623e-07 1.75948873e-05 1.73908852e-05
3.79241514e+00 5.49755068e-07 1.76593759e-05 1.74575681e-05
3.80208967e+00 5.51157513e-07 1.77224586e-05 1.75236178e-05
3.81176420e+00 5.52559958e-07 1.77841572e-05 1.75890450e-05
3.82143873e+00 5.53962403e-07 1.78444990e-05 1.76538633e-05
3.83111326e+00 5.55364847e-07 1.79035167e-05 1.77180891e-05
3.84078778e+00 5.56767291e-07 1.79612483e-05 1.77817412e-05
3.85046231e+00 5.58169735e-07 1.80177369e-05 1.78448408e-05
3.86013684e+00 5.59572178e-07 1.80730309e-05 1.79074119e-05
3.86981137e+00 5.60974621e-07 1.81271833e-05 1.79694806e-05
3.87948590e+00 5.62377064e-07 1.81802519e-05 1.80310755e-05
3.88916043e+00 5.63779506e-07 1.82322988e-05 1.80922274e-05
3.89883496e+00 5.65181948e-07 1.82833907e-05 1.81529690e-05
3.90850948e+00 5.66584389e-07 1.83335979e-05 1.82133353e-05
3.91818401e+00 5.67986830e-07 1.83829949e-05 1.82733630e-05
3.92785854e+00 5.69389271e-07 1.84316593e-05 1.83330906e-05
3.93753307e+00 5.70791711e-07 1.84796723e-05 1.83925582e-05
3.94720760e+00 5.72194151e-07 1.85271178e-05 1.84518076e-05
3.95688213e+00 5.73596591e-07 1.85740825e-05 1.85108816e-05
3.96655665e+00 5.74999030e-07 1.86206552e-05 1.85698245e-05
3.97623118e+00 5.76401469e-07 1.86669271e-05 1.86286814e-05
3.98590571e+00 5.77803907e-07 1.87129906e-05 1.86874986e-05
3.99558024e+00 5.79206346e-07 1.87589399e-05 1.87463228e-05
4.00525477e+00 5.80608783e-07 1.88048698e-05 1.88052013e-05
4.01492930e+00 5.82011221e-07 1.88508760e-05 1.88641820e-05
4.02460382e+00 5.83413658e-07 1.88970544e-05 1.89233126e-05
4.03427835e+00 5.84816095e-07 1.89435008e-05 1.89826413e-05
4.04395288e+00 5.86218531e-07 1.89903107e-05 1.90422158e-05
4.05362741e+00 5.87620968e-07 1.90375787e-05 1.91020835e-05
4.06330194e+00 5.89023404e-07 1.90853982e-05 1.91622913e-05
4.07297647e+00 5.90425840e-07 1.91338613e-05 1.92228854e-05
4.08265100e+00 5.91828275e-07 1.91830582e-05 1.92839113e-05
4.09232552e+00 5.93230710e-07 1.92330769e-05 1.93454130e-05
4.10200005e+00 5.94633145e-07 1.92840027e-05 1.94074338e-05
4.11167458e+00 5.96035580e-07 1.93359185e-05 1.94700151e-05
4.12134911e+00 5.97438016e-07 1.93889036e-05 1.95331971e-05
4.13102364e+00 5.98840450e-07 1.94430340e-05 1.95970181e-05
4.14069817e+00 6.00242885e-07 1.94983820e-05 1.96615146e-05
4.15037269e+00 6.01645320e-07 1.95550159e-05 1.97267210e-05
4.16004722e+00 6.03047754e-07 1.96129995e-05 1.97926696e-05
4.16972175e+00 6.04450189e-07 1.96723923e-05 1.98593903e-05
4.17939628e+00 6.05852623e-07 1.97332487e-05 1.99269107e-05
4.18907081e+00 6.07255058e-07 1.97956185e-05 1.99952559e-05
4.19874534e+00 6.08657492e-07 1.98595460e-05 2.00644482e-05
4.20841986e+00 6.10059927e-07 1.99250704e-05 2.01345073e-05
4.21809439e+00 6.11462362e-07 1.99922252e-05 2.02054501e-05
4.22776892e+00 6.12864797e-07 2.00610384e-05 2.02772906e-05
4.23744345e+00 6.14267232e-07 2.01315321e-05 2.03500400e-05
4.24711798e+00 6.15669667e-07 2.02037229e-05 2.04237062e-05
4.25679251e+00 6.17072102e-07 2.02776210e-05 2.04982945e-05
4.26646704e+00 6.18474538e-07 2.03532312e-05 2.05738069e-05
4.27614156e+00 6.19876974e-07 2.04305522e-05 2.06502426e-05
4.28581609e+00 6.21279410e-07 2.05095765e-05 2.07275975e-05
4.29549062e+00 6.22681847e-07 2.05902910e-05 2.08058646e-05
4.30516515e+00 6.24084283e-07 2.06726768e-05 2.08850342e-05
4.31483968e+00 6.25486720e-07 2.07567090e-05 2.09650933e-05
4.32451421e+00 6.26889158e-07 2.08423572e-05 2.10460262e-05
4.33418873e+00 6.28291595e-07 2.09295853e-05 2.11278143e-05
4.34386326e+00 6.29694033e-07 2.10183521e-05 2.12104363e-05
4.35353779e+00 6.31096472e-07 2.11086109e-05 2.12938684e-05
4.36321232e+00 6.32498910e-07 2.12003100e-05 2.13780842e-05
4.37288685e+00 6.33901350e-07 2.12933929e-05 2.14630545e-05
4.38256138e+00 6.35303789e-07 2.13877985e-05 2.15487484e-05
4.39223590e+00 6.36706229e-07 2.14834611e-05 2.16351323e-05
4.40191043e+00 6.38108669e-07 2.15803111e-05 2.17221708e-05
4.41158496e+00 6.39511110e-07 2.16782750e-05 2.18098265e-05
4.42125949e+00 6.40913551e-07 2.17772756e-05 2.18980601e-05
4.43093402e+00 6.42315993e-07 2.18772324e-05 2.19868311e-05
4.44060855e+00 6.43718435e-07 2.19780620e-05 2.20760970e-05
4.45028308e+00 6.45120877e-07 2.20796782e-05 2.21658143e-05
4.45995760e+00 6.46523320e-07 2.21819926e-05 2.22559385e-05
4.46963213e+00 6.47925764e-07 2.22849147e-05 2.23464239e-05
4.47930666e+00 6.49328207e-07 2.23883523e-05 2.24372240e-05
4.48898119e+00 6.50730651e-07 2.24922118e-05 2.25282919e-05
4.49865572e+00 6.52133095e-07 2.25963986e-05 2.26195801e-05
4.50833025e+00 6.53535540e-07 2.27008177e-05 2.27110410e-05
4.51800477e+00 6.54937985e-07 2.28053735e-05 2.28026267e-05
4.52767930e+00 6.56340431e-07 2.29099707e-05 2.28942896e-05
4.53735383e+00 6.57742877e-07 2.30145140e-05 2.29859822e-05
4.54702836e+00 6.59145323e-07 2.31189094e-05 2.30776576e-05
4.55670289e+00 6.60547769e-07 2.32230636e-05 2.31692694e-05
4.56637742e+00 6.61950216e-07 2.33268847e-05 2.32607721e-05
4.57605194e+00 6.63352663e-07 2.34302829e-05 2.33521209e-05
4.58572647e+00 6.64755111e-07 2.35331702e-05 2.34432723e-05
4.59540100e+00 6.66157558e-07 2.36354611e-05 2.35341841e-05
4.60507553e+00 6.67560006e-07 2.37370727e-05 2.36248152e-05
4.61475006e+00 6.68962454e-07 2.38379253e-05 2.37151263e-05
4.62442459e+00 6.70364902e-07 2.39379424e-05 2.38050798e-05
4.63409912e+00 6.71767350e-07 2.40370510e-05 2.38946396e-05
4.64377364e+00 6.73169799e-07 2.41351821e-05 2.39837720e-05
4.65344817e+00 6.74572247e-07 2.42322706e-05 2.40724449e-05
4.66312270e+00 6.75974696e-07 2.43282558e-05 2.41606286e-05
4.67279723e+00 6.77377144e-07 2.44230816e-05 2.42482957e-05
4.68247176e+00 6.78779593e-07 2.45166964e-05 2.43354209e-05
4.69214629e+00 6.80182042e-07 2.46090539e-05 2.44219816e-05
4.70182081e+00 6.81584490e-07 2.47001125e-05 2.45079576e-05
4.71149534e+00 6.82986939e-07 2.47898360e-05 2.45933313e-05
4.72116987e+00 6.84389388e-07 2.48781938e-05 2.46780878e-05
4.73084440e+00 6.85791836e-07 2.49651603e-05 2.47622148e-05
4.74051893e+00 6.87194284e-07 2.50507160e-05 2.48457028e-05
4.75019346e+00 6.88596732e-07 2.51348467e-05 2.49285452e-05
4.75986798e+00 6.89999181e-07 2.52175439e-05 2.50107380e-05
4.76954251e+00 6.91401628e-07 2.52988053e-05 2.50922802e-05
4.77921704e+00 6.92804076e-07 2.53786337e-05 2.51731736e-05
4.78889157e+00 6.94206524e-07 2.54570383e-05 2.52534226e-05
4.79856610e+00 6.95608971e-07 2.55340335e-05 2.53330348e-05
4.80824063e+00 6.97011418e-07 2.56096399e-05 2.54120202e-05
4.81791516e+00 6.98413864e-07 2.56838833e-05 2.54903920e-05
4.82758968e+00 6.99816311e-07 2.57567953e-05 2.55681658e-05
4.83726421e+00 7.01218756e-07 2.58284130e-05 2.56453601e-05
4.84693874e+00 7.02621203e-07 2.58987787e-05 2.57219957e-05
4.85661327e+00 7.04023648e-07 2.59679398e-05 2.57980963e-05
4.86628780e+00 7.05426093e-07 2.60359490e-05 2.58736881e-05
4.87596233e+00 7.06828538e-07 2.61028637e-05 2.59487994e-05
4.88563685e+00 7.08230982e-07 2.61687460e-05 2.60234611e-05
4.89531138e+00 7.09633426e-07 2.62336625e-05 2.60977062e-05
4.90498591e+00 7.11035870e-07 2.62976840e-05 2.61715698e-05
4.91466044e+00 7.12438313e-07 2.63608854e-05 2.62450891e-05
4.92433497e+00 7.13840756e-07 2.64233453e-05 2.63183031e-05
4.93400950e+00 7.15243198e-07 2.64851457e-05 2.63912526e-05
4.94368403e+00 7.16645641e-07 2.65463720e-05 2.64639799e-05
4.95335855e+00 7.18048082e-07 2.66071125e-05 2.65365290e-05
4.96303308e+00 7.19450524e-07 2.66674580e-05 2.66089451e-05
4.97270761e+00 7.20852965e-07 2.67275019e-05 2.66812746e-05
4.98238214e+00 7.22255405e-07 2.67873393e-05 2.67535649e-05
4.99205667e+00 7.23657846e-07 2.68470674e-05 2.68258644e-05
5.00173120e+00 7.25060286e-07 2.69067844e-05 2.68982222e-05
