#	Time	Error_of_Energy	Error_of_Position	Error_of_Velocity
4.83726421e-03 -1.23040127e-11 2.34078039e-06 5.84771877e-06
9.67452842e-03 -4.92045128e-11 4.69167242e-06 1.17001316e-05
1.45117926e-02 -1.10667785e-10 7.06272795e-06 1.75619218e-05
1.93490568e-02 -1.96636139e-10 9.46388095e-06 2.34377512e-05
2.41863211e-02 -3.07031119e-10 1.19048928e-05 2.93322495e-05
2.90235853e-02 -4.41750167e-10 1.43953021e-05 3.52500042e-05
3.38608495e-02 -6.00669188e-10 1.69443805e-05 4.11955499e-05
3.86981137e-02 -7.83640241e-10 1.95610953e-05 4.71733590e-05
4.35353779e-02 -9.90494235e-10 2.22540787e-05 5.31878320e-05
4.83726421e-02 -1.22104080e-09 2.50316049e-05 5.92432885e-05
5.32099063e-02 -1.47506596e-09 2.79015737e-05 6.53439584e-05
5.80471705e-02 -1.75233526e-09 3.08715012e-05 7.14939740e-05
6.28844348e-02 -2.05259191e-09 3.39485164e-05 7.76973623e-05
6.77216990e-02 -2.37555849e-09 3.71393632e-05 8.39580380e-05
7.25589632e-02 -2.72093631e-09 4.04504064e-05 9.02797967e-05
7.73962274e-02 -3.08840576e-09 4.38876420e-05 9.66663094e-05
8.22334916e-02 -3.47762738e-09 4.74567100e-05 1.03121117e-04
8.70707558e-02 -3.88824158e-09 5.11629088e-05 1.09647625e-04
9.19080200e-02 -4.31986722e-09 5.50112116e-05 1.16249100e-04
9.67452842e-02 -4.77210625e-09 5.90062831e-05 1.22928666e-04
1.01582548e-01 -5.24454113e-09 6.31524965e-05 1.29689302e-04
1.06419813e-01 -5.73673433e-09 6.74539503e-05 1.36533837e-04
1.11257077e-01 -6.24823035e-09 7.19144844e-05 1.43464952e-04
1.16094341e-01 -6.77855744e-09 7.65376955e-05 1.50485174e-04
1.20931605e-01 -7.32722446e-09 8.13269517e-05 1.57596880e-04
1.25768870e-01 -7.89372427e-09 8.62854056e-05 1.64802292e-04
1.30606134e-01 -8.47753356e-09 9.14160068e-05 1.72103480e-04
1.35443398e-01 -9.07811224e-09 9.67215125e-05 1.79502361e-04
1.40280662e-01 -9.69490534e-09 1.02204497e-04 1.87000699e-04
1.45117926e-01 -1.03273420e-08 1.07867362e-04 1.94600108e-04
1.49955191e-01 -1.09748390e-08 1.13712343e-04 2.02302053e-04
1.54792455e-01 -1.16367969e-08 1.19741513e-04 2.10107849e-04
1.59629719e-01 -1.23126038e-08 1.25956794e-04 2.18018667e-04
1.64466983e-01 -1.30016356e-08 1.32359958e-04 2.26035533e-04
1.69304247e-01 -1.37032550e-08 1.38952631e-04 2.34159333e-04
1.74141512e-01 -1.44168142e-08 1.45736296e-04 2.42390811e-04
1.78978776e-01 -1.51416533e-08 1.52712297e-04 2.50730577e-04
1.83816040e-01 -1.58771024e-08 1.59881839e-04 2.59179108e-04
1.88653304e-01 -1.66224825e-08 1.67245993e-04 2.67736748e-04
1.93490568e-01 -1.73771038e-08 1.74805692e-04 2.76403716e-04
1.98327833e-01 -1.81402695e-08 1.82561734e-04 2.85180104e-04
2.03165097e-01 -1.89112751e-08 1.90514785e-04 2.94065885e-04
2.08002361e-01 -1.96894075e-08 1.98665373e-04 3.03060912e-04
2.12839625e-01 -2.04739478e-08 2.07013894e-04 3.12164925e-04
2.17676890e-01 -2.12641714e-08 2.15560607e-04 3.21377550e-04
2.22514154e-01 -2.20593482e-08 2.24305635e-04 3.30698307e-04
2.27351418e-01 -2.28587436e-08 2.33248968e-04 3.40126608e-04
2.32188682e-01 -2.36616197e-08 2.42390456e-04 3.49661766e-04
2.37025946e-01 -2.44672337e-08 2.51729811e-04 3.59302992e-04
2.41863211e-01 -2.52748425e-08 2.61266609e-04 3.69049404e-04
2.46700475e-01 -2.60836997e-08 2.71000286e-04 3.78900026e-04
2.51537739e-01 -2.68930584e-08 2.80930136e-04 3.88853792e-04
2.56375003e-01 -2.77021715e-08 2.91055316e-04 3.98909552e-04
2.61212267e-01 -2.85102909e-08 3.01374841e-04 4.09066070e-04
2.66049532e-01 -2.93166711e-08 3.11887584e-04 4.19322031e-04
2.70886796e-01 -3.01205668e-08 3.22592275e-04 4.29676041e-04
2.75724060e-01 -3.09212362e-08 3.33487506e-04 4.40126634e-04
2.80561324e-01 -3.17179398e-08 3.44571723e-04 4.50672269e-04
2.85398589e-01 -3.25099423e-08 3.55843231e-04 4.61311338e-04
2.90235853e-01 -3.32965117e-08 3.67300194e-04 4.72042165e-04
2.95073117e-01 -3.40769225e-08 3.78940633e-04 4.82863011e-04
2.99910381e-01 -3.48504543e-08 3.90762428e-04 4.93772076e-04
3.04747645e-01 -3.56163924e-08 4.02763319e-04 5.04767501e-04
3.09584910e-01 -3.63740299e-08 4.14940903e-04 5.15847369e-04
3.14422174e-01 -3.71226675e-08 4.27292642e-04 5.27009713e-04
3.19259438e-01 -3.78616149e-08 4.39815857e-04 5.38252511e-04
3.24096702e-01 -3.85901889e-08 4.52507732e-04 5.49573694e-04
3.28933966e-01 -3.93077176e-08 4.65365316e-04 5.60971145e-04
3.33771231e-01 -4.00135382e-08 4.78385523e-04 5.72442703e-04
3.38608495e-01 -4.07069999e-08 4.91565135e-04 5.83986164e-04
3.43445759e-01 -4.13874625e-08 5.04900803e-04 5.95599285e-04
3.48283023e-01 -4.20542981e-08 5.18389048e-04 6.07279784e-04
3.53120288e-01 -4.27068914e-08 5.32026267e-04 6.19025343e-04
3.57957552e-01 -4.33446399e-08 5.45808729e-04 6.30833609e-04
3.62794816e-01 -4.39669556e-08 5.59732583e-04 6.42702200e-04
3.67632080e-01 -4.45732641e-08 5.73793857e-04 6.54628700e-04
3.72469344e-01 -4.51630051e-08 5.87988465e-04 6.66610668e-04
3.77306609e-01 -4.57356357e-08 6.02312202e-04 6.78645635e-04
3.82143873e-01 -4.62906271e-08 6.16760757e-04 6.90731109e-04
3.86981137e-01 -4.68274666e-08 6.31329708e-04 7.02864574e-04
3.91818401e-01 -4.73456604e-08 6.46014529e-04 7.15043493e-04
3.96655665e-01 -4.78447290e-08 6.60810591e-04 7.27265313e-04
4.01492930e-01 -4.83242124e-08 6.75713171e-04 7.39527461e-04
4.06330194e-01 -4.87836689e-08 6.90717447e-04 7.51827349e-04
4.11167458e-01 -4.92226739e-08 7.05818510e-04 7.64162375e-04
4.16004722e-01 -4.96408223e-08 7.21011361e-04 7.76529927e-04
4.20841986e-01 -5.00377292e-08 7.36290922e-04 7.88927380e-04
4.25679251e-01 -5.04130278e-08 7.51652032e-04 8.01352101e-04
4.30516515e-01 -5.07663731e-08 7.67089459e-04 8.13801451e-04
4.35353779e-01 -5.10974370e-08 7.82597898e-04 8.26272784e-04
4.40191043e-01 -5.14059158e-08 7.98171978e-04 8.38763450e-04
4.45028308e-01 -5.16915246e-08 8.13806267e-04 8.51270799e-04
4.49865572e-01 -5.19540000e-08 8.29495276e-04 8.63792177e-04
4.54702836e-01 -5.21931002e-08 8.45233462e-04 8.76324933e-04
4.59540100e-01 -5.24086038e-08 8.61015235e-04 8.88866417e-04
4.64377364e-01 -5.26003125e-08 8.76834961e-04 9.01413982e-04
4.69214629e-01 -5.27680496e-08 8.92686966e-04 9.13964989e-04
4.74051893e-01 -5.29116603e-08 9.08565545e-04 9.26516803e-04
4.78889157e-01 -5.30310122e-08 9.24464960e-04 9.39066799e-04
4.83726421e-01 -5.31259952e-08 9.40379452e-04 9.51612360e-04
4.88563685e-01 -5.31965214e-08 9.56303240e-04 9.64150881e-04
4.93400950e-01 -5.32425263e-08 9.72230531e-04 9.76679771e-04
4.98238214e-01 -5.32639673e-08 9.88155521e-04 9.89196449e-04
5.03075478e-01 -5.32608247e-08 1.00407240e-03 1.00169835e-03
5.07912742e-01 -5.32331012e-08 1.01997537e-03 1.01418294e-03
5.12750007e-01 -5.31808220e-08 1.03585861e-03 1.02664768e-03
5.17587271e-01 -5.31040360e-08 1.05171635e-03 1.03909006e-03
5.22424535e-01 -5.30028138e-08 1.06754280e-03 1.05150759e-03
5.27261799e-01 -5.28772489e-08 1.08333221e-03 1.06389782e-03
5.32099063e-01 -5.27274561e-08 1.09907885e-03 1.07625829e-03
5.36936328e-01 -5.25535751e-08 1.11477702e-03 1.08858660e-03
5.41773592e-01 -5.23557651e-08 1.13042105e-03 1.10088035e-03
5.46610856e-01 -5.21342093e-08 1.14600534e-03 1.11313718e-03
5.51448120e-01 -5.18891115e-08 1.16152429e-03 1.12535475e-03
5.56285384e-01 -5.16206980e-08 1.17697239e-03 1.13753077e-03
5.61122649e-01 -5.13292165e-08 1.19234416e-03 1.14966295e-03
5.65959913e-01 -5.10149355e-08 1.20763420e-03 1.16174908e-03
5.70797177e-01 -5.06781453e-08 1.22283715e-03 1.17378693e-03
5.75634441e-01 -5.03191557e-08 1.23794775e-03 1.18577433e-03
5.80471705e-01 -4.99382988e-08 1.25296078e-03 1.19770917e-03
5.85308970e-01 -4.95359262e-08 1.26787114e-03 1.20958934e-03
5.90146234e-01 -4.91124080e-08 1.28267378e-03 1.22141279e-03
5.94983498e-01 -4.86681355e-08 1.29736376e-03 1.23317751e-03
5.99820762e-01 -4.82035178e-08 1.31193621e-03 1.24488152e-03
6.04658027e-01 -4.77189839e-08 1.32638638e-03 1.25652289e-03
6.09495291e-01 -4.72149815e-08 1.34070961e-03 1.26809975e-03
6.14332555e-01 -4.66919746e-08 1.35490134e-03 1.27961024e-03
6.19169819e-01 -4.61504468e-08 1.36895714e-03 1.29105258e-03
6.24007083e-01 -4.55908967e-08 1.38287267e-03 1.30242502e-03
6.28844348e-01 -4.50138410e-08 1.39664373e-03 1.31372586e-03
6.33681612e-01 -4.44198117e-08 1.41026621e-03 1.32495346e-03
6.38518876e-01 -4.38093574e-08 1.42373617e-03 1.33610623e-03
6.43356140e-01 -4.31830414e-08 1.43704975e-03 1.34718262e-03
6.48193404e-01 -4.25414407e-08 1.45020326e-03 1.35818115e-03
6.53030669e-01 -4.18851489e-08 1.46319313e-03 1.36910037e-03
6.57867933e-01 -4.12147700e-08 1.47601593e-03 1.37993891e-03
6.62705197e-01 -4.05309239e-08 1.48866837e-03 1.39069546e-03
6.67542461e-01 -3.98342410e-08 1.50114732e-03 1.40136873e-03
6.72379726e-01 -3.91253645e-08 1.51344977e-03 1.41195754e-03
6.77216990e-01 -3.84049486e-08 1.52557288e-03 1.42246073e-03
6.82054254e-01 -3.76736585e-08 1.53751398e-03 1.43287723e-03
6.86891518e-01 -3.69321691e-08 1.54927052e-03 1.44320600e-03
6.91728782e-01 -3.61811639e-08 1.56084013e-03 1.45344609e-03
6.96566047e-01 -3.54213375e-08 1.57222060e-03 1.46359661e-03
7.01403311e-01 -3.46533903e-08 1.58340988e-03 1.47365672e-03
7.06240575e-01 -3.38780318e-08 1.59440609e-03 1.48362565e-03
7.11077839e-01 -3.30959777e-08 1.60520751e-03 1.49350272e-03
7.15915103e-01 -3.23079502e-08 1.61581259e-03 1.50328729e-03
7.20752368e-01 -3.15146759e-08 1.62621996e-03 1.51297879e-03
7.25589632e-01 -3.07168884e-08 1.63642841e-03 1.52257673e-03
7.30426896e-01 -2.99153236e-08 1.64643691e-03 1.53208070e-03
7.35264160e-01 -2.91107215e-08 1.65624460e-03 1.54149032e-03
7.40101424e-01 -2.83038260e-08 1.66585080e-03 1.55080533e-03
7.44938689e-01 -2.74953812e-08 1.67525501e-03 1.56002552e-03
7.49775953e-01 -2.66861347e-08 1.68445689e-03 1.56915073e-03
7.54613217e-01 -2.58768329e-08 1.69345631e-03 1.57818092e-03
7.59450481e-01 -2.50682237e-08 1.70225328e-03 1.58711609e-03
7.64287746e-01 -2.42610539e-08 1.71084802e-03 1.59595633e-03
7.69125010e-01 -2.34560689e-08 1.71924092e-03 1.60470179e-03
7.73962274e-01 -2.26540124e-08 1.72743253e-03 1.61335270e-03
7.78799538e-01 -2.18556250e-08 1.73542360e-03 1.62190939e-03
7.83636802e-01 -2.10616451e-08 1.74321505e-03 1.63037224e-03
7.88474067e-01 -2.02728046e-08 1.75080800e-03 1.63874170e-03
7.93311331e-01 -1.94898341e-08 1.75820371e-03 1.64701833e-03
7.98148595e-01 -1.87134560e-08 1.76540363e-03 1.65520273e-03
8.02985859e-01 -1.79443873e-08 1.77240941e-03 1.66329560e-03
8.07823123e-01 -1.71833393e-08 1.77922285e-03 1.67129772e-03
8.12660388e-01 -1.64310147e-08 1.78584593e-03 1.67920994e-03
8.17497652e-01 -1.56881080e-08 1.79228080e-03 1.68703318e-03
8.22334916e-01 -1.49553067e-08 1.79852979e-03 1.69476846e-03
8.27172180e-01 -1.42332884e-08 1.80459539e-03 1.70241684e-03
8.32009445e-01 -1.35227197e-08 1.81048027e-03 1.70997950e-03
8.36846709e-01 -1.28242567e-08 1.81618724e-03 1.71745768e-03
8.41683973e-01 -1.21385456e-08 1.82171931e-03 1.72485268e-03
8.46521237e-01 -1.14662205e-08 1.82707964e-03 1.73216591e-03
8.51358501e-01 -1.08079018e-08 1.83227152e-03 1.73939883e-03
8.56195766e-01 -1.01641989e-08 1.83729845e-03 1.74655298e-03
8.61033030e-01 -9.53570608e-09 1.84216404e-03 1.75363000e-03
8.65870294e-01 -8.92300453e-09 1.84687207e-03 1.76063156e-03
8.70707558e-01 -8.32666098e-09 1.85142647e-03 1.76755946e-03
8.75544822e-01 -7.74722617e-09 1.85583132e-03 1.77441552e-03
8.80382087e-01 -7.18523610e-09 1.86009084e-03 1.78120166e-03
8.85219351e-01 -6.64121034e-09 1.86420938e-03 1.78791989e-03
8.90056615e-01 -6.11565169e-09 1.86819144e-03 1.79457224e-03
8.94893879e-01 -5.60904589e-09 1.87204165e-03 1.80116085e-03
8.99731143e-01 -5.12186163e-09 1.87576478e-03 1.80768793e-03
9.04568408e-01 -4.65454926e-09 1.87936570e-03 1.81415573e-03
9.09405672e-01 -4.20754056e-09 1.88284942e-03 1.82056659e-03
9.14242936e-01 -3.78124896e-09 1.88622107e-03 1.82692291e-03
9.19080200e-01 -3.37606893e-09 1.88948590e-03 1.83322714e-03
9.23917465e-01 -2.99237544e-09 1.89264925e-03 1.83948180e-03
9.28754729e-01 -2.63052181e-09 1.89571659e-03 1.84568948e-03
9.33591993e-01 -2.29084455e-09 1.89869346e-03 1.85185282e-03
9.38429257e-01 -1.97365596e-09 1.90158553e-03 1.85797451e-03
9.43266521e-01 -1.67925050e-09 1.90439855e-03 1.86405730e-03
9.48103786e-01 -1.40790046e-09 1.90713835e-03 1.87010399e-03
9.52941050e-01 -1.15985623e-09 1.90981085e-03 1.87611744e-03
9.57778314e-01 -9.35347383e-10 1.91242205e-03 1.88210055e-03
9.62615578e-01 -7.34581617e-10 1.91497801e-03 1.88805626e-03
9.67452842e-01 -5.57744302e-10 1.91748488e-03 1.89398756e-03
9.72290107e-01 -4.04999274e-10 1.91994885e-03 1.89989749e-03
9.77127371e-01 -2.76487677e-10 1.92237618e-03 1.90578910e-03
9.81964635e-01 -1.72328352e-10 1.92477317e-03 1.91166550e-03
9.86801899e-01 -9.26177030e-11 1.92714617e-03 1.91752983e-03
9.91639164e-01 -3.74294431e-11 1.92950158e-03 1.92338525e-03
9.96476428e-01 -6.81472337e-12 1.93184583e-03 1.92923495e-03
1.00131369e+00 -8.01490848e-13 1.93418536e-03 1.93508214e-03
1.00615096e+00 -1.93957708e-11 1.93652665e-03 1.94093005e-03
1.01098822e+00 -6.25802567e-11 1.93887619e-03 1.94678195e-03
1.01582548e+00 -1.30314694e-10 1.94124049e-03 1.95264108e-03
1.02066275e+00 -2.22536267e-10 1.94362605e-03 1.95851074e-03
1.02550001e+00 -3.39161134e-10 1.94603938e-03 1.96439418e-03
1.03033728e+00 -4.80079172e-10 1.94848696e-03 1.97029471e-03
1.03517454e+00 -6.45162186e-10 1.95097527e-03 1.97621561e-03
1.04001181e+00 -8.34255824e-10 1.95351077e-03 1.98216015e-03
1.04484907e+00 -1.04718676e-09 1.95609989e-03 1.98813161e-03
1.04968633e+00 -1.28375707e-09 1.95874901e-03 1.99413325e-03
1.05452360e+00 -1.54374727e-09 1.96146450e-03 2.00016830e-03
1.05936086e+00 -1.82691890e-09 1.96425264e-03 2.00624001e-03
1.06419813e+00 -2.13300893e-09 1.96711970e-03 2.01235157e-03
1.06903539e+00 -2.46173401e-09 1.97007184e-03 2.01850616e-03
1.07387266e+00 -2.81279059e-09 1.97311520e-03 2.02470693e-03
1.07870992e+00 -3.18585433e-09 1.97625581e-03 2.03095699e-03
1.08354718e+00 -3.58057960e-09 1.97949963e-03 2.03725940e-03
1.08838445e+00 -3.99660219e-09 1.98285254e-03 2.04361721e-03
1.09322171e+00 -4.43353675e-09 1.98632032e-03 2.05003339e-03
1.09805898e+00 -4.89098021e-09 1.98990863e-03 2.05651089e-03
1.10289624e+00 -5.36850851e-09 1.99362306e-03 2.06305259e-03
1.10773350e+00 -5.86568026e-09 1.99746905e-03 2.06966130e-03
1.11257077e+00 -6.38203651e-09 2.00145194e-03 2.07633980e-03
1.11740803e+00 -6.91709895e-09 2.00557694e-03 2.08309078e-03
1.12224530e+00 -7.47037403e-09 2.00984913e-03 2.08991688e-03
1.12708256e+00 -8.04134960e-09 2.01427344e-03 2.09682065e-03
1.13191983e+00 -8.62949838e-09 2.01885466e-03 2.10380458e-03
1.13675709e+00 -9.23427565e-09 2.02359745e-03 2.11087107e-03
1.14159435e+00 -9.85512275e-09 2.02850629e-03 2.11802245e-03
1.14643162e+00 -1.04914662e-08 2.03358551e-03 2.12526096e-03
1.15126888e+00 -1.11427178e-08 2.03883927e-03 2.13258876e-03
1.15610615e+00 -1.18082745e-08 2.04427157e-03 2.14000789e-03
1.16094341e+00 -1.24875225e-08 2.04988621e-03 2.14752034e-03
1.16578068e+00 -1.31798334e-08 2.05568685e-03 2.15512798e-03
1.17061794e+00 -1.38845676e-08 2.06167692e-03 2.16283257e-03
1.17545520e+00 -1.46010734e-08 2.06785970e-03 2.17063580e-03
1.18029247e+00 -1.53286892e-08 2.07423825e-03 2.17853923e-03
1.18512973e+00 -1.60667422e-08 2.08081547e-03 2.18654433e-03
1.18996700e+00 -1.68145507e-08 2.08759401e-03 2.19465245e-03
1.19480426e+00 -1.75714228e-08 2.09457637e-03 2.20286486e-03
1.19964152e+00 -1.83366602e-08 2.10176481e-03 2.21118269e-03
1.20447879e+00 -1.91095558e-08 2.10916140e-03 2.21960696e-03
1.20931605e+00 -1.98893954e-08 2.11676800e-03 2.22813860e-03
1.21415332e+00 -2.06754576e-08 2.12458624e-03 2.23677840e-03
1.21899058e+00 -2.14670170e-08 2.13261757e-03 2.24552706e-03
1.22382785e+00 -2.22633423e-08 2.14086320e-03 2.25438514e-03
1.22866511e+00 -2.30636983e-08 2.14932413e-03 2.26335311e-03
1.23350237e+00 -2.38673442e-08 2.15800116e-03 2.27243130e-03
1.23833964e+00 -2.46735395e-08 2.16689485e-03 2.28161994e-03
1.24317690e+00 -2.54815385e-08 2.17600557e-03 2.29091913e-03
1.24801417e+00 -2.62905952e-08 2.18533344e-03 2.30032887e-03
1.25285143e+00 -2.70999624e-08 2.19487839e-03 2.30984904e-03
1.25768870e+00 -2.79088924e-08 2.20464013e-03 2.31947938e-03
1.26252596e+00 -2.87166379e-08 2.21461815e-03 2.32921955e-03
1.26736322e+00 -2.95224539e-08 2.22481174e-03 2.33906908e-03
1.27220049e+00 -3.03255954e-08 2.23521996e-03 2.34902738e-03
1.27703775e+00 -3.11253215e-08 2.24584167e-03 2.35909378e-03
1.28187502e+00 -3.19208927e-08 2.25667552e-03 2.36926745e-03
1.28671228e+00 -3.27115754e-08 2.26771995e-03 2.37954748e-03
1.29154954e+00 -3.34966396e-08 2.27897321e-03 2.38993287e-03
1.29638681e+00 -3.42753596e-08 2.29043334e-03 2.40042247e-03
1.30122407e+00 -3.50470180e-08 2.30209818e-03 2.41101507e-03
1.30606134e+00 -3.58109013e-08 2.31396537e-03 2.42170932e-03
1.31089860e+00 -3.65663040e-08 2.32603237e-03 2.43250380e-03
1.31573587e+00 -3.73125295e-08 2.33829645e-03 2.44339697e-03
1.32057313e+00 -3.80488891e-08 2.35075470e-03 2.45438721e-03
1.32541039e+00 -3.87747031e-08 2.36340400e-03 2.46547281e-03
1.33024766e+00 -3.94893009e-08 2.37624110e-03 2.47665194e-03
1.33508492e+00 -4.01920236e-08 2.38926253e-03 2.48792272e-03
1.33992219e+00 -4.08822226e-08 2.40246468e-03 2.49928315e-03
1.34475945e+00 -4.15592608e-08 2.41584376e-03 2.51073118e-03
1.34959672e+00 -4.22225135e-08 2.42939585e-03 2.52226465e-03
1.35443398e+00 -4.28713683e-08 2.44311683e-03 2.53388134e-03
1.35927124e+00 -4.35052267e-08 2.45700245e-03 2.54557896e-03
1.36410851e+00 -4.41235039e-08 2.47104833e-03 2.55735512e-03
1.36894577e+00 -4.47256292e-08 2.48524993e-03 2.56920741e-03
1.37378304e+00 -4.53110472e-08 2.49960256e-03 2.58113330e-03
1.37862030e+00 -4.58792175e-08 2.51410144e-03 2.59313023e-03
1.38345756e+00 -4.64296168e-08 2.52874162e-03 2.60519558e-03
1.38829483e+00 -4.69617361e-08 2.54351807e-03 2.61732667e-03
1.39313209e+00 -4.74750843e-08 2.55842560e-03 2.62952075e-03
1.39796936e+00 -4.79691895e-08 2.57345894e-03 2.64177504e-03
1.40280662e+00 -4.84435946e-08 2.58861271e-03 2.65408672e-03
1.40764389e+00 -4.88978618e-08 2.60388142e-03 2.66645289e-03
1.41248115e+00 -4.93315723e-08 2.61925950e-03 2.67887066e-03
1.41731841e+00 -4.97443265e-08 2.63474128e-03 2.69133704e-03
1.42215568e+00 -5.01357433e-08 2.65032101e-03 2.70384907e-03
1.42699294e+00 -5.05054616e-08 2.66599285e-03 2.71640372e-03
1.43183021e+00 -5.08531405e-08 2.68175091e-03 2.72899793e-03
1.43666747e+00 -5.11784591e-08 2.69758922e-03 2.74162863e-03
1.44150474e+00 -5.14811173e-08 2.71350174e-03 2.75429273e-03
1.44634200e+00 -5.17608361e-08 2.72948239e-03 2.76698711e-03
1.45117926e+00 -5.20173574e-08 2.74552504e-03 2.77970863e-03
1.45601653e+00 -5.22504447e-08 2.76162349e-03 2.79245414e-03
1.46085379e+00 -5.24598832e-08 2.77777152e-03 2.80522050e-03
1.46569106e+00 -5.26454797e-08 2.79396289e-03 2.81800453e-03
1.47052832e+00 -5.28070628e-08 2.81019129e-03 2.83080307e-03
1.47536558e+00 -5.29444833e-08 2.82645044e-03 2.84361295e-03
1.48020285e+00 -5.30576147e-08 2.84273398e-03 2.85643099e-03
1.48504011e+00 -5.31463526e-08 2.85903561e-03 2.86925403e-03
1.48987738e+00 -5.32106155e-08 2.87534895e-03 2.88207891e-03
1.49471464e+00 -5.32503435e-08 2.89166768e-03 2.89490248e-03
1.49955191e+00 -5.32655005e-08 2.90798545e-03 2.90772160e-03
1.50438917e+00 -5.32560721e-08 2.92429592e-03 2.92053314e-03
1.50922643e+00 -5.32220676e-08 2.94059279e-03 2.93333399e-03
1.51406370e+00 -5.31635176e-08 2.95686975e-03 2.94612107e-03
1.51890096e+00 -5.30804765e-08 2.97312053e-03 2.95889131e-03
1.52373823e+00 -5.29730213e-08 2.98933890e-03 2.97164167e-03
1.52857549e+00 -5.28412505e-08 3.00551866e-03 2.98436912e-03
1.53341276e+00 -5.26852858e-08 3.02165363e-03 2.99707068e-03
1.53825002e+00 -5.25052710e-08 3.03773771e-03 3.00974340e-03
1.54308728e+00 -5.23013722e-08 3.05376483e-03 3.02238434e-03
1.54792455e+00 -5.20737772e-08 3.06972899e-03 3.03499062e-03
1.55276181e+00 -5.18226965e-08 3.08562423e-03 3.04755939e-03
1.55759908e+00 -5.15483614e-08 3.10144469e-03 3.06008784e-03
1.56243634e+00 -5.12510243e-08 3.11718455e-03 3.07257319e-03
1.56727360e+00 -5.09309605e-08 3.13283808e-03 3.08501272e-03
1.57211087e+00 -5.05884646e-08 3.14839963e-03 3.09740375e-03
1.57694813e+00 -5.02238525e-08 3.16386363e-03 3.10974364e-03
1.58178540e+00 -4.98374610e-08 3.17922462e-03 3.12202982e-03
1.58662266e+00 -4.94296455e-08 3.19447722e-03 3.13425973e-03
1.59145993e+00 -4.90007838e-08 3.20961613e-03 3.14643091e-03
1.59629719e+00 -4.85512705e-08 3.22463619e-03 3.15854093e-03
1.60113445e+00 -4.80815193e-08 3.23953233e-03 3.17058742e-03
1.60597172e+00 -4.75919654e-08 3.25429958e-03 3.18256806e-03
1.61080898e+00 -4.70830594e-08 3.26893312e-03 3.19448059e-03
1.61564625e+00 -4.65552707e-08 3.28342821e-03 3.20632284e-03
1.62048351e+00 -4.60090871e-08 3.29778026e-03 3.21809265e-03
1.62532078e+00 -4.54450118e-08 3.31198480e-03 3.22978798e-03
1.63015804e+00 -4.48635652e-08 3.32603749e-03 3.24140681e-03
1.63499530e+00 -4.42652839e-08 3.33993414e-03 3.25294721e-03
1.63983257e+00 -4.36507207e-08 3.35367068e-03 3.26440732e-03
1.64466983e+00 -4.30204415e-08 3.36724318e-03 3.27578532e-03
1.64950710e+00 -4.23750279e-08 3.38064787e-03 3.28707950e-03
1.65434436e+00 -4.17150767e-08 3.39388112e-03 3.29828819e-03
1.65918162e+00 -4.10411950e-08 3.40693946e-03 3.30940981e-03
1.66401889e+00 -4.03540066e-08 3.41981957e-03 3.32044285e-03
1.66885615e+00 -3.96541451e-08 3.43251827e-03 3.33138587e-03
1.67369342e+00 -3.89422558e-08 3.44503257e-03 3.34223750e-03
1.67853068e+00 -3.82189963e-08 3.45735963e-03 3.35299646e-03
1.68336795e+00 -3.74850339e-08 3.46949677e-03 3.36366155e-03
1.68820521e+00 -3.67410462e-08 3.48144148e-03 3.37423163e-03
1.69304247e+00 -3.59877197e-08 3.49319141e-03 3.38470565e-03
1.69787974e+00 -3.52257498e-08 3.50474441e-03 3.39508264e-03
1.70271700e+00 -3.44558405e-08 3.51609848e-03 3.40536172e-03
1.70755427e+00 -3.36787020e-08 3.52725180e-03 3.41554206e-03
1.71239153e+00 -3.28950515e-08 3.53820272e-03 3.42562294e-03
1.71722880e+00 -3.21056130e-08 3.54894978e-03 3.43560371e-03
1.72206606e+00 -3.13111150e-08 3.55949170e-03 3.44548382e-03
1.72690332e+00 -3.05122913e-08 3.56982737e-03 3.45526279e-03
1.73174059e+00 -2.97098797e-08 3.57995588e-03 3.46494021e-03
1.73657785e+00 -2.89046208e-08 3.58987648e-03 3.47451577e-03
1.74141512e+00 -2.80972583e-08 3.59958861e-03 3.48398926e-03
1.74625238e+00 -2.72885372e-08 3.60909192e-03 3.49336052e-03
1.75108964e+00 -2.64792054e-08 3.61838620e-03 3.50262951e-03
1.75592691e+00 -2.56700094e-08 3.62747146e-03 3.51179624e-03
1.76076417e+00 -2.48616974e-08 3.63634788e-03 3.52086084e-03
1.76560144e+00 -2.40550151e-08 3.64501584e-03 3.52982349e-03
1.77043870e+00 -2.32507082e-08 3.65347588e-03 3.53868450e-03
1.77527597e+00 -2.24495197e-08 3.66172875e-03 3.54744421e-03
1.78011323e+00 -2.16521894e-08 3.66977536e-03 3.55610310e-03
1.78495049e+00 -2.08594536e-08 3.67761683e-03 3.56466171e-03
1.78978776e+00 -2.00720453e-08 3.68525444e-03 3.57312065e-03
1.79462502e+00 -1.92906909e-08 3.69268966e-03 3.58148064e-03
1.79946229e+00 -1.85161132e-08 3.69992416e-03 3.58974248e-03
1.80429955e+00 -1.77490279e-08 3.70695975e-03 3.59790704e-03
1.80913682e+00 -1.69901432e-08 3.71379846e-03 3.60597529e-03
1.81397408e+00 -1.62401601e-08 3.72044246e-03 3.61394827e-03
1.81881134e+00 -1.54997727e-08 3.72689413e-03 3.62182712e-03
1.82364861e+00 -1.47696644e-08 3.73315600e-03 3.62961304e-03
1.82848587e+00 -1.40505099e-08 3.73923077e-03 3.63730734e-03
1.83332314e+00 -1.33429735e-08 3.74512134e-03 3.64491137e-03
1.83816040e+00 -1.26477106e-08 3.75083073e-03 3.65242661e-03
1.84299766e+00 -1.19653617e-08 3.75636216e-03 3.65985457e-03
1.84783493e+00 -1.12965584e-08 3.76171901e-03 3.66719688e-03
1.85267219e+00 -1.06419188e-08 3.76690480e-03 3.67445521e-03
1.85750946e+00 -1.00020484e-08 3.77192323e-03 3.68163135e-03
1.86234672e+00 -9.37753817e-09 3.77677814e-03 3.68872711e-03
1.86718399e+00 -8.76896548e-09 3.78147351e-03 3.69574443e-03
1.87202125e+00 -8.17689270e-09 3.78601350e-03 3.70268529e-03
1.87685851e+00 -7.60186763e-09 3.79040238e-03 3.70955173e-03
1.88169578e+00 -7.04442126e-09 3.79464459e-03 3.71634591e-03
1.88653304e+00 -6.50506920e-09 3.79874468e-03 3.72307000e-03
1.89137031e+00 -5.98431065e-09 3.80270735e-03 3.72972627e-03
1.89620757e+00 -5.48262609e-09 3.80653743e-03 3.73631706e-03
1.90104484e+00 -5.00048012e-09 3.81023988e-03 3.74284475e-03
1.90588210e+00 -4.53831809e-09 3.81381975e-03 3.74931180e-03
1.91071936e+00 -4.09656766e-09 3.81728225e-03 3.75572073e-03
1.91555663e+00 -3.67563677e-09 3.82063267e-03 3.76207411e-03
1.92039389e+00 -3.27591488e-09 3.82387643e-03 3.76837456e-03
1.92523116e+00 -2.89777183e-09 3.82701903e-03 3.77462478e-03
1.93006842e+00 -2.54155696e-09 3.83006611e-03 3.78082750e-03
1.93490568e+00 -2.20759988e-09 3.83302335e-03 3.78698550e-03
1.93974295e+00 -1.89620940e-09 3.83589656e-03 3.79310163e-03
1.94458021e+00 -1.60767296e-09 3.83869161e-03 3.79917875e-03
1.94941748e+00 -1.34225757e-09 3.84141448e-03 3.80521981e-03
1.95425474e+00 -1.10020951e-09 3.84407118e-03 3.81122775e-03
1.95909201e+00 -8.81751849e-10 3.84666784e-03 3.81720558e-03
1.96392927e+00 -6.87086747e-10 3.84921060e-03 3.82315635e-03
1.96876653e+00 -5.16394451e-10 3.85170570e-03 3.82908313e-03
1.97360380e+00 -3.69832132e-10 3.85415940e-03 3.83498901e-03
1.97844106e+00 -2.47536192e-10 3.85657804e-03 3.84087713e-03
1.98327833e+00 -1.49618804e-10 3.85896797e-03 3.84675064e-03
1.98811559e+00 -7.61716287e-11 3.86133560e-03 3.85261273e-03
1.99295286e+00 -2.72617138e-11 3.86368735e-03 3.85846659e-03
1.99779012e+00 -2.93456926e-12 3.86602967e-03 3.86431544e-03
2.00262738e+00 -3.21327065e-12 3.86836903e-03 3.87016249e-03
2.00746465e+00 -2.80965360e-11 3.87071191e-03 3.87601100e-03
2.01230191e+00 -7.75618026e-11 3.87306480e-03 3.88186421e-03
2.01713918e+00 -1.51563176e-10 3.87543419e-03 3.88772536e-03
2.02197644e+00 -2.50032582e-10 3.87782654e-03 3.89359772e-03
2.02681370e+00 -3.72879131e-10 3.88024833e-03 3.89948452e-03
2.03165097e+00 -5.19988853e-10 3.88270601e-03 3.90538901e-03
2.03648823e+00 -6.91225347e-10 3.88520599e-03 3.91131443e-03
2.04132550e+00 -8.86430545e-10 3.88775467e-03 3.91726400e-03
2.04616276e+00 -1.10542446e-09 3.89035840e-03 3.92324093e-03
2.05100003e+00 -1.34800428e-09 3.89302349e-03 3.92924842e-03
2.05583729e+00 -1.61394527e-09 3.89575620e-03 3.93528962e-03
2.06067455e+00 -1.90300118e-09 3.89856274e-03 3.94136769e-03
2.06551182e+00 -2.21490534e-09 3.90144924e-03 3.94748574e-03
2.07034908e+00 -2.54937009e-09 3.90442179e-03 3.95364686e-03
2.07518635e+00 -2.90608428e-09 3.90748639e-03 3.95985410e-03
2.08002361e+00 -3.28471961e-09 3.91064895e-03 3.96611046e-03
2.08486088e+00 -3.68492545e-09 3.91391531e-03 3.97241893e-03
2.08969814e+00 -4.10633170e-09 3.91729121e-03 3.97878243e-03
2.09453540e+00 -4.54854876e-09 3.92078230e-03 3.98520384e-03
2.09937267e+00 -5.01116756e-09 3.92439412e-03 3.99168598e-03
2.10420993e+00 -5.49376069e-09 3.92813210e-03 3.99823163e-03
2.10904720e+00 -5.99588175e-09 3.93200156e-03 4.00484351e-03
2.11388446e+00 -6.51706656e-09 3.93600770e-03 4.01152428e-03
2.11872173e+00 -7.05683321e-09 3.94015559e-03 4.01827653e-03
2.12355899e+00 -7.61468251e-09 3.94445018e-03 4.02510279e-03
2.12839625e+00 -8.19009935e-09 3.94889625e-03 4.03200552e-03
2.13323352e+00 -8.78255134e-09 3.95349849e-03 4.03898711e-03
2.13807078e+00 -9.39149080e-09 3.95826141e-03 4.04604987e-03
2.14290805e+00 -1.00163550e-08 3.96318938e-03 4.05319603e-03
2.14774531e+00 -1.06565664e-08 3.96828661e-03 4.06042776e-03
2.15258257e+00 -1.13115328e-08 3.97355715e-03 4.06774713e-03
2.15741984e+00 -1.19806493e-08 3.97900490e-03 4.07515613e-03
2.16225710e+00 -1.26632967e-08 3.98463356e-03 4.08265667e-03
2.16709437e+00 -1.33588451e-08 3.99044670e-03 4.09025055e-03
2.17193163e+00 -1.40666511e-08 3.99644769e-03 4.09793951e-03
2.17676890e+00 -1.47860607e-08 4.00263972e-03 4.10572516e-03
2.18160616e+00 -1.55164095e-08 4.00902580e-03 4.11360906e-03
2.18644342e+00 -1.62570217e-08 4.01560875e-03 4.12159263e-03
2.19128069e+00 -1.70072130e-08 4.02239121e-03 4.12967721e-03
2.19611795e+00 -1.77662910e-08 4.02937564e-03 4.13786406e-03
2.20095522e+00 -1.85335539e-08 4.03656427e-03 4.14615429e-03
2.20579248e+00 -1.93082924e-08 4.04395916e-03 4.15454896e-03
2.21062975e+00 -2.00897915e-08 4.05156217e-03 4.16304898e-03
2.21546701e+00 -2.08773287e-08 4.05937495e-03 4.17165520e-03
2.22030427e+00 -2.16701762e-08 4.06739895e-03 4.18036833e-03
2.22514154e+00 -2.24676019e-08 4.07563543e-03 4.18918898e-03
2.22997880e+00 -2.32688695e-08 4.08408542e-03 4.19811766e-03
2.23481607e+00 -2.40732381e-08 4.09274977e-03 4.20715477e-03
2.23965333e+00 -2.48799658e-08 4.10162910e-03 4.21630061e-03
2.24449059e+00 -2.56883060e-08 4.11072384e-03 4.22555535e-03
2.24932786e+00 -2.64975133e-08 4.12003420e-03 4.23491907e-03
2.25416512e+00 -2.73068398e-08 4.12956020e-03 4.24439173e-03
2.25900239e+00 -2.81155382e-08 4.13930162e-03 4.25397319e-03
2.26383965e+00 -2.89228613e-08 4.14925808e-03 4.26366321e-03
2.26867692e+00 -2.97280642e-08 4.15942895e-03 4.27346142e-03
2.27351418e+00 -3.05304031e-08 4.16981341e-03 4.28336735e-03
2.27835144e+00 -3.13291370e-08 4.18041045e-03 4.29338044e-03
2.28318871e+00 -3.21235284e-08 4.19121883e-03 4.30350000e-03
2.28802597e+00 -3.29128441e-08 4.20223713e-03 4.31372525e-03
2.29286324e+00 -3.36963551e-08 4.21346372e-03 4.32405532e-03
2.29770050e+00 -3.44733383e-08 4.22489677e-03 4.33448920e-03
2.30253777e+00 -3.52430761e-08 4.23653426e-03 4.34502580e-03
2.30737503e+00 -3.60048577e-08 4.24837397e-03 4.35566395e-03
2.31221229e+00 -3.67579807e-08 4.26041350e-03 4.36640234e-03
2.31704956e+00 -3.75017493e-08 4.27265024e-03 4.37723959e-03
2.32188682e+00 -3.82354773e-08 4.28508142e-03 4.38817423e-03
2.32672409e+00 -3.89584868e-08 4.29770407e-03 4.39920467e-03
2.33156135e+00 -3.96701110e-08 4.31051505e-03 4.41032925e-03
2.33639861e+00 -4.03696933e-08 4.32351103e-03 4.42154623e-03
2.34123588e+00 -4.10565874e-08 4.33668853e-03 4.43285375e-03
2.34607314e+00 -4.17301604e-08 4.35004389e-03 4.44424988e-03
2.35091041e+00 -4.23897896e-08 4.36357327e-03 4.45573263e-03
2.35574767e+00 -4.30348677e-08 4.37727269e-03 4.46729990e-03
2.36058494e+00 -4.36647973e-08 4.39113802e-03 4.47894952e-03
2.36542220e+00 -4.42789993e-08 4.40516495e-03 4.49067925e-03
2.37025946e+00 -4.48769057e-08 4.41934905e-03 4.50248676e-03
2.37509673e+00 -4.54579651e-08 4.43368572e-03 4.51436968e-03
2.37993399e+00 -4.60216414e-08 4.44817026e-03 4.52632555e-03
2.38477126e+00 -4.65674149e-08 4.46279779e-03 4.53835184e-03
2.38960852e+00 -4.70947815e-08 4.47756334e-03 4.55044598e-03
2.39444579e+00 -4.76032549e-08 4.49246180e-03 4.56260533e-03
2.39928305e+00 -4.80923658e-08 4.50748794e-03 4.57482717e-03
2.40412031e+00 -4.85616633e-08 4.52263642e-03 4.58710877e-03
2.40895758e+00 -4.90107141e-08 4.53790180e-03 4.59944732e-03
2.41379484e+00 -4.94391047e-08 4.55327852e-03 4.61183997e-03
2.41863211e+00 -4.98464394e-08 4.56876093e-03 4.62428382e-03
2.42346937e+00 -5.02323425e-08 4.58434330e-03 4.63677593e-03
2.42830663e+00 -5.05964576e-08 4.60001981e-03 4.64931333e-03
2.43314390e+00 -5.09384496e-08 4.61578454e-03 4.66189300e-03
2.43798116e+00 -5.12580028e-08 4.63163152e-03 4.67451190e-03
2.44281843e+00 -5.15548223e-08 4.64755469e-03 4.68716695e-03
2.44765569e+00 -5.18286342e-08 4.66354796e-03 4.69985505e-03
2.45249296e+00 -5.20791862e-08 4.67960513e-03 4.71257308e-03
2.45733022e+00 -5.23062472e-08 4.69572000e-03 4.72531787e-03
2.46216748e+00 -5.25096074e-08 4.71188629e-03 4.73808628e-03
2.46700475e+00 -5.26890804e-08 4.72809769e-03 4.75087512e-03
2.47184201e+00 -5.28444994e-08 4.74434787e-03 4.76368119e-03
2.47667928e+00 -5.29757214e-08 4.76063045e-03 4.77650130e-03
2.48151654e+00 -5.30826258e-08 4.77693903e-03 4.78933224e-03
2.48635381e+00 -5.31651139e-08 4.79326721e-03 4.80217080e-03
2.49119107e+00 -5.32231090e-08 4.80960855e-03 4.81501378e-03
2.49602833e+00 -5.32565580e-08 4.82595664e-03 4.82785795e-03
2.50086560e+00 -5.32654300e-08 4.84230504e-03 4.84070013e-03
2.50570286e+00 -5.32497174e-08 4.85864734e-03 4.85353712e-03
2.51054013e+00 -5.32094336e-08 4.87497712e-03 4.86636574e-03
2.51537739e+00 -5.31446162e-08 4.89128799e-03 4.87918282e-03
2.52021465e+00 -5.30553253e-08 4.90757358e-03 4.89198521e-03
2.52505192e+00 -5.29416436e-08 4.92382755e-03 4.90476978e-03
2.52988918e+00 -5.28036749e-08 4.94004360e-03 4.91753343e-03
2.53472645e+00 -5.26415468e-08 4.95621546e-03 4.93027307e-03
2.53956371e+00 -5.24554096e-08 4.97233690e-03 4.94298564e-03
2.54440098e+00 -5.22454338e-08 4.98840177e-03 4.95566811e-03
2.54923824e+00 -5.20118137e-08 5.00440395e-03 4.96831750e-03
2.55407550e+00 -5.17547649e-08 5.02033738e-03 4.98093085e-03
2.55891277e+00 -5.14745240e-08 5.03619607e-03 4.99350522e-03
2.56375003e+00 -5.11713501e-08 5.05197413e-03 5.00603775e-03
2.56858730e+00 -5.08455221e-08 5.06766571e-03 5.01852559e-03
2.57342456e+00 -5.04973418e-08 5.08326506e-03 5.03096595e-03
2.57826183e+00 -5.01271285e-08 5.09876651e-03 5.04335607e-03
2.58309909e+00 -4.97352251e-08 5.11416449e-03 5.05569326e-03
2.58793635e+00 -4.93219925e-08 5.12945352e-03 5.06797487e-03
2.59277362e+00 -4.88878124e-08 5.14462822e-03 5.08019829e-03
2.59761088e+00 -4.84330851e-08 5.15968333e-03 5.09236100e-03
2.60244815e+00 -4.79582298e-08 5.17461368e-03 5.10446049e-03
2.60728541e+00 -4.74636847e-08 5.18941423e-03 5.11649435e-03
2.61212267e+00 -4.69499060e-08 5.20408006e-03 5.12846021e-03
2.61695994e+00 -4.64173675e-08 5.21860635e-03 5.14035577e-03
2.62179720e+00 -4.58665616e-08 5.23298845e-03 5.15217878e-03
2.62663447e+00 -4.52979949e-08 5.24722180e-03 5.16392707e-03
2.63147173e+00 -4.47121930e-08 5.26130200e-03 5.17559854e-03
2.63630900e+00 -4.41096961e-08 5.27522477e-03 5.18719115e-03
2.64114626e+00 -4.34910601e-08 5.28898600e-03 5.19870293e-03
2.64598352e+00 -4.28568558e-08 5.30258171e-03 5.21013198e-03
2.65082079e+00 -4.22076685e-08 5.31600805e-03 5.22147649e-03
2.65565805e+00 -4.15440974e-08 5.32926137e-03 5.23273471e-03
2.66049532e+00 -4.08667543e-08 5.34233813e-03 5.24390497e-03
2.66533258e+00 -4.01762654e-08 5.35523498e-03 5.25498567e-03
2.67016985e+00 -3.94732664e-08 5.36794872e-03 5.26597531e-03
2.67500711e+00 -3.87584075e-08 5.38047630e-03 5.27687244e-03
2.67984437e+00 -3.80323478e-08 5.39281487e-03 5.28767571e-03
2.68468164e+00 -3.72957573e-08 5.40496173e-03 5.29838384e-03
2.68951890e+00 -3.65493163e-08 5.41691434e-03 5.30899566e-03
2.69435617e+00 -3.57937139e-08 5.42867037e-03 5.31951005e-03
2.69919343e+00 -3.50296471e-08 5.44022762e-03 5.32992599e-03
2.70403069e+00 -3.42578215e-08 5.45158411e-03 5.34024255e-03
2.70886796e+00 -3.34789496e-08 5.46273802e-03 5.35045887e-03
2.71370522e+00 -3.26937506e-08 5.47368772e-03 5.36057419e-03
2.71854249e+00 -3.19029490e-08 5.48443174e-03 5.37058783e-03
2.72337975e+00 -3.11072756e-08 5.49496882e-03 5.38049921e-03
2.72821702e+00 -3.03074642e-08 5.50529788e-03 5.39030782e-03
2.73305428e+00 -2.95042543e-08 5.51541802e-03 5.40001326e-03
2.73789154e+00 -2.86983864e-08 5.52532853e-03 5.40961519e-03
2.74272881e+00 -2.78906059e-08 5.53502889e-03 5.41911339e-03
2.74756607e+00 -2.70816578e-08 5.54451876e-03 5.42850771e-03
2.75240334e+00 -2.62722896e-08 5.55379801e-03 5.43779810e-03
2.75724060e+00 -2.54632483e-08 5.56286666e-03 5.44698459e-03
2.76207787e+00 -2.46552819e-08 5.57172496e-03 5.45606731e-03
2.76691513e+00 -2.38491365e-08 5.58037333e-03 5.46504647e-03
2.77175239e+00 -2.30455561e-08 5.58881238e-03 5.47392238e-03
2.77658966e+00 -2.22452834e-08 5.59704290e-03 5.48269544e-03
2.78142692e+00 -2.14490578e-08 5.60506588e-03 5.49136612e-03
2.78626419e+00 -2.06576146e-08 5.61288249e-03 5.49993500e-03
2.79110145e+00 -1.98716849e-08 5.62049410e-03 5.50840274e-03
2.79593871e+00 -1.90919947e-08 5.62790223e-03 5.51677010e-03
2.80077598e+00 -1.83192645e-08 5.63510863e-03 5.52503790e-03
2.80561324e+00 -1.75542084e-08 5.64211520e-03 5.53320709e-03
2.81045051e+00 -1.67975331e-08 5.64892403e-03 5.54127866e-03
2.81528777e+00 -1.60499377e-08 5.65553738e-03 5.54925372e-03
2.82012504e+00 -1.53121134e-08 5.66195771e-03 5.55713346e-03
2.82496230e+00 -1.45847418e-08 5.66818763e-03 5.56491914e-03
2.82979956e+00 -1.38684946e-08 5.67422994e-03 5.57261211e-03
2.83463683e+00 -1.31640341e-08 5.68008759e-03 5.58021381e-03
2.83947409e+00 -1.24720114e-08 5.68576373e-03 5.58772576e-03
2.84431136e+00 -1.17930663e-08 5.69126166e-03 5.59514955e-03
2.84914862e+00 -1.11278261e-08 5.69658482e-03 5.60248686e-03
2.85398589e+00 -1.04769056e-08 5.70173685e-03 5.60973945e-03
2.85882315e+00 -9.84090603e-09 5.70672153e-03 5.61690916e-03
2.86366041e+00 -9.22041609e-09 5.71154277e-03 5.62399788e-03
2.86849768e+00 -8.61600879e-09 5.71620468e-03 5.63100760e-03
2.87333494e+00 -8.02824307e-09 5.72071147e-03 5.63794038e-03
2.87817221e+00 -7.45766209e-09 5.72506752e-03 5.64479835e-03
2.88300947e+00 -6.90479327e-09 5.72927734e-03 5.65158369e-03
2.88784673e+00 -6.37014811e-09 5.73334558e-03 5.65829869e-03
2.89268400e+00 -5.85422043e-09 5.73727703e-03 5.66494566e-03
2.89752126e+00 -5.35748763e-09 5.74107659e-03 5.67152700e-03
2.90235853e+00 -4.88040892e-09 5.74474929e-03 5.67804518e-03
2.90719579e+00 -4.42342542e-09 5.74830028e-03 5.68450271e-03
2.91203306e+00 -3.98695892e-09 5.75173484e-03 5.69090216e-03
2.91687032e+00 -3.57141412e-09 5.75505834e-03 5.69724618e-03
2.92170758e+00 -3.17717433e-09 5.75827625e-03 5.70353744e-03
2.92654485e+00 -2.80460531e-09 5.76139418e-03 5.70977870e-03
2.93138211e+00 -2.45405024e-09 5.76441778e-03 5.71597274e-03
2.93621938e+00 -2.12583333e-09 5.76735284e-03 5.72212240e-03
2.94105664e+00 -1.82025930e-09 5.77020522e-03 5.72823056e-03
2.94589391e+00 -1.53760943e-09 5.77298084e-03 5.73430015e-03
2.95073117e+00 -1.27814586e-09 5.77568572e-03 5.74033414e-03
2.95556843e+00 -1.04210784e-09 5.77832594e-03 5.74633553e-03
2.96040570e+00 -8.29714812e-10 5.78090766e-03 5.75230736e-03
2.96524296e+00 -6.41161783e-10 5.78343707e-03 5.75825271e-03
2.97008023e+00 -4.76624249e-10 5.78592044e-03 5.76417467e-03
2.97491749e+00 -3.36253742e-10 5.78836408e-03 5.77007638e-03
2.97975475e+00 -2.20180766e-10 5.79077433e-03 5.77596099e-03
2.98459202e+00 -1.28511596e-10 5.79315759e-03 5.78183168e-03
2.98942928e+00 -6.13314847e-11 5.79552027e-03 5.78769164e-03
2.99426655e+00 -1.87032479e-11 5.79786881e-03 5.79354408e-03
2.99910381e+00 -6.65857880e-13 5.80020968e-03 5.79939222e-03
3.00394108e+00 -7.23521121e-12 5.80254934e-03 5.80523930e-03
3.00877834e+00 -3.84064364e-11 5.80489429e-03 5.81108855e-03
3.01361560e+00 -9.41496633e-11 5.80725100e-03 5.81694323e-03
3.01845287e+00 -1.74414254e-10 5.80962596e-03 5.82280657e-03
3.02329013e+00 -2.79125469e-10 5.81202562e-03 5.82868182e-03
3.02812740e+00 -4.08186264e-10 5.81445643e-03 5.83457221e-03
3.03296466e+00 -5.61477927e-10 5.81692483e-03 5.84048097e-03
3.03780193e+00 -7.38858415e-10 5.81943721e-03 5.84641132e-03
3.04263919e+00 -9.40162994e-10 5.82199992e-03 5.85236645e-03
3.04747645e+00 -1.16520706e-09 5.82461930e-03 5.85834957e-03
3.05231372e+00 -1.41378088e-09 5.82730161e-03 5.86436381e-03
3.05715098e+00 -1.68565563e-09 5.83005307e-03 5.87041233e-03
3.06198825e+00 -1.98057952e-09 5.83287984e-03 5.87649824e-03
3.06682551e+00 -2.29828013e-09 5.83578801e-03 5.88262461e-03
3.07166277e+00 -2.63846275e-09 5.83878361e-03 5.88879449e-03
3.07650004e+00 -3.00081404e-09 5.84187258e-03 5.89501090e-03
3.08133730e+00 -3.38499788e-09 5.84506079e-03 5.90127680e-03
3.08617457e+00 -3.79065968e-09 5.84835401e-03 5.90759512e-03
3.09101183e+00 -4.21742407e-09 5.85175792e-03 5.91396874e-03
3.09584910e+00 -4.66489634e-09 5.85527810e-03 5.92040050e-03
3.10068636e+00 -5.13266316e-09 5.85892002e-03 5.92689317e-03
3.10552362e+00 -5.62029201e-09 5.86268905e-03 5.93344949e-03
3.11036089e+00 -6.12733164e-09 5.86659043e-03 5.94007212e-03
3.11519815e+00 -6.65331360e-09 5.87062930e-03 5.94676366e-03
3.12003542e+00 -7.19775176e-09 5.87481065e-03 5.95352668e-03
3.12487268e+00 -7.76014182e-09 5.87913935e-03 5.96036363e-03
3.12970995e+00 -8.33996429e-09 5.88362013e-03 5.96727695e-03
3.13454721e+00 -8.93668449e-09 5.88825758e-03 5.97426895e-03
3.13938447e+00 -9.54974909e-09 5.89305615e-03 5.98134192e-03
3.14422174e+00 -1.01785926e-08 5.89802013e-03 5.98849804e-03
3.14905900e+00 -1.08226324e-08 5.90315367e-03 5.99573942e-03
3.15389627e+00 -1.14812746e-08 5.90846075e-03 6.00306810e-03
3.15873353e+00 -1.21539100e-08 5.91394518e-03 6.01048601e-03
3.16357079e+00 -1.28399162e-08 5.91961062e-03 6.01799503e-03
3.16840806e+00 -1.35386601e-08 5.92546054e-03 6.02559692e-03
3.17324532e+00 -1.42494957e-08 5.93149827e-03 6.03329339e-03
3.17808259e+00 -1.49717649e-08 5.93772693e-03 6.04108601e-03
3.18291985e+00 -1.57048024e-08 5.94414946e-03 6.04897630e-03
3.18775712e+00 -1.64479290e-08 5.95076865e-03 6.05696566e-03
3.19259438e+00 -1.72004589e-08 5.95758706e-03 6.06505541e-03
3.19743164e+00 -1.79616958e-08 5.96460710e-03 6.07324677e-03
3.20226891e+00 -1.87309383e-08 5.97183096e-03 6.08154084e-03
3.20710617e+00 -1.95074734e-08 5.97926065e-03 6.08993865e-03
3.21194344e+00 -2.02905851e-08 5.98689798e-03 6.09844112e-03
3.21678070e+00 -2.10795493e-08 5.99474457e-03 6.10704906e-03
3.22161797e+00 -2.18736377e-08 6.00280184e-03 6.11576318e-03
3.22645523e+00 -2.26721157e-08 6.01107099e-03 6.12458410e-03
3.23129249e+00 -2.34742465e-08 6.01955305e-03 6.13351231e-03
3.23612976e+00 -2.42792889e-08 6.02824883e-03 6.14254821e-03
3.24096702e+00 -2.50864998e-08 6.03715893e-03 6.15169212e-03
3.24580429e+00 -2.58951329e-08 6.04628376e-03 6.16094420e-03
3.25064155e+00 -2.67044415e-08 6.05562352e-03 6.17030455e-03
3.25547881e+00 -2.75136781e-08 6.06517820e-03 6.17977315e-03
3.26031608e+00 -2.83220965e-08 6.07494760e-03 6.18934987e-03
3.26515334e+00 -2.91289483e-08 6.08493131e-03 6.19903448e-03
3.26999061e+00 -2.99334898e-08 6.09512871e-03 6.20882664e-03
3.27482787e+00 -3.07349772e-08 6.10553898e-03 6.21872592e-03
3.27966514e+00 -3.15326706e-08 6.11616110e-03 6.22873176e-03
3.28450240e+00 -3.23258345e-08 6.12699385e-03 6.23884353e-03
3.28933966e+00 -3.31137351e-08 6.13803582e-03 6.24906046e-03
3.29417693e+00 -3.38956461e-08 6.14928537e-03 6.25938172e-03
3.29901419e+00 -3.46708444e-08 6.16074071e-03 6.26980634e-03
3.30385146e+00 -3.54386157e-08 6.17239982e-03 6.28033328e-03
3.30868872e+00 -3.61982504e-08 6.18426051e-03 6.29096138e-03
3.31352599e+00 -3.69490475e-08 6.19632037e-03 6.30168940e-03
3.31836325e+00 -3.76903140e-08 6.20857685e-03 6.31251600e-03
3.32320051e+00 -3.84213657e-08 6.22102716e-03 6.32343974e-03
3.32803778e+00 -3.91415278e-08 6.23366839e-03 6.33445909e-03
3.33287504e+00 -3.98501355e-08 6.24649739e-03 6.34557243e-03
3.33771231e+00 -4.05465354e-08 6.25951088e-03 6.35677806e-03
3.34254957e+00 -4.12300835e-08 6.27270540e-03 6.36807419e-03
3.34738683e+00 -4.19001505e-08 6.28607729e-03 6.37945892e-03
3.35222410e+00 -4.25561165e-08 6.29962276e-03 6.39093030e-03
3.35706136e+00 -4.31973775e-08 6.31333786e-03 6.40248629e-03
3.36189863e+00 -4.38233419e-08 6.32721846e-03 6.41412477e-03
3.36673589e+00 -4.44334310e-08 6.34126028e-03 6.42584353e-03
3.37157316e+00 -4.50270820e-08 6.35545892e-03 6.43764031e-03
3.37641042e+00 -4.56037476e-08 6.36980981e-03 6.44951276e-03
3.38124768e+00 -4.61628958e-08 6.38430825e-03 6.46145848e-03
3.38608495e+00 -4.67040106e-08 6.39894940e-03 6.47347498e-03
3.39092221e+00 -4.72265926e-08 6.41372829e-03 6.48555972e-03
3.39575948e+00 -4.77301599e-08 6.42863983e-03 6.49771010e-03
3.40059674e+00 -4.82142479e-08 6.44367882e-03 6.50992346e-03
3.40543401e+00 -4.86784097e-08 6.45883992e-03 6.52219707e-03
3.41027127e+00 -4.91222178e-08 6.47411770e-03 6.53452818e-03
3.41510853e+00 -4.95452621e-08 6.48950662e-03 6.54691397e-03
3.41994580e+00 -4.99471524e-08 6.50500104e-03 6.55935155e-03
3.42478306e+00 -5.03275183e-08 6.52059523e-03 6.57183803e-03
3.42962033e+00 -5.06860088e-08 6.53628337e-03 6.58437045e-03
3.43445759e+00 -5.10222934e-08 6.55205954e-03 6.59694582e-03
3.43929485e+00 -5.13360616e-08 6.56791779e-03 6.60956111e-03
3.44413212e+00 -5.16270246e-08 6.58385204e-03 6.62221326e-03
3.44896938e+00 -5.18949130e-08 6.59985619e-03 6.63489919e-03
3.45380665e+00 -5.21394810e-08 6.61592406e-03 6.64761578e-03
3.45864391e+00 -5.23605017e-08 6.63204942e-03 6.66035988e-03
3.46348118e+00 -5.25577721e-08 6.64822599e-03 6.67312835e-03
3.46831844e+00 -5.27311100e-08 6.66444744e-03 6.68591800e-03
3.47315570e+00 -5.28803556e-08 6.68070743e-03 6.69872564e-03
3.47799297e+00 -5.30053713e-08 6.69699957e-03 6.71154807e-03
3.48283023e+00 -5.31060418e-08 6.71331743e-03 6.72438207e-03
3.48766750e+00 -5.31822742e-08 6.72965460e-03 6.73722443e-03
3.49250476e+00 -5.32339983e-08 6.74600463e-03 6.75007193e-03
3.49734203e+00 -5.32611662e-08 6.76236106e-03 6.76292135e-03
3.50217929e+00 -5.32637527e-08 6.77871744e-03 6.77576947e-03
3.50701655e+00 -5.32417553e-08 6.79506734e-03 6.78861308e-03
3.51185382e+00 -5.31951958e-08 6.81140431e-03 6.80144898e-03
3.51669108e+00 -5.31241154e-08 6.82772193e-03 6.81427398e-03
3.52152835e+00 -5.30285800e-08 6.84401380e-03 6.82708490e-03
3.52636561e+00 -5.29086779e-08 6.86027357e-03 6.83987859e-03
3.53120288e+00 -5.27645198e-08 6.87649488e-03 6.85265191e-03
3.53604014e+00 -5.25962388e-08 6.89267145e-03 6.86540174e-03
3.54087740e+00 -5.24039894e-08 6.90879702e-03 6.87812500e-03
3.54571467e+00 -5.21879499e-08 6.92486539e-03 6.89081862e-03
3.55055193e+00 -5.19483188e-08 6.94087043e-03 6.90347958e-03
3.55538920e+00 -5.16853175e-08 6.95680604e-03 6.91610488e-03
3.56022646e+00 -5.13991880e-08 6.97266621e-03 6.92869156e-03
3.56506372e+00 -5.10901954e-08 6.98844499e-03 6.94123669e-03
3.56990099e+00 -5.07586236e-08 7.00413653e-03 6.95373741e-03
3.57473825e+00 -5.04047787e-08 7.01973504e-03 6.96619087e-03
3.57957552e+00 -5.00289874e-08 7.03523482e-03 6.97859427e-03
3.58441278e+00 -4.96315959e-08 7.05063026e-03 6.99094489e-03
3.58925005e+00 -4.92129710e-08 7.06591587e-03 7.00324002e-03
3.59408731e+00 -4.87734992e-08 7.08108624e-03 7.01547703e-03
3.59892457e+00 -4.83135850e-08 7.09613608e-03 7.02765332e-03
3.60376184e+00 -4.78336535e-08 7.11106019e-03 7.03976638e-03
3.60859910e+00 -4.73341470e-08 7.12585352e-03 7.05181373e-03
3.61343637e+00 -4.68155265e-08 7.14051112e-03 7.06379297e-03
3.61827363e+00 -4.62782705e-08 7.15502816e-03 7.07570174e-03
3.62311090e+00 -4.57228745e-08 7.16939996e-03 7.08753777e-03
3.62794816e+00 -4.51498509e-08 7.18362195e-03 7.09929884e-03
3.63278542e+00 -4.45597288e-08 7.19768970e-03 7.11098281e-03
3.63762269e+00 -4.39530525e-08 7.21159895e-03 7.12258759e-03
3.64245995e+00 -4.33303811e-08 7.22534555e-03 7.13411120e-03
3.64729722e+00 -4.26922902e-08 7.23892552e-03 7.14555168e-03
3.65213448e+00 -4.20393680e-08 7.25233502e-03 7.15690720e-03
3.65697174e+00 -4.13722171e-08 7.26557036e-03 7.16817596e-03
3.66180901e+00 -4.06914534e-08 7.27862803e-03 7.17935626e-03
3.66664627e+00 -3.99977057e-08 7.29150467e-03 7.19044649e-03
3.67148354e+00 -3.92916122e-08 7.30419707e-03 7.20144509e-03
3.67632080e+00 -3.85738264e-08 7.31670221e-03 7.21235061e-03
3.68115807e+00 -3.78450107e-08 7.32901722e-03 7.22316166e-03
3.68599533e+00 -3.71058370e-08 7.34113943e-03 7.23387695e-03
3.69083259e+00 -3.63569878e-08 7.35306631e-03 7.24449528e-03
3.69566986e+00 -3.55991544e-08 7.36479552e-03 7.25501550e-03
3.70050712e+00 -3.48330365e-08 7.37632492e-03 7.26543660e-03
3.70534439e+00 -3.40593413e-08 7.38765251e-03 7.27575761e-03
3.71018165e+00 -3.32787833e-08 7.39877652e-03 7.28597767e-03
3.71501892e+00 -3.24920826e-08 7.40969531e-03 7.29609601e-03
3.71985618e+00 -3.16999660e-08 7.42040747e-03 7.30611194e-03
3.72469344e+00 -3.09031641e-08 7.43091177e-03 7.31602487e-03
3.72953071e+00 -3.01024139e-08 7.44120713e-03 7.32583430e-03
3.73436797e+00 -2.92984533e-08 7.45129271e-03 7.33553981e-03
3.73920524e+00 -2.84920260e-08 7.46116783e-03 7.34514108e-03
3.74404250e+00 -2.76838751e-08 7.47083200e-03 7.35463788e-03
3.74887976e+00 -2.68747486e-08 7.48028493e-03 7.36403007e-03
3.75371703e+00 -2.60653931e-08 7.48952652e-03 7.37331761e-03
3.75855429e+00 -2.52565557e-08 7.49855685e-03 7.38250055e-03
3.76339156e+00 -2.44489836e-08 7.50737620e-03 7.39157901e-03
3.76822882e+00 -2.36434234e-08 7.51598505e-03 7.40055323e-03
3.77306609e+00 -2.28406181e-08 7.52438406e-03 7.40942354e-03
3.77790335e+00 -2.20413096e-08 7.53257406e-03 7.41819034e-03
3.78274061e+00 -2.12462369e-08 7.54055611e-03 7.42685414e-03
3.78757788e+00 -2.04561341e-08 7.54833142e-03 7.43541555e-03
3.79241514e+00 -1.96717303e-08 7.55590142e-03 7.44387523e-03
3.79725241e+00 -1.88937514e-08 7.56326770e-03 7.45223398e-03
3.80208967e+00 -1.81229157e-08 7.57043205e-03 7.46049265e-03
3.80692694e+00 -1.73599352e-08 7.57739643e-03 7.46865220e-03
3.81176420e+00 -1.66055149e-08 7.58416300e-03 7.47671369e-03
3.81660146e+00 -1.58603524e-08 7.59073409e-03 7.48467823e-03
3.82143873e+00 -1.51251358e-08 7.59711220e-03 7.49254704e-03
3.82627599e+00 -1.44005445e-08 7.60330002e-03 7.50032144e-03
3.83111326e+00 -1.36872484e-08 7.60930041e-03 7.50800280e-03
3.83595052e+00 -1.29859065e-08 7.61511639e-03 7.51559261e-03
3.84078778e+00 -1.22971666e-08 7.62075116e-03 7.52309241e-03
3.84562505e+00 -1.16216660e-08 7.62620809e-03 7.53050385e-03
3.85046231e+00 -1.09600286e-08 7.63149069e-03 7.53782863e-03
3.85529958e+00 -1.03128658e-08 7.63660266e-03 7.54506855e-03
3.86013684e+00 -9.68077644e-09 7.64154783e-03 7.55222550e-03
3.86497411e+00 -9.06434331e-09 7.64633021e-03 7.55930141e-03
3.86981137e+00 -8.46413846e-09 7.65095394e-03 7.56629831e-03
3.87464863e+00 -7.88071465e-09 7.65542330e-03 7.57321830e-03
3.87948590e+00 -7.31461213e-09 7.65974274e-03 7.58006354e-03
3.88432316e+00 -6.76635419e-09 7.66391683e-03 7.58683627e-03
3.88916043e+00 -6.23644849e-09 7.66795027e-03 7.59353880e-03
3.89399769e+00 -5.72538321e-09 7.67184792e-03 7.60017349e-03
3.89883496e+00 -5.23363229e-09 7.67561472e-03 7.60674278e-03
3.90367222e+00 -4.76164956e-09 7.67925578e-03 7.61324917e-03
3.90850948e+00 -4.30987191e-09 7.68277629e-03 7.61969521e-03
3.91334675e+00 -3.87871625e-09 7.68618158e-03 7.62608351e-03
3.91818401e+00 -3.46858253e-09 7.68947707e-03 7.63241675e-03
3.92302128e+00 -3.07984947e-09 7.69266830e-03 7.63869765e-03
3.92785854e+00 -2.71287602e-09 7.69576089e-03 7.64492897e-03
3.93269580e+00 -2.36800163e-09 7.69876057e-03 7.65111355e-03
3.93753307e+00 -2.04554553e-09 7.70167315e-03 7.65725425e-03
3.94237033e+00 -1.74580552e-09 7.70450454e-03 7.66335398e-03
3.94720760e+00 -1.46905952e-09 7.70726069e-03 7.66941569e-03
3.95204486e+00 -1.21556253e-09 7.70994767e-03 7.67544239e-03
3.95688213e+00 -9.85549785e-10 7.71257159e-03 7.68143708e-03
3.96171939e+00 -7.79233452e-10 7.71513861e-03 7.68740284e-03
3.96655665e+00 -5.96804546e-10 7.71765499e-03 7.69334277e-03
3.97139392e+00 -4.38431647e-10 7.72012699e-03 7.69925996e-03
3.97623118e+00 -3.04261156e-10 7.72256096e-03 7.70515758e-03
3.98106845e+00 -1.94417937e-10 7.72496326e-03 7.71103880e-03
3.98590571e+00 -1.09002499e-10 7.72734029e-03 7.71690678e-03
3.99074298e+00 -4.80941942e-11 7.72969848e-03 7.72276475e-03
3.99558024e+00 -1.17496866e-11 7.73204428e-03 7.72861592e-03
4.00041750e+00 -2.30755522e-15 7.73438417e-03 7.73446351e-03
4.00525477e+00 -1.28628256e-11 7.73672462e-03 7.74031077e-03
4.01009203e+00 -5.03193184e-11 7.73907210e-03 7.74616092e-03
4.01492930e+00 -1.12337942e-10 7.74143311e-03 7.75201722e-03
4.01976656e+00 -1.98859981e-10 7.74381411e-03 7.75788291e-03
4.02460382e+00 -3.09806852e-10 7.74622155e-03 7.76376121e-03
4.02944109e+00 -4.45074585e-10 7.74866189e-03 7.76965536e-03
4.03427835e+00 -6.04538830e-10 7.75114151e-03 7.77556858e-03
4.03911562e+00 -7.88052159e-10 7.75366681e-03 7.78150408e-03
4.04395288e+00 -9.95444710e-10 7.75624413e-03 7.78746503e-03
4.04879015e+00 -1.22652457e-09 7.75887975e-03 7.79345461e-03
4.05362741e+00 -1.48107817e-09 7.76157993e-03 7.79947596e-03
4.05846467e+00 -1.75887013e-09 7.76435085e-03 7.80553221e-03
4.06330194e+00 -2.05964405e-09 7.76719865e-03 7.81162643e-03
4.06813920e+00 -2.38312073e-09 7.77012938e-03 7.81776170e-03
4.07297647e+00 -2.72900185e-09 7.77314902e-03 7.82394103e-03
4.07781373e+00 -3.09696730e-09 7.77626349e-03 7.83016741e-03
4.08265100e+00 -3.48667671e-09 7.77947860e-03 7.83644378e-03
4.08748826e+00 -3.89776999e-09 7.78280008e-03 7.84277305e-03
4.09232552e+00 -4.32986650e-09 7.78623358e-03 7.84915805e-03
4.09716279e+00 -4.78256781e-09 7.78978461e-03 7.85560161e-03
4.10200005e+00 -5.25545407e-09 7.79345862e-03 7.86210646e-03
4.10683732e+00 -5.74808917e-09 7.79726090e-03 7.86867531e-03
4.11167458e+00 -6.26001632e-09 7.80119666e-03 7.87531079e-03
4.11651184e+00 -6.79076376e-09 7.80527097e-03 7.88201547e-03
4.12134911e+00 -7.33983999e-09 7.80948877e-03 7.88879187e-03
4.12618637e+00 -7.90673734e-09 7.81385488e-03 7.89564244e-03
4.13102364e+00 -8.49093174e-09 7.81837396e-03 7.90256954e-03
4.13586090e+00 -9.09188347e-09 7.82305057e-03 7.90957549e-03
4.14069817e+00 -9.70903630e-09 7.82788908e-03 7.91666253e-03
4.14553543e+00 -1.03418209e-08 7.83289373e-03 7.92383279e-03
4.15037269e+00 -1.09896512e-08 7.83806860e-03 7.93108838e-03
4.15520996e+00 -1.16519297e-08 7.84341762e-03 7.93843128e-03
4.16004722e+00 -1.23280429e-08 7.84894455e-03 7.94586341e-03
4.16488449e+00 -1.30173662e-08 7.85465297e-03 7.95338659e-03
4.16972175e+00 -1.37192632e-08 7.86054633e-03 7.96100259e-03
4.17455902e+00 -1.44330849e-08 7.86662786e-03 7.96871305e-03
4.17939628e+00 -1.51581712e-08 7.87290065e-03 7.97651954e-03
4.18423354e+00 -1.58938525e-08 7.87936758e-03 7.98442354e-03
4.18907081e+00 -1.66394487e-08 7.88603137e-03 7.99242642e-03
4.19390807e+00 -1.73942713e-08 7.89289455e-03 8.00052949e-03
4.19874534e+00 -1.81576221e-08 7.89995946e-03 8.00873392e-03
4.20358260e+00 -1.89287964e-08 7.90722824e-03 8.01704082e-03
4.20841986e+00 -1.97070818e-08 7.91470286e-03 8.02545117e-03
4.21325713e+00 -2.04917588e-08 7.92238507e-03 8.03396589e-03
4.21809439e+00 -2.12821026e-08 7.93027644e-03 8.04258576e-03
4.22293166e+00 -2.20773829e-08 7.93837835e-03 8.05131149e-03
4.22776892e+00 -2.28768653e-08 7.94669196e-03 8.06014365e-03
4.23260619e+00 -2.36798110e-08 7.95521825e-03 8.06908276e-03
4.23744345e+00 -2.44854790e-08 7.96395798e-03 8.07812919e-03
4.24228071e+00 -2.52931241e-08 7.97291173e-03 8.08728323e-03
4.24711798e+00 -2.61020014e-08 7.98207986e-03 8.09654507e-03
4.25195524e+00 -2.69113626e-08 7.99146253e-03 8.10591478e-03
4.25679251e+00 -2.77204609e-08 8.00105972e-03 8.11539233e-03
4.26162977e+00 -2.85285501e-08 8.01087117e-03 8.12497760e-03
4.26646704e+00 -2.93348813e-08 8.02089644e-03 8.13467035e-03
4.27130430e+00 -3.01387133e-08 8.03113490e-03 8.14447025e-03
4.27614156e+00 -3.09393011e-08 8.04158568e-03 8.15437686e-03
4.28097883e+00 -3.17359066e-08 8.05224776e-03 8.16438964e-03
4.28581609e+00 -3.25277940e-08 8.06311988e-03 8.17450793e-03
4.29065336e+00 -3.33142326e-08 8.07420060e-03 8.18473101e-03
4.29549062e+00 -3.40944956e-08 8.08548828e-03 8.19505802e-03
4.30032788e+00 -3.48678634e-08 8.09698110e-03 8.20548803e-03
4.30516515e+00 -3.56336213e-08 8.10867702e-03 8.21601998e-03
4.31000241e+00 -3.63910630e-08 8.12057383e-03 8.22665274e-03
4.31483968e+00 -3.71394894e-08 8.13266912e-03 8.23738509e-03
4.31967694e+00 -3.78782088e-08 8.14496031e-03 8.24821567e-03
4.32451421e+00 -3.86065406e-08 8.15744462e-03 8.25914309e-03
4.32935147e+00 -3.93238116e-08 8.17011910e-03 8.27016581e-03
4.33418873e+00 -4.00293602e-08 8.18298061e-03 8.28128225e-03
4.33902600e+00 -4.07225349e-08 8.19602586e-03 8.29249070e-03
4.34386326e+00 -4.14026964e-08 8.20925136e-03 8.30378939e-03
4.34870053e+00 -4.20692167e-08 8.22265347e-03 8.31517645e-03
4.35353779e+00 -4.27214805e-08 8.23622838e-03 8.32664995e-03
4.35837506e+00 -4.33588869e-08 8.24997213e-03 8.33820786e-03
4.36321232e+00 -4.39808461e-08 8.26388059e-03 8.34984807e-03
4.36804958e+00 -4.45867859e-08 8.27794949e-03 8.36156840e-03
4.37288685e+00 -4.51761464e-08 8.29217440e-03 8.37336661e-03
4.37772411e+00 -4.57483835e-08 8.30655076e-03 8.38524036e-03
4.38256138e+00 -4.63029703e-08 8.32107385e-03 8.39718727e-03
4.38739864e+00 -4.68393938e-08 8.33573884e-03 8.40920487e-03
4.39223590e+00 -4.73571594e-08 8.35054076e-03 8.42129063e-03
4.39707317e+00 -4.78557899e-08 8.36547451e-03 8.43344198e-03
4.40191043e+00 -4.83348255e-08 8.38053487e-03 8.44565626e-03
4.40674770e+00 -4.87938236e-08 8.39571653e-03 8.45793078e-03
4.41158496e+00 -4.92323613e-08 8.41101403e-03 8.47026278e-03
4.41642223e+00 -4.96500339e-08 8.42642183e-03 8.48264945e-03
4.42125949e+00 -5.00464559e-08 8.44193429e-03 8.49508794e-03
4.42609675e+00 -5.04212620e-08 8.45754568e-03 8.50757535e-03
4.43093402e+00 -5.07741064e-08 8.47325016e-03 8.52010875e-03
4.43577128e+00 -5.11046630e-08 8.48904182e-03 8.53268514e-03
4.44060855e+00 -5.14126275e-08 8.50491469e-03 8.54530151e-03
4.44544581e+00 -5.16977162e-08 8.52086271e-03 8.55795482e-03
4.45028308e+00 -5.19596653e-08 8.53687974e-03 8.57064197e-03
4.45512034e+00 -5.21982334e-08 8.55295961e-03 8.58335987e-03
4.45995760e+00 -5.24132014e-08 8.56909608e-03 8.59610537e-03
4.46479487e+00 -5.26043696e-08 8.58528287e-03 8.60887532e-03
4.46963213e+00 -5.27715627e-08 8.60151364e-03 8.62166654e-03
4.47446940e+00 -5.29146263e-08 8.61778204e-03 8.63447585e-03
4.47930666e+00 -5.30334284e-08 8.63408166e-03 8.64730004e-03
4.48414392e+00 -5.31278587e-08 8.65040608e-03 8.66013590e-03
4.48898119e+00 -5.31978311e-08 8.66674886e-03 8.67298021e-03
4.49381845e+00 -5.32432807e-08 8.68310356e-03 8.68582974e-03
4.49865572e+00 -5.32641658e-08 8.69946370e-03 8.69868127e-03
4.50349298e+00 -5.32604667e-08 8.71582284e-03 8.71153158e-03
4.50833025e+00 -5.32321877e-08 8.73217451e-03 8.72437744e-03
4.51316751e+00 -5.31793534e-08 8.74851227e-03 8.73721566e-03
4.51800477e+00 -5.31020140e-08 8.76482968e-03 8.75004303e-03
4.52284204e+00 -5.30002400e-08 8.78112035e-03 8.76285636e-03
4.52767930e+00 -5.28741256e-08 8.79737788e-03 8.77565249e-03
4.53251657e+00 -5.27237866e-08 8.81359595e-03 8.78842826e-03
4.53735383e+00 -5.25493626e-08 8.82976823e-03 8.80118056e-03
4.54219110e+00 -5.23510136e-08 8.84588848e-03 8.81390627e-03
4.54702836e+00 -5.21289227e-08 8.86195047e-03 8.82660232e-03
4.55186562e+00 -5.18832948e-08 8.87794807e-03 8.83926567e-03
4.55670289e+00 -5.16143571e-08 8.89387518e-03 8.85189331e-03
4.56154015e+00 -5.13223562e-08 8.90972577e-03 8.86448225e-03
4.56637742e+00 -5.10075629e-08 8.92549390e-03 8.87702956e-03
4.57121468e+00 -5.06702668e-08 8.94117369e-03 8.88953235e-03
4.57605194e+00 -5.03107795e-08 8.95675936e-03 8.90198776e-03
4.58088921e+00 -4.99294321e-08 8.97224520e-03 8.91439297e-03
4.58572647e+00 -4.95265765e-08 8.98762561e-03 8.92674524e-03
4.59056374e+00 -4.91025844e-08 9.00289507e-03 8.93904184e-03
4.59540100e+00 -4.86578468e-08 9.01804820e-03 8.95128012e-03
4.60023827e+00 -4.81927743e-08 9.03307968e-03 8.96345748e-03
4.60507553e+00 -4.77077955e-08 9.04798433e-03 8.97557136e-03
4.60991279e+00 -4.72033576e-08 9.06275709e-03 8.98761929e-03
4.61475006e+00 -4.66799266e-08 9.07739302e-03 8.99959883e-03
4.61958732e+00 -4.61379855e-08 9.09188729e-03 9.01150763e-03
4.62442459e+00 -4.55780336e-08 9.10623522e-03 9.02334338e-03
4.62926185e+00 -4.50005877e-08 9.12043225e-03 9.03510385e-03
4.63409912e+00 -4.44061810e-08 9.13447397e-03 9.04678688e-03
4.63893638e+00 -4.37953612e-08 9.14835611e-03 9.05839038e-03
4.64377364e+00 -4.31686928e-08 9.16207455e-03 9.06991234e-03
4.64861091e+00 -4.25267535e-08 9.17562530e-03 9.08135079e-03
4.65344817e+00 -4.18701360e-08 9.18900454e-03 9.09270388e-03
4.65828544e+00 -4.11994462e-08 9.20220861e-03 9.10396982e-03
4.66312270e+00 -4.05153026e-08 9.21523400e-03 9.11514688e-03
4.66795996e+00 -3.98183363e-08 9.22807737e-03 9.12623343e-03
4.67279723e+00 -3.91091918e-08 9.24073554e-03 9.13722793e-03
4.67763449e+00 -3.83885229e-08 9.25320550e-03 9.14812890e-03
4.68247176e+00 -3.76569941e-08 9.26548441e-03 9.15893495e-03
4.68730902e+00 -3.69152816e-08 9.27756962e-03 9.16964479e-03
4.69214629e+00 -3.61640696e-08 9.28945863e-03 9.18025720e-03
4.69698355e+00 -3.54040516e-08 9.30114913e-03 9.19077105e-03
4.70182081e+00 -3.46359289e-08 9.31263899e-03 9.20118529e-03
4.70665808e+00 -3.38604110e-08 9.32392628e-03 9.21149898e-03
4.71149534e+00 -3.30782137e-08 9.33500922e-03 9.22171126e-03
4.71633261e+00 -3.22900596e-08 9.34588623e-03 9.23182136e-03
4.72116987e+00 -3.14966750e-08 9.35655593e-03 9.24182858e-03
4.72600714e+00 -3.06987940e-08 9.36701711e-03 9.25173234e-03
4.73084440e+00 -2.98971524e-08 9.37726877e-03 9.26153215e-03
4.73568166e+00 -2.90924907e-08 9.38731007e-03 9.27122760e-03
4.74051893e+00 -2.82855514e-08 9.39714038e-03 9.28081837e-03
4.74535619e+00 -2.74770805e-08 9.40675926e-03 9.29030425e-03
4.75019346e+00 -2.66678240e-08 9.41616647e-03 9.29968511e-03
4.75503072e+00 -2.58585296e-08 9.42536194e-03 9.30896091e-03
4.75986798e+00 -2.50499449e-08 9.43434581e-03 9.31813172e-03
4.76470525e+00 -2.42428165e-08 9.44311840e-03 9.32719769e-03
4.76954251e+00 -2.34378896e-08 9.45168024e-03 9.33615906e-03
4.77437978e+00 -2.26359081e-08 9.46003203e-03 9.34501617e-03
4.77921704e+00 -2.18376124e-08 9.46817468e-03 9.35376947e-03
4.78405431e+00 -2.10437404e-08 9.47610927e-03 9.36241946e-03
4.78889157e+00 -2.02550251e-08 9.48383708e-03 9.37096678e-03
4.79372883e+00 -1.94721953e-08 9.49135958e-03 9.37941213e-03
4.79856610e+00 -1.86959742e-08 9.49867843e-03 9.38775630e-03
4.80340336e+00 -1.79270790e-08 9.50579546e-03 9.39600019e-03
4.80824063e+00 -1.71662205e-08 9.51271271e-03 9.40414479e-03
4.81307789e+00 -1.64141008e-08 9.51943236e-03 9.41219115e-03
4.81791516e+00 -1.56714161e-08 9.52595682e-03 9.42014044e-03
4.82275242e+00 -1.49388515e-08 9.53228864e-03 9.42799391e-03
4.82758968e+00 -1.42170844e-08 9.53843056e-03 9.43575288e-03
4.83242695e+00 -1.35067821e-08 9.54438550e-03 9.44341877e-03
4.83726421e+00 -1.28086004e-08 9.55015654e-03 9.45099309e-03
4.84210148e+00 -1.21231854e-08 9.55574694e-03 9.45847741e-03
4.84693874e+00 -1.14511701e-08 9.56116011e-03 9.46587341e-03
4.85177600e+00 -1.07931759e-08 9.56639964e-03 9.47318283e-03
4.85661327e+00 -1.01498100e-08 9.57146925e-03 9.48040749e-03
4.86145053e+00 -9.52166845e-09 9.57637287e-03 9.48754930e-03
4.86628780e+00 -8.90933073e-09 9.58111452e-03 9.49461025e-03
4.87112506e+00 -8.31336382e-09 9.58569841e-03 9.50159238e-03
4.87596233e+00 -7.73431745e-09 9.59012889e-03 9.50849781e-03
4.88079959e+00 -7.17272864e-09 9.59441045e-03 9.51532875e-03
4.88563685e+00 -6.62911490e-09 9.59854770e-03 9.52208747e-03
4.89047412e+00 -6.10397956e-09 9.60254540e-03 9.52877629e-03
4.89531138e+00 -5.59780797e-09 9.60640845e-03 9.53539762e-03
4.90014865e+00 -5.11106842e-09 9.61014185e-03 9.54195392e-03
4.90498591e+00 -4.64421013e-09 9.61375074e-03 9.54844771e-03
4.90982318e+00 -4.19766602e-09 9.61724038e-03 9.55488157e-03
4.91466044e+00 -3.77184759e-09 9.62061612e-03 9.56125815e-03
4.91949770e+00 -3.36714971e-09 9.62388343e-03 9.56758014e-03
4.92433497e+00 -2.98394620e-09 9.62704788e-03 9.57385029e-03
4.92917223e+00 -2.62259074e-09 9.63011514e-03 9.58007138e-03
4.93400950e+00 -2.28341858e-09 9.63309098e-03 9.58624628e-03
4.93884676e+00 -1.96674252e-09 9.63598123e-03 9.59237786e-03
4.94368403e+00 -1.67285562e-09 9.63879183e-03 9.59846906e-03
4.94852129e+00 -1.40202992e-09 9.64152878e-03 9.60452285e-03
4.95335855e+00 -1.15451526e-09 9.64419816e-03 9.61054224e-03
4.95819582e+00 -9.30541130e-10 9.64680611e-03 9.61653028e-03
4.96303308e+00 -7.30314563e-10 9.64935883e-03 9.62249004e-03
4.96787035e+00 -5.54020677e-10 9.65186257e-03 9.62842462e-03
4.97270761e+00 -4.01822283e-10 9.65432363e-03 9.63433716e-03
4.97754487e+00 -2.73860269e-10 9.65674837e-03 9.64023082e-03
4.98238214e+00 -1.70252835e-10 9.65914317e-03 9.64610877e-03
4.98721940e+00 -9.10963831e-11 9.66151444e-03 9.65197420e-03
4.99205667e+00 -3.64638594e-11 9.66386861e-03 9.65783034e-03
4.99689393e+00 -6.40538871e-12 9.66621216e-03 9.66368038e-03
5.00173120e+00 -9.48661592e-13 9.66855154e-03 9.66952758e-03
