#	Time	Error_of_Energy	Error_of_Position	Error_of_Velocity
9.67452842e-03 -3.16183217e-09 3.74324007e-05 1.88880232e-05
1.93490568e-02 -1.26353330e-08 7.46838645e-05 3.84377897e-05
2.90235853e-02 -2.83845661e-08 1.11578345e-04 5.92715214e-05
3.86981137e-02 -5.03497962e-08 1.47949647e-04 8.19410783e-05
4.83726421e-02 -7.84477408e-08 1.83646533e-04 1.06910662e-04
5.80471705e-02 -1.12571906e-07 2.18538031e-04 1.34552917e-04
6.77216990e-02 -1.52593022e-07 2.52518999e-04 1.65154848e-04
7.73962274e-02 -1.98359569e-07 2.85515970e-04 1.98929035e-04
8.70707558e-02 -2.49698395e-07 3.17493287e-04 2.36026451e-04
9.67452842e-02 -3.06415413e-07 3.48459444e-04 2.76548600e-04
1.06419813e-01 -3.68296394e-07 3.78473535e-04 3.20557898e-04
1.16094341e-01 -4.35107820e-07 4.07651548e-04 3.68086061e-04
1.25768870e-01 -5.06597830e-07 4.36172151e-04 4.19140620e-04
1.35443398e-01 -5.82497223e-07 4.64281435e-04 4.73709895e-04
1.45117926e-01 -6.62520532e-07 4.92295927e-04 5.31766735e-04
1.54792455e-01 -7.46367153e-07 5.20603056e-04 5.93271335e-04
1.64466983e-01 -8.33722540e-07 5.49658180e-04 6.58173353e-04
1.74141512e-01 -9.24259428e-07 5.79977432e-04 7.26413514e-04
1.83816040e-01 -1.01763912e-06 6.12125916e-04 7.97924839e-04
1.93490568e-01 -1.11351281e-06 6.46701375e-04 8.72633603e-04
2.03165097e-01 -1.21152291e-06 6.84314167e-04 9.50460081e-04
2.12839625e-01 -1.31130445e-06 7.25565116e-04 1.03131916e-03
2.22514154e-01 -1.41248643e-06 7.71023392e-04 1.11512082e-03
2.32188682e-01 -1.51469330e-06 8.21206665e-04 1.20177058e-03
2.41863211e-01 -1.61754629e-06 8.76565471e-04 1.29116983e-03
2.51537739e-01 -1.72066489e-06 9.37472957e-04 1.38321615e-03
2.61212267e-01 -1.82366825e-06 1.00422024e-03 1.47780359e-03
2.70886796e-01 -1.92617656e-06 1.07701679e-03 1.57482296e-03
2.80561324e-01 -2.02781251e-06 1.15599469e-03 1.67416200e-03
2.90235853e-01 -2.12820258e-06 1.24121534e-03 1.77570570e-03
2.99910381e-01 -2.22697848e-06 1.33267753e-03 1.87933641e-03
3.09584910e-01 -2.32377840e-06 1.43032555e-03 1.98493417e-03
3.19259438e-01 -2.41824834e-06 1.53405704e-03 2.09237679e-03
3.28933966e-01 -2.51004340e-06 1.64372982e-03 2.20154015e-03
3.38608495e-01 -2.59882891e-06 1.75916787e-03 2.31229835e-03
3.48283023e-01 -2.68428169e-06 1.88016620e-03 2.42452390e-03
3.57957552e-01 -2.76609111e-06 2.00649496e-03 2.53808795e-03
3.67632080e-01 -2.84396022e-06 2.13790268e-03 2.65286045e-03
3.77306609e-01 -2.91760674e-06 2.27411895e-03 2.76871033e-03
3.86981137e-01 -2.98676401e-06 2.41485669e-03 2.88550576e-03
3.96655665e-01 -3.05118196e-06 2.55981395e-03 3.00311425e-03
4.06330194e-01 -3.11062787e-06 2.70867553e-03 3.12140291e-03
4.16004722e-01 -3.16488725e-06 2.86111445e-03 3.24023861e-03
4.25679251e-01 -3.21376447e-06 3.01679320e-03 3.35948818e-03
4.35353779e-01 -3.25708347e-06 3.17536502e-03 3.47901859e-03
4.45028308e-01 -3.29468835e-06 3.33647506e-03 3.59869717e-03
4.54702836e-01 -3.32644383e-06 3.49976156e-03 3.71839175e-03
4.64377364e-01 -3.35223577e-06 3.66485701e-03 3.83797091e-03
4.74051893e-01 -3.37197149e-06 3.83138934e-03 3.95730413e-03
4.83726421e-01 -3.38558010e-06 3.99898301e-03 4.07626200e-03
4.93400950e-01 -3.39301275e-06 4.16726031e-03 4.19471642e-03
5.03075478e-01 -3.39424275e-06 4.33584246e-03 4.31254079e-03
5.12750007e-01 -3.38926568e-06 4.50435085e-03 4.42961018e-03
5.22424535e-01 -3.37809942e-06 4.67240829e-03 4.54580158e-03
5.32099063e-01 -3.36078404e-06 4.83964014e-03 4.66099405e-03
5.41773592e-01 -3.33738175e-06 5.00567561e-03 4.77506894e-03
5.51448120e-01 -3.30797660e-06 5.17014892e-03 4.88791011e-03
5.61122649e-01 -3.27267428e-06 5.33270054e-03 4.99940409e-03
5.70797177e-01 -3.23160175e-06 5.49297834e-03 5.10944033e-03
5.80471705e-01 -3.18490678e-06 5.65063879e-03 5.21791137e-03
5.90146234e-01 -3.13275753e-06 5.80534810e-03 5.32471308e-03
5.99820762e-01 -3.07534194e-06 5.95678336e-03 5.42974486e-03
6.09495291e-01 -3.01286711e-06 6.10463359e-03 5.53290985e-03
6.19169819e-01 -2.94555863e-06 6.24860083e-03 5.63411516e-03
6.28844348e-01 -2.87365979e-06 6.38840114e-03 5.73327206e-03
6.38518876e-01 -2.79743079e-06 6.52376556e-03 5.83029624e-03
6.48193404e-01 -2.71714782e-06 6.65444107e-03 5.92510801e-03
6.57867933e-01 -2.63310215e-06 6.78019140e-03 6.01763254e-03
6.67542461e-01 -2.54559911e-06 6.90079793e-03 6.10780007e-03
6.77216990e-01 -2.45495704e-06 7.01606035e-03 6.19554615e-03
6.86891518e-01 -2.36150619e-06 7.12579744e-03 6.28081188e-03
6.96566047e-01 -2.26558756e-06 7.22984767e-03 6.36354412e-03
7.06240575e-01 -2.16755169e-06 7.32806979e-03 6.44369575e-03
7.15915103e-01 -2.06775744e-06 7.42034330e-03 6.52122588e-03
7.25589632e-01 -1.96657070e-06 7.50656895e-03 6.59610011e-03
7.35264160e-01 -1.86436308e-06 7.58666903e-03 6.66829072e-03
7.44938689e-01 -1.76151054e-06 7.66058774e-03 6.73777695e-03
7.54613217e-01 -1.65839207e-06 7.72829138e-03 6.80454519e-03
7.64287746e-01 -1.55538828e-06 7.78976850e-03 6.86858924e-03
7.73962274e-01 -1.45287998e-06 7.84503002e-03 6.92991050e-03
7.83636802e-01 -1.35124679e-06 7.89410922e-03 6.98851820e-03
7.93311331e-01 -1.25086573e-06 7.93706168e-03 7.04442960e-03
8.02985859e-01 -1.15210975e-06 7.97396517e-03 7.09767019e-03
8.12660388e-01 -1.05534638e-06 8.00491949e-03 7.14827392e-03
8.22334916e-01 -9.60936310e-07 8.03004613e-03 7.19628330e-03
8.32009445e-01 -8.69231975e-07 8.04948805e-03 7.24174964e-03
8.41683973e-01 -7.80576244e-07 8.06340921e-03 7.28473314e-03
8.51358501e-01 -6.95301064e-07 8.07199418e-03 7.32530307e-03
8.61033030e-01 -6.13726172e-07 8.07544763e-03 7.36353784e-03
8.70707558e-01 -5.36157839e-07 8.07399375e-03 7.39952509e-03
8.80382087e-01 -4.62887669e-07 8.06787567e-03 7.43336175e-03
8.90056615e-01 -3.94191439e-07 8.05735475e-03 7.46515409e-03
8.99731143e-01 -3.30328006e-07 8.04270993e-03 7.49501765e-03
9.09405672e-01 -2.71538269e-07 8.02423690e-03 7.52307725e-03
9.19080200e-01 -2.18044209e-07 8.00224734e-03 7.54946684e-03
9.28754729e-01 -1.70047992e-07 7.97706802e-03 7.57432944e-03
9.38429257e-01 -1.27731151e-07 7.94903994e-03 7.59781684e-03
9.48103786e-01 -9.12538575e-08 7.91851734e-03 7.62008945e-03
9.57778314e-01 -6.07542632e-08 7.88586672e-03 7.64131593e-03
9.67452842e-01 -3.63479436e-08 7.85146576e-03 7.66167283e-03
9.77127371e-01 -1.81274257e-08 7.81570224e-03 7.68134414e-03
9.86801899e-01 -6.16180651e-09 7.77897287e-03 7.70052078e-03
9.96476428e-01 -4.96474865e-10 7.74168204e-03 7.71939997e-03
1.00615096e+00 -1.15292484e-09 7.70424054e-03 7.73818458e-03
1.01582548e+00 -8.12866454e-09 7.66706420e-03 7.75708238e-03
1.02550001e+00 -2.13972312e-08 7.63057240e-03 7.77630513e-03
1.03517454e+00 -4.09082954e-08 7.59518662e-03 7.79606773e-03
1.04484907e+00 -6.65878689e-08 7.56132871e-03 7.81658716e-03
1.05452360e+00 -9.83386074e-08 7.52941928e-03 7.83808142e-03
1.06419813e+00 -1.36040206e-07 7.49987583e-03 7.86076835e-03
1.07387266e+00 -1.79549894e-07 7.47311089e-03 7.88486444e-03
1.08354718e+00 -2.28703008e-07 7.44953004e-03 7.91058353e-03
1.09322171e+00 -2.83313669e-07 7.42952982e-03 7.93813550e-03
1.10289624e+00 -3.43175529e-07 7.41349567e-03 7.96772492e-03
1.11257077e+00 -4.08062603e-07 7.40179969e-03 7.99954970e-03
1.12224530e+00 -4.77730182e-07 7.39479853e-03 8.03379970e-03
1.13191983e+00 -5.51915811e-07 7.39283114e-03 8.07065544e-03
1.14159435e+00 -6.30340333e-07 7.39621666e-03 8.11028674e-03
1.15126888e+00 -7.12709006e-07 7.40525234e-03 8.15285151e-03
1.16094341e+00 -7.98712660e-07 7.42021159e-03 8.19849461e-03
1.17061794e+00 -8.88028919e-07 7.44134212e-03 8.24734673e-03
1.18029247e+00 -9.80323462e-07 7.46886434e-03 8.29952345e-03
1.18996700e+00 -1.07525133e-06 7.50296993e-03 8.35512445e-03
1.19964152e+00 -1.17245824e-06 7.54382067e-03 8.41423274e-03
1.20931605e+00 -1.27158199e-06 7.59154754e-03 8.47691422e-03
1.21899058e+00 -1.37225381e-06 7.64625007e-03 8.54321720e-03
1.22866511e+00 -1.47409977e-06 7.70799606e-03 8.61317225e-03
1.23833964e+00 -1.57674221e-06 7.77682148e-03 8.68679211e-03
1.24801417e+00 -1.67980114e-06 7.85273074e-03 8.76407179e-03
1.25768870e+00 -1.78289568e-06 7.93569718e-03 8.84498880e-03
1.26736322e+00 -1.88564543e-06 8.02566378e-03 8.92950359e-03
1.27703775e+00 -1.98767194e-06 8.12254411e-03 9.01756000e-03
1.28671228e+00 -2.08860001e-06 8.22622345e-03 9.10908599e-03
1.29638681e+00 -2.18805912e-06 8.33656003e-03 9.20399429e-03
1.30606134e+00 -2.28568474e-06 8.45338638e-03 9.30218332e-03
1.31573587e+00 -2.38111963e-06 8.57651082e-03 9.40353804e-03
1.32541039e+00 -2.47401512e-06 8.70571888e-03 9.50793093e-03
1.33508492e+00 -2.56403236e-06 8.84077487e-03 9.61522300e-03
1.34475945e+00 -2.65084347e-06 8.98142336e-03 9.72526481e-03
1.35443398e+00 -2.73413272e-06 9.12739070e-03 9.83789753e-03
1.36410851e+00 -2.81359762e-06 9.27838649e-03 9.95295398e-03
1.37378304e+00 -2.88894994e-06 9.43410500e-03 1.00702596e-02
1.38345756e+00 -2.95991674e-06 9.59422661e-03 1.01896337e-02
1.39313209e+00 -3.02624126e-06 9.75841913e-03 1.03108901e-02
1.40280662e+00 -3.08768382e-06 9.92633913e-03 1.04338383e-02
1.41248115e+00 -3.14402261e-06 1.00976333e-02 1.05582844e-02
1.42215568e+00 -3.19505444e-06 1.02719394e-02 1.06840319e-02
1.43183021e+00 -3.24059543e-06 1.04488880e-02 1.08108826e-02
1.44150474e+00 -3.28048162e-06 1.06281033e-02 1.09386373e-02
1.45117926e+00 -3.31456952e-06 1.08092041e-02 1.10670968e-02
1.46085379e+00 -3.34273654e-06 1.09918055e-02 1.11960620e-02
1.47052832e+00 -3.36488148e-06 1.11755197e-02 1.13253353e-02
1.48020285e+00 -3.38092477e-06 1.13599573e-02 1.14547206e-02
1.48987738e+00 -3.39080881e-06 1.15447281e-02 1.15840243e-02
1.49955191e+00 -3.39449812e-06 1.17294427e-02 1.17130555e-02
1.50922643e+00 -3.39197944e-06 1.19137132e-02 1.18416266e-02
1.51890096e+00 -3.38326181e-06 1.20971548e-02 1.19695540e-02
1.52857549e+00 -3.36837655e-06 1.22793863e-02 1.20966579e-02
1.53825002e+00 -3.34737709e-06 1.24600316e-02 1.22227635e-02
1.54792455e+00 -3.32033887e-06 1.26387211e-02 1.23477007e-02
1.55759908e+00 -3.28735905e-06 1.28150920e-02 1.24713048e-02
1.56727360e+00 -3.24855619e-06 1.29887902e-02 1.25934167e-02
1.57694813e+00 -3.20406988e-06 1.31594708e-02 1.27138833e-02
1.58662266e+00 -3.15406027e-06 1.33267995e-02 1.28325576e-02
1.59629719e+00 -3.09870752e-06 1.34904536e-02 1.29492991e-02
1.60597172e+00 -3.03821122e-06 1.36501226e-02 1.30639740e-02
1.61564625e+00 -2.97278974e-06 1.38055101e-02 1.31764555e-02
1.62532078e+00 -2.90267943e-06 1.39563336e-02 1.32866241e-02
1.63499530e+00 -2.82813390e-06 1.41023265e-02 1.33943675e-02
1.64466983e+00 -2.74942312e-06 1.42432382e-02 1.34995812e-02
1.65434436e+00 -2.66683250e-06 1.43788352e-02 1.36021682e-02
1.66401889e+00 -2.58066192e-06 1.45089020e-02 1.37020399e-02
1.67369342e+00 -2.49122469e-06 1.46332419e-02 1.37991156e-02
1.68336795e+00 -2.39884649e-06 1.47516774e-02 1.38933231e-02
1.69304247e+00 -2.30386418e-06 1.48640508e-02 1.39845986e-02
1.70271700e+00 -2.20662469e-06 1.49702253e-02 1.40728870e-02
1.71239153e+00 -2.10748372e-06 1.50700848e-02 1.41581421e-02
1.72206606e+00 -2.00680454e-06 1.51635349e-02 1.42403265e-02
1.73174059e+00 -1.90495663e-06 1.52505031e-02 1.43194120e-02
1.74141512e+00 -1.80231442e-06 1.53309389e-02 1.43953796e-02
1.75108964e+00 -1.69925585e-06 1.54048143e-02 1.44682196e-02
1.76076417e+00 -1.59616105e-06 1.54721240e-02 1.45379316e-02
1.77043870e+00 -1.49341093e-06 1.55328853e-02 1.46045250e-02
1.78011323e+00 -1.39138574e-06 1.55871381e-02 1.46680185e-02
1.78978776e+00 -1.29046371e-06 1.56349452e-02 1.47284405e-02
1.79946229e+00 -1.19101957e-06 1.56763919e-02 1.47858291e-02
1.80913682e+00 -1.09342316e-06 1.57115858e-02 1.48402320e-02
1.81881134e+00 -9.98038047e-07 1.57406566e-02 1.48917068e-02
1.82848587e+00 -9.05220103e-07 1.57637559e-02 1.49403206e-02
1.83816040e+00 -8.15316151e-07 1.57810565e-02 1.49861502e-02
1.84783493e+00 -7.28662619e-07 1.57927522e-02 1.50292821e-02
1.85750946e+00 -6.45584234e-07 1.57990571e-02 1.50698120e-02
1.86718399e+00 -5.66392750e-07 1.58002052e-02 1.51078452e-02
1.87685851e+00 -4.91385724e-07 1.57964493e-02 1.51434963e-02
1.88653304e+00 -4.20845338e-07 1.57880608e-02 1.51768886e-02
1.89620757e+00 -3.55037278e-07 1.57753285e-02 1.52081547e-02
1.90588210e+00 -2.94209680e-07 1.57585576e-02 1.52374353e-02
1.91555663e+00 -2.38592130e-07 1.57380695e-02 1.52648796e-02
1.92523116e+00 -1.88394748e-07 1.57141999e-02 1.52906449e-02
1.93490568e+00 -1.43807334e-07 1.56872985e-02 1.53148958e-02
1.94458021e+00 -1.04998605e-07 1.56577273e-02 1.53378043e-02
1.95425474e+00 -7.21155100e-08 1.56258599e-02 1.53595489e-02
1.96392927e+00 -4.52826309e-08 1.55920800e-02 1.53803145e-02
1.97360380e+00 -2.46016770e-08 1.55567803e-02 1.54002914e-02
1.98327833e+00 -1.01510670e-08 1.55203609e-02 1.54196753e-02
1.99295286e+00 -1.98561153e-09 1.54832285e-02 1.54386659e-02
2.00262738e+00 -1.36287288e-10 1.54457942e-02 1.54574668e-02
2.01230191e+00 -4.61011049e-09 1.54084728e-02 1.54762847e-02
2.02197644e+00 -1.53901085e-08 1.53716807e-02 1.54953283e-02
2.03165097e+00 -3.24353880e-08 1.53358346e-02 1.55148076e-02
2.04132550e+00 -5.56813045e-08 1.53013502e-02 1.55349333e-02
2.05100003e+00 -8.50397255e-08 1.52686400e-02 1.55559155e-02
2.06067455e+00 -1.20399389e-07 1.52381120e-02 1.55779632e-02
2.07034908e+00 -1.61626360e-07 1.52101680e-02 1.56012830e-02
2.08002361e+00 -2.08564576e-07 1.51852019e-02 1.56260781e-02
2.08969814e+00 -2.61036478e-07 1.51635980e-02 1.56525476e-02
2.09937267e+00 -3.18843732e-07 1.51457294e-02 1.56808854e-02
2.10904720e+00 -3.81768028e-07 1.51319560e-02 1.57112792e-02
2.11872173e+00 -4.49571965e-07 1.51226233e-02 1.57439092e-02
2.12839625e+00 -5.21999995e-07 1.51180605e-02 1.57789478e-02
2.13807078e+00 -5.98779450e-07 1.51185790e-02 1.58165580e-02
2.14774531e+00 -6.79621625e-07 1.51244709e-02 1.58568930e-02
2.15741984e+00 -7.64222926e-07 1.51360076e-02 1.59000949e-02
2.16709437e+00 -8.52266060e-07 1.51534383e-02 1.59462944e-02
2.17676890e+00 -9.43421285e-07 1.51769889e-02 1.59956097e-02
2.18644342e+00 -1.03734770e-06 1.52068609e-02 1.60481457e-02
2.19611795e+00 -1.13369455e-06 1.52432303e-02 1.61039940e-02
2.20579248e+00 -1.23210261e-06 1.52862467e-02 1.61632318e-02
2.21546701e+00 -1.33220554e-06 1.53360328e-02 1.62259217e-02
2.22514154e+00 -1.43363130e-06 1.53926836e-02 1.62921115e-02
2.23481607e+00 -1.53600352e-06 1.54562661e-02 1.63618337e-02
2.24449059e+00 -1.63894298e-06 1.55268191e-02 1.64351057e-02
2.25416512e+00 -1.74206896e-06 1.56043528e-02 1.65119293e-02
2.26383965e+00 -1.84500073e-06 1.56888495e-02 1.65922915e-02
2.27351418e+00 -1.94735888e-06 1.57802633e-02 1.66761636e-02
2.28318871e+00 -2.04876677e-06 1.58785206e-02 1.67635026e-02
2.29286324e+00 -2.14885186e-06 1.59835207e-02 1.68542506e-02
2.30253777e+00 -2.24724709e-06 1.60951366e-02 1.69483358e-02
2.31221229e+00 -2.34359217e-06 1.62132155e-02 1.70456728e-02
2.32188682e+00 -2.43753490e-06 1.63375797e-02 1.71461629e-02
2.33156135e+00 -2.52873238e-06 1.64680280e-02 1.72496952e-02
2.34123588e+00 -2.61685224e-06 1.66043363e-02 1.73561472e-02
2.35091041e+00 -2.70157382e-06 1.67462591e-02 1.74653851e-02
2.36058494e+00 -2.78258925e-06 1.68935305e-02 1.75772649e-02
2.37025946e+00 -2.85960453e-06 1.70458656e-02 1.76916334e-02
2.37993399e+00 -2.93234054e-06 1.72029619e-02 1.78083285e-02
2.38960852e+00 -3.00053400e-06 1.73645005e-02 1.79271805e-02
2.39928305e+00 -3.06393837e-06 1.75301476e-02 1.80480125e-02
2.40895758e+00 -3.12232467e-06 1.76995559e-02 1.81706420e-02
2.41863211e+00 -3.17548223e-06 1.78723659e-02 1.82948807e-02
2.42830663e+00 -3.22321947e-06 1.80482076e-02 1.84205364e-02
2.43798116e+00 -3.26536445e-06 1.82267017e-02 1.85474130e-02
2.44765569e+00 -3.30176551e-06 1.84074610e-02 1.86753118e-02
2.45733022e+00 -3.33229173e-06 1.85900920e-02 1.88040322e-02
2.46700475e+00 -3.35683339e-06 1.87741964e-02 1.89333723e-02
2.47667928e+00 -3.37530231e-06 1.89593720e-02 1.90631298e-02
2.48635381e+00 -3.38763218e-06 1.91452149e-02 1.91931029e-02
2.49602833e+00 -3.39377870e-06 1.93313201e-02 1.93230905e-02
2.50570286e+00 -3.39371983e-06 1.95172833e-02 1.94528934e-02
2.51537739e+00 -3.38745577e-06 1.97027021e-02 1.95823145e-02
2.52505192e+00 -3.37500901e-06 1.98871775e-02 1.97111599e-02
2.53472645e+00 -3.35642423e-06 2.00703149e-02 1.98392388e-02
2.54440098e+00 -3.33176820e-06 2.02517256e-02 1.99663649e-02
2.55407550e+00 -3.30112948e-06 2.04310281e-02 2.00923560e-02
2.56375003e+00 -3.26461822e-06 2.06078491e-02 2.02170353e-02
2.57342456e+00 -3.22236571e-06 2.07818249e-02 2.03402316e-02
2.58309909e+00 -3.17452402e-06 2.09526025e-02 2.04617792e-02
2.59277362e+00 -3.12126545e-06 2.11198405e-02 2.05815194e-02
2.60244815e+00 -3.06278198e-06 2.12832108e-02 2.06992999e-02
2.61212267e+00 -2.99928460e-06 2.14423988e-02 2.08149757e-02
2.62179720e+00 -2.93100265e-06 2.15971052e-02 2.09284093e-02
2.63147173e+00 -2.85818299e-06 2.17470466e-02 2.10394710e-02
2.64114626e+00 -2.78108921e-06 2.18919562e-02 2.11480395e-02
2.65082079e+00 -2.70000072e-06 2.20315851e-02 2.12540015e-02
2.66049532e+00 -2.61521179e-06 2.21657030e-02 2.13572529e-02
2.67016985e+00 -2.52703054e-06 2.22940987e-02 2.14576981e-02
2.67984437e+00 -2.43577788e-06 2.24165810e-02 2.15552511e-02
2.68951890e+00 -2.34178637e-06 2.25329795e-02 2.16498351e-02
2.69919343e+00 -2.24539911e-06 2.26431449e-02 2.17413828e-02
2.70886796e+00 -2.14696846e-06 2.27469494e-02 2.18298370e-02
2.71854249e+00 -2.04685485e-06 2.28442878e-02 2.19151501e-02
2.72821702e+00 -1.94542546e-06 2.29350770e-02 2.19972848e-02
2.73789154e+00 -1.84305292e-06 2.30192571e-02 2.20762140e-02
2.74756607e+00 -1.74011393e-06 2.30967911e-02 2.21519207e-02
2.75724060e+00 -1.63698793e-06 2.31676652e-02 2.22243984e-02
2.76691513e+00 -1.53405570e-06 2.32318892e-02 2.22936512e-02
2.77658966e+00 -1.43169790e-06 2.32894960e-02 2.23596935e-02
2.78626419e+00 -1.33029375e-06 2.33405419e-02 2.24225503e-02
2.79593871e+00 -1.23021951e-06 2.33851066e-02 2.24822570e-02
2.80561324e+00 -1.13184715e-06 2.34232923e-02 2.25388597e-02
2.81528777e+00 -1.03554288e-06 2.34552244e-02 2.25924146e-02
2.82496230e+00 -9.41665783e-07 2.34810503e-02 2.26429886e-02
2.83463683e+00 -8.50566437e-07 2.35009395e-02 2.26906586e-02
2.84431136e+00 -7.62585543e-07 2.35150828e-02 2.27355117e-02
2.85398589e+00 -6.78052619e-07 2.35236919e-02 2.27776450e-02
2.86366041e+00 -5.97284708e-07 2.35269988e-02 2.28171653e-02
2.87333494e+00 -5.20585135e-07 2.35252546e-02 2.28541888e-02
2.88300947e+00 -4.48242311e-07 2.35187297e-02 2.28888413e-02
2.89268400e+00 -3.80528589e-07 2.35077117e-02 2.29212572e-02
2.90235853e+00 -3.17699180e-07 2.34925057e-02 2.29515799e-02
2.91203306e+00 -2.59991134e-07 2.34734323e-02 2.29799608e-02
2.92170758e+00 -2.07622390e-07 2.34508274e-02 2.30065592e-02
2.93138211e+00 -1.60790895e-07 2.34250403e-02 2.30315421e-02
2.94105664e+00 -1.19673806e-07 2.33964333e-02 2.30550832e-02
2.95073117e+00 -8.44267723e-08 2.33653800e-02 2.30773628e-02
2.96040570e+00 -5.51833044e-08 2.33322641e-02 2.30985669e-02
2.97008023e+00 -3.20542278e-08 2.32974783e-02 2.31188870e-02
2.97975475e+00 -1.51272339e-08 2.32614228e-02 2.31385192e-02
2.98942928e+00 -4.46651876e-09 2.32245037e-02 2.31576636e-02
2.99910381e+00 -1.12522290e-10 2.31871320e-02 2.31765236e-02
3.00877834e+00 -2.08176428e-09 2.31497216e-02 2.31953051e-02
3.01845287e+00 -1.03667722e-08 2.31126882e-02 2.32142159e-02
3.02812740e+00 -2.49361168e-08 2.30764476e-02 2.32334647e-02
3.03780193e+00 -4.57345372e-08 2.30414142e-02 2.32532604e-02
3.04747645e+00 -7.26831692e-08 2.30079991e-02 2.32738114e-02
3.05715098e+00 -1.05679866e-07 2.29766091e-02 2.32953243e-02
3.06682551e+00 -1.44599616e-07 2.29476444e-02 2.33180035e-02
3.07650004e+00 -1.89295052e-07 2.29214977e-02 2.33420501e-02
3.08617457e+00 -2.39597051e-07 2.28985519e-02 2.33676607e-02
3.09584910e+00 -2.95315419e-07 2.28791792e-02 2.33950273e-02
3.10552362e+00 -3.56239660e-07 2.28637390e-02 2.34243356e-02
3.11519815e+00 -4.22139827e-07 2.28525766e-02 2.34557646e-02
3.12487268e+00 -4.92767443e-07 2.28460218e-02 2.34894856e-02
3.13454721e+00 -5.67856496e-07 2.28443874e-02 2.35256613e-02
3.14422174e+00 -6.47124504e-07 2.28479676e-02 2.35644452e-02
3.15389627e+00 -7.30273629e-07 2.28570371e-02 2.36059807e-02
3.16357079e+00 -8.16991860e-07 2.28718495e-02 2.36504005e-02
3.17324532e+00 -9.06954236e-07 2.28926365e-02 2.36978256e-02
3.18291985e+00 -9.99824120e-07 2.29196065e-02 2.37483651e-02
3.19259438e+00 -1.09525450e-06 2.29529439e-02 2.38021157e-02
3.20226891e+00 -1.19288935e-06 2.29928083e-02 2.38591607e-02
3.21194344e+00 -1.29236498e-06 2.30393335e-02 2.39195700e-02
3.22161797e+00 -1.39331143e-06 2.30926273e-02 2.39833998e-02
3.23129249e+00 -1.49535389e-06 2.31527706e-02 2.40506921e-02
3.24096702e+00 -1.59811409e-06 2.32198176e-02 2.41214746e-02
3.25064155e+00 -1.70121174e-06 2.32937951e-02 2.41957606e-02
3.26031608e+00 -1.80426595e-06 2.33747026e-02 2.42735490e-02
3.26999061e+00 -1.90689661e-06 2.34625127e-02 2.43548245e-02
3.27966514e+00 -2.00872582e-06 2.35571706e-02 2.44395573e-02
3.28933966e+00 -2.10937925e-06 2.36585951e-02 2.45277038e-02
3.29901419e+00 -2.20848752e-06 2.37666787e-02 2.46192065e-02
3.30868872e+00 -2.30568749e-06 2.38812883e-02 2.47139944e-02
3.31836325e+00 -2.40062361e-06 2.40022658e-02 2.48119838e-02
3.32803778e+00 -2.49294914e-06 2.41294288e-02 2.49130782e-02
3.33771231e+00 -2.58232741e-06 2.42625717e-02 2.50171694e-02
3.34738683e+00 -2.66843298e-06 2.44014666e-02 2.51241374e-02
3.35706136e+00 -2.75095277e-06 2.45458643e-02 2.52338517e-02
3.36673589e+00 -2.82958717e-06 2.46954953e-02 2.53461717e-02
3.37641042e+00 -2.90405105e-06 2.48500713e-02 2.54609472e-02
3.38608495e+00 -2.97407475e-06 2.50092863e-02 2.55780193e-02
3.39575948e+00 -3.03940498e-06 2.51728178e-02 2.56972215e-02
3.40543401e+00 -3.09980571e-06 2.53403283e-02 2.58183798e-02
3.41510853e+00 -3.15505893e-06 2.55114668e-02 2.59413139e-02
3.42478306e+00 -3.20496541e-06 2.56858698e-02 2.60658379e-02
3.43445759e+00 -3.24934537e-06 2.58631630e-02 2.61917613e-02
3.44413212e+00 -3.28803903e-06 2.60429629e-02 2.63188893e-02
3.45380665e+00 -3.32090722e-06 2.62248781e-02 2.64470241e-02
3.46348118e+00 -3.34783176e-06 2.64085105e-02 2.65759655e-02
3.47315570e+00 -3.36871590e-06 2.65934573e-02 2.67055116e-02
3.48283023e+00 -3.38348463e-06 2.67793122e-02 2.68354594e-02
3.49250476e+00 -3.39208492e-06 2.69656667e-02 2.69656061e-02
3.50217929e+00 -3.39448589e-06 2.71521118e-02 2.70957492e-02
3.51185382e+00 -3.39067892e-06 2.73382393e-02 2.72256875e-02
3.52152835e+00 -3.38067767e-06 2.75236434e-02 2.73552219e-02
3.53120288e+00 -3.36451807e-06 2.77079219e-02 2.74841557e-02
3.54087740e+00 -3.34225812e-06 2.78906776e-02 2.76122955e-02
3.55055193e+00 -3.31397781e-06 2.80715196e-02 2.77394517e-02
3.56022646e+00 -3.27977875e-06 2.82500650e-02 2.78654393e-02
3.56990099e+00 -3.23978392e-06 2.84259395e-02 2.79900780e-02
3.57957552e+00 -3.19413721e-06 2.85987792e-02 2.81131931e-02
3.58925005e+00 -3.14300297e-06 2.87682317e-02 2.82346160e-02
3.59892457e+00 -3.08656545e-06 2.89339572e-02 2.83541845e-02
3.60859910e+00 -3.02502819e-06 2.90956294e-02 2.84717433e-02
3.61827363e+00 -2.95861335e-06 2.92529370e-02 2.85871445e-02
3.62794816e+00 -2.88756094e-06 2.94055844e-02 2.87002481e-02
3.63762269e+00 -2.81212804e-06 2.95532931e-02 2.88109220e-02
3.64729722e+00 -2.73258789e-06 2.96958018e-02 2.89190429e-02
3.65697174e+00 -2.64922900e-06 2.98328682e-02 2.90244962e-02
3.66664627e+00 -2.56235411e-06 2.99642692e-02 2.91271763e-02
3.67632080e+00 -2.47227921e-06 3.00898019e-02 2.92269874e-02
3.68599533e+00 -2.37933237e-06 3.02092843e-02 2.93238431e-02
3.69566986e+00 -2.28385267e-06 3.03225555e-02 2.94176670e-02
3.70534439e+00 -2.18618893e-06 3.04294770e-02 2.95083930e-02
3.71501892e+00 -2.08669855e-06 3.05299323e-02 2.95959652e-02
3.72469344e+00 -1.98574619e-06 3.06238281e-02 2.96803382e-02
3.73436797e+00 -1.88370246e-06 3.07110942e-02 2.97614774e-02
3.74404250e+00 -1.78094264e-06 3.07916837e-02 2.98393588e-02
3.75371703e+00 -1.67784524e-06 3.08655734e-02 2.99139694e-02
3.76339156e+00 -1.57479066e-06 3.09327640e-02 2.99853071e-02
3.77306609e+00 -1.47215980e-06 3.09932798e-02 3.00533807e-02
3.78274061e+00 -1.37033260e-06 3.10471688e-02 3.01182102e-02
3.79241514e+00 -1.26968667e-06 3.10945027e-02 3.01798263e-02
3.80208967e+00 -1.17059586e-06 3.11353765e-02 3.02382709e-02
3.81176420e+00 -1.07342882e-06 3.11699085e-02 3.02935965e-02
3.82143873e+00 -9.78547623e-07 3.11982396e-02 3.03458668e-02
3.83111326e+00 -8.86306381e-07 3.12205332e-02 3.03951557e-02
3.84078778e+00 -7.97049866e-07 3.12369743e-02 3.04415477e-02
3.85046231e+00 -7.11112186e-07 3.12477694e-02 3.04851379e-02
3.86013684e+00 -6.28815477e-07 3.12531455e-02 3.05260311e-02
3.86981137e+00 -5.50468644e-07 3.12533496e-02 3.05643420e-02
3.87948590e+00 -4.76366149e-07 3.12486475e-02 3.06001950e-02
3.88916043e+00 -4.06786838e-07 3.12393234e-02 3.06337234e-02
3.89883496e+00 -3.41992842e-07 3.12256790e-02 3.06650696e-02
3.90850948e+00 -2.82228522e-07 3.12080318e-02 3.06943843e-02
3.91818401e+00 -2.27719500e-07 3.11867150e-02 3.07218262e-02
3.92785854e+00 -1.78671741e-07 3.11620756e-02 3.07475616e-02
3.93753307e+00 -1.35270733e-07 3.11344736e-02 3.07717636e-02
3.94720760e+00 -9.76807253e-08 3.11042809e-02 3.07946122e-02
3.95688213e+00 -6.60440712e-08 3.10718794e-02 3.08162928e-02
3.96655665e+00 -4.04806421e-08 3.10376605e-02 3.08369964e-02
3.97623118e+00 -2.10873446e-08 3.10020230e-02 3.08569187e-02
3.98590571e+00 -7.93771960e-09 3.09653722e-02 3.08762593e-02
3.99558024e+00 -1.08164523e-09 3.09281182e-02 3.08952208e-02
4.00525477e+00 -5.45132103e-10 3.08906743e-02 3.09140088e-02
4.01492930e+00 -6.33021484e-09 3.08534557e-02 3.09328303e-02
4.02460382e+00 -1.84149464e-08 3.08168780e-02 3.09518935e-02
4.03427835e+00 -3.67534875e-08 3.07813554e-02 3.09714068e-02
4.04395288e+00 -6.12762912e-08 3.07472993e-02 3.09915778e-02
4.05362741e+00 -9.18903910e-08 3.07151167e-02 3.10126128e-02
4.06330194e+00 -1.28479779e-07 3.06852086e-02 3.10347157e-02
4.07297647e+00 -1.70905879e-07 3.06579686e-02 3.10580873e-02
4.08265100e+00 -2.19008111e-07 3.06337809e-02 3.10829245e-02
4.09232552e+00 -2.72604540e-07 3.06130192e-02 3.11094190e-02
4.10200005e+00 -3.31492618e-07 3.05960451e-02 3.11377572e-02
4.11167458e+00 -3.95449998e-07 3.05832065e-02 3.11681187e-02
4.12134911e+00 -4.64235429e-07 3.05748362e-02 3.12006760e-02
4.13102364e+00 -5.37589725e-07 3.05712506e-02 3.12355934e-02
4.14069817e+00 -6.15236796e-07 3.05727482e-02 3.12730264e-02
4.15037269e+00 -6.96884753e-07 3.05796087e-02 3.13131207e-02
4.16004722e+00 -7.82227055e-07 3.05920912e-02 3.13560122e-02
4.16972175e+00 -8.70943723e-07 3.06104339e-02 3.14018255e-02
4.17939628e+00 -9.62702590e-07 3.06348522e-02 3.14506740e-02
4.18907081e+00 -1.05716060e-06 3.06655386e-02 3.15026589e-02
4.19874534e+00 -1.15396513e-06 3.07026613e-02 3.15578692e-02
4.20841986e+00 -1.25275536e-06 3.07463637e-02 3.16163809e-02
4.21809439e+00 -1.35316366e-06 3.07967637e-02 3.16782566e-02
4.22776892e+00 -1.45481696e-06 3.08539534e-02 3.17435457e-02
4.23744345e+00 -1.55733819e-06 3.09179985e-02 3.18122837e-02
4.24711798e+00 -1.66034770e-06 3.09889382e-02 3.18844923e-02
4.25679251e+00 -1.76346466e-06 3.10667849e-02 3.19601791e-02
4.26646704e+00 -1.86630849e-06 3.11515243e-02 3.20393381e-02
4.27614156e+00 -1.96850024e-06 3.12431156e-02 3.21219490e-02
4.28581609e+00 -2.06966402e-06 3.13414916e-02 3.22079782e-02
4.29549062e+00 -2.16942830e-06 3.14465588e-02 3.22973782e-02
4.30516515e+00 -2.26742733e-06 3.15581984e-02 3.23900884e-02
4.31483968e+00 -2.36330240e-06 3.16762664e-02 3.24860352e-02
4.32451421e+00 -2.45670312e-06 3.18005945e-02 3.25851325e-02
4.33418873e+00 -2.54728870e-06 3.19309908e-02 3.26872820e-02
4.34386326e+00 -2.63472910e-06 3.20672406e-02 3.27923739e-02
4.35353779e+00 -2.71870621e-06 3.22091075e-02 3.29002873e-02
4.36321232e+00 -2.79891496e-06 3.23563342e-02 3.30108907e-02
4.37288685e+00 -2.87506437e-06 3.25086440e-02 3.31240428e-02
4.38256138e+00 -2.94687853e-06 3.26657414e-02 3.32395931e-02
4.39223590e+00 -3.01409756e-06 3.28273138e-02 3.33573826e-02
4.40191043e+00 -3.07647849e-06 3.29930326e-02 3.34772446e-02
4.41158496e+00 -3.13379608e-06 3.31625546e-02 3.35990050e-02
4.42125949e+00 -3.18584358e-06 3.33355233e-02 3.37224837e-02
4.43093402e+00 -3.23243342e-06 3.35115703e-02 3.38474949e-02
4.44060855e+00 -3.27339784e-06 3.36903168e-02 3.39738480e-02
4.45028308e+00 -3.30858944e-06 3.38713750e-02 3.41013484e-02
4.45995760e+00 -3.33788167e-06 3.40543497e-02 3.42297982e-02
4.46963213e+00 -3.36116925e-06 3.42388395e-02 3.43589971e-02
4.47930666e+00 -3.37836852e-06 3.44244386e-02 3.44887430e-02
4.48898119e+00 -3.38941772e-06 3.46107382e-02 3.46188329e-02
4.49865572e+00 -3.39427718e-06 3.47973277e-02 3.47490633e-02
4.50833025e+00 -3.39292944e-06 3.49837967e-02 3.48792315e-02
4.51800477e+00 -3.38537936e-06 3.51697360e-02 3.50091360e-02
4.52767930e+00 -3.37165403e-06 3.53547392e-02 3.51385768e-02
4.53735383e+00 -3.35180273e-06 3.55384042e-02 3.52673570e-02
4.54702836e+00 -3.32589677e-06 3.57203346e-02 3.53952824e-02
4.55670289e+00 -3.29402924e-06 3.59001410e-02 3.55221631e-02
4.56637742e+00 -3.25631468e-06 3.60774421e-02 3.56478132e-02
4.57605194e+00 -3.21288875e-06 3.62518666e-02 3.57720521e-02
4.58572647e+00 -3.16390777e-06 3.64230538e-02 3.58947048e-02
4.59540100e+00 -3.10954816e-06 3.65906555e-02 3.60156022e-02
4.60507553e+00 -3.05000590e-06 3.67543365e-02 3.61345822e-02
4.61475006e+00 -2.98549586e-06 3.69137760e-02 3.62514893e-02
4.62442459e+00 -2.91625107e-06 3.70686692e-02 3.63661760e-02
4.63409912e+00 -2.84252195e-06 3.72187272e-02 3.64785027e-02
4.64377364e+00 -2.76457544e-06 3.73636791e-02 3.65883380e-02
4.65344817e+00 -2.68269412e-06 3.75032722e-02 3.66955595e-02
4.66312270e+00 -2.59717521e-06 3.76372732e-02 3.68000540e-02
4.67279723e+00 -2.50832959e-06 3.77654688e-02 3.69017175e-02
4.68247176e+00 -2.41648066e-06 3.78876665e-02 3.70004560e-02
4.69214629e+00 -2.32196329e-06 3.80036953e-02 3.70961856e-02
4.70182081e+00 -2.22512258e-06 3.81134060e-02 3.71888324e-02
4.71149534e+00 -2.12631268e-06 3.82166722e-02 3.72783333e-02
4.72116987e+00 -2.02589554e-06 3.83133904e-02 3.73646358e-02
4.73084440e+00 -1.92423956e-06 3.84034803e-02 3.74476983e-02
4.74051893e+00 -1.82171834e-06 3.84868854e-02 3.75274903e-02
4.75019346e+00 -1.71870926e-06 3.85635731e-02 3.76039923e-02
4.75986798e+00 -1.61559215e-06 3.86335344e-02 3.76771961e-02
4.76954251e+00 -1.51274788e-06 3.86967848e-02 3.77471047e-02
4.77921704e+00 -1.41055693e-06 3.87533634e-02 3.78137325e-02
4.78889157e+00 -1.30939802e-06 3.88033335e-02 3.78771052e-02
4.79856610e+00 -1.20964664e-06 3.88467820e-02 3.79372595e-02
4.80824063e+00 -1.11167368e-06 3.88838191e-02 3.79942436e-02
4.81791516e+00 -1.01584399e-06 3.89145784e-02 3.80481166e-02
4.82758968e+00 -9.22514988e-07 3.89392160e-02 3.80989486e-02
4.83726421e+00 -8.32035316e-07 3.89579103e-02 3.81468204e-02
4.84693874e+00 -7.44743462e-07 3.89708612e-02 3.81918234e-02
4.85661327e+00 -6.60966460e-07 3.89782897e-02 3.82340593e-02
4.86628780e+00 -5.81018605e-07 3.89804371e-02 3.82736401e-02
4.87596233e+00 -5.05200225e-07 3.89775638e-02 3.83106872e-02
4.88563685e+00 -4.33796487e-07 3.89699493e-02 3.83453316e-02
4.89531138e+00 -3.67076273e-07 3.89578903e-02 3.83777134e-02
4.90498591e+00 -3.05291107e-07 3.89417006e-02 3.84079813e-02
4.91466044e+00 -2.48674148e-07 3.89217091e-02 3.84362920e-02
4.92433497e+00 -1.97439252e-07 3.88982595e-02 3.84628101e-02
4.93400950e+00 -1.51780116e-07 3.88717088e-02 3.84877072e-02
4.94368403e+00 -1.11869487e-07 3.88424258e-02 3.85111618e-02
4.95335855e+00 -7.78584694e-08 3.88107903e-02 3.85333581e-02
4.96303308e+00 -4.98759052e-08 3.87771914e-02 3.85544860e-02
4.97270761e+00 -2.80278516e-08 3.87420262e-02 3.85747400e-02
4.98238214e+00 -1.23971485e-08 3.87056985e-02 3.85943188e-02
4.99205667e+00 -3.04308050e-09 3.86686173e-02 3.86134244e-02
5.00173120e+00 -1.13185584e-12 3.86311952e-02 3.86322615e-02
