#	Time	Error_of_Energy	Error_of_Position	Error_of_Velocity
4.83726421e-03 2.19010066e-11 2.16465902e-10 1.89140437e-10
9.67452842e-03 4.38015005e-11 4.33022345e-10 3.79398590e-10
1.45117926e-02 6.57022507e-11 6.49452275e-10 5.71743974e-10
1.93490568e-02 8.76030009e-11 8.65545277e-10 7.67131804e-10
2.41863211e-02 1.09503495e-10 1.08110209e-09 9.66492624e-10
2.90235853e-02 1.31404373e-10 1.29593597e-09 1.17072675e-09
3.38608495e-02 1.53305252e-10 1.50987734e-09 1.38069600e-09
3.86981137e-02 1.75205361e-10 1.72277524e-09 1.59721988e-09
4.35353779e-02 1.97106239e-10 1.93450246e-09 1.82106981e-09
4.83726421e-02 2.19006605e-10 2.14495656e-09 2.05296780e-09
5.32099063e-02 2.40907483e-10 2.35406517e-09 2.29358321e-09
5.80471705e-02 2.62807849e-10 2.56178777e-09 2.54353357e-09
6.28844348e-02 2.84708599e-10 2.76811976e-09 2.80338270e-09
6.77216990e-02 3.06609606e-10 2.97309566e-09 3.07364474e-09
7.25589632e-02 3.28509972e-10 3.17679157e-09 3.35478265e-09
7.73962274e-02 3.50410465e-10 3.37932873e-09 3.64721255e-09
8.22334916e-02 3.72311216e-10 3.58087673e-09 3.95130598e-09
8.70707558e-02 3.94212222e-10 3.78165644e-09 4.26738968e-09
9.19080200e-02 4.16112460e-10 3.98194138e-09 4.59575269e-09
9.67452842e-02 4.38013466e-10 4.18206154e-09 4.93664582e-09
1.01582548e-01 4.59913960e-10 4.38240358e-09 5.29028575e-09
1.06419813e-01 4.81814198e-10 4.58341330e-09 5.65685823e-09
1.11257077e-01 5.03715332e-10 4.78559622e-09 6.03651772e-09
1.16094341e-01 5.25615826e-10 4.98951710e-09 6.42939316e-09
1.20931605e-01 5.47516961e-10 5.19579950e-09 6.83558905e-09
1.25768870e-01 5.69417198e-10 5.40512465e-09 7.25518586e-09
1.30606134e-01 5.91317692e-10 5.61822889e-09 7.68824414e-09
1.35443398e-01 6.13218571e-10 5.83589970e-09 8.13480446e-09
1.40280662e-01 6.35119193e-10 6.05897232e-09 8.59489058e-09
1.45117926e-01 6.57019687e-10 6.28832394e-09 9.06850926e-09
1.49955191e-01 6.78920693e-10 6.52486740e-09 9.55565285e-09
1.54792455e-01 7.00821059e-10 6.76954516e-09 1.00562996e-08
1.59629719e-01 7.22722066e-10 7.02332073e-09 1.05704144e-08
1.64466983e-01 7.44622688e-10 7.28717116e-09 1.10979509e-08
1.69304247e-01 7.66523053e-10 7.56207827e-09 1.16388521e-08
1.74141512e-01 7.88423803e-10 7.84902069e-09 1.21930490e-08
1.78978776e-01 8.10324682e-10 8.14896468e-09 1.27604649e-08
1.83816040e-01 8.32224791e-10 8.46285665e-09 1.33410125e-08
1.88653304e-01 8.54125670e-10 8.79161519e-09 1.39345968e-08
1.93490568e-01 8.76025779e-10 9.13612443e-09 1.45411152e-08
1.98327833e-01 8.97926529e-10 9.49722788e-09 1.51604567e-08
2.03165097e-01 9.19827407e-10 9.87572345e-09 1.57925035e-08
2.08002361e-01 9.41727901e-10 1.02723588e-08 1.64371306e-08
2.12839625e-01 9.63629164e-10 1.06878288e-08 1.70942074e-08
2.17676890e-01 9.85529402e-10 1.11227730e-08 1.77635968e-08
2.22514154e-01 1.00743002e-09 1.15777743e-08 1.84451556e-08
2.27351418e-01 1.02933065e-09 1.20533586e-08 1.91387358e-08
2.32188682e-01 1.05123114e-09 1.25499948e-08 1.98441827e-08
2.37025946e-01 1.07313215e-09 1.30680961e-08 2.05613374e-08
2.41863211e-01 1.09503264e-09 1.36080210e-08 2.12900368e-08
2.46700475e-01 1.11693339e-09 1.41700751e-08 2.20301111e-08
2.51537739e-01 1.13883414e-09 1.47545130e-08 2.27813878e-08
2.56375003e-01 1.16073463e-09 1.53615411e-08 2.35436891e-08
2.61212267e-01 1.18263551e-09 1.59913190e-08 2.43168334e-08
2.66049532e-01 1.20453601e-09 1.66439624e-08 2.51006347e-08
2.70886796e-01 1.22643689e-09 1.73195455e-08 2.58949030e-08
2.75724060e-01 1.24833738e-09 1.80181031e-08 2.66994454e-08
2.80561324e-01 1.27023813e-09 1.87396328e-08 2.75140643e-08
2.85398589e-01 1.29213875e-09 1.94840972e-08 2.83385592e-08
2.90235853e-01 1.31403925e-09 2.02514253e-08 2.91727260e-08
2.95073117e-01 1.33593961e-09 2.10415151e-08 3.00163570e-08
2.99910381e-01 1.35784036e-09 2.18542351e-08 3.08692426e-08
3.04747645e-01 1.37974162e-09 2.26894253e-08 3.17311684e-08
3.09584910e-01 1.40164212e-09 2.35468992e-08 3.26019183e-08
3.14422174e-01 1.42354287e-09 2.44264455e-08 3.34812737e-08
3.19259438e-01 1.44544336e-09 2.53278268e-08 3.43690111e-08
3.24096702e-01 1.46734386e-09 2.62507852e-08 3.52649079e-08
3.28933966e-01 1.48924486e-09 2.71950385e-08 3.61687354e-08
3.33771231e-01 1.51114497e-09 2.81602843e-08 3.70802647e-08
3.38608495e-01 1.53304598e-09 2.91462005e-08 3.79992649e-08
3.43445759e-01 1.55494647e-09 3.01524434e-08 3.89255005e-08
3.48283023e-01 1.57684709e-09 3.11786531e-08 3.98587371e-08
3.53120288e-01 1.59874772e-09 3.22244492e-08 4.07987357e-08
3.57957552e-01 1.62064859e-09 3.32894352e-08 4.17452565e-08
3.62794816e-01 1.64254909e-09 3.43731977e-08 4.26980588e-08
3.67632080e-01 1.66444958e-09 3.54753056e-08 4.36568977e-08
3.72469344e-01 1.68635020e-09 3.65953145e-08 4.46215300e-08
3.77306609e-01 1.70825121e-09 3.77327621e-08 4.55917084e-08
3.82143873e-01 1.73015209e-09 3.88871732e-08 4.65671853e-08
3.86981137e-01 1.75205284e-09 4.00580586e-08 4.75477122e-08
3.91818401e-01 1.77395282e-09 4.12449134e-08 4.85330379e-08
3.96655665e-01 1.79585357e-09 4.24472226e-08 4.95229129e-08
4.01492930e-01 1.81775432e-09 4.36644557e-08 5.05170826e-08
4.06330194e-01 1.83965456e-09 4.48960719e-08 5.15152962e-08
4.11167458e-01 1.86155557e-09 4.61415187e-08 5.25172990e-08
4.16004722e-01 1.88345606e-09 4.74002305e-08 5.35228360e-08
4.20841986e-01 1.90535694e-09 4.86716344e-08 5.45316533e-08
4.25679251e-01 1.92725756e-09 4.99551440e-08 5.55434947e-08
4.30516515e-01 1.94915831e-09 5.12501658e-08 5.65581049e-08
4.35353779e-01 1.97105893e-09 5.25560965e-08 5.75752277e-08
4.40191043e-01 1.99295930e-09 5.38723228e-08 5.85946063e-08
4.45028308e-01 2.01486018e-09 5.51982263e-08 5.96159863e-08
4.49865572e-01 2.03676105e-09 5.65331781e-08 6.06391092e-08
4.54702836e-01 2.05866155e-09 5.78765443e-08 6.16637212e-08
4.59540100e-01 2.08056204e-09 5.92276842e-08 6.26895660e-08
4.64377364e-01 2.10246254e-09 6.05859507e-08 6.37163879e-08
4.69214629e-01 2.12436341e-09 6.19506925e-08 6.47439333e-08
4.74051893e-01 2.14626416e-09 6.33212517e-08 6.57719475e-08
4.78889157e-01 2.16816504e-09 6.46969681e-08 6.68001777e-08
4.83726421e-01 2.19006515e-09 6.60771772e-08 6.78283708e-08
4.88563685e-01 2.21196642e-09 6.74612112e-08 6.88562764e-08
4.93400950e-01 2.23386704e-09 6.88484008e-08 6.98836440e-08
4.98238214e-01 2.25576753e-09 7.02380728e-08 7.09102228e-08
5.03075478e-01 2.27766815e-09 7.16295548e-08 7.19357669e-08
5.07912742e-01 2.29956852e-09 7.30221731e-08 7.29600292e-08
5.12750007e-01 2.32146940e-09 7.44152532e-08 7.39827642e-08
5.17587271e-01 2.34337002e-09 7.58081223e-08 7.50037298e-08
5.22424535e-01 2.36527090e-09 7.72001065e-08 7.60226835e-08
5.27261799e-01 2.38717126e-09 7.85905359e-08 7.70393863e-08
5.32099063e-01 2.40907214e-09 7.99787416e-08 7.80535997e-08
5.36936328e-01 2.43097302e-09 8.13640574e-08 7.90650893e-08
5.41773592e-01 2.45287390e-09 8.27458215e-08 8.00736218e-08
5.46610856e-01 2.47477452e-09 8.41233739e-08 8.10789643e-08
5.51448120e-01 2.49667514e-09 8.54960614e-08 8.20808904e-08
5.56285384e-01 2.51857576e-09 8.68632350e-08 8.30791734e-08
5.61122649e-01 2.54047613e-09 8.82242510e-08 8.40735896e-08
5.65959913e-01 2.56237688e-09 8.95784723e-08 8.50639192e-08
5.70797177e-01 2.58427789e-09 9.09252694e-08 8.60499447e-08
5.75634441e-01 2.60617825e-09 9.22640181e-08 8.70314514e-08
5.80471705e-01 2.62807900e-09 9.35941038e-08 8.80082273e-08
5.85308970e-01 2.64997975e-09 9.49149197e-08 8.89800657e-08
5.90146234e-01 2.67188025e-09 9.62258680e-08 8.99467611e-08
5.94983498e-01 2.69378125e-09 9.75263614e-08 9.09081129e-08
5.99820762e-01 2.71568162e-09 9.88158204e-08 9.18639233e-08
6.04658027e-01 2.73758250e-09 1.00093678e-07 9.28139986e-08
6.09495291e-01 2.75948299e-09 1.01359377e-07 9.37581485e-08
6.14332555e-01 2.78138413e-09 1.02612373e-07 9.46961880e-08
6.19169819e-01 2.80328475e-09 1.03852133e-07 9.56279353e-08
6.24007083e-01 2.82518537e-09 1.05078135e-07 9.65532128e-08
6.28844348e-01 2.84708574e-09 1.06289873e-07 9.74718473e-08
6.33681612e-01 2.86898649e-09 1.07486851e-07 9.83836695e-08
6.38518876e-01 2.89088698e-09 1.08668590e-07 9.92885168e-08
6.43356140e-01 2.91278811e-09 1.09834624e-07 1.00186229e-07
6.48193404e-01 2.93468835e-09 1.10984499e-07 1.01076651e-07
6.53030669e-01 2.95658923e-09 1.12117782e-07 1.01959635e-07
6.57867933e-01 2.97848998e-09 1.13234050e-07 1.02835035e-07
6.62705197e-01 3.00039060e-09 1.14332899e-07 1.03702714e-07
6.67542461e-01 3.02229148e-09 1.15413938e-07 1.04562534e-07
6.72379726e-01 3.04419185e-09 1.16476798e-07 1.05414370e-07
6.77216990e-01 3.06609260e-09 1.17521123e-07 1.06258098e-07
6.82054254e-01 3.08799296e-09 1.18546572e-07 1.07093601e-07
6.86891518e-01 3.10989346e-09 1.19552828e-07 1.07920766e-07
6.91728782e-01 3.13179472e-09 1.20539586e-07 1.08739489e-07
6.96566047e-01 3.15369547e-09 1.21506563e-07 1.09549670e-07
7.01403311e-01 3.17559571e-09 1.22453493e-07 1.10351215e-07
7.06240575e-01 3.19749633e-09 1.23380128e-07 1.11144037e-07
7.11077839e-01 3.21939721e-09 1.24286240e-07 1.11928056e-07
7.15915103e-01 3.24129757e-09 1.25171617e-07 1.12703195e-07
7.20752368e-01 3.26319845e-09 1.26036073e-07 1.13469388e-07
7.25589632e-01 3.28509907e-09 1.26879436e-07 1.14226575e-07
7.30426896e-01 3.30699995e-09 1.27701554e-07 1.14974699e-07
7.35264160e-01 3.32890045e-09 1.28502296e-07 1.15713713e-07
7.40101424e-01 3.35080068e-09 1.29281552e-07 1.16443577e-07
7.44938689e-01 3.37270156e-09 1.30039230e-07 1.17164257e-07
7.49775953e-01 3.39460218e-09 1.30775261e-07 1.17875728e-07
7.54613217e-01 3.41650281e-09 1.31489593e-07 1.18577970e-07
7.59450481e-01 3.43840317e-09 1.32182196e-07 1.19270972e-07
7.64287746e-01 3.46030418e-09 1.32853059e-07 1.19954727e-07
7.69125010e-01 3.48220493e-09 1.33502195e-07 1.20629243e-07
7.73962274e-01 3.50410568e-09 1.34129636e-07 1.21294528e-07
7.78799538e-01 3.52600579e-09 1.34735431e-07 1.21950602e-07
7.83636802e-01 3.54790667e-09 1.35319653e-07 1.22597490e-07
7.88474067e-01 3.56980742e-09 1.35882396e-07 1.23235230e-07
7.93311331e-01 3.59170830e-09 1.36423773e-07 1.23863861e-07
7.98148595e-01 3.61360840e-09 1.36943916e-07 1.24483436e-07
8.02985859e-01 3.63550941e-09 1.37442982e-07 1.25094013e-07
8.07823123e-01 3.65741016e-09 1.37921141e-07 1.25695658e-07
8.12660388e-01 3.67931066e-09 1.38378591e-07 1.26288448e-07
8.17497652e-01 3.70121141e-09 1.38815544e-07 1.26872466e-07
8.22334916e-01 3.72311228e-09 1.39232237e-07 1.27447804e-07
8.27172180e-01 3.74501291e-09 1.39628920e-07 1.28014560e-07
8.32009445e-01 3.76691353e-09 1.40005868e-07 1.28572846e-07
8.36846709e-01 3.78881389e-09 1.40363376e-07 1.29122779e-07
8.41683973e-01 3.81071477e-09 1.40701753e-07 1.29664482e-07
8.46521237e-01 3.83261539e-09 1.41021332e-07 1.30198093e-07
8.51358501e-01 3.85451602e-09 1.41322462e-07 1.30723753e-07
8.56195766e-01 3.87641664e-09 1.41605511e-07 1.31241612e-07
8.61033030e-01 3.89831713e-09 1.41870868e-07 1.31751834e-07
8.65870294e-01 3.92021788e-09 1.42118935e-07 1.32254585e-07
8.70707558e-01 3.94211838e-09 1.42350136e-07 1.32750044e-07
8.75544822e-01 3.96401938e-09 1.42564910e-07 1.33238394e-07
8.80382087e-01 3.98591962e-09 1.42763713e-07 1.33719831e-07
8.85219351e-01 4.00782011e-09 1.42947022e-07 1.34194559e-07
8.90056615e-01 4.02972086e-09 1.43115324e-07 1.34662788e-07
8.94893879e-01 4.05162187e-09 1.43269127e-07 1.35124738e-07
8.99731143e-01 4.07352236e-09 1.43408954e-07 1.35580637e-07
9.04568408e-01 4.09542312e-09 1.43535340e-07 1.36030721e-07
9.09405672e-01 4.11732361e-09 1.43648840e-07 1.36475236e-07
9.14242936e-01 4.13922436e-09 1.43750020e-07 1.36914433e-07
9.19080200e-01 4.16112524e-09 1.43839463e-07 1.37348573e-07
9.23917465e-01 4.18302586e-09 1.43917761e-07 1.37777924e-07
9.28754729e-01 4.20492661e-09 1.43985524e-07 1.38202761e-07
9.33591993e-01 4.22682685e-09 1.44043374e-07 1.38623371e-07
9.38429257e-01 4.24872785e-09 1.44091944e-07 1.39040042e-07
9.43266521e-01 4.27062809e-09 1.44131880e-07 1.39453074e-07
9.48103786e-01 4.29252871e-09 1.44163838e-07 1.39862771e-07
9.52941050e-01 4.31442985e-09 1.44188486e-07 1.40269446e-07
9.57778314e-01 4.33633009e-09 1.44206502e-07 1.40673418e-07
9.62615578e-01 4.35823071e-09 1.44218575e-07 1.41075013e-07
9.67452842e-01 4.38013159e-09 1.44225402e-07 1.41474562e-07
9.72290107e-01 4.40203234e-09 1.44227688e-07 1.41872402e-07
9.77127371e-01 4.42393257e-09 1.44226147e-07 1.42268876e-07
9.81964635e-01 4.44583384e-09 1.44221499e-07 1.42664332e-07
9.86801899e-01 4.46773433e-09 1.44214475e-07 1.43059125e-07
9.91639164e-01 4.48963482e-09 1.44205806e-07 1.43453612e-07
9.96476428e-01 4.51153532e-09 1.44196236e-07 1.43848157e-07
1.00131369e+00 4.53343632e-09 1.44186506e-07 1.44243125e-07
1.00615096e+00 4.55533708e-09 1.44177368e-07 1.44638889e-07
1.01098822e+00 4.57723744e-09 1.44169572e-07 1.45035821e-07
1.01582548e+00 4.59913806e-09 1.44163876e-07 1.45434298e-07
1.02066275e+00 4.62103868e-09 1.44161036e-07 1.45834701e-07
1.02550001e+00 4.64293931e-09 1.44161810e-07 1.46237408e-07
1.03033728e+00 4.66484006e-09 1.44166960e-07 1.46642807e-07
1.03517454e+00 4.68674094e-09 1.44177242e-07 1.47051280e-07
1.04001181e+00 4.70864169e-09 1.44193417e-07 1.47463214e-07
1.04484907e+00 4.73054218e-09 1.44216240e-07 1.47878993e-07
1.04968633e+00 4.75244280e-09 1.44246466e-07 1.48299003e-07
1.05452360e+00 4.77434330e-09 1.44284844e-07 1.48723630e-07
1.05936086e+00 4.79624405e-09 1.44332122e-07 1.49153258e-07
1.06419813e+00 4.81814492e-09 1.44389041e-07 1.49588269e-07
1.06903539e+00 4.84004567e-09 1.44456333e-07 1.50029042e-07
1.07387266e+00 4.86194617e-09 1.44534731e-07 1.50475957e-07
1.07870992e+00 4.88384666e-09 1.44624953e-07 1.50929387e-07
1.08354718e+00 4.90574716e-09 1.44727713e-07 1.51389705e-07
1.08838445e+00 4.92764778e-09 1.44843712e-07 1.51857275e-07
1.09322171e+00 4.94954814e-09 1.44973645e-07 1.52332461e-07
1.09805898e+00 4.97144928e-09 1.45118192e-07 1.52815618e-07
1.10289624e+00 4.99335003e-09 1.45278022e-07 1.53307099e-07
1.10773350e+00 5.01525052e-09 1.45453793e-07 1.53807247e-07
1.11257077e+00 5.03715127e-09 1.45646145e-07 1.54316399e-07
1.11740803e+00 5.05905202e-09 1.45855710e-07 1.54834889e-07
1.12224530e+00 5.08095226e-09 1.46083099e-07 1.55363037e-07
1.12708256e+00 5.10285288e-09 1.46328908e-07 1.55901158e-07
1.13191983e+00 5.12475376e-09 1.46593717e-07 1.56449557e-07
1.13675709e+00 5.14665464e-09 1.46878089e-07 1.57008531e-07
1.14159435e+00 5.16855488e-09 1.47182566e-07 1.57578366e-07
1.14643162e+00 5.19045537e-09 1.47507671e-07 1.58159338e-07
1.15126888e+00 5.21235612e-09 1.47853909e-07 1.58751713e-07
1.15610615e+00 5.23425674e-09 1.48221760e-07 1.59355744e-07
1.16094341e+00 5.25615749e-09 1.48611690e-07 1.59971677e-07
1.16578068e+00 5.27805824e-09 1.49024136e-07 1.60599740e-07
1.17061794e+00 5.29995874e-09 1.49459516e-07 1.61240154e-07
1.17545520e+00 5.32185949e-09 1.49918222e-07 1.61893125e-07
1.18029247e+00 5.34375998e-09 1.50400626e-07 1.62558846e-07
1.18512973e+00 5.36566048e-09 1.50907074e-07 1.63237498e-07
1.18996700e+00 5.38756148e-09 1.51437887e-07 1.63929248e-07
1.19480426e+00 5.40946198e-09 1.51993360e-07 1.64634248e-07
1.19964152e+00 5.43136247e-09 1.52573768e-07 1.65352639e-07
1.20447879e+00 5.45326348e-09 1.53179354e-07 1.66084547e-07
1.20931605e+00 5.47516384e-09 1.53810339e-07 1.66830082e-07
1.21415332e+00 5.49706434e-09 1.54466918e-07 1.67589341e-07
1.21899058e+00 5.51896521e-09 1.55149257e-07 1.68362407e-07
1.22382785e+00 5.54086596e-09 1.55857499e-07 1.69149347e-07
1.22866511e+00 5.56276620e-09 1.56591760e-07 1.69950215e-07
1.23350237e+00 5.58466708e-09 1.57352128e-07 1.70765050e-07
1.23833964e+00 5.60656745e-09 1.58138665e-07 1.71593874e-07
1.24317690e+00 5.62846820e-09 1.58951410e-07 1.72436700e-07
1.24801417e+00 5.65036895e-09 1.59790371e-07 1.73293521e-07
1.25285143e+00 5.67226944e-09 1.60655534e-07 1.74164317e-07
1.25768870e+00 5.69417032e-09 1.61546857e-07 1.75049056e-07
1.26252596e+00 5.71607081e-09 1.62464272e-07 1.75947687e-07
1.26736322e+00 5.73797143e-09 1.63407690e-07 1.76860151e-07
1.27220049e+00 5.75987206e-09 1.64376990e-07 1.77786369e-07
1.27703775e+00 5.78177268e-09 1.65372032e-07 1.78726253e-07
1.28187502e+00 5.80367343e-09 1.66392649e-07 1.79679700e-07
1.28671228e+00 5.82557418e-09 1.67438651e-07 1.80646592e-07
1.29154954e+00 5.84747493e-09 1.68509821e-07 1.81626798e-07
1.29638681e+00 5.86937542e-09 1.69605927e-07 1.82620180e-07
1.30122407e+00 5.89127617e-09 1.70726706e-07 1.83626581e-07
1.30606134e+00 5.91317692e-09 1.71871876e-07 1.84645833e-07
1.31089860e+00 5.93507767e-09 1.73041133e-07 1.85677757e-07
1.31573587e+00 5.95697817e-09 1.74234154e-07 1.86722164e-07
1.32057313e+00 5.97887866e-09 1.75450590e-07 1.87778851e-07
1.32541039e+00 6.00077941e-09 1.76690076e-07 1.88847607e-07
1.33024766e+00 6.02268029e-09 1.77952226e-07 1.89928208e-07
1.33508492e+00 6.04458053e-09 1.79236633e-07 1.91020418e-07
1.33992219e+00 6.06648153e-09 1.80542877e-07 1.92123999e-07
1.34475945e+00 6.08838228e-09 1.81870514e-07 1.93238697e-07
1.34959672e+00 6.11028265e-09 1.83219085e-07 1.94364250e-07
1.35443398e+00 6.13218353e-09 1.84588112e-07 1.95500387e-07
1.35927124e+00 6.15408402e-09 1.85977106e-07 1.96646832e-07
1.36410851e+00 6.17598464e-09 1.87385556e-07 1.97803298e-07
1.36894577e+00 6.19788539e-09 1.88812939e-07 1.98969491e-07
1.37378304e+00 6.21978614e-09 1.90258717e-07 2.00145111e-07
1.37862030e+00 6.24168651e-09 1.91722335e-07 2.01329848e-07
1.38345756e+00 6.26358726e-09 1.93203232e-07 2.02523394e-07
1.38829483e+00 6.28548775e-09 1.94700827e-07 2.03725427e-07
1.39313209e+00 6.30738863e-09 1.96214530e-07 2.04935622e-07
1.39796936e+00 6.32928925e-09 1.97743737e-07 2.06153648e-07
1.40280662e+00 6.35118949e-09 1.99287835e-07 2.07379172e-07
1.40764389e+00 6.37309011e-09 2.00846201e-07 2.08611856e-07
1.41248115e+00 6.39499074e-09 2.02418200e-07 2.09851355e-07
1.41731841e+00 6.41689161e-09 2.04003188e-07 2.11097323e-07
1.42215568e+00 6.43879224e-09 2.05600510e-07 2.12349409e-07
1.42699294e+00 6.46069286e-09 2.07209511e-07 2.13607265e-07
1.43183021e+00 6.48259335e-09 2.08829520e-07 2.14870533e-07
1.43666747e+00 6.50449410e-09 2.10459862e-07 2.16138856e-07
1.44150474e+00 6.52639485e-09 2.12099854e-07 2.17411875e-07
1.44634200e+00 6.54829522e-09 2.13748810e-07 2.18689232e-07
1.45117926e+00 6.57019597e-09 2.15406037e-07 2.19970563e-07
1.45601653e+00 6.59209659e-09 2.17070836e-07 2.21255507e-07
1.46085379e+00 6.61399747e-09 2.18742504e-07 2.22543699e-07
1.46569106e+00 6.63589848e-09 2.20420339e-07 2.23834780e-07
1.47052832e+00 6.65779884e-09 2.22103630e-07 2.25128387e-07
1.47536558e+00 6.67969959e-09 2.23791666e-07 2.26424156e-07
1.48020285e+00 6.70160060e-09 2.25483734e-07 2.27721726e-07
1.48504011e+00 6.72350096e-09 2.27179119e-07 2.29020737e-07
1.48987738e+00 6.74540171e-09 2.28877108e-07 2.30320831e-07
1.49471464e+00 6.76730221e-09 2.30576984e-07 2.31621650e-07
1.49955191e+00 6.78920296e-09 2.32278032e-07 2.32922839e-07
1.50438917e+00 6.81110358e-09 2.33979536e-07 2.34224042e-07
1.50922643e+00 6.83300420e-09 2.35680788e-07 2.35524913e-07
1.51406370e+00 6.85490482e-09 2.37381074e-07 2.36825100e-07
1.51890096e+00 6.87680545e-09 2.39079688e-07 2.38124260e-07
1.52373823e+00 6.89870633e-09 2.40775923e-07 2.39422050e-07
1.52857549e+00 6.92060695e-09 2.42469079e-07 2.40718130e-07
1.53341276e+00 6.94250757e-09 2.44158460e-07 2.42012167e-07
1.53825002e+00 6.96440806e-09 2.45843373e-07 2.43303829e-07
1.54308728e+00 6.98630881e-09 2.47523131e-07 2.44592789e-07
1.54792455e+00 7.00820931e-09 2.49197052e-07 2.45878721e-07
1.55276181e+00 7.03011019e-09 2.50864466e-07 2.47161311e-07
1.55759908e+00 7.05201094e-09 2.52524702e-07 2.48440243e-07
1.56243634e+00 7.07391169e-09 2.54177102e-07 2.49715208e-07
1.56727360e+00 7.09581192e-09 2.55821013e-07 2.50985903e-07
1.57211087e+00 7.11771306e-09 2.57455791e-07 2.52252027e-07
1.57694813e+00 7.13961355e-09 2.59080804e-07 2.53513290e-07
1.58178540e+00 7.16151430e-09 2.60695426e-07 2.54769402e-07
1.58662266e+00 7.18341505e-09 2.62299043e-07 2.56020082e-07
1.59145993e+00 7.20531555e-09 2.63891048e-07 2.57265051e-07
1.59629719e+00 7.22721642e-09 2.65470853e-07 2.58504045e-07
1.60113445e+00 7.24911730e-09 2.67037875e-07 2.59736797e-07
1.60597172e+00 7.27101780e-09 2.68591543e-07 2.60963050e-07
1.61080898e+00 7.29291855e-09 2.70131301e-07 2.62182553e-07
1.61564625e+00 7.31481955e-09 2.71656605e-07 2.63395062e-07
1.62048351e+00 7.33672005e-09 2.73166925e-07 2.64600342e-07
1.62532078e+00 7.35862029e-09 2.74661744e-07 2.65798161e-07
1.63015804e+00 7.38052129e-09 2.76140559e-07 2.66988296e-07
1.63499530e+00 7.40242153e-09 2.77602880e-07 2.68170531e-07
1.63983257e+00 7.42432228e-09 2.79048240e-07 2.69344660e-07
1.64466983e+00 7.44622303e-09 2.80476179e-07 2.70510481e-07
1.64950710e+00 7.46812378e-09 2.81886254e-07 2.71667801e-07
1.65434436e+00 7.49002453e-09 2.83278042e-07 2.72816434e-07
1.65918162e+00 7.51192477e-09 2.84651133e-07 2.73956201e-07
1.66401889e+00 7.53382526e-09 2.86005137e-07 2.75086936e-07
1.66885615e+00 7.55572601e-09 2.87339679e-07 2.76208475e-07
1.67369342e+00 7.57762702e-09 2.88654403e-07 2.77320665e-07
1.67853068e+00 7.59952751e-09 2.89948968e-07 2.78423359e-07
1.68336795e+00 7.62142801e-09 2.91223057e-07 2.79516425e-07
1.68820521e+00 7.64332850e-09 2.92476367e-07 2.80599733e-07
1.69304247e+00 7.66522951e-09 2.93708614e-07 2.81673162e-07
1.69787974e+00 7.68713000e-09 2.94919536e-07 2.82736601e-07
1.70271700e+00 7.70903088e-09 2.96108884e-07 2.83789948e-07
1.70755427e+00 7.73093163e-09 2.97276438e-07 2.84833110e-07
1.71239153e+00 7.75283212e-09 2.98421990e-07 2.85866002e-07
1.71722880e+00 7.77473262e-09 2.99545355e-07 2.86888548e-07
1.72206606e+00 7.79663350e-09 3.00646364e-07 2.87900680e-07
1.72690332e+00 7.81853412e-09 3.01724879e-07 2.88902342e-07
1.73174059e+00 7.84043487e-09 3.02780770e-07 2.89893485e-07
1.73657785e+00 7.86233549e-09 3.03813935e-07 2.90874068e-07
1.74141512e+00 7.88423611e-09 3.04824290e-07 2.91844062e-07
1.74625238e+00 7.90613635e-09 3.05811770e-07 2.92803444e-07
1.75108964e+00 7.92803748e-09 3.06776337e-07 2.93752205e-07
1.75592691e+00 7.94993772e-09 3.07717969e-07 2.94690341e-07
1.76076417e+00 7.97183898e-09 3.08636665e-07 2.95617858e-07
1.76560144e+00 7.99373922e-09 3.09532444e-07 2.96534770e-07
1.77043870e+00 8.01563997e-09 3.10405352e-07 2.97441108e-07
1.77527597e+00 8.03754047e-09 3.11255452e-07 2.98336904e-07
1.78011323e+00 8.05944147e-09 3.12082826e-07 2.99222202e-07
1.78495049e+00 8.08134222e-09 3.12887580e-07 3.00097057e-07
1.78978776e+00 8.10324272e-09 3.13669839e-07 3.00961529e-07
1.79462502e+00 8.12514347e-09 3.14429752e-07 3.01815694e-07
1.79946229e+00 8.14704383e-09 3.15167485e-07 3.02659632e-07
1.80429955e+00 8.16894471e-09 3.15883226e-07 3.03493435e-07
1.80913682e+00 8.19084520e-09 3.16577183e-07 3.04317202e-07
1.81397408e+00 8.21274608e-09 3.17249588e-07 3.05131045e-07
1.81881134e+00 8.23464683e-09 3.17900689e-07 3.05935082e-07
1.82364861e+00 8.25654746e-09 3.18530756e-07 3.06729441e-07
1.82848587e+00 8.27844795e-09 3.19140078e-07 3.07514260e-07
1.83332314e+00 8.30034870e-09 3.19728963e-07 3.08289685e-07
1.83816040e+00 8.32224958e-09 3.20297741e-07 3.09055873e-07
1.84299766e+00 8.34415020e-09 3.20846759e-07 3.09812987e-07
1.84783493e+00 8.36605095e-09 3.21376385e-07 3.10561203e-07
1.85267219e+00 8.38795170e-09 3.21887000e-07 3.11300698e-07
1.85750946e+00 8.40985232e-09 3.22379013e-07 3.12031671e-07
1.86234672e+00 8.43175282e-09 3.22852844e-07 3.12754318e-07
1.86718399e+00 8.45365369e-09 3.23308932e-07 3.13468848e-07
1.87202125e+00 8.47555444e-09 3.23747735e-07 3.14175477e-07
1.87685851e+00 8.49745468e-09 3.24169725e-07 3.14874429e-07
1.88169578e+00 8.51935569e-09 3.24575395e-07 3.15565940e-07
1.88653304e+00 8.54125631e-09 3.24965252e-07 3.16250250e-07
1.89137031e+00 8.56315693e-09 3.25339817e-07 3.16927609e-07
1.89620757e+00 8.58505768e-09 3.25699628e-07 3.17598272e-07
1.90104484e+00 8.60695843e-09 3.26045243e-07 3.18262506e-07
1.90588210e+00 8.62885918e-09 3.26377227e-07 3.18920581e-07
1.91071936e+00 8.65075968e-09 3.26696163e-07 3.19572778e-07
1.91555663e+00 8.67266056e-09 3.27002646e-07 3.20219382e-07
1.92039389e+00 8.69456105e-09 3.27297286e-07 3.20860685e-07
1.92523116e+00 8.71646193e-09 3.27580705e-07 3.21496989e-07
1.93006842e+00 8.73836255e-09 3.27853537e-07 3.22128600e-07
1.93490568e+00 8.76026304e-09 3.28116428e-07 3.22755829e-07
1.93974295e+00 8.78216354e-09 3.28370032e-07 3.23378992e-07
1.94458021e+00 8.80406429e-09 3.28615020e-07 3.23998418e-07
1.94941748e+00 8.82596517e-09 3.28852069e-07 3.24614436e-07
1.95425474e+00 8.84786553e-09 3.29081865e-07 3.25227379e-07
1.95909201e+00 8.86976628e-09 3.29305104e-07 3.25837587e-07
1.96392927e+00 8.89166690e-09 3.29522489e-07 3.26445405e-07
1.96876653e+00 8.91356765e-09 3.29734728e-07 3.27051180e-07
1.97360380e+00 8.93546815e-09 3.29942546e-07 3.27655268e-07
1.97844106e+00 8.95736890e-09 3.30146664e-07 3.28258024e-07
1.98327833e+00 8.97926965e-09 3.30347812e-07 3.28859808e-07
1.98811559e+00 9.00117040e-09 3.30546725e-07 3.29460984e-07
1.99295286e+00 9.02307089e-09 3.30744145e-07 3.30061918e-07
1.99779012e+00 9.04497139e-09 3.30940813e-07 3.30662979e-07
2.00262738e+00 9.06687214e-09 3.31137477e-07 3.31264539e-07
2.00746465e+00 9.08877314e-09 3.31334884e-07 3.31866969e-07
2.01230191e+00 9.11067364e-09 3.31533782e-07 3.32470642e-07
2.01713918e+00 9.13257439e-09 3.31734928e-07 3.33075939e-07
2.02197644e+00 9.15447488e-09 3.31939069e-07 3.33683232e-07
2.02681370e+00 9.17637538e-09 3.32146958e-07 3.34292900e-07
2.03165097e+00 9.19827625e-09 3.32359341e-07 3.34905316e-07
2.03648823e+00 9.22017675e-09 3.32576970e-07 3.35520862e-07
2.04132550e+00 9.24207737e-09 3.32800587e-07 3.36139909e-07
2.04616276e+00 9.26397812e-09 3.33030935e-07 3.36762834e-07
2.05100003e+00 9.28587849e-09 3.33268750e-07 3.37390008e-07
2.05583729e+00 9.30777988e-09 3.33514762e-07 3.38021802e-07
2.06067455e+00 9.32967986e-09 3.33769703e-07 3.38658588e-07
2.06551182e+00 9.35158022e-09 3.34034290e-07 3.39300729e-07
2.07034908e+00 9.37348149e-09 3.34309238e-07 3.39948588e-07
2.07518635e+00 9.39538211e-09 3.34595249e-07 3.40602526e-07
2.08002361e+00 9.41728247e-09 3.34893024e-07 3.41262897e-07
2.08486088e+00 9.43918335e-09 3.35203249e-07 3.41930053e-07
2.08969814e+00 9.46108372e-09 3.35526602e-07 3.42604340e-07
2.09453540e+00 9.48298447e-09 3.35863749e-07 3.43286099e-07
2.09937267e+00 9.50488509e-09 3.36215343e-07 3.43975664e-07
2.10420993e+00 9.52678584e-09 3.36582033e-07 3.44673369e-07
2.10904720e+00 9.54868659e-09 3.36964447e-07 3.45379537e-07
2.11388446e+00 9.57058683e-09 3.37363202e-07 3.46094483e-07
2.11872173e+00 9.59248758e-09 3.37778900e-07 3.46818516e-07
2.12355899e+00 9.61438833e-09 3.38212132e-07 3.47551941e-07
2.12839625e+00 9.63628882e-09 3.38663469e-07 3.48295053e-07
2.13323352e+00 9.65818957e-09 3.39133469e-07 3.49048137e-07
2.13807078e+00 9.68008981e-09 3.39622671e-07 3.49811471e-07
2.14290805e+00 9.70199056e-09 3.40131596e-07 3.50585323e-07
2.14774531e+00 9.72389131e-09 3.40660754e-07 3.51369957e-07
2.15258257e+00 9.74579155e-09 3.41210630e-07 3.52165621e-07
2.15741984e+00 9.76769256e-09 3.41781691e-07 3.52972557e-07
2.16225710e+00 9.78959305e-09 3.42374385e-07 3.53790994e-07
2.16709437e+00 9.81149380e-09 3.42989143e-07 3.54621154e-07
2.17193163e+00 9.83339455e-09 3.43626372e-07 3.55463246e-07
2.17676890e+00 9.85529479e-09 3.44286460e-07 3.56317470e-07
2.18160616e+00 9.87719579e-09 3.44969773e-07 3.57184013e-07
2.18644342e+00 9.89909616e-09 3.45676652e-07 3.58063048e-07
2.19128069e+00 9.92099729e-09 3.46407426e-07 3.58954746e-07
2.19611795e+00 9.94289753e-09 3.47162393e-07 3.59859258e-07
2.20095522e+00 9.96479828e-09 3.47941829e-07 3.60776724e-07
2.20579248e+00 9.98669852e-09 3.48745988e-07 3.61707271e-07
2.21062975e+00 1.00085994e-08 3.49575105e-07 3.62651020e-07
2.21546701e+00 1.00305001e-08 3.50429385e-07 3.63608072e-07
2.22030427e+00 1.00524010e-08 3.51309014e-07 3.64578520e-07
2.22514154e+00 1.00743013e-08 3.52214151e-07 3.65562443e-07
2.22997880e+00 1.00962020e-08 3.53144932e-07 3.66559906e-07
2.23481607e+00 1.01181030e-08 3.54101471e-07 3.67570965e-07
2.23965333e+00 1.01400034e-08 3.55083856e-07 3.68595658e-07
2.24449059e+00 1.01619043e-08 3.56092150e-07 3.69634014e-07
2.24932786e+00 1.01838053e-08 3.57126390e-07 3.70686046e-07
2.25416512e+00 1.02057053e-08 3.58186596e-07 3.71751758e-07
2.25900239e+00 1.02276060e-08 3.59272755e-07 3.72831139e-07
2.26383965e+00 1.02495069e-08 3.60384836e-07 3.73924163e-07
2.26867692e+00 1.02714075e-08 3.61522780e-07 3.75030796e-07
2.27351418e+00 1.02933079e-08 3.62686503e-07 3.76150983e-07
2.27835144e+00 1.03152089e-08 3.63875904e-07 3.77284669e-07
2.28318871e+00 1.03371096e-08 3.65090851e-07 3.78431776e-07
2.28802597e+00 1.03590102e-08 3.66331191e-07 3.79592217e-07
2.29286324e+00 1.03809110e-08 3.67596746e-07 3.80765890e-07
2.29770050e+00 1.04028115e-08 3.68887320e-07 3.81952689e-07
2.30253777e+00 1.04247122e-08 3.70202688e-07 3.83152487e-07
2.30737503e+00 1.04466132e-08 3.71542606e-07 3.84365149e-07
2.31221229e+00 1.04685137e-08 3.72906805e-07 3.85590528e-07
2.31704956e+00 1.04904145e-08 3.74294995e-07 3.86828463e-07
2.32188682e+00 1.05123150e-08 3.75706868e-07 3.88078787e-07
2.32672409e+00 1.05342157e-08 3.77142090e-07 3.89341319e-07
2.33156135e+00 1.05561160e-08 3.78600308e-07 3.90615867e-07
2.33639861e+00 1.05780167e-08 3.80081147e-07 3.91902227e-07
2.34123588e+00 1.05999175e-08 3.81584216e-07 3.93200189e-07
2.34607314e+00 1.06218182e-08 3.83109100e-07 3.94509530e-07
2.35091041e+00 1.06437192e-08 3.84655367e-07 3.95830017e-07
2.35574767e+00 1.06656197e-08 3.86222567e-07 3.97161409e-07
2.36058494e+00 1.06875201e-08 3.87810228e-07 3.98503453e-07
2.36542220e+00 1.07094207e-08 3.89417866e-07 3.99855895e-07
2.37025946e+00 1.07313215e-08 3.91044978e-07 4.01218462e-07
2.37509673e+00 1.07532220e-08 3.92691041e-07 4.02590880e-07
2.37993399e+00 1.07751223e-08 3.94355518e-07 4.03972862e-07
2.38477126e+00 1.07970237e-08 3.96037861e-07 4.05364121e-07
2.38960852e+00 1.08189241e-08 3.97737501e-07 4.06764355e-07
2.39444579e+00 1.08408247e-08 3.99453856e-07 4.08173259e-07
2.39928305e+00 1.08627255e-08 4.01186333e-07 4.09590521e-07
2.40412031e+00 1.08846259e-08 4.02934321e-07 4.11015819e-07
2.40895758e+00 1.09065270e-08 4.04697204e-07 4.12448834e-07
2.41379484e+00 1.09284277e-08 4.06474348e-07 4.13889233e-07
2.41863211e+00 1.09503281e-08 4.08265108e-07 4.15336681e-07
2.42346937e+00 1.09722291e-08 4.10068828e-07 4.16790838e-07
2.42830663e+00 1.09941297e-08 4.11884849e-07 4.18251362e-07
2.43314390e+00 1.10160303e-08 4.13712494e-07 4.19717903e-07
2.43798116e+00 1.10379313e-08 4.15551082e-07 4.21190108e-07
2.44281843e+00 1.10598312e-08 4.17399920e-07 4.22667623e-07
2.44765569e+00 1.10817321e-08 4.19258311e-07 4.24150087e-07
2.45249296e+00 1.11036331e-08 4.21125552e-07 4.25637143e-07
2.45733022e+00 1.11255336e-08 4.23000930e-07 4.27128426e-07
2.46216748e+00 1.11474341e-08 4.24883729e-07 4.28623570e-07
2.46700475e+00 1.11693352e-08 4.26773226e-07 4.30122206e-07
2.47184201e+00 1.11912357e-08 4.28668698e-07 4.31623970e-07
2.47667928e+00 1.12131366e-08 4.30569416e-07 4.33128490e-07
2.48151654e+00 1.12350372e-08 4.32474646e-07 4.34635398e-07
2.48635381e+00 1.12569379e-08 4.34383654e-07 4.36144322e-07
2.49119107e+00 1.12788384e-08 4.36295704e-07 4.37654892e-07
2.49602833e+00 1.13007392e-08 4.38210061e-07 4.39166740e-07
2.50086560e+00 1.13226397e-08 4.40125986e-07 4.40679497e-07
2.50570286e+00 1.13445403e-08 4.42042744e-07 4.42192794e-07
2.51054013e+00 1.13664410e-08 4.43959595e-07 4.43706265e-07
2.51537739e+00 1.13883419e-08 4.45875810e-07 4.45219546e-07
2.52021465e+00 1.14102424e-08 4.47790655e-07 4.46732273e-07
2.52505192e+00 1.14321430e-08 4.49703401e-07 4.48244088e-07
2.52988918e+00 1.14540435e-08 4.51613323e-07 4.49754630e-07
2.53472645e+00 1.14759444e-08 4.53519697e-07 4.51263544e-07
2.53956371e+00 1.14978452e-08 4.55421811e-07 4.52770482e-07
2.54440098e+00 1.15197457e-08 4.57318951e-07 4.54275094e-07
2.54923824e+00 1.15416467e-08 4.59210411e-07 4.55777031e-07
2.55407550e+00 1.15635472e-08 4.61095496e-07 4.57275960e-07
2.55891277e+00 1.15854476e-08 4.62973512e-07 4.58771540e-07
2.56375003e+00 1.16073484e-08 4.64843776e-07 4.60263441e-07
2.56858730e+00 1.16292493e-08 4.66705612e-07 4.61751334e-07
2.57342456e+00 1.16511499e-08 4.68558355e-07 4.63234899e-07
2.57826183e+00 1.16730504e-08 4.70401347e-07 4.64713818e-07
2.58309909e+00 1.16949509e-08 4.72233942e-07 4.66187781e-07
2.58793635e+00 1.17168514e-08 4.74055499e-07 4.67656480e-07
2.59277362e+00 1.17387521e-08 4.75865401e-07 4.69119619e-07
2.59761088e+00 1.17606526e-08 4.77663031e-07 4.70576904e-07
2.60244815e+00 1.17825532e-08 4.79447786e-07 4.72028047e-07
2.60728541e+00 1.18044544e-08 4.81219080e-07 4.73472769e-07
2.61212267e+00 1.18263547e-08 4.82976335e-07 4.74910796e-07
2.61695994e+00 1.18482554e-08 4.84718990e-07 4.76341862e-07
2.62179720e+00 1.18701559e-08 4.86446498e-07 4.77765708e-07
2.62663447e+00 1.18920569e-08 4.88158324e-07 4.79182082e-07
2.63147173e+00 1.19139572e-08 4.89853948e-07 4.80590735e-07
2.63630900e+00 1.19358581e-08 4.91532874e-07 4.81991442e-07
2.64114626e+00 1.19577589e-08 4.93194610e-07 4.83383968e-07
2.64598352e+00 1.19796591e-08 4.94838688e-07 4.84768093e-07
2.65082079e+00 1.20015601e-08 4.96464652e-07 4.86143606e-07
2.65565805e+00 1.20234606e-08 4.98072067e-07 4.87510302e-07
2.66049532e+00 1.20453615e-08 4.99660512e-07 4.88867987e-07
2.66533258e+00 1.20672618e-08 5.01229587e-07 4.90216475e-07
2.67016985e+00 1.20891626e-08 5.02778908e-07 4.91555588e-07
2.67500711e+00 1.21110633e-08 5.04308106e-07 4.92885155e-07
2.67984437e+00 1.21329641e-08 5.05816843e-07 4.94205022e-07
2.68468164e+00 1.21548643e-08 5.07304788e-07 4.95515035e-07
2.68951890e+00 1.21767651e-08 5.08771633e-07 4.96815053e-07
2.69435617e+00 1.21986660e-08 5.10217090e-07 4.98104946e-07
2.69919343e+00 1.22205665e-08 5.11640892e-07 4.99384591e-07
2.70403069e+00 1.22424668e-08 5.13042791e-07 5.00653875e-07
2.70886796e+00 1.22643678e-08 5.14422558e-07 5.01912696e-07
2.71370522e+00 1.22862686e-08 5.15779987e-07 5.03160961e-07
2.71854249e+00 1.23081691e-08 5.17114887e-07 5.04398581e-07
2.72337975e+00 1.23300698e-08 5.18427101e-07 5.05625492e-07
2.72821702e+00 1.23519703e-08 5.19716481e-07 5.06841627e-07
2.73305428e+00 1.23738712e-08 5.20982903e-07 5.08046932e-07
2.73789154e+00 1.23957718e-08 5.22226265e-07 5.09241363e-07
2.74272881e+00 1.24176724e-08 5.23446487e-07 5.10424887e-07
2.74756607e+00 1.24395728e-08 5.24643510e-07 5.11597481e-07
2.75240334e+00 1.24614738e-08 5.25817297e-07 5.12759132e-07
2.75724060e+00 1.24833740e-08 5.26967831e-07 5.13909836e-07
2.76207787e+00 1.25052751e-08 5.28095115e-07 5.15049600e-07
2.76691513e+00 1.25271757e-08 5.29199183e-07 5.16178444e-07
2.77175239e+00 1.25490760e-08 5.30280081e-07 5.17296394e-07
2.77658966e+00 1.25709772e-08 5.31337880e-07 5.18403488e-07
2.78142692e+00 1.25928774e-08 5.32372671e-07 5.19499773e-07
2.78626419e+00 1.26147780e-08 5.33384568e-07 5.20585309e-07
2.79110145e+00 1.26366789e-08 5.34373707e-07 5.21660162e-07
2.79593871e+00 1.26585798e-08 5.35340244e-07 5.22724411e-07
2.80077598e+00 1.26804803e-08 5.36284357e-07 5.23778145e-07
2.80561324e+00 1.27023809e-08 5.37206241e-07 5.24821456e-07
2.81045051e+00 1.27242815e-08 5.38106122e-07 5.25854463e-07
2.81528777e+00 1.27461823e-08 5.38984238e-07 5.26877279e-07
2.82012504e+00 1.27680832e-08 5.39840849e-07 5.27890032e-07
2.82496230e+00 1.27899835e-08 5.40676238e-07 5.28892859e-07
2.82979956e+00 1.28118840e-08 5.41490705e-07 5.29885907e-07
2.83463683e+00 1.28337850e-08 5.42284572e-07 5.30869334e-07
2.83947409e+00 1.28556858e-08 5.43058181e-07 5.31843304e-07
2.84431136e+00 1.28775864e-08 5.43811891e-07 5.32807995e-07
2.84914862e+00 1.28994866e-08 5.44546080e-07 5.33763587e-07
2.85398589e+00 1.29213874e-08 5.45261151e-07 5.34710280e-07
2.85882315e+00 1.29432879e-08 5.45957519e-07 5.35648273e-07
2.86366041e+00 1.29651889e-08 5.46635619e-07 5.36577779e-07
2.86849768e+00 1.29870893e-08 5.47295904e-07 5.37499018e-07
2.87333494e+00 1.30089901e-08 5.47938843e-07 5.38412218e-07
2.87817221e+00 1.30308908e-08 5.48564924e-07 5.39317616e-07
2.88300947e+00 1.30527915e-08 5.49174650e-07 5.40215458e-07
2.88784673e+00 1.30746923e-08 5.49768542e-07 5.41105996e-07
2.89268400e+00 1.30965926e-08 5.50347131e-07 5.41989488e-07
2.89752126e+00 1.31184935e-08 5.50910976e-07 5.42866211e-07
2.90235853e+00 1.31403942e-08 5.51460638e-07 5.43736436e-07
2.90719579e+00 1.31622949e-08 5.51996699e-07 5.44600448e-07
2.91203306e+00 1.31841957e-08 5.52519752e-07 5.45458536e-07
2.91687032e+00 1.32060964e-08 5.53030403e-07 5.46310997e-07
2.92170758e+00 1.32279970e-08 5.53529274e-07 5.47158135e-07
2.92654485e+00 1.32498974e-08 5.54016997e-07 5.48000260e-07
2.93138211e+00 1.32717982e-08 5.54494216e-07 5.48837688e-07
2.93621938e+00 1.32936990e-08 5.54961582e-07 5.49670738e-07
2.94105664e+00 1.33155992e-08 5.55419769e-07 5.50499743e-07
2.94589391e+00 1.33375005e-08 5.55869449e-07 5.51325032e-07
2.95073117e+00 1.33594009e-08 5.56311308e-07 5.52146944e-07
2.95556843e+00 1.33813013e-08 5.56746039e-07 5.52965820e-07
2.96040570e+00 1.34032025e-08 5.57174345e-07 5.53782007e-07
2.96524296e+00 1.34251031e-08 5.57596936e-07 5.54595856e-07
2.97008023e+00 1.34470035e-08 5.58014529e-07 5.55407721e-07
2.97491749e+00 1.34689040e-08 5.58427848e-07 5.56217962e-07
2.97975475e+00 1.34908048e-08 5.58837616e-07 5.57026934e-07
2.98459202e+00 1.35127052e-08 5.59244576e-07 5.57835011e-07
2.98942928e+00 1.35346062e-08 5.59649462e-07 5.58642555e-07
2.99426655e+00 1.35565070e-08 5.60053016e-07 5.59449936e-07
2.99910381e+00 1.35784073e-08 5.60455983e-07 5.60257524e-07
3.00394108e+00 1.36003079e-08 5.60859109e-07 5.61065691e-07
3.00877834e+00 1.36222087e-08 5.61263143e-07 5.61874812e-07
3.01361560e+00 1.36441091e-08 5.61668836e-07 5.62685260e-07
3.01845287e+00 1.36660098e-08 5.62076936e-07 5.63497412e-07
3.02329013e+00 1.36879106e-08 5.62488189e-07 5.64311639e-07
3.02812740e+00 1.37098111e-08 5.62903350e-07 5.65128321e-07
3.03296466e+00 1.37317118e-08 5.63323163e-07 5.65947831e-07
3.03780193e+00 1.37536124e-08 5.63748369e-07 5.66770542e-07
3.04263919e+00 1.37755133e-08 5.64179710e-07 5.67596825e-07
3.04747645e+00 1.37974141e-08 5.64617922e-07 5.68427052e-07
3.05231372e+00 1.38193146e-08 5.65063735e-07 5.69261590e-07
3.05715098e+00 1.38412152e-08 5.65517875e-07 5.70100807e-07
3.06198825e+00 1.38631154e-08 5.65981060e-07 5.70945059e-07
3.06682551e+00 1.38850165e-08 5.66454007e-07 5.71794717e-07
3.07166277e+00 1.39069173e-08 5.66937420e-07 5.72650133e-07
3.07650004e+00 1.39288179e-08 5.67431996e-07 5.73511659e-07
3.08133730e+00 1.39507185e-08 5.67938421e-07 5.74379644e-07
3.08617457e+00 1.39726190e-08 5.68457375e-07 5.75254431e-07
3.09101183e+00 1.39945199e-08 5.68989526e-07 5.76136360e-07
3.09584910e+00 1.40164205e-08 5.69535530e-07 5.77025763e-07
3.10068636e+00 1.40383208e-08 5.70096034e-07 5.77922969e-07
3.10552362e+00 1.40602217e-08 5.70671668e-07 5.78828296e-07
3.11036089e+00 1.40821221e-08 5.71263058e-07 5.79742066e-07
3.11519815e+00 1.41040228e-08 5.71870807e-07 5.80664584e-07
3.12003542e+00 1.41259236e-08 5.72495510e-07 5.81596152e-07
3.12487268e+00 1.41478247e-08 5.73137743e-07 5.82537064e-07
3.12970995e+00 1.41697251e-08 5.73798070e-07 5.83487606e-07
3.13454721e+00 1.41916256e-08 5.74477037e-07 5.84448058e-07
3.13938447e+00 1.42135264e-08 5.75175175e-07 5.85418689e-07
3.14422174e+00 1.42354274e-08 5.75892997e-07 5.86399761e-07
3.14905900e+00 1.42573276e-08 5.76630995e-07 5.87391521e-07
3.15389627e+00 1.42792284e-08 5.77389654e-07 5.88394224e-07
3.15873353e+00 1.43011290e-08 5.78169430e-07 5.89408097e-07
3.16357079e+00 1.43230294e-08 5.78970764e-07 5.90433366e-07
3.16840806e+00 1.43449301e-08 5.79794076e-07 5.91470244e-07
3.17324532e+00 1.43668311e-08 5.80639767e-07 5.92518936e-07
3.17808259e+00 1.43887315e-08 5.81508219e-07 5.93579635e-07
3.18291985e+00 1.44106322e-08 5.82399791e-07 5.94652525e-07
3.18775712e+00 1.44325331e-08 5.83314822e-07 5.95737777e-07
3.19259438e+00 1.44544339e-08 5.84253627e-07 5.96835550e-07
3.19743164e+00 1.44763344e-08 5.85216508e-07 5.97945999e-07
3.20226891e+00 1.44982349e-08 5.86203737e-07 5.99069260e-07
3.20710617e+00 1.45201355e-08 5.87215565e-07 6.00205460e-07
3.21194344e+00 1.45420359e-08 5.88252221e-07 6.01354714e-07
3.21678070e+00 1.45639367e-08 5.89313911e-07 6.02517125e-07
3.22161797e+00 1.45858371e-08 5.90400819e-07 6.03692786e-07
3.22645523e+00 1.46077380e-08 5.91513106e-07 6.04881775e-07
3.23129249e+00 1.46296386e-08 5.92650909e-07 6.06084160e-07
3.23612976e+00 1.46515391e-08 5.93814337e-07 6.07299992e-07
3.24096702e+00 1.46734402e-08 5.95003488e-07 6.08529322e-07
3.24580429e+00 1.46953406e-08 5.96218424e-07 6.09772177e-07
3.25064155e+00 1.47172412e-08 5.97459189e-07 6.11028574e-07
3.25547881e+00 1.47391418e-08 5.98725802e-07 6.12298521e-07
3.26031608e+00 1.47610423e-08 6.00018257e-07 6.13582011e-07
3.26515334e+00 1.47829431e-08 6.01336527e-07 6.14879025e-07
3.26999061e+00 1.48048438e-08 6.02680560e-07 6.16189533e-07
3.27482787e+00 1.48267443e-08 6.04050280e-07 6.17513490e-07
3.27966514e+00 1.48486451e-08 6.05445585e-07 6.18850841e-07
3.28450240e+00 1.48705457e-08 6.06866359e-07 6.20201521e-07
3.28933966e+00 1.48924462e-08 6.08312454e-07 6.21565450e-07
3.29417693e+00 1.49143469e-08 6.09783701e-07 6.22942536e-07
3.29901419e+00 1.49362476e-08 6.11279909e-07 6.24332677e-07
3.30385146e+00 1.49581486e-08 6.12800862e-07 6.25735756e-07
3.30868872e+00 1.49800488e-08 6.14346327e-07 6.27151648e-07
3.31352599e+00 1.50019496e-08 6.15916042e-07 6.28580216e-07
3.31836325e+00 1.50238500e-08 6.17509729e-07 6.30021310e-07
3.32320051e+00 1.50457508e-08 6.19127081e-07 6.31474766e-07
3.32803778e+00 1.50676515e-08 6.20767784e-07 6.32940423e-07
3.33287504e+00 1.50895520e-08 6.22431488e-07 6.34418094e-07
3.33771231e+00 1.51114528e-08 6.24117830e-07 6.35907587e-07
3.34254957e+00 1.51333533e-08 6.25826424e-07 6.37408701e-07
3.34738683e+00 1.51552539e-08 6.27556867e-07 6.38921223e-07
3.35222410e+00 1.51771543e-08 6.29308735e-07 6.40444931e-07
3.35706136e+00 1.51990549e-08 6.31081585e-07 6.41979594e-07
3.36189863e+00 1.52209555e-08 6.32874957e-07 6.43524971e-07
3.36673589e+00 1.52428558e-08 6.34688367e-07 6.45080811e-07
3.37157316e+00 1.52647565e-08 6.36521327e-07 6.46646859e-07
3.37641042e+00 1.52866575e-08 6.38373320e-07 6.48222846e-07
3.38124768e+00 1.53085581e-08 6.40243815e-07 6.49808498e-07
3.38608495e+00 1.53304586e-08 6.42132268e-07 6.51403532e-07
3.39092221e+00 1.53523595e-08 6.44038118e-07 6.53007657e-07
3.39575948e+00 1.53742601e-08 6.45960789e-07 6.54620576e-07
3.40059674e+00 1.53961609e-08 6.47899690e-07 6.56241985e-07
3.40543401e+00 1.54180614e-08 6.49854219e-07 6.57871572e-07
3.41027127e+00 1.54399619e-08 6.51823755e-07 6.59509015e-07
3.41510853e+00 1.54618630e-08 6.53807676e-07 6.61154000e-07
3.41994580e+00 1.54837631e-08 6.55805337e-07 6.62806194e-07
3.42478306e+00 1.55056639e-08 6.57816087e-07 6.64465263e-07
3.42962033e+00 1.55275651e-08 6.59839263e-07 6.66130867e-07
3.43445759e+00 1.55494657e-08 6.61874192e-07 6.67802662e-07
3.43929485e+00 1.55713661e-08 6.63920192e-07 6.69480301e-07
3.44413212e+00 1.55932666e-08 6.65976572e-07 6.71163432e-07
3.44896938e+00 1.56151676e-08 6.68042634e-07 6.72851699e-07
3.45380665e+00 1.56370681e-08 6.70117668e-07 6.74544741e-07
3.45864391e+00 1.56589685e-08 6.72200968e-07 6.76242201e-07
3.46348118e+00 1.56808692e-08 6.74291812e-07 6.77943713e-07
3.46831844e+00 1.57027697e-08 6.76389476e-07 6.79648910e-07
3.47315570e+00 1.57246707e-08 6.78493230e-07 6.81357424e-07
3.47799297e+00 1.57465712e-08 6.80602343e-07 6.83068885e-07
3.48283023e+00 1.57684715e-08 6.82716077e-07 6.84782924e-07
3.48766750e+00 1.57903721e-08 6.84833693e-07 6.86499167e-07
3.49250476e+00 1.58122730e-08 6.86954451e-07 6.88217244e-07
3.49734203e+00 1.58341737e-08 6.89077605e-07 6.89936777e-07
3.50217929e+00 1.58560742e-08 6.91202419e-07 6.91657404e-07
3.50701655e+00 1.58779749e-08 6.93328146e-07 6.93378748e-07
3.51185382e+00 1.58998752e-08 6.95454044e-07 6.95100440e-07
3.51669108e+00 1.59217759e-08 6.97579372e-07 6.96822109e-07
3.52152835e+00 1.59436767e-08 6.99703391e-07 6.98543389e-07
3.52636561e+00 1.59655776e-08 7.01825365e-07 7.00263913e-07
3.53120288e+00 1.59874781e-08 7.03944560e-07 7.01983317e-07
3.53604014e+00 1.60093789e-08 7.06060248e-07 7.03701241e-07
3.54087740e+00 1.60312790e-08 7.08171701e-07 7.05417324e-07
3.54571467e+00 1.60531797e-08 7.10278206e-07 7.07131216e-07
3.55055193e+00 1.60750807e-08 7.12379048e-07 7.08842561e-07
3.55538920e+00 1.60969812e-08 7.14473518e-07 7.10551012e-07
3.56022646e+00 1.61188823e-08 7.16560918e-07 7.12256226e-07
3.56506372e+00 1.61407827e-08 7.18640556e-07 7.13957861e-07
3.56990099e+00 1.61626830e-08 7.20711747e-07 7.15655584e-07
3.57473825e+00 1.61845842e-08 7.22773818e-07 7.17349063e-07
3.57957552e+00 1.62064847e-08 7.24826104e-07 7.19037974e-07
3.58441278e+00 1.62283854e-08 7.26867945e-07 7.20721992e-07
3.58925005e+00 1.62502863e-08 7.28898705e-07 7.22400813e-07
3.59408731e+00 1.62721869e-08 7.30917748e-07 7.24074122e-07
3.59892457e+00 1.62940878e-08 7.32924452e-07 7.25741619e-07
3.60376184e+00 1.63159882e-08 7.34918209e-07 7.27403008e-07
3.60859910e+00 1.63378889e-08 7.36898422e-07 7.29058000e-07
3.61343637e+00 1.63597895e-08 7.38864508e-07 7.30706312e-07
3.61827363e+00 1.63816902e-08 7.40815900e-07 7.32347669e-07
3.62311090e+00 1.64035906e-08 7.42752043e-07 7.33981805e-07
3.62794816e+00 1.64254913e-08 7.44672394e-07 7.35608455e-07
3.63278542e+00 1.64473921e-08 7.46576435e-07 7.37227373e-07
3.63762269e+00 1.64692926e-08 7.48463655e-07 7.38838312e-07
3.64245995e+00 1.64911934e-08 7.50333562e-07 7.40441035e-07
3.64729722e+00 1.65130939e-08 7.52185680e-07 7.42035314e-07
3.65213448e+00 1.65349949e-08 7.54019550e-07 7.43620930e-07
3.65697174e+00 1.65568954e-08 7.55834732e-07 7.45197670e-07
3.66180901e+00 1.65787961e-08 7.57630803e-07 7.46765335e-07
3.66664627e+00 1.66006970e-08 7.59407357e-07 7.48323729e-07
3.67148354e+00 1.66225974e-08 7.61164005e-07 7.49872665e-07
3.67632080e+00 1.66444980e-08 7.62900385e-07 7.51411977e-07
3.68115807e+00 1.66663989e-08 7.64616147e-07 7.52941494e-07
3.68599533e+00 1.66882994e-08 7.66310961e-07 7.54461062e-07
3.69083259e+00 1.67101999e-08 7.67984518e-07 7.55970533e-07
3.69566986e+00 1.67321007e-08 7.69636529e-07 7.57469772e-07
3.70050712e+00 1.67540012e-08 7.71266725e-07 7.58958652e-07
3.70534439e+00 1.67759020e-08 7.72874859e-07 7.60437056e-07
3.71018165e+00 1.67978026e-08 7.74460702e-07 7.61904878e-07
3.71501892e+00 1.68197031e-08 7.76024045e-07 7.63362019e-07
3.71985618e+00 1.68416041e-08 7.77564710e-07 7.64808397e-07
3.72469344e+00 1.68635047e-08 7.79082528e-07 7.66243935e-07
3.72953071e+00 1.68854054e-08 7.80577359e-07 7.67668567e-07
3.73436797e+00 1.69073061e-08 7.82049080e-07 7.69082237e-07
3.73920524e+00 1.69292069e-08 7.83497592e-07 7.70484902e-07
3.74404250e+00 1.69511072e-08 7.84922819e-07 7.71876527e-07
3.74887976e+00 1.69730081e-08 7.86324704e-07 7.73257089e-07
3.75371703e+00 1.69949087e-08 7.87703213e-07 7.74626573e-07
3.75855429e+00 1.70168093e-08 7.89058333e-07 7.75984975e-07
3.76339156e+00 1.70387100e-08 7.90390080e-07 7.77332310e-07
3.76822882e+00 1.70606108e-08 7.91698483e-07 7.78668592e-07
3.77306609e+00 1.70825115e-08 7.92983596e-07 7.79993852e-07
3.77790335e+00 1.71044122e-08 7.94245495e-07 7.81308129e-07
3.78274061e+00 1.71263128e-08 7.95484280e-07 7.82611473e-07
3.78757788e+00 1.71482133e-08 7.96700068e-07 7.83903945e-07
3.79241514e+00 1.71701138e-08 7.97893003e-07 7.85185617e-07
3.79725241e+00 1.71920143e-08 7.99063248e-07 7.86456570e-07
3.80208967e+00 1.72139153e-08 8.00210982e-07 7.87716893e-07
3.80692694e+00 1.72358158e-08 8.01336421e-07 7.88966694e-07
3.81176420e+00 1.72577168e-08 8.02439787e-07 7.90206084e-07
3.81660146e+00 1.72796173e-08 8.03521328e-07 7.91435184e-07
3.82143873e+00 1.73015181e-08 8.04581313e-07 7.92654128e-07
3.82627599e+00 1.73234188e-08 8.05620032e-07 7.93863058e-07
3.83111326e+00 1.73453193e-08 8.06637795e-07 7.95062127e-07
3.83595052e+00 1.73672199e-08 8.07634931e-07 7.96251497e-07
3.84078778e+00 1.73891206e-08 8.08611790e-07 7.97431340e-07
3.84562505e+00 1.74110212e-08 8.09568737e-07 7.98601833e-07
3.85046231e+00 1.74329219e-08 8.10506167e-07 7.99763177e-07
3.85529958e+00 1.74548228e-08 8.11424485e-07 8.00915565e-07
3.86013684e+00 1.74767233e-08 8.12324115e-07 8.02059209e-07
3.86497411e+00 1.74986241e-08 8.13205501e-07 8.03194324e-07
3.86981137e+00 1.75205245e-08 8.14069105e-07 8.04321139e-07
3.87464863e+00 1.75424248e-08 8.14915405e-07 8.05439888e-07
3.87948590e+00 1.75643257e-08 8.15744898e-07 8.06550815e-07
3.88432316e+00 1.75862263e-08 8.16558094e-07 8.07654171e-07
3.88916043e+00 1.76081274e-08 8.17355520e-07 8.08750215e-07
3.89399769e+00 1.76300280e-08 8.18137726e-07 8.09839219e-07
3.89883496e+00 1.76519284e-08 8.18905268e-07 8.10921455e-07
3.90367222e+00 1.76738290e-08 8.19658720e-07 8.11997205e-07
3.90850948e+00 1.76957298e-08 8.20398669e-07 8.13066760e-07
3.91334675e+00 1.77176303e-08 8.21125717e-07 8.14130416e-07
3.91818401e+00 1.77395314e-08 8.21840478e-07 8.15188476e-07
3.92302128e+00 1.77614319e-08 8.22543582e-07 8.16241249e-07
3.92785854e+00 1.77833323e-08 8.23235665e-07 8.17289051e-07
3.93269580e+00 1.78052329e-08 8.23917377e-07 8.18332199e-07
3.93753307e+00 1.78271336e-08 8.24589386e-07 8.19371029e-07
3.94237033e+00 1.78490345e-08 8.25252360e-07 8.20405869e-07
3.94720760e+00 1.78709350e-08 8.25906981e-07 8.21437056e-07
3.95204486e+00 1.78928356e-08 8.26553940e-07 8.22464933e-07
3.95688213e+00 1.79147365e-08 8.27193937e-07 8.23489846e-07
3.96171939e+00 1.79366370e-08 8.27827678e-07 8.24512145e-07
3.96655665e+00 1.79585378e-08 8.28455879e-07 8.25532186e-07
3.97139392e+00 1.79804385e-08 8.29079261e-07 8.26550326e-07
3.97623118e+00 1.80023395e-08 8.29698546e-07 8.27566925e-07
3.98106845e+00 1.80242398e-08 8.30314475e-07 8.28582351e-07
3.98590571e+00 1.80461405e-08 8.30927781e-07 8.29596969e-07
3.99074298e+00 1.80680410e-08 8.31539204e-07 8.30611148e-07
3.99558024e+00 1.80899419e-08 8.32149490e-07 8.31625258e-07
4.00041750e+00 1.81118428e-08 8.32759383e-07 8.32639672e-07
4.00525477e+00 1.81337430e-08 8.33369634e-07 8.33654764e-07
4.01009203e+00 1.81556440e-08 8.33980992e-07 8.34670909e-07
4.01492930e+00 1.81775445e-08 8.34594207e-07 8.35688481e-07
4.01976656e+00 1.81994452e-08 8.35210026e-07 8.36707850e-07
4.02460382e+00 1.82213457e-08 8.35829205e-07 8.37729403e-07
4.02944109e+00 1.82432457e-08 8.36452489e-07 8.38753508e-07
4.03427835e+00 1.82651471e-08 8.37080622e-07 8.39780539e-07
4.03911562e+00 1.82870477e-08 8.37714348e-07 8.40810868e-07
4.04395288e+00 1.83089482e-08 8.38354405e-07 8.41844867e-07
4.04879015e+00 1.83308488e-08 8.39001527e-07 8.42882904e-07
4.05362741e+00 1.83527495e-08 8.39656443e-07 8.43925346e-07
4.05846467e+00 1.83746502e-08 8.40319878e-07 8.44972557e-07
4.06330194e+00 1.83965510e-08 8.40992545e-07 8.46024896e-07
4.06813920e+00 1.84184515e-08 8.41675160e-07 8.47082724e-07
4.07297647e+00 1.84403518e-08 8.42368423e-07 8.48146393e-07
4.07781373e+00 1.84622525e-08 8.43073028e-07 8.49216254e-07
4.08265100e+00 1.84841535e-08 8.43789658e-07 8.50292651e-07
4.08748826e+00 1.85060542e-08 8.44518989e-07 8.51375924e-07
4.09232552e+00 1.85279547e-08 8.45261686e-07 8.52466410e-07
4.09716279e+00 1.85498552e-08 8.46018400e-07 8.53564439e-07
4.10200005e+00 1.85717559e-08 8.46789775e-07 8.54670334e-07
4.10683732e+00 1.85936564e-08 8.47576435e-07 8.55784410e-07
4.11167458e+00 1.86155569e-08 8.48379005e-07 8.56906987e-07
4.11651184e+00 1.86374578e-08 8.49198083e-07 8.58038365e-07
4.12134911e+00 1.86593584e-08 8.50034258e-07 8.59178843e-07
4.12618637e+00 1.86812593e-08 8.50888104e-07 8.60328711e-07
4.13102364e+00 1.87031594e-08 8.51760180e-07 8.61488253e-07
4.13586090e+00 1.87250604e-08 8.52651029e-07 8.62657742e-07
4.14069817e+00 1.87469607e-08 8.53561178e-07 8.63837446e-07
4.14553543e+00 1.87688617e-08 8.54491135e-07 8.65027624e-07
4.15037269e+00 1.87907622e-08 8.55441391e-07 8.66228522e-07
4.15520996e+00 1.88126628e-08 8.56412427e-07 8.67440385e-07
4.16004722e+00 1.88345637e-08 8.57404696e-07 8.68663443e-07
4.16488449e+00 1.88564644e-08 8.58418635e-07 8.69897916e-07
4.16972175e+00 1.88783645e-08 8.59454664e-07 8.71144018e-07
4.17455902e+00 1.89002654e-08 8.60513181e-07 8.72401950e-07
4.17939628e+00 1.89221664e-08 8.61594565e-07 8.73671903e-07
4.18423354e+00 1.89440669e-08 8.62699176e-07 8.74954060e-07
4.18907081e+00 1.89659677e-08 8.63827351e-07 8.76248590e-07
4.19390807e+00 1.89878684e-08 8.64979405e-07 8.77555650e-07
4.19874534e+00 1.90097689e-08 8.66155639e-07 8.78875399e-07
4.20358260e+00 1.90316698e-08 8.67356326e-07 8.80207969e-07
4.20841986e+00 1.90535701e-08 8.68581718e-07 8.81553488e-07
4.21325713e+00 1.90754709e-08 8.69832045e-07 8.82912072e-07
4.21809439e+00 1.90973714e-08 8.71107516e-07 8.84283825e-07
4.22293166e+00 1.91192721e-08 8.72408317e-07 8.85668840e-07
4.22776892e+00 1.91411729e-08 8.73734612e-07 8.87067198e-07
4.23260619e+00 1.91630734e-08 8.75086540e-07 8.88478968e-07
4.23744345e+00 1.91849739e-08 8.76464217e-07 8.89904207e-07
4.24228071e+00 1.92068745e-08 8.77867744e-07 8.91342964e-07
4.24711798e+00 1.92287756e-08 8.79297190e-07 8.92795272e-07
4.25195524e+00 1.92506759e-08 8.80752603e-07 8.94261152e-07
4.25679251e+00 1.92725766e-08 8.82234009e-07 8.95740616e-07
4.26162977e+00 1.92944771e-08 8.83741411e-07 8.97233662e-07
4.26646704e+00 1.93163779e-08 8.85274789e-07 8.98740277e-07
4.27130430e+00 1.93382785e-08 8.86834098e-07 9.00260436e-07
4.27614156e+00 1.93601792e-08 8.88419273e-07 9.01794101e-07
4.28097883e+00 1.93820802e-08 8.90030222e-07 9.03341220e-07
4.28581609e+00 1.94039806e-08 8.91666839e-07 9.04901742e-07
4.29065336e+00 1.94258811e-08 8.93328986e-07 9.06475591e-07
4.29549062e+00 1.94477819e-08 8.95016508e-07 9.08062683e-07
4.30032788e+00 1.94696826e-08 8.96729224e-07 9.09662924e-07
4.30516515e+00 1.94915831e-08 8.98466935e-07 9.11276209e-07
4.31000241e+00 1.95134838e-08 9.00229417e-07 9.12902420e-07
4.31483968e+00 1.95353843e-08 9.02016427e-07 9.14541430e-07
4.31967694e+00 1.95572852e-08 9.03827700e-07 9.16193100e-07
4.32451421e+00 1.95791861e-08 9.05662946e-07 9.17857279e-07
4.32935147e+00 1.96010868e-08 9.07521865e-07 9.19533813e-07
4.33418873e+00 1.96229871e-08 9.09404128e-07 9.21222528e-07
4.33902600e+00 1.96448881e-08 9.11309388e-07 9.22923246e-07
4.34386326e+00 1.96667886e-08 9.13237279e-07 9.24635776e-07
4.34870053e+00 1.96886892e-08 9.15187416e-07 9.26359919e-07
4.35353779e+00 1.97105902e-08 9.17159396e-07 9.28095468e-07
4.35837506e+00 1.97324906e-08 9.19152798e-07 9.29842204e-07
4.36321232e+00 1.97543913e-08 9.21167181e-07 9.31599901e-07
4.36804958e+00 1.97762921e-08 9.23202087e-07 9.33368319e-07
4.37288685e+00 1.97981926e-08 9.25257050e-07 9.35147224e-07
4.37772411e+00 1.98200933e-08 9.27331576e-07 9.36936361e-07
4.38256138e+00 1.98419938e-08 9.29425162e-07 9.38735470e-07
4.38739864e+00 1.98638946e-08 9.31537287e-07 9.40544284e-07
4.39223590e+00 1.98857949e-08 9.33667418e-07 9.42362530e-07
4.39707317e+00 1.99076958e-08 9.35815007e-07 9.44189928e-07
4.40191043e+00 1.99295966e-08 9.37979492e-07 9.46026191e-07
4.40674770e+00 1.99514973e-08 9.40160300e-07 9.47871026e-07
4.41158496e+00 1.99733977e-08 9.42356842e-07 9.49724131e-07
4.41642223e+00 1.99952984e-08 9.44568527e-07 9.51585206e-07
4.42125949e+00 2.00171991e-08 9.46794744e-07 9.53453941e-07
4.42609675e+00 2.00390994e-08 9.49034875e-07 9.55330021e-07
4.43093402e+00 2.00610003e-08 9.51288292e-07 9.57213125e-07
4.43577128e+00 2.00829008e-08 9.53554361e-07 9.59102934e-07
4.44060855e+00 2.01048015e-08 9.55832438e-07 9.60999121e-07
4.44544581e+00 2.01267020e-08 9.58121870e-07 9.62901355e-07
4.45028308e+00 2.01486027e-08 9.60422001e-07 9.64809304e-07
4.45512034e+00 2.01705034e-08 9.62732164e-07 9.66722630e-07
4.45995760e+00 2.01924043e-08 9.65051697e-07 9.68641001e-07
4.46479487e+00 2.02143050e-08 9.67379923e-07 9.70564075e-07
4.46963213e+00 2.02362055e-08 9.69716166e-07 9.72491512e-07
4.47446940e+00 2.02581065e-08 9.72059748e-07 9.74422969e-07
4.47930666e+00 2.02800074e-08 9.74409987e-07 9.76358106e-07
4.48414392e+00 2.03019077e-08 9.76766200e-07 9.78296579e-07
4.48898119e+00 2.03238083e-08 9.79127705e-07 9.80238045e-07
4.49381845e+00 2.03457093e-08 9.81493819e-07 9.82182165e-07
4.49865572e+00 2.03676096e-08 9.83863856e-07 9.84128591e-07
4.50349298e+00 2.03895103e-08 9.86237146e-07 9.86076994e-07
4.50833025e+00 2.04114110e-08 9.88613007e-07 9.88027031e-07
4.51316751e+00 2.04333118e-08 9.90990765e-07 9.89978368e-07
4.51800477e+00 2.04552125e-08 9.93369752e-07 9.91930671e-07
4.52284204e+00 2.04771131e-08 9.95749303e-07 9.93883610e-07
4.52767930e+00 2.04990135e-08 9.98128760e-07 9.95836859e-07
4.53251657e+00 2.05209143e-08 1.00050747e-06 9.97790094e-07
4.53735383e+00 2.05428150e-08 1.00288480e-06 9.99742998e-07
4.54219110e+00 2.05647158e-08 1.00526009e-06 1.00169525e-06
4.54702836e+00 2.05866162e-08 1.00763274e-06 1.00364656e-06
4.55186562e+00 2.06085171e-08 1.01000212e-06 1.00559660e-06
4.55670289e+00 2.06304178e-08 1.01236763e-06 1.00754508e-06
4.56154015e+00 2.06523184e-08 1.01472867e-06 1.00949172e-06
4.56637742e+00 2.06742191e-08 1.01708466e-06 1.01143623e-06
4.57121468e+00 2.06961195e-08 1.01943504e-06 1.01337832e-06
4.57605194e+00 2.07180204e-08 1.02177924e-06 1.01531772e-06
4.58088921e+00 2.07399215e-08 1.02411674e-06 1.01725418e-06
4.58572647e+00 2.07618220e-08 1.02644700e-06 1.01918744e-06
4.59056374e+00 2.07837227e-08 1.02876952e-06 1.02111725e-06
4.59540100e+00 2.08056230e-08 1.03108382e-06 1.02304337e-06
4.60023827e+00 2.08275235e-08 1.03338942e-06 1.02496558e-06
4.60507553e+00 2.08494245e-08 1.03568586e-06 1.02688366e-06
4.60991279e+00 2.08713250e-08 1.03797272e-06 1.02879739e-06
4.61475006e+00 2.08932257e-08 1.04024959e-06 1.03070659e-06
4.61958732e+00 2.09151262e-08 1.04251607e-06 1.03261106e-06
4.62442459e+00 2.09370272e-08 1.04477180e-06 1.03451062e-06
4.62926185e+00 2.09589281e-08 1.04701642e-06 1.03640512e-06
4.63409912e+00 2.09808283e-08 1.04924964e-06 1.03829441e-06
4.63893638e+00 2.10027288e-08 1.05147114e-06 1.04017833e-06
4.64377364e+00 2.10246297e-08 1.05368066e-06 1.04205678e-06
4.64861091e+00 2.10465302e-08 1.05587795e-06 1.04392962e-06
4.65344817e+00 2.10684310e-08 1.05806280e-06 1.04579677e-06
4.65828544e+00 2.10903318e-08 1.06023502e-06 1.04765814e-06
4.66312270e+00 2.11122325e-08 1.06239446e-06 1.04951365e-06
4.66795996e+00 2.11341332e-08 1.06454098e-06 1.05136325e-06
4.67279723e+00 2.11560338e-08 1.06667447e-06 1.05320690e-06
4.67763449e+00 2.11779345e-08 1.06879490e-06 1.05504458e-06
4.68247176e+00 2.11998349e-08 1.07090221e-06 1.05687627e-06
4.68730902e+00 2.12217360e-08 1.07299640e-06 1.05870198e-06
4.69214629e+00 2.12436364e-08 1.07507751e-06 1.06052174e-06
4.69698355e+00 2.12655372e-08 1.07714561e-06 1.06233559e-06
4.70182081e+00 2.12874379e-08 1.07920079e-06 1.06414359e-06
4.70665808e+00 2.13093390e-08 1.08124322e-06 1.06594581e-06
4.71149534e+00 2.13312389e-08 1.08327305e-06 1.06774235e-06
4.71633261e+00 2.13531399e-08 1.08529050e-06 1.06953333e-06
4.72116987e+00 2.13750410e-08 1.08729585e-06 1.07131888e-06
4.72600714e+00 2.13969414e-08 1.08928938e-06 1.07309916e-06
4.73084440e+00 2.14188418e-08 1.09127143e-06 1.07487434e-06
4.73568166e+00 2.14407424e-08 1.09324238e-06 1.07664461e-06
4.74051893e+00 2.14626434e-08 1.09520266e-06 1.07841021e-06
4.74535619e+00 2.14845441e-08 1.09715273e-06 1.08017136e-06
4.75019346e+00 2.15064446e-08 1.09909311e-06 1.08192832e-06
4.75503072e+00 2.15283452e-08 1.10102437e-06 1.08368139e-06
4.75986798e+00 2.15502462e-08 1.10294709e-06 1.08543086e-06
4.76470525e+00 2.15721465e-08 1.10486195e-06 1.08717708e-06
4.76954251e+00 2.15940472e-08 1.10676965e-06 1.08892040e-06
4.77437978e+00 2.16159482e-08 1.10867094e-06 1.09066120e-06
4.77921704e+00 2.16378487e-08 1.11056662e-06 1.09239988e-06
4.78405431e+00 2.16597492e-08 1.11245757e-06 1.09413689e-06
4.78889157e+00 2.16816499e-08 1.11434469e-06 1.09587268e-06
4.79372883e+00 2.17035507e-08 1.11622894e-06 1.09760773e-06
4.79856610e+00 2.17254513e-08 1.11811136e-06 1.09934257e-06
4.80340336e+00 2.17473515e-08 1.11999302e-06 1.10107774e-06
4.80824063e+00 2.17692529e-08 1.12187507e-06 1.10281381e-06
4.81307789e+00 2.17911534e-08 1.12375871e-06 1.10455139e-06
4.81791516e+00 2.18130539e-08 1.12564519e-06 1.10629111e-06
4.82275242e+00 2.18349547e-08 1.12753585e-06 1.10803363e-06
4.82758968e+00 2.18568551e-08 1.12943206e-06 1.10977966e-06
4.83242695e+00 2.18787560e-08 1.13133529e-06 1.11152992e-06
4.83726421e+00 2.19006566e-08 1.13324705e-06 1.11328519e-06
4.84210148e+00 2.19225570e-08 1.13516893e-06 1.11504626e-06
4.84693874e+00 2.19444579e-08 1.13710258e-06 1.11681396e-06
4.85177600e+00 2.19663581e-08 1.13904975e-06 1.11858917e-06
4.85661327e+00 2.19882590e-08 1.14101222e-06 1.12037280e-06
4.86145053e+00 2.20101599e-08 1.14299189e-06 1.12216579e-06
4.86628780e+00 2.20320601e-08 1.14499069e-06 1.12396913e-06
4.87112506e+00 2.20539611e-08 1.14701067e-06 1.12578385e-06
4.87596233e+00 2.20758616e-08 1.14905393e-06 1.12761102e-06
4.88079959e+00 2.20977621e-08 1.15112266e-06 1.12945175e-06
4.88563685e+00 2.21196629e-08 1.15321914e-06 1.13130719e-06
4.89047412e+00 2.21415635e-08 1.15534574e-06 1.13317853e-06
4.89531138e+00 2.21634641e-08 1.15750489e-06 1.13506703e-06
4.90014865e+00 2.21853652e-08 1.15969914e-06 1.13697398e-06
4.90498591e+00 2.22072656e-08 1.16193112e-06 1.13890072e-06
4.90982318e+00 2.22291666e-08 1.16420355e-06 1.14084863e-06
4.91466044e+00 2.22510671e-08 1.16651924e-06 1.14281916e-06
4.91949770e+00 2.22729676e-08 1.16888110e-06 1.14481380e-06
4.92433497e+00 2.22948681e-08 1.17129216e-06 1.14683410e-06
4.92917223e+00 2.23167689e-08 1.17375553e-06 1.14888167e-06
4.93400950e+00 2.23386693e-08 1.17627442e-06 1.15095815e-06
4.93884676e+00 2.23605702e-08 1.17885216e-06 1.15306527e-06
4.94368403e+00 2.23824707e-08 1.18149220e-06 1.15520482e-06
4.94852129e+00 2.24043712e-08 1.18419806e-06 1.15737863e-06
4.95335855e+00 2.24262721e-08 1.18697342e-06 1.15958860e-06
4.95819582e+00 2.24481728e-08 1.18982205e-06 1.16183671e-06
4.96303308e+00 2.24700735e-08 1.19274784e-06 1.16412499e-06
4.96787035e+00 2.24919736e-08 1.19575480e-06 1.16645555e-06
4.97270761e+00 2.25138743e-08 1.19884706e-06 1.16883056e-06
4.97754487e+00 2.25357753e-08 1.20202890e-06 1.17125229e-06
4.98238214e+00 2.25576758e-08 1.20530471e-06 1.17372305e-06
4.98721940e+00 2.25795766e-08 1.20867899e-06 1.17624526e-06
4.99205667e+00 2.26014773e-08 1.21215641e-06 1.17882138e-06
4.99689393e+00 2.26233778e-08 1.21574175e-06 1.18145400e-06
5.00173120e+00 2.26452787e-08 1.21943994e-06 1.18414576e-06
