#	Time	Error_of_Energy
2.11142892e-02 -8.98727069e-07
4.22285784e-02 -2.55944804e-06
6.33428676e-02 -4.48317240e-06
8.44571568e-02 -6.20235050e-06
1.05571446e-01 -7.47341046e-06
1.26685735e-01 -8.27838887e-06
1.47800024e-01 -8.72263203e-06
1.68914314e-01 -8.93660130e-06
1.90028603e-01 -9.02491484e-06
2.11142892e-01 -9.05476630e-06
2.32257181e-01 -9.06286777e-06
2.53371470e-01 -9.06638571e-06
2.74485759e-01 -9.07179227e-06
2.95600049e-01 -9.08048710e-06
3.16714338e-01 -9.09186834e-06
3.37828627e-01 -9.10480829e-06
3.58942916e-01 -9.11826173e-06
3.80057205e-01 -9.13145333e-06
4.01171495e-01 -9.14388561e-06
4.22285784e-01 -9.15528490e-06
4.43400073e-01 -9.16553724e-06
4.64514362e-01 -9.17463304e-06
4.85628651e-01 -9.18262549e-06
5.06742941e-01 -9.18960155e-06
5.27857230e-01 -9.19566295e-06
5.48971519e-01 -9.20091425e-06
5.70085808e-01 -9.20545601e-06
5.91200097e-01 -9.20938110e-06
6.12314387e-01 -9.21277305e-06
6.33428676e-01 -9.21570570e-06
6.54542965e-01 -9.21824354e-06
6.75657254e-01 -9.22044240e-06
6.96771543e-01 -9.22235034e-06
7.17885832e-01 -9.22400856e-06
7.39000122e-01 -9.22545233e-06
7.60114411e-01 -9.22671171e-06
7.81228700e-01 -9.22781240e-06
8.02342989e-01 -9.22877630e-06
8.23457278e-01 -9.22962209e-06
8.44571568e-01 -9.23036576e-06
8.65685857e-01 -9.23102094e-06
8.86800146e-01 -9.23159933e-06
9.07914435e-01 -9.23211094e-06
9.29028724e-01 -9.23256436e-06
9.50143014e-01 -9.23296699e-06
9.71257303e-01 -9.23332521e-06
9.92371592e-01 -9.23364450e-06
1.01348588e+00 -9.23392961e-06
1.03460017e+00 -9.23418467e-06
1.05571446e+00 -9.23441324e-06
1.07682875e+00 -9.23461841e-06
1.09794304e+00 -9.23480291e-06
1.11905733e+00 -9.23496907e-06
1.14017162e+00 -9.23511897e-06
1.16128591e+00 -9.23525440e-06
1.18240019e+00 -9.23537696e-06
1.20351448e+00 -9.23548802e-06
1.22462877e+00 -9.23558881e-06
1.24574306e+00 -9.23568041e-06
1.26685735e+00 -9.23576378e-06
1.28797164e+00 -9.23583976e-06
1.30908593e+00 -9.23590909e-06
1.33020022e+00 -9.23597243e-06
1.35131451e+00 -9.23603038e-06
1.37242880e+00 -9.23608346e-06
1.39354309e+00 -9.23613213e-06
1.41465738e+00 -9.23617682e-06
1.43577166e+00 -9.23621790e-06
1.45688595e+00 -9.23625570e-06
1.47800024e+00 -9.23629052e-06
1.49911453e+00 -9.23632263e-06
1.52022882e+00 -9.23635226e-06
1.54134311e+00 -9.23637965e-06
1.56245740e+00 -9.23640498e-06
1.58357169e+00 -9.23642844e-06
1.60468598e+00 -9.23645017e-06
1.62580027e+00 -9.23647033e-06
1.64691456e+00 -9.23648905e-06
1.66802885e+00 -9.23650644e-06
1.68914314e+00 -9.23652262e-06
1.71025742e+00 -9.23653767e-06
1.73137171e+00 -9.23655170e-06
1.75248600e+00 -9.23656477e-06
1.77360029e+00 -9.23657697e-06
1.79471458e+00 -9.23658837e-06
1.81582887e+00 -9.23659901e-06
1.83694316e+00 -9.23660897e-06
1.85805745e+00 -9.23661829e-06
1.87917174e+00 -9.23662702e-06
1.90028603e+00 -9.23663519e-06
1.92140032e+00 -9.23664286e-06
1.94251461e+00 -9.23665006e-06
1.96362889e+00 -9.23665682e-06
1.98474318e+00 -9.23666317e-06
2.00585747e+00 -9.23666915e-06
2.02697176e+00 -9.23667477e-06
2.04808605e+00 -9.23668005e-06
2.06920034e+00 -9.23668504e-06
2.09031463e+00 -9.23668973e-06
2.11142892e+00 -9.23669416e-06
2.13254321e+00 -9.23669834e-06
2.15365750e+00 -9.23670229e-06
2.17477179e+00 -9.23670602e-06
2.19588608e+00 -9.23670954e-06
2.21700037e+00 -9.23671287e-06
2.23811465e+00 -9.23671602e-06
2.25922894e+00 -9.23671901e-06
2.28034323e+00 -9.23672183e-06
2.30145752e+00 -9.23672451e-06
2.32257181e+00 -9.23672705e-06
2.34368610e+00 -9.23672946e-06
2.36480039e+00 -9.23673174e-06
2.38591468e+00 -9.23673391e-06
2.40702897e+00 -9.23673597e-06
2.42814326e+00 -9.23673792e-06
2.44925755e+00 -9.23673978e-06
2.47037184e+00 -9.23674155e-06
2.49148612e+00 -9.23674324e-06
2.51260041e+00 -9.23674484e-06
2.53371470e+00 -9.23674636e-06
2.55482899e+00 -9.23674782e-06
2.57594328e+00 -9.23674920e-06
2.59705757e+00 -9.23675052e-06
2.61817186e+00 -9.23675178e-06
2.63928615e+00 -9.23675298e-06
2.66040044e+00 -9.23675412e-06
2.68151473e+00 -9.23675522e-06
2.70262902e+00 -9.23675626e-06
2.72374331e+00 -9.23675726e-06
2.74485759e+00 -9.23675821e-06
2.76597188e+00 -9.23675913e-06
2.78708617e+00 -9.23676000e-06
2.80820046e+00 -9.23676083e-06
2.82931475e+00 -9.23676163e-06
2.85042904e+00 -9.23676239e-06
2.87154333e+00 -9.23676313e-06
2.89265762e+00 -9.23676383e-06
2.91377191e+00 -9.23676450e-06
2.93488620e+00 -9.23676514e-06
2.95600049e+00 -9.23676576e-06
2.97711478e+00 -9.23676635e-06
2.99822907e+00 -9.23676692e-06
3.01934335e+00 -9.23676747e-06
3.04045764e+00 -9.23676799e-06
3.06157193e+00 -9.23676849e-06
3.08268622e+00 -9.23676897e-06
3.10380051e+00 -9.23676944e-06
3.12491480e+00 -9.23676988e-06
3.14602909e+00 -9.23677031e-06
3.16714338e+00 -9.23677072e-06
3.18825767e+00 -9.23677112e-06
3.20937196e+00 -9.23677150e-06
3.23048625e+00 -9.23677186e-06
3.25160054e+00 -9.23677222e-06
3.27271482e+00 -9.23677256e-06
3.29382911e+00 -9.23677288e-06
3.31494340e+00 -9.23677320e-06
3.33605769e+00 -9.23677350e-06
3.35717198e+00 -9.23677379e-06
3.37828627e+00 -9.23677408e-06
3.39940056e+00 -9.23677435e-06
3.42051485e+00 -9.23677461e-06
3.44162914e+00 -9.23677486e-06
3.46274343e+00 -9.23677511e-06
3.48385772e+00 -9.23677534e-06
3.50497201e+00 -9.23677557e-06
3.52608629e+00 -9.23677579e-06
3.54720058e+00 -9.23677600e-06
3.56831487e+00 -9.23677620e-06
3.58942916e+00 -9.23677640e-06
3.61054345e+00 -9.23677659e-06
3.63165774e+00 -9.23677677e-06
3.65277203e+00 -9.23677695e-06
3.67388632e+00 -9.23677712e-06
3.69500061e+00 -9.23677729e-06
3.71611490e+00 -9.23677745e-06
3.73722919e+00 -9.23677761e-06
3.75834348e+00 -9.23677776e-06
3.77945777e+00 -9.23677790e-06
3.80057205e+00 -9.23677804e-06
3.82168634e+00 -9.23677818e-06
3.84280063e+00 -9.23677831e-06
3.86391492e+00 -9.23677844e-06
3.88502921e+00 -9.23677856e-06
3.90614350e+00 -9.23677868e-06
3.92725779e+00 -9.23677880e-06
3.94837208e+00 -9.23677891e-06
3.96948637e+00 -9.23677902e-06
3.99060066e+00 -9.23677913e-06
4.01171495e+00 -9.23677923e-06
4.03282924e+00 -9.23677933e-06
4.05394352e+00 -9.23677943e-06
4.07505781e+00 -9.23677952e-06
4.09617210e+00 -9.23677961e-06
4.11728639e+00 -9.23677970e-06
4.13840068e+00 -9.23677978e-06
4.15951497e+00 -9.23677987e-06
4.18062926e+00 -9.23677995e-06
4.20174355e+00 -9.23678002e-06
4.22285784e+00 -9.23678010e-06
4.24397213e+00 -9.23678017e-06
4.26508642e+00 -9.23678025e-06
4.28620071e+00 -9.23678032e-06
4.30731499e+00 -9.23678038e-06
4.32842928e+00 -9.23678045e-06
4.34954357e+00 -9.23678051e-06
4.37065786e+00 -9.23678057e-06
4.39177215e+00 -9.23678063e-06
4.41288644e+00 -9.23678069e-06
4.43400073e+00 -9.23678075e-06
4.45511502e+00 -9.23678081e-06
4.47622931e+00 -9.23678086e-06
4.49734360e+00 -9.23678091e-06
4.51845789e+00 -9.23678096e-06
4.53957218e+00 -9.23678101e-06
4.56068647e+00 -9.23678106e-06
4.58180075e+00 -9.23678111e-06
4.60291504e+00 -9.23678115e-06
4.62402933e+00 -9.23678120e-06
4.64514362e+00 -9.23678124e-06
4.66625791e+00 -9.23678128e-06
4.68737220e+00 -9.23678132e-06
4.70848649e+00 -9.23678136e-06
4.72960078e+00 -9.23678140e-06
4.75071507e+00 -9.23678144e-06
4.77182936e+00 -9.23678148e-06
4.79294365e+00 -9.23678151e-06
4.81405794e+00 -9.23678155e-06
4.83517222e+00 -9.23678158e-06
4.85628651e+00 -9.23678162e-06
4.87740080e+00 -9.23678165e-06
4.89851509e+00 -9.23678168e-06
4.91962938e+00 -9.23678171e-06
4.94074367e+00 -9.23678174e-06
4.96185796e+00 -9.23678177e-06
4.98297225e+00 -9.23678180e-06
5.00408654e+00 -9.23678183e-06
5.02520083e+00 -9.23678185e-06
5.04631512e+00 -9.23678188e-06
5.06742941e+00 -9.23678191e-06
5.08854369e+00 -9.23678193e-06
5.10965798e+00 -9.23678196e-06
5.13077227e+00 -9.23678198e-06
5.15188656e+00 -9.23678200e-06
5.17300085e+00 -9.23678203e-06
5.19411514e+00 -9.23678205e-06
5.21522943e+00 -9.23678207e-06
5.23634372e+00 -9.23678209e-06
5.25745801e+00 -9.23678211e-06
5.27857230e+00 -9.23678213e-06
5.29968659e+00 -9.23678215e-06
5.32080088e+00 -9.23678217e-06
5.34191517e+00 -9.23678219e-06
5.36302945e+00 -9.23678221e-06
5.38414374e+00 -9.23678223e-06
5.40525803e+00 -9.23678225e-06
5.42637232e+00 -9.23678227e-06
5.44748661e+00 -9.23678228e-06
5.46860090e+00 -9.23678230e-06
5.48971519e+00 -9.23678232e-06
5.51082948e+00 -9.23678233e-06
5.53194377e+00 -9.23678235e-06
5.55305806e+00 -9.23678236e-06
5.57417235e+00 -9.23678238e-06
5.59528664e+00 -9.23678239e-06
5.61640092e+00 -9.23678241e-06
5.63751521e+00 -9.23678242e-06
5.65862950e+00 -9.23678243e-06
5.67974379e+00 -9.23678245e-06
5.70085808e+00 -9.23678246e-06
5.72197237e+00 -9.23678247e-06
5.74308666e+00 -9.23678248e-06
5.76420095e+00 -9.23678250e-06
5.78531524e+00 -9.23678251e-06
5.80642953e+00 -9.23678252e-06
5.82754382e+00 -9.23678253e-06
5.84865811e+00 -9.23678254e-06
5.86977239e+00 -9.23678255e-06
5.89088668e+00 -9.23678256e-06
5.91200097e+00 -9.23678257e-06
5.93311526e+00 -9.23678259e-06
5.95422955e+00 -9.23678259e-06
5.97534384e+00 -9.23678261e-06
5.99645813e+00 -9.23678261e-06
6.01757242e+00 -9.23678262e-06
6.03868671e+00 -9.23678263e-06
6.05980100e+00 -9.23678264e-06
6.08091529e+00 -9.23678265e-06
6.10202958e+00 -9.23678266e-06
6.12314387e+00 -9.23678267e-06
6.14425815e+00 -9.23678268e-06
6.16537244e+00 -9.23678268e-06
6.18648673e+00 -9.23678269e-06
6.20760102e+00 -9.23678270e-06
6.22871531e+00 -9.23678271e-06
6.24982960e+00 -9.23678272e-06
6.27094389e+00 -9.23678272e-06
6.29205818e+00 -9.23678273e-06
6.31317247e+00 -9.23678274e-06
6.33428676e+00 -9.23678275e-06
6.35540105e+00 -9.23678275e-06
6.37651534e+00 -9.23678276e-06
6.39762962e+00 -9.23678277e-06
6.41874391e+00 -9.23678277e-06
6.43985820e+00 -9.23678278e-06
6.46097249e+00 -9.23678279e-06
6.48208678e+00 -9.23678279e-06
6.50320107e+00 -9.23678280e-06
6.52431536e+00 -9.23678280e-06
6.54542965e+00 -9.23678281e-06
6.56654394e+00 -9.23678281e-06
6.58765823e+00 -9.23678282e-06
6.60877252e+00 -9.23678283e-06
6.62988681e+00 -9.23678283e-06
6.65100110e+00 -9.23678284e-06
6.67211538e+00 -9.23678284e-06
6.69322967e+00 -9.23678285e-06
6.71434396e+00 -9.23678285e-06
6.73545825e+00 -9.23678286e-06
6.75657254e+00 -9.23678286e-06
6.77768683e+00 -9.23678287e-06
6.79880112e+00 -9.23678287e-06
6.81991541e+00 -9.23678288e-06
6.84102970e+00 -9.23678288e-06
6.86214399e+00 -9.23678288e-06
6.88325828e+00 -9.23678289e-06
6.90437257e+00 -9.23678289e-06
6.92548685e+00 -9.23678290e-06
6.94660114e+00 -9.23678290e-06
6.96771543e+00 -9.23678290e-06
6.98882972e+00 -9.23678291e-06
7.00994401e+00 -9.23678291e-06
7.03105830e+00 -9.23678292e-06
7.05217259e+00 -9.23678292e-06
7.07328688e+00 -9.23678292e-06
7.09440117e+00 -9.23678293e-06
7.11551546e+00 -9.23678293e-06
7.13662975e+00 -9.23678293e-06
7.15774404e+00 -9.23678294e-06
7.17885832e+00 -9.23678294e-06
7.19997261e+00 -9.23678294e-06
7.22108690e+00 -9.23678295e-06
7.24220119e+00 -9.23678295e-06
7.26331548e+00 -9.23678295e-06
7.28442977e+00 -9.23678296e-06
7.30554406e+00 -9.23678296e-06
7.32665835e+00 -9.23678296e-06
7.34777264e+00 -9.23678297e-06
7.36888693e+00 -9.23678297e-06
7.39000122e+00 -9.23678297e-06
7.41111551e+00 -9.23678297e-06
7.43222980e+00 -9.23678298e-06
7.45334408e+00 -9.23678298e-06
7.47445837e+00 -9.23678298e-06
7.49557266e+00 -9.23678298e-06
7.51668695e+00 -9.23678299e-06
7.53780124e+00 -9.23678299e-06
7.55891553e+00 -9.23678299e-06
7.58002982e+00 -9.23678299e-06
7.60114411e+00 -9.23678300e-06
7.62225840e+00 -9.23678300e-06
7.64337269e+00 -9.23678300e-06
7.66448698e+00 -9.23678300e-06
7.68560127e+00 -9.23678301e-06
7.70671555e+00 -9.23678301e-06
7.72782984e+00 -9.23678301e-06
7.74894413e+00 -9.23678301e-06
7.77005842e+00 -9.23678301e-06
7.79117271e+00 -9.23678302e-06
7.81228700e+00 -9.23678302e-06
7.83340129e+00 -9.23678302e-06
7.85451558e+00 -9.23678302e-06
7.87562987e+00 -9.23678302e-06
7.89674416e+00 -9.23678303e-06
7.91785845e+00 -9.23678303e-06
7.93897274e+00 -9.23678303e-06
7.96008702e+00 -9.23678303e-06
7.98120131e+00 -9.23678303e-06
8.00231560e+00 -9.23678304e-06
8.02342989e+00 -9.23678304e-06
8.04454418e+00 -9.23678304e-06
8.06565847e+00 -9.23678304e-06
8.08677276e+00 -9.23678304e-06
8.10788705e+00 -9.23678304e-06
8.12900134e+00 -9.23678305e-06
8.15011563e+00 -9.23678305e-06
8.17122992e+00 -9.23678305e-06
8.19234421e+00 -9.23678305e-06
8.21345850e+00 -9.23678305e-06
8.23457278e+00 -9.23678305e-06
8.25568707e+00 -9.23678305e-06
8.27680136e+00 -9.23678306e-06
8.29791565e+00 -9.23678306e-06
8.31902994e+00 -9.23678306e-06
8.34014423e+00 -9.23678306e-06
8.36125852e+00 -9.23678306e-06
8.38237281e+00 -9.23678306e-06
8.40348710e+00 -9.23678306e-06
8.42460139e+00 -9.23678307e-06
8.44571568e+00 -9.23678307e-06
8.46682997e+00 -9.23678307e-06
8.48794425e+00 -9.23678307e-06
8.50905854e+00 -9.23678307e-06
8.53017283e+00 -9.23678307e-06
8.55128712e+00 -9.23678307e-06
8.57240141e+00 -9.23678308e-06
8.59351570e+00 -9.23678308e-06
8.61462999e+00 -9.23678308e-06
8.63574428e+00 -9.23678308e-06
8.65685857e+00 -9.23678308e-06
8.67797286e+00 -9.23678308e-06
8.69908715e+00 -9.23678308e-06
8.72020144e+00 -9.23678308e-06
8.74131572e+00 -9.23678308e-06
8.76243001e+00 -9.23678308e-06
8.78354430e+00 -9.23678309e-06
8.80465859e+00 -9.23678309e-06
8.82577288e+00 -9.23678309e-06
8.84688717e+00 -9.23678309e-06
8.86800146e+00 -9.23678309e-06
8.88911575e+00 -9.23678309e-06
8.91023004e+00 -9.23678309e-06
8.93134433e+00 -9.23678309e-06
8.95245862e+00 -9.23678309e-06
8.97357291e+00 -9.23678309e-06
8.99468720e+00 -9.23678310e-06
9.01580148e+00 -9.23678310e-06
9.03691577e+00 -9.23678310e-06
9.05803006e+00 -9.23678310e-06
9.07914435e+00 -9.23678310e-06
9.10025864e+00 -9.23678310e-06
9.12137293e+00 -9.23678310e-06
9.14248722e+00 -9.23678310e-06
9.16360151e+00 -9.23678310e-06
9.18471580e+00 -9.23678310e-06
9.20583009e+00 -9.23678310e-06
9.22694438e+00 -9.23678310e-06
9.24805867e+00 -9.23678311e-06
9.26917295e+00 -9.23678311e-06
9.29028724e+00 -9.23678311e-06
9.31140153e+00 -9.23678311e-06
9.33251582e+00 -9.23678311e-06
9.35363011e+00 -9.23678311e-06
9.37474440e+00 -9.23678311e-06
9.39585869e+00 -9.23678311e-06
9.41697298e+00 -9.23678311e-06
9.43808727e+00 -9.23678311e-06
9.45920156e+00 -9.23678311e-06
9.48031585e+00 -9.23678311e-06
9.50143014e+00 -9.23678311e-06
9.52254442e+00 -9.23678311e-06
9.54365871e+00 -9.23678311e-06
9.56477300e+00 -9.23678312e-06
9.58588729e+00 -9.23678312e-06
9.60700158e+00 -9.23678312e-06
9.62811587e+00 -9.23678312e-06
9.64923016e+00 -9.23678312e-06
9.67034445e+00 -9.23678312e-06
9.69145874e+00 -9.23678312e-06
9.71257303e+00 -9.23678312e-06
9.73368732e+00 -9.23678312e-06
9.75480161e+00 -9.23678312e-06
9.77591590e+00 -9.23678312e-06
9.79703018e+00 -9.23678312e-06
9.81814447e+00 -9.23678312e-06
9.83925876e+00 -9.23678312e-06
9.86037305e+00 -9.23678312e-06
9.88148734e+00 -9.23678312e-06
9.90260163e+00 -9.23678312e-06
9.92371592e+00 -9.23678312e-06
9.94483021e+00 -9.23678312e-06
9.96594450e+00 -9.23678313e-06
9.98705879e+00 -9.23678313e-06
1.00081731e+01 -9.23678313e-06
1.00292874e+01 -9.23678313e-06
1.00504017e+01 -9.23678313e-06
1.00715159e+01 -9.23678313e-06
1.00926302e+01 -9.23678313e-06
1.01137445e+01 -9.23678313e-06
1.01348588e+01 -9.23678313e-06
1.01559731e+01 -9.23678313e-06
1.01770874e+01 -9.23678313e-06
1.01982017e+01 -9.23678313e-06
1.02193160e+01 -9.23678313e-06
1.02404303e+01 -9.23678313e-06
1.02615445e+01 -9.23678313e-06
1.02826588e+01 -9.23678313e-06
1.03037731e+01 -9.23678313e-06
1.03248874e+01 -9.23678313e-06
1.03460017e+01 -9.23678313e-06
1.03671160e+01 -9.23678313e-06
1.03882303e+01 -9.23678313e-06
1.04093446e+01 -9.23678313e-06
1.04304589e+01 -9.23678313e-06
1.04515731e+01 -9.23678313e-06
1.04726874e+01 -9.23678313e-06
1.04938017e+01 -9.23678314e-06
1.05149160e+01 -9.23678314e-06
1.05360303e+01 -9.23678314e-06
1.05571446e+01 -9.23678314e-06
1.05782589e+01 -9.23678314e-06
1.05993732e+01 -9.23678314e-06
1.06204875e+01 -9.23678314e-06
1.06416018e+01 -9.23678314e-06
1.06627160e+01 -9.23678314e-06
1.06838303e+01 -9.23678314e-06
1.07049446e+01 -9.23678314e-06
1.07260589e+01 -9.23678314e-06
1.07471732e+01 -9.23678314e-06
1.07682875e+01 -9.23678314e-06
1.07894018e+01 -9.23678314e-06
1.08105161e+01 -9.23678314e-06
1.08316304e+01 -9.23678314e-06
1.08527446e+01 -9.23678314e-06
1.08738589e+01 -9.23678314e-06
1.08949732e+01 -9.23678314e-06
1.09160875e+01 -9.23678314e-06
1.09372018e+01 -9.23678314e-06
1.09583161e+01 -9.23678314e-06
1.09794304e+01 -9.23678314e-06
1.10005447e+01 -9.23678314e-06
1.10216590e+01 -9.23678314e-06
1.10427732e+01 -9.23678314e-06
1.10638875e+01 -9.23678314e-06
1.10850018e+01 -9.23678314e-06
1.11061161e+01 -9.23678314e-06
1.11272304e+01 -9.23678315e-06
1.11483447e+01 -9.23678315e-06
1.11694590e+01 -9.23678315e-06
1.11905733e+01 -9.23678315e-06
1.12116876e+01 -9.23678315e-06
1.12328018e+01 -9.23678315e-06
1.12539161e+01 -9.23678315e-06
1.12750304e+01 -9.23678315e-06
1.12961447e+01 -9.23678315e-06
1.13172590e+01 -9.23678315e-06
1.13383733e+01 -9.23678315e-06
1.13594876e+01 -9.23678315e-06
1.13806019e+01 -9.23678315e-06
1.14017162e+01 -9.23678315e-06
1.14228305e+01 -9.23678315e-06
1.14439447e+01 -9.23678315e-06
1.14650590e+01 -9.23678315e-06
1.14861733e+01 -9.23678315e-06
1.15072876e+01 -9.23678315e-06
1.15284019e+01 -9.23678315e-06
1.15495162e+01 -9.23678315e-06
1.15706305e+01 -9.23678315e-06
1.15917448e+01 -9.23678315e-06
1.16128591e+01 -9.23678315e-06
1.16339733e+01 -9.23678315e-06
1.16550876e+01 -9.23678315e-06
1.16762019e+01 -9.23678315e-06
1.16973162e+01 -9.23678315e-06
1.17184305e+01 -9.23678315e-06
1.17395448e+01 -9.23678315e-06
1.17606591e+01 -9.23678315e-06
1.17817734e+01 -9.23678315e-06
1.18028877e+01 -9.23678315e-06
1.18240019e+01 -9.23678315e-06
1.18451162e+01 -9.23678315e-06
1.18662305e+01 -9.23678315e-06
1.18873448e+01 -9.23678315e-06
1.19084591e+01 -9.23678315e-06
1.19295734e+01 -9.23678315e-06
1.19506877e+01 -9.23678315e-06
1.19718020e+01 -9.23678315e-06
1.19929163e+01 -9.23678315e-06
1.20140305e+01 -9.23678315e-06
1.20351448e+01 -9.23678315e-06
1.20562591e+01 -9.23678315e-06
1.20773734e+01 -9.23678315e-06
1.20984877e+01 -9.23678316e-06
1.21196020e+01 -9.23678316e-06
1.21407163e+01 -9.23678316e-06
1.21618306e+01 -9.23678316e-06
1.21829449e+01 -9.23678316e-06
1.22040592e+01 -9.23678316e-06
1.22251734e+01 -9.23678316e-06
1.22462877e+01 -9.23678316e-06
1.22674020e+01 -9.23678316e-06
1.22885163e+01 -9.23678316e-06
1.23096306e+01 -9.23678316e-06
1.23307449e+01 -9.23678316e-06
1.23518592e+01 -9.23678316e-06
1.23729735e+01 -9.23678316e-06
1.23940878e+01 -9.23678316e-06
1.24152020e+01 -9.23678316e-06
1.24363163e+01 -9.23678316e-06
1.24574306e+01 -9.23678316e-06
1.24785449e+01 -9.23678316e-06
1.24996592e+01 -9.23678316e-06
1.25207735e+01 -9.23678316e-06
1.25418878e+01 -9.23678316e-06
1.25630021e+01 -9.23678316e-06
1.25841164e+01 -9.23678316e-06
1.26052306e+01 -9.23678316e-06
1.26263449e+01 -9.23678316e-06
1.26474592e+01 -9.23678316e-06
1.26685735e+01 -9.23678316e-06
1.26896878e+01 -9.23678316e-06
1.27108021e+01 -9.23678316e-06
1.27319164e+01 -9.23678316e-06
1.27530307e+01 -9.23678316e-06
1.27741450e+01 -9.23678316e-06
1.27952592e+01 -9.23678316e-06
1.28163735e+01 -9.23678316e-06
1.28374878e+01 -9.23678316e-06
1.28586021e+01 -9.23678316e-06
1.28797164e+01 -9.23678316e-06
1.29008307e+01 -9.23678316e-06
1.29219450e+01 -9.23678316e-06
1.29430593e+01 -9.23678316e-06
1.29641736e+01 -9.23678316e-06
1.29852879e+01 -9.23678316e-06
1.30064021e+01 -9.23678316e-06
1.30275164e+01 -9.23678316e-06
1.30486307e+01 -9.23678316e-06
1.30697450e+01 -9.23678316e-06
1.30908593e+01 -9.23678316e-06
1.31119736e+01 -9.23678316e-06
1.31330879e+01 -9.23678316e-06
1.31542022e+01 -9.23678316e-06
1.31753165e+01 -9.23678316e-06
1.31964307e+01 -9.23678316e-06
1.32175450e+01 -9.23678316e-06
1.32386593e+01 -9.23678316e-06
1.32597736e+01 -9.23678316e-06
1.32808879e+01 -9.23678316e-06
1.33020022e+01 -9.23678316e-06
1.33231165e+01 -9.23678316e-06
1.33442308e+01 -9.23678316e-06
1.33653451e+01 -9.23678316e-06
1.33864593e+01 -9.23678316e-06
1.34075736e+01 -9.23678316e-06
1.34286879e+01 -9.23678316e-06
1.34498022e+01 -9.23678316e-06
1.34709165e+01 -9.23678316e-06
1.34920308e+01 -9.23678316e-06
1.35131451e+01 -9.23678316e-06
1.35342594e+01 -9.23678316e-06
1.35553737e+01 -9.23678316e-06
1.35764879e+01 -9.23678316e-06
1.35976022e+01 -9.23678316e-06
1.36187165e+01 -9.23678316e-06
1.36398308e+01 -9.23678316e-06
1.36609451e+01 -9.23678316e-06
1.36820594e+01 -9.23678316e-06
1.37031737e+01 -9.23678316e-06
1.37242880e+01 -9.23678316e-06
1.37454023e+01 -9.23678316e-06
1.37665166e+01 -9.23678316e-06
1.37876308e+01 -9.23678316e-06
1.38087451e+01 -9.23678316e-06
1.38298594e+01 -9.23678316e-06
1.38509737e+01 -9.23678316e-06
1.38720880e+01 -9.23678316e-06
1.38932023e+01 -9.23678316e-06
1.39143166e+01 -9.23678316e-06
1.39354309e+01 -9.23678316e-06
1.39565452e+01 -9.23678316e-06
1.39776594e+01 -9.23678316e-06
1.39987737e+01 -9.23678316e-06
1.40198880e+01 -9.23678316e-06
1.40410023e+01 -9.23678316e-06
1.40621166e+01 -9.23678317e-06
1.40832309e+01 -9.23678316e-06
1.41043452e+01 -9.23678316e-06
1.41254595e+01 -9.23678316e-06
1.41465738e+01 -9.23678317e-06
1.41676880e+01 -9.23678317e-06
1.41888023e+01 -9.23678317e-06
1.42099166e+01 -9.23678317e-06
1.42310309e+01 -9.23678317e-06
1.42521452e+01 -9.23678317e-06
1.42732595e+01 -9.23678317e-06
1.42943738e+01 -9.23678317e-06
1.43154881e+01 -9.23678317e-06
1.43366024e+01 -9.23678317e-06
1.43577166e+01 -9.23678317e-06
1.43788309e+01 -9.23678317e-06
1.43999452e+01 -9.23678317e-06
1.44210595e+01 -9.23678317e-06
1.44421738e+01 -9.23678317e-06
1.44632881e+01 -9.23678317e-06
1.44844024e+01 -9.23678317e-06
1.45055167e+01 -9.23678317e-06
1.45266310e+01 -9.23678317e-06
1.45477453e+01 -9.23678317e-06
1.45688595e+01 -9.23678317e-06
1.45899738e+01 -9.23678317e-06
1.46110881e+01 -9.23678317e-06
1.46322024e+01 -9.23678317e-06
1.46533167e+01 -9.23678317e-06
1.46744310e+01 -9.23678317e-06
1.46955453e+01 -9.23678317e-06
1.47166596e+01 -9.23678317e-06
1.47377739e+01 -9.23678317e-06
1.47588881e+01 -9.23678317e-06
1.47800024e+01 -9.23678317e-06
1.48011167e+01 -9.23678317e-06
1.48222310e+01 -9.23678317e-06
1.48433453e+01 -9.23678317e-06
1.48644596e+01 -9.23678317e-06
1.48855739e+01 -9.23678317e-06
1.49066882e+01 -9.23678317e-06
1.49278025e+01 -9.23678317e-06
1.49489167e+01 -9.23678317e-06
1.49700310e+01 -9.23678317e-06
1.49911453e+01 -9.23678317e-06
1.50122596e+01 -9.23678317e-06
1.50333739e+01 -9.23678317e-06
1.50544882e+01 -9.23678317e-06
1.50756025e+01 -9.23678317e-06
1.50967168e+01 -9.23678317e-06
1.51178311e+01 -9.23678317e-06
1.51389453e+01 -9.23678317e-06
1.51600596e+01 -9.23678317e-06
1.51811739e+01 -9.23678317e-06
1.52022882e+01 -9.23678317e-06
1.52234025e+01 -9.23678317e-06
1.52445168e+01 -9.23678317e-06
1.52656311e+01 -9.23678317e-06
1.52867454e+01 -9.23678317e-06
1.53078597e+01 -9.23678317e-06
1.53289740e+01 -9.23678317e-06
1.53500882e+01 -9.23678317e-06
1.53712025e+01 -9.23678317e-06
1.53923168e+01 -9.23678317e-06
1.54134311e+01 -9.23678317e-06
1.54345454e+01 -9.23678317e-06
1.54556597e+01 -9.23678317e-06
1.54767740e+01 -9.23678317e-06
1.54978883e+01 -9.23678317e-06
1.55190026e+01 -9.23678317e-06
1.55401168e+01 -9.23678317e-06
1.55612311e+01 -9.23678317e-06
1.55823454e+01 -9.23678317e-06
1.56034597e+01 -9.23678317e-06
1.56245740e+01 -9.23678317e-06
1.56456883e+01 -9.23678317e-06
1.56668026e+01 -9.23678317e-06
1.56879169e+01 -9.23678317e-06
1.57090312e+01 -9.23678317e-06
1.57301454e+01 -9.23678317e-06
1.57512597e+01 -9.23678317e-06
1.57723740e+01 -9.23678317e-06
1.57934883e+01 -9.23678317e-06
1.58146026e+01 -9.23678317e-06
1.58357169e+01 -9.23678317e-06
1.58568312e+01 -9.23678317e-06
1.58779455e+01 -9.23678317e-06
1.58990598e+01 -9.23678317e-06
1.59201740e+01 -9.23678317e-06
1.59412883e+01 -9.23678317e-06
1.59624026e+01 -9.23678317e-06
1.59835169e+01 -9.23678317e-06
1.60046312e+01 -9.23678317e-06
1.60257455e+01 -9.23678317e-06
1.60468598e+01 -9.23678317e-06
1.60679741e+01 -9.23678317e-06
1.60890884e+01 -9.23678317e-06
1.61102027e+01 -9.23678317e-06
1.61313169e+01 -9.23678317e-06
1.61524312e+01 -9.23678317e-06
1.61735455e+01 -9.23678317e-06
1.61946598e+01 -9.23678317e-06
1.62157741e+01 -9.23678317e-06
1.62368884e+01 -9.23678317e-06
1.62580027e+01 -9.23678317e-06
1.62791170e+01 -9.23678317e-06
1.63002313e+01 -9.23678317e-06
1.63213455e+01 -9.23678317e-06
1.63424598e+01 -9.23678317e-06
1.63635741e+01 -9.23678317e-06
1.63846884e+01 -9.23678317e-06
1.64058027e+01 -9.23678317e-06
1.64269170e+01 -9.23678317e-06
1.64480313e+01 -9.23678317e-06
1.64691456e+01 -9.23678317e-06
1.64902599e+01 -9.23678317e-06
1.65113741e+01 -9.23678317e-06
1.65324884e+01 -9.23678317e-06
1.65536027e+01 -9.23678317e-06
1.65747170e+01 -9.23678317e-06
1.65958313e+01 -9.23678317e-06
1.66169456e+01 -9.23678317e-06
1.66380599e+01 -9.23678317e-06
1.66591742e+01 -9.23678317e-06
1.66802885e+01 -9.23678317e-06
1.67014027e+01 -9.23678317e-06
1.67225170e+01 -9.23678317e-06
1.67436313e+01 -9.23678317e-06
1.67647456e+01 -9.23678317e-06
1.67858599e+01 -9.23678317e-06
1.68069742e+01 -9.23678317e-06
1.68280885e+01 -9.23678317e-06
1.68492028e+01 -9.23678317e-06
1.68703171e+01 -9.23678317e-06
1.68914314e+01 -9.23678317e-06
1.69125456e+01 -9.23678317e-06
1.69336599e+01 -9.23678317e-06
1.69547742e+01 -9.23678317e-06
1.69758885e+01 -9.23678317e-06
1.69970028e+01 -9.23678317e-06
1.70181171e+01 -9.23678317e-06
1.70392314e+01 -9.23678317e-06
1.70603457e+01 -9.23678317e-06
1.70814600e+01 -9.23678317e-06
1.71025742e+01 -9.23678317e-06
1.71236885e+01 -9.23678317e-06
1.71448028e+01 -9.23678317e-06
1.71659171e+01 -9.23678317e-06
1.71870314e+01 -9.23678317e-06
1.72081457e+01 -9.23678317e-06
1.72292600e+01 -9.23678317e-06
1.72503743e+01 -9.23678317e-06
1.72714886e+01 -9.23678317e-06
1.72926028e+01 -9.23678317e-06
1.73137171e+01 -9.23678317e-06
1.73348314e+01 -9.23678317e-06
1.73559457e+01 -9.23678317e-06
1.73770600e+01 -9.23678317e-06
1.73981743e+01 -9.23678317e-06
1.74192886e+01 -9.23678317e-06
1.74404029e+01 -9.23678317e-06
1.74615172e+01 -9.23678317e-06
1.74826314e+01 -9.23678317e-06
1.75037457e+01 -9.23678317e-06
1.75248600e+01 -9.23678317e-06
1.75459743e+01 -9.23678317e-06
1.75670886e+01 -9.23678317e-06
1.75882029e+01 -9.23678317e-06
1.76093172e+01 -9.23678317e-06
1.76304315e+01 -9.23678317e-06
1.76515458e+01 -9.23678317e-06
1.76726601e+01 -9.23678317e-06
1.76937743e+01 -9.23678317e-06
1.77148886e+01 -9.23678317e-06
1.77360029e+01 -9.23678317e-06
1.77571172e+01 -9.23678317e-06
1.77782315e+01 -9.23678317e-06
1.77993458e+01 -9.23678317e-06
1.78204601e+01 -9.23678317e-06
1.78415744e+01 -9.23678317e-06
1.78626887e+01 -9.23678317e-06
1.78838029e+01 -9.23678317e-06
1.79049172e+01 -9.23678317e-06
1.79260315e+01 -9.23678317e-06
1.79471458e+01 -9.23678317e-06
1.79682601e+01 -9.23678317e-06
1.79893744e+01 -9.23678317e-06
1.80104887e+01 -9.23678317e-06
1.80316030e+01 -9.23678317e-06
1.80527173e+01 -9.23678317e-06
1.80738315e+01 -9.23678317e-06
1.80949458e+01 -9.23678317e-06
1.81160601e+01 -9.23678317e-06
1.81371744e+01 -9.23678317e-06
1.81582887e+01 -9.23678317e-06
1.81794030e+01 -9.23678317e-06
1.82005173e+01 -9.23678317e-06
1.82216316e+01 -9.23678317e-06
1.82427459e+01 -9.23678317e-06
1.82638601e+01 -9.23678317e-06
1.82849744e+01 -9.23678317e-06
1.83060887e+01 -9.23678317e-06
1.83272030e+01 -9.23678317e-06
1.83483173e+01 -9.23678317e-06
1.83694316e+01 -9.23678317e-06
1.83905459e+01 -9.23678317e-06
1.84116602e+01 -9.23678317e-06
1.84327745e+01 -9.23678317e-06
1.84538888e+01 -9.23678317e-06
1.84750030e+01 -9.23678317e-06
1.84961173e+01 -9.23678317e-06
1.85172316e+01 -9.23678317e-06
1.85383459e+01 -9.23678317e-06
1.85594602e+01 -9.23678317e-06
1.85805745e+01 -9.23678317e-06
1.86016888e+01 -9.23678317e-06
1.86228031e+01 -9.23678317e-06
1.86439174e+01 -9.23678317e-06
1.86650316e+01 -9.23678317e-06
1.86861459e+01 -9.23678317e-06
1.87072602e+01 -9.23678317e-06
1.87283745e+01 -9.23678317e-06
1.87494888e+01 -9.23678317e-06
1.87706031e+01 -9.23678317e-06
1.87917174e+01 -9.23678317e-06
1.88128317e+01 -9.23678317e-06
1.88339460e+01 -9.23678317e-06
1.88550602e+01 -9.23678317e-06
1.88761745e+01 -9.23678317e-06
1.88972888e+01 -9.23678317e-06
1.89184031e+01 -9.23678317e-06
1.89395174e+01 -9.23678317e-06
1.89606317e+01 -9.23678317e-06
1.89817460e+01 -9.23678317e-06
1.90028603e+01 -9.23678317e-06
1.90239746e+01 -9.23678317e-06
1.90450888e+01 -9.23678317e-06
1.90662031e+01 -9.23678317e-06
1.90873174e+01 -9.23678317e-06
1.91084317e+01 -9.23678317e-06
1.91295460e+01 -9.23678317e-06
1.91506603e+01 -9.23678317e-06
1.91717746e+01 -9.23678317e-06
1.91928889e+01 -9.23678317e-06
1.92140032e+01 -9.23678317e-06
1.92351175e+01 -9.23678317e-06
1.92562317e+01 -9.23678317e-06
1.92773460e+01 -9.23678317e-06
1.92984603e+01 -9.23678317e-06
1.93195746e+01 -9.23678317e-06
1.93406889e+01 -9.23678317e-06
1.93618032e+01 -9.23678317e-06
1.93829175e+01 -9.23678317e-06
1.94040318e+01 -9.23678317e-06
1.94251461e+01 -9.23678317e-06
1.94462603e+01 -9.23678317e-06
1.94673746e+01 -9.23678317e-06
1.94884889e+01 -9.23678317e-06
1.95096032e+01 -9.23678317e-06
1.95307175e+01 -9.23678317e-06
1.95518318e+01 -9.23678317e-06
1.95729461e+01 -9.23678317e-06
1.95940604e+01 -9.23678317e-06
1.96151747e+01 -9.23678317e-06
1.96362889e+01 -9.23678317e-06
1.96574032e+01 -9.23678317e-06
1.96785175e+01 -9.23678317e-06
1.96996318e+01 -9.23678317e-06
1.97207461e+01 -9.23678317e-06
1.97418604e+01 -9.23678317e-06
1.97629747e+01 -9.23678317e-06
1.97840890e+01 -9.23678317e-06
1.98052033e+01 -9.23678317e-06
1.98263176e+01 -9.23678317e-06
1.98474318e+01 -9.23678317e-06
1.98685461e+01 -9.23678317e-06
1.98896604e+01 -9.23678317e-06
1.99107747e+01 -9.23678317e-06
1.99318890e+01 -9.23678317e-06
1.99530033e+01 -9.23678317e-06
1.99741176e+01 -9.23678317e-06
1.99952319e+01 -9.23678317e-06
2.00163462e+01 -9.23678317e-06
2.00374604e+01 -9.23678317e-06
2.00585747e+01 -9.23678317e-06
2.00796890e+01 -9.23678317e-06
2.01008033e+01 -9.23678317e-06
2.01219176e+01 -9.23678317e-06
2.01430319e+01 -9.23678317e-06
2.01641462e+01 -9.23678317e-06
2.01852605e+01 -9.23678317e-06
2.02063748e+01 -9.23678317e-06
2.02274890e+01 -9.23678317e-06
2.02486033e+01 -9.23678317e-06
2.02697176e+01 -9.23678317e-06
2.02908319e+01 -9.23678317e-06
2.03119462e+01 -9.23678317e-06
2.03330605e+01 -9.23678317e-06
2.03541748e+01 -9.23678317e-06
2.03752891e+01 -9.23678317e-06
2.03964034e+01 -9.23678317e-06
2.04175176e+01 -9.23678317e-06
2.04386319e+01 -9.23678317e-06
2.04597462e+01 -9.23678317e-06
2.04808605e+01 -9.23678317e-06
2.05019748e+01 -9.23678317e-06
2.05230891e+01 -9.23678317e-06
2.05442034e+01 -9.23678317e-06
2.05653177e+01 -9.23678317e-06
2.05864320e+01 -9.23678317e-06
2.06075463e+01 -9.23678317e-06
2.06286605e+01 -9.23678317e-06
2.06497748e+01 -9.23678317e-06
2.06708891e+01 -9.23678317e-06
2.06920034e+01 -9.23678317e-06
2.07131177e+01 -9.23678317e-06
2.07342320e+01 -9.23678317e-06
2.07553463e+01 -9.23678317e-06
2.07764606e+01 -9.23678317e-06
2.07975749e+01 -9.23678317e-06
2.08186891e+01 -9.23678317e-06
2.08398034e+01 -9.23678317e-06
2.08609177e+01 -9.23678317e-06
2.08820320e+01 -9.23678317e-06
2.09031463e+01 -9.23678317e-06
2.09242606e+01 -9.23678317e-06
2.09453749e+01 -9.23678317e-06
2.09664892e+01 -9.23678317e-06
2.09876035e+01 -9.23678317e-06
2.10087177e+01 -9.23678317e-06
2.10298320e+01 -9.23678317e-06
2.10509463e+01 -9.23678317e-06
2.10720606e+01 -9.23678317e-06
2.10931749e+01 -9.23678317e-06
2.11142892e+01 -9.23678317e-06
2.11354035e+01 -9.23678317e-06
2.11565178e+01 -9.23678317e-06
2.11776321e+01 -9.23678317e-06
2.11987463e+01 -9.23678317e-06
2.12198606e+01 -9.23678317e-06
2.12409749e+01 -9.23678317e-06
2.12620892e+01 -9.23678317e-06
2.12832035e+01 -9.23678317e-06
2.13043178e+01 -9.23678317e-06
2.13254321e+01 -9.23678317e-06
2.13465464e+01 -9.23678317e-06
2.13676607e+01 -9.23678317e-06
2.13887750e+01 -9.23678317e-06
2.14098892e+01 -9.23678317e-06
2.14310035e+01 -9.23678317e-06
2.14521178e+01 -9.23678317e-06
2.14732321e+01 -9.23678317e-06
2.14943464e+01 -9.23678317e-06
2.15154607e+01 -9.23678317e-06
2.15365750e+01 -9.23678317e-06
2.15576893e+01 -9.23678317e-06
2.15788036e+01 -9.23678317e-06
2.15999178e+01 -9.23678317e-06
2.16210321e+01 -9.23678317e-06
2.16421464e+01 -9.23678317e-06
2.16632607e+01 -9.23678317e-06
2.16843750e+01 -9.23678317e-06
2.17054893e+01 -9.23678317e-06
2.17266036e+01 -9.23678317e-06
2.17477179e+01 -9.23678317e-06
2.17688322e+01 -9.23678317e-06
2.17899464e+01 -9.23678317e-06
2.18110607e+01 -9.23678317e-06
2.18321750e+01 -9.23678317e-06
2.18532893e+01 -9.23678317e-06
2.18744036e+01 -9.23678317e-06
2.18955179e+01 -9.23678317e-06
2.19166322e+01 -9.23678317e-06
2.19377465e+01 -9.23678317e-06
2.19588608e+01 -9.23678317e-06
2.19799750e+01 -9.23678317e-06
2.20010893e+01 -9.23678317e-06
2.20222036e+01 -9.23678317e-06
2.20433179e+01 -9.23678317e-06
2.20644322e+01 -9.23678317e-06
2.20855465e+01 -9.23678317e-06
2.21066608e+01 -9.23678317e-06
2.21277751e+01 -9.23678317e-06
2.21488894e+01 -9.23678317e-06
2.21700037e+01 -9.23678317e-06
2.21911179e+01 -9.23678317e-06
2.22122322e+01 -9.23678317e-06
2.22333465e+01 -9.23678317e-06
2.22544608e+01 -9.23678317e-06
2.22755751e+01 -9.23678317e-06
2.22966894e+01 -9.23678317e-06
2.23178037e+01 -9.23678317e-06
2.23389180e+01 -9.23678317e-06
2.23600323e+01 -9.23678317e-06
2.23811465e+01 -9.23678317e-06
2.24022608e+01 -9.23678317e-06
2.24233751e+01 -9.23678317e-06
2.24444894e+01 -9.23678317e-06
2.24656037e+01 -9.23678317e-06
2.24867180e+01 -9.23678317e-06
2.25078323e+01 -9.23678317e-06
2.25289466e+01 -9.23678317e-06
2.25500609e+01 -9.23678317e-06
2.25711751e+01 -9.23678317e-06
2.25922894e+01 -9.23678317e-06
2.26134037e+01 -9.23678317e-06
2.26345180e+01 -9.23678317e-06
2.26556323e+01 -9.23678317e-06
2.26767466e+01 -9.23678317e-06
2.26978609e+01 -9.23678317e-06
2.27189752e+01 -9.23678317e-06
2.27400895e+01 -9.23678317e-06
2.27612037e+01 -9.23678317e-06
2.27823180e+01 -9.23678317e-06
2.28034323e+01 -9.23678317e-06
2.28245466e+01 -9.23678317e-06
2.28456609e+01 -9.23678317e-06
2.28667752e+01 -9.23678317e-06
2.28878895e+01 -9.23678317e-06
2.29090038e+01 -9.23678317e-06
2.29301181e+01 -9.23678317e-06
2.29512324e+01 -9.23678317e-06
2.29723466e+01 -9.23678317e-06
2.29934609e+01 -9.23678317e-06
2.30145752e+01 -9.23678317e-06
2.30356895e+01 -9.23678317e-06
2.30568038e+01 -9.23678317e-06
2.30779181e+01 -9.23678317e-06
2.30990324e+01 -9.23678317e-06
2.31201467e+01 -9.23678317e-06
2.31412610e+01 -9.23678317e-06
2.31623752e+01 -9.23678317e-06
2.31834895e+01 -9.23678317e-06
2.32046038e+01 -9.23678317e-06
2.32257181e+01 -9.23678317e-06
2.32468324e+01 -9.23678317e-06
2.32679467e+01 -9.23678317e-06
2.32890610e+01 -9.23678317e-06
2.33101753e+01 -9.23678317e-06
2.33312896e+01 -9.23678317e-06
2.33524038e+01 -9.23678317e-06
2.33735181e+01 -9.23678317e-06
2.33946324e+01 -9.23678317e-06
2.34157467e+01 -9.23678317e-06
2.34368610e+01 -9.23678317e-06
2.34579753e+01 -9.23678317e-06
2.34790896e+01 -9.23678317e-06
2.35002039e+01 -9.23678317e-06
2.35213182e+01 -9.23678317e-06
2.35424324e+01 -9.23678317e-06
2.35635467e+01 -9.23678317e-06
2.35846610e+01 -9.23678317e-06
2.36057753e+01 -9.23678317e-06
2.36268896e+01 -9.23678317e-06
2.36480039e+01 -9.23678317e-06
2.36691182e+01 -9.23678317e-06
2.36902325e+01 -9.23678317e-06
2.37113468e+01 -9.23678317e-06
2.37324611e+01 -9.23678317e-06
2.37535753e+01 -9.23678317e-06
2.37746896e+01 -9.23678317e-06
2.37958039e+01 -9.23678317e-06
2.38169182e+01 -9.23678317e-06
2.38380325e+01 -9.23678317e-06
2.38591468e+01 -9.23678317e-06
2.38802611e+01 -9.23678317e-06
2.39013754e+01 -9.23678317e-06
2.39224897e+01 -9.23678317e-06
2.39436039e+01 -9.23678317e-06
2.39647182e+01 -9.23678317e-06
2.39858325e+01 -9.23678317e-06
2.40069468e+01 -9.23678317e-06
2.40280611e+01 -9.23678317e-06
2.40491754e+01 -9.23678317e-06
2.40702897e+01 -9.23678317e-06
2.40914040e+01 -9.23678317e-06
2.41125183e+01 -9.23678317e-06
2.41336325e+01 -9.23678317e-06
2.41547468e+01 -9.23678317e-06
2.41758611e+01 -9.23678317e-06
2.41969754e+01 -9.23678317e-06
2.42180897e+01 -9.23678317e-06
2.42392040e+01 -9.23678317e-06
2.42603183e+01 -9.23678317e-06
2.42814326e+01 -9.23678317e-06
2.43025469e+01 -9.23678317e-06
2.43236611e+01 -9.23678317e-06
2.43447754e+01 -9.23678317e-06
2.43658897e+01 -9.23678317e-06
2.43870040e+01 -9.23678317e-06
2.44081183e+01 -9.23678317e-06
2.44292326e+01 -9.23678317e-06
2.44503469e+01 -9.23678317e-06
2.44714612e+01 -9.23678318e-06
2.44925755e+01 -9.23678317e-06
2.45136898e+01 -9.23678318e-06
2.45348040e+01 -9.23678317e-06
2.45559183e+01 -9.23678317e-06
2.45770326e+01 -9.23678317e-06
2.45981469e+01 -9.23678317e-06
2.46192612e+01 -9.23678317e-06
2.46403755e+01 -9.23678317e-06
2.46614898e+01 -9.23678317e-06
2.46826041e+01 -9.23678318e-06
2.47037184e+01 -9.23678318e-06
2.47248326e+01 -9.23678318e-06
2.47459469e+01 -9.23678318e-06
2.47670612e+01 -9.23678318e-06
2.47881755e+01 -9.23678318e-06
2.48092898e+01 -9.23678318e-06
2.48304041e+01 -9.23678317e-06
2.48515184e+01 -9.23678317e-06
2.48726327e+01 -9.23678317e-06
2.48937470e+01 -9.23678318e-06
2.49148612e+01 -9.23678317e-06
2.49359755e+01 -9.23678318e-06
2.49570898e+01 -9.23678317e-06
2.49782041e+01 -9.23678317e-06
2.49993184e+01 -9.23678317e-06
2.50204327e+01 -9.23678317e-06
2.50415470e+01 -9.23678317e-06
2.50626613e+01 -9.23678317e-06
2.50837756e+01 -9.23678317e-06
2.51048898e+01 -9.23678317e-06
2.51260041e+01 -9.23678317e-06
2.51471184e+01 -9.23678317e-06
2.51682327e+01 -9.23678317e-06
2.51893470e+01 -9.23678317e-06
2.52104613e+01 -9.23678317e-06
2.52315756e+01 -9.23678317e-06
2.52526899e+01 -9.23678317e-06
2.52738042e+01 -9.23678317e-06
2.52949185e+01 -9.23678317e-06
2.53160327e+01 -9.23678317e-06
2.53371470e+01 -9.23678317e-06
2.53582613e+01 -9.23678317e-06
2.53793756e+01 -9.23678317e-06
2.54004899e+01 -9.23678317e-06
2.54216042e+01 -9.23678317e-06
2.54427185e+01 -9.23678317e-06
2.54638328e+01 -9.23678317e-06
2.54849471e+01 -9.23678317e-06
2.55060613e+01 -9.23678317e-06
2.55271756e+01 -9.23678317e-06
2.55482899e+01 -9.23678317e-06
2.55694042e+01 -9.23678317e-06
2.55905185e+01 -9.23678317e-06
2.56116328e+01 -9.23678317e-06
2.56327471e+01 -9.23678317e-06
2.56538614e+01 -9.23678317e-06
2.56749757e+01 -9.23678317e-06
2.56960899e+01 -9.23678317e-06
2.57172042e+01 -9.23678317e-06
2.57383185e+01 -9.23678317e-06
2.57594328e+01 -9.23678317e-06
2.57805471e+01 -9.23678317e-06
2.58016614e+01 -9.23678317e-06
2.58227757e+01 -9.23678317e-06
2.58438900e+01 -9.23678317e-06
2.58650043e+01 -9.23678317e-06
2.58861185e+01 -9.23678317e-06
2.59072328e+01 -9.23678317e-06
2.59283471e+01 -9.23678317e-06
2.59494614e+01 -9.23678317e-06
2.59705757e+01 -9.23678317e-06
2.59916900e+01 -9.23678317e-06
2.60128043e+01 -9.23678317e-06
2.60339186e+01 -9.23678318e-06
2.60550329e+01 -9.23678317e-06
2.60761472e+01 -9.23678318e-06
2.60972614e+01 -9.23678318e-06
2.61183757e+01 -9.23678318e-06
2.61394900e+01 -9.23678318e-06
2.61606043e+01 -9.23678318e-06
2.61817186e+01 -9.23678318e-06
2.62028329e+01 -9.23678318e-06
2.62239472e+01 -9.23678317e-06
2.62450615e+01 -9.23678317e-06
2.62661758e+01 -9.23678317e-06
2.62872900e+01 -9.23678318e-06
2.63084043e+01 -9.23678318e-06
2.63295186e+01 -9.23678317e-06
2.63506329e+01 -9.23678317e-06
2.63717472e+01 -9.23678317e-06
2.63928615e+01 -9.23678317e-06
2.64139758e+01 -9.23678318e-06
2.64350901e+01 -9.23678317e-06
2.64562044e+01 -9.23678317e-06
2.64773186e+01 -9.23678317e-06
2.64984329e+01 -9.23678318e-06
2.65195472e+01 -9.23678318e-06
2.65406615e+01 -9.23678317e-06
2.65617758e+01 -9.23678317e-06
2.65828901e+01 -9.23678318e-06
2.66040044e+01 -9.23678317e-06
2.66251187e+01 -9.23678318e-06
2.66462330e+01 -9.23678318e-06
2.66673472e+01 -9.23678318e-06
2.66884615e+01 -9.23678318e-06
2.67095758e+01 -9.23678318e-06
2.67306901e+01 -9.23678318e-06
2.67518044e+01 -9.23678318e-06
2.67729187e+01 -9.23678318e-06
2.67940330e+01 -9.23678317e-06
2.68151473e+01 -9.23678317e-06
2.68362616e+01 -9.23678317e-06
2.68573759e+01 -9.23678317e-06
2.68784901e+01 -9.23678317e-06
2.68996044e+01 -9.23678317e-06
2.69207187e+01 -9.23678317e-06
2.69418330e+01 -9.23678317e-06
2.69629473e+01 -9.23678318e-06
2.69840616e+01 -9.23678318e-06
2.70051759e+01 -9.23678317e-06
2.70262902e+01 -9.23678318e-06
2.70474045e+01 -9.23678318e-06
2.70685187e+01 -9.23678318e-06
2.70896330e+01 -9.23678318e-06
2.71107473e+01 -9.23678318e-06
2.71318616e+01 -9.23678317e-06
2.71529759e+01 -9.23678318e-06
2.71740902e+01 -9.23678318e-06
2.71952045e+01 -9.23678318e-06
2.72163188e+01 -9.23678318e-06
2.72374331e+01 -9.23678318e-06
2.72585473e+01 -9.23678318e-06
2.72796616e+01 -9.23678318e-06
2.73007759e+01 -9.23678318e-06
2.73218902e+01 -9.23678317e-06
2.73430045e+01 -9.23678318e-06
2.73641188e+01 -9.23678318e-06
2.73852331e+01 -9.23678318e-06
2.74063474e+01 -9.23678318e-06
2.74274617e+01 -9.23678318e-06
2.74485759e+01 -9.23678318e-06
2.74696902e+01 -9.23678318e-06
2.74908045e+01 -9.23678318e-06
2.75119188e+01 -9.23678318e-06
2.75330331e+01 -9.23678317e-06
2.75541474e+01 -9.23678318e-06
2.75752617e+01 -9.23678317e-06
2.75963760e+01 -9.23678317e-06
2.76174903e+01 -9.23678317e-06
2.76386046e+01 -9.23678317e-06
2.76597188e+01 -9.23678317e-06
2.76808331e+01 -9.23678317e-06
2.77019474e+01 -9.23678317e-06
2.77230617e+01 -9.23678317e-06
2.77441760e+01 -9.23678318e-06
2.77652903e+01 -9.23678317e-06
2.77864046e+01 -9.23678317e-06
2.78075189e+01 -9.23678317e-06
2.78286332e+01 -9.23678317e-06
2.78497474e+01 -9.23678317e-06
2.78708617e+01 -9.23678317e-06
2.78919760e+01 -9.23678317e-06
2.79130903e+01 -9.23678317e-06
2.79342046e+01 -9.23678317e-06
2.79553189e+01 -9.23678318e-06
2.79764332e+01 -9.23678317e-06
2.79975475e+01 -9.23678317e-06
2.80186618e+01 -9.23678318e-06
2.80397760e+01 -9.23678318e-06
2.80608903e+01 -9.23678317e-06
2.80820046e+01 -9.23678317e-06
2.81031189e+01 -9.23678317e-06
2.81242332e+01 -9.23678317e-06
2.81453475e+01 -9.23678317e-06
2.81664618e+01 -9.23678317e-06
2.81875761e+01 -9.23678317e-06
2.82086904e+01 -9.23678317e-06
2.82298046e+01 -9.23678317e-06
2.82509189e+01 -9.23678317e-06
2.82720332e+01 -9.23678317e-06
2.82931475e+01 -9.23678317e-06
2.83142618e+01 -9.23678317e-06
2.83353761e+01 -9.23678317e-06
2.83564904e+01 -9.23678317e-06
2.83776047e+01 -9.23678318e-06
2.83987190e+01 -9.23678317e-06
2.84198333e+01 -9.23678318e-06
2.84409475e+01 -9.23678318e-06
2.84620618e+01 -9.23678318e-06
2.84831761e+01 -9.23678317e-06
2.85042904e+01 -9.23678317e-06
2.85254047e+01 -9.23678317e-06
2.85465190e+01 -9.23678317e-06
2.85676333e+01 -9.23678317e-06
2.85887476e+01 -9.23678317e-06
2.86098619e+01 -9.23678317e-06
2.86309761e+01 -9.23678317e-06
2.86520904e+01 -9.23678317e-06
2.86732047e+01 -9.23678317e-06
2.86943190e+01 -9.23678317e-06
2.87154333e+01 -9.23678317e-06
2.87365476e+01 -9.23678317e-06
2.87576619e+01 -9.23678317e-06
2.87787762e+01 -9.23678317e-06
2.87998905e+01 -9.23678317e-06
2.88210047e+01 -9.23678317e-06
2.88421190e+01 -9.23678317e-06
2.88632333e+01 -9.23678317e-06
2.88843476e+01 -9.23678317e-06
2.89054619e+01 -9.23678317e-06
2.89265762e+01 -9.23678317e-06
2.89476905e+01 -9.23678317e-06
2.89688048e+01 -9.23678317e-06
2.89899191e+01 -9.23678317e-06
2.90110333e+01 -9.23678317e-06
2.90321476e+01 -9.23678317e-06
2.90532619e+01 -9.23678317e-06
2.90743762e+01 -9.23678317e-06
2.90954905e+01 -9.23678317e-06
2.91166048e+01 -9.23678317e-06
2.91377191e+01 -9.23678317e-06
2.91588334e+01 -9.23678317e-06
2.91799477e+01 -9.23678317e-06
2.92010620e+01 -9.23678317e-06
2.92221762e+01 -9.23678317e-06
2.92432905e+01 -9.23678317e-06
2.92644048e+01 -9.23678317e-06
2.92855191e+01 -9.23678317e-06
2.93066334e+01 -9.23678317e-06
2.93277477e+01 -9.23678317e-06
2.93488620e+01 -9.23678317e-06
2.93699763e+01 -9.23678317e-06
2.93910906e+01 -9.23678317e-06
2.94122048e+01 -9.23678317e-06
2.94333191e+01 -9.23678317e-06
2.94544334e+01 -9.23678317e-06
2.94755477e+01 -9.23678317e-06
2.94966620e+01 -9.23678317e-06
2.95177763e+01 -9.23678317e-06
2.95388906e+01 -9.23678317e-06
2.95600049e+01 -9.23678317e-06
2.95811192e+01 -9.23678317e-06
2.96022334e+01 -9.23678317e-06
2.96233477e+01 -9.23678317e-06
2.96444620e+01 -9.23678317e-06
2.96655763e+01 -9.23678317e-06
2.96866906e+01 -9.23678317e-06
2.97078049e+01 -9.23678317e-06
2.97289192e+01 -9.23678317e-06
2.97500335e+01 -9.23678317e-06
2.97711478e+01 -9.23678317e-06
2.97922620e+01 -9.23678317e-06
2.98133763e+01 -9.23678317e-06
2.98344906e+01 -9.23678317e-06
2.98556049e+01 -9.23678317e-06
2.98767192e+01 -9.23678317e-06
2.98978335e+01 -9.23678317e-06
2.99189478e+01 -9.23678317e-06
2.99400621e+01 -9.23678317e-06
2.99611764e+01 -9.23678317e-06
2.99822907e+01 -9.23678317e-06
3.00034049e+01 -9.23678317e-06
3.00245192e+01 -9.23678317e-06
3.00456335e+01 -9.23678317e-06
3.00667478e+01 -9.23678317e-06
3.00878621e+01 -9.23678317e-06
3.01089764e+01 -9.23678317e-06
3.01300907e+01 -9.23678317e-06
3.01512050e+01 -9.23678317e-06
3.01723193e+01 -9.23678317e-06
3.01934335e+01 -9.23678317e-06
3.02145478e+01 -9.23678317e-06
3.02356621e+01 -9.23678317e-06
3.02567764e+01 -9.23678317e-06
3.02778907e+01 -9.23678317e-06
3.02990050e+01 -9.23678317e-06
3.03201193e+01 -9.23678317e-06
3.03412336e+01 -9.23678317e-06
3.03623479e+01 -9.23678317e-06
3.03834621e+01 -9.23678317e-06
3.04045764e+01 -9.23678317e-06
3.04256907e+01 -9.23678317e-06
3.04468050e+01 -9.23678317e-06
3.04679193e+01 -9.23678317e-06
3.04890336e+01 -9.23678317e-06
3.05101479e+01 -9.23678317e-06
3.05312622e+01 -9.23678317e-06
3.05523765e+01 -9.23678317e-06
3.05734907e+01 -9.23678317e-06
3.05946050e+01 -9.23678317e-06
3.06157193e+01 -9.23678317e-06
3.06368336e+01 -9.23678317e-06
3.06579479e+01 -9.23678317e-06
3.06790622e+01 -9.23678317e-06
3.07001765e+01 -9.23678317e-06
3.07212908e+01 -9.23678317e-06
3.07424051e+01 -9.23678317e-06
3.07635194e+01 -9.23678317e-06
3.07846336e+01 -9.23678317e-06
3.08057479e+01 -9.23678317e-06
3.08268622e+01 -9.23678317e-06
3.08479765e+01 -9.23678317e-06
3.08690908e+01 -9.23678317e-06
3.08902051e+01 -9.23678317e-06
3.09113194e+01 -9.23678317e-06
3.09324337e+01 -9.23678317e-06
3.09535480e+01 -9.23678317e-06
3.09746622e+01 -9.23678317e-06
3.09957765e+01 -9.23678317e-06
3.10168908e+01 -9.23678317e-06
3.10380051e+01 -9.23678317e-06
3.10591194e+01 -9.23678317e-06
3.10802337e+01 -9.23678317e-06
3.11013480e+01 -9.23678317e-06
3.11224623e+01 -9.23678317e-06
3.11435766e+01 -9.23678317e-06
3.11646908e+01 -9.23678317e-06
3.11858051e+01 -9.23678317e-06
3.12069194e+01 -9.23678317e-06
3.12280337e+01 -9.23678317e-06
3.12491480e+01 -9.23678317e-06
3.12702623e+01 -9.23678317e-06
3.12913766e+01 -9.23678317e-06
3.13124909e+01 -9.23678317e-06
3.13336052e+01 -9.23678317e-06
3.13547194e+01 -9.23678317e-06
3.13758337e+01 -9.23678317e-06
3.13969480e+01 -9.23678317e-06
3.14180623e+01 -9.23678317e-06
3.14391766e+01 -9.23678317e-06
3.14602909e+01 -9.23678317e-06
3.14814052e+01 -9.23678317e-06
3.15025195e+01 -9.23678317e-06
3.15236338e+01 -9.23678317e-06
3.15447481e+01 -9.23678317e-06
3.15658623e+01 -9.23678317e-06
3.15869766e+01 -9.23678317e-06
3.16080909e+01 -9.23678317e-06
3.16292052e+01 -9.23678317e-06
3.16503195e+01 -9.23678317e-06
3.16714338e+01 -9.23678317e-06
3.16925481e+01 -9.23678317e-06
3.17136624e+01 -9.23678317e-06
3.17347767e+01 -9.23678317e-06
3.17558909e+01 -9.23678317e-06
3.17770052e+01 -9.23678317e-06
3.17981195e+01 -9.23678317e-06
3.18192338e+01 -9.23678317e-06
3.18403481e+01 -9.23678318e-06
3.18614624e+01 -9.23678318e-06
3.18825767e+01 -9.23678318e-06
3.19036910e+01 -9.23678318e-06
3.19248053e+01 -9.23678318e-06
3.19459195e+01 -9.23678318e-06
3.19670338e+01 -9.23678318e-06
3.19881481e+01 -9.23678318e-06
3.20092624e+01 -9.23678318e-06
3.20303767e+01 -9.23678318e-06
3.20514910e+01 -9.23678318e-06
3.20726053e+01 -9.23678318e-06
3.20937196e+01 -9.23678318e-06
3.21148339e+01 -9.23678318e-06
3.21359481e+01 -9.23678318e-06
3.21570624e+01 -9.23678318e-06
3.21781767e+01 -9.23678318e-06
3.21992910e+01 -9.23678318e-06
3.22204053e+01 -9.23678318e-06
3.22415196e+01 -9.23678318e-06
3.22626339e+01 -9.23678318e-06
3.22837482e+01 -9.23678318e-06
3.23048625e+01 -9.23678318e-06
3.23259768e+01 -9.23678318e-06
3.23470910e+01 -9.23678318e-06
3.23682053e+01 -9.23678318e-06
3.23893196e+01 -9.23678318e-06
3.24104339e+01 -9.23678318e-06
3.24315482e+01 -9.23678318e-06
3.24526625e+01 -9.23678318e-06
3.24737768e+01 -9.23678318e-06
3.24948911e+01 -9.23678318e-06
3.25160054e+01 -9.23678318e-06
3.25371196e+01 -9.23678318e-06
3.25582339e+01 -9.23678318e-06
3.25793482e+01 -9.23678318e-06
3.26004625e+01 -9.23678318e-06
3.26215768e+01 -9.23678318e-06
3.26426911e+01 -9.23678318e-06
3.26638054e+01 -9.23678318e-06
3.26849197e+01 -9.23678318e-06
3.27060340e+01 -9.23678318e-06
3.27271482e+01 -9.23678318e-06
3.27482625e+01 -9.23678318e-06
3.27693768e+01 -9.23678318e-06
3.27904911e+01 -9.23678318e-06
3.28116054e+01 -9.23678318e-06
3.28327197e+01 -9.23678318e-06
3.28538340e+01 -9.23678318e-06
3.28749483e+01 -9.23678318e-06
3.28960626e+01 -9.23678318e-06
3.29171768e+01 -9.23678318e-06
3.29382911e+01 -9.23678318e-06
3.29594054e+01 -9.23678318e-06
3.29805197e+01 -9.23678318e-06
3.30016340e+01 -9.23678318e-06
3.30227483e+01 -9.23678318e-06
3.30438626e+01 -9.23678318e-06
3.30649769e+01 -9.23678318e-06
3.30860912e+01 -9.23678318e-06
3.31072055e+01 -9.23678318e-06
3.31283197e+01 -9.23678318e-06
3.31494340e+01 -9.23678318e-06
3.31705483e+01 -9.23678318e-06
3.31916626e+01 -9.23678318e-06
3.32127769e+01 -9.23678318e-06
3.32338912e+01 -9.23678318e-06
3.32550055e+01 -9.23678318e-06
3.32761198e+01 -9.23678318e-06
3.32972341e+01 -9.23678318e-06
3.33183483e+01 -9.23678318e-06
3.33394626e+01 -9.23678318e-06
3.33605769e+01 -9.23678318e-06
3.33816912e+01 -9.23678318e-06
3.34028055e+01 -9.23678318e-06
3.34239198e+01 -9.23678318e-06
3.34450341e+01 -9.23678318e-06
3.34661484e+01 -9.23678318e-06
3.34872627e+01 -9.23678318e-06
3.35083769e+01 -9.23678318e-06
3.35294912e+01 -9.23678318e-06
3.35506055e+01 -9.23678318e-06
3.35717198e+01 -9.23678318e-06
3.35928341e+01 -9.23678318e-06
3.36139484e+01 -9.23678318e-06
3.36350627e+01 -9.23678318e-06
3.36561770e+01 -9.23678318e-06
3.36772913e+01 -9.23678318e-06
3.36984055e+01 -9.23678318e-06
3.37195198e+01 -9.23678318e-06
3.37406341e+01 -9.23678318e-06
3.37617484e+01 -9.23678318e-06
3.37828627e+01 -9.23678318e-06
3.38039770e+01 -9.23678318e-06
3.38250913e+01 -9.23678318e-06
3.38462056e+01 -9.23678318e-06
3.38673199e+01 -9.23678318e-06
3.38884342e+01 -9.23678318e-06
3.39095484e+01 -9.23678318e-06
3.39306627e+01 -9.23678317e-06
3.39517770e+01 -9.23678318e-06
3.39728913e+01 -9.23678318e-06
3.39940056e+01 -9.23678318e-06
3.40151199e+01 -9.23678317e-06
3.40362342e+01 -9.23678318e-06
3.40573485e+01 -9.23678318e-06
3.40784628e+01 -9.23678318e-06
3.40995770e+01 -9.23678318e-06
3.41206913e+01 -9.23678318e-06
3.41418056e+01 -9.23678318e-06
3.41629199e+01 -9.23678318e-06
3.41840342e+01 -9.23678318e-06
3.42051485e+01 -9.23678318e-06
3.42262628e+01 -9.23678318e-06
3.42473771e+01 -9.23678318e-06
3.42684914e+01 -9.23678318e-06
3.42896056e+01 -9.23678318e-06
3.43107199e+01 -9.23678318e-06
3.43318342e+01 -9.23678318e-06
3.43529485e+01 -9.23678318e-06
3.43740628e+01 -9.23678318e-06
3.43951771e+01 -9.23678318e-06
3.44162914e+01 -9.23678318e-06
3.44374057e+01 -9.23678318e-06
3.44585200e+01 -9.23678318e-06
3.44796342e+01 -9.23678318e-06
3.45007485e+01 -9.23678318e-06
3.45218628e+01 -9.23678318e-06
3.45429771e+01 -9.23678318e-06
3.45640914e+01 -9.23678318e-06
3.45852057e+01 -9.23678318e-06
3.46063200e+01 -9.23678318e-06
3.46274343e+01 -9.23678318e-06
3.46485486e+01 -9.23678318e-06
3.46696629e+01 -9.23678318e-06
3.46907771e+01 -9.23678318e-06
3.47118914e+01 -9.23678318e-06
3.47330057e+01 -9.23678318e-06
3.47541200e+01 -9.23678318e-06
3.47752343e+01 -9.23678318e-06
3.47963486e+01 -9.23678318e-06
3.48174629e+01 -9.23678318e-06
3.48385772e+01 -9.23678318e-06
3.48596915e+01 -9.23678318e-06
3.48808057e+01 -9.23678318e-06
3.49019200e+01 -9.23678318e-06
3.49230343e+01 -9.23678318e-06
3.49441486e+01 -9.23678318e-06
3.49652629e+01 -9.23678318e-06
3.49863772e+01 -9.23678318e-06
3.50074915e+01 -9.23678318e-06
3.50286058e+01 -9.23678318e-06
3.50497201e+01 -9.23678318e-06
3.50708343e+01 -9.23678318e-06
3.50919486e+01 -9.23678318e-06
3.51130629e+01 -9.23678318e-06
3.51341772e+01 -9.23678318e-06
3.51552915e+01 -9.23678318e-06
3.51764058e+01 -9.23678318e-06
3.51975201e+01 -9.23678318e-06
3.52186344e+01 -9.23678318e-06
3.52397487e+01 -9.23678318e-06
3.52608629e+01 -9.23678318e-06
3.52819772e+01 -9.23678318e-06
3.53030915e+01 -9.23678318e-06
3.53242058e+01 -9.23678318e-06
3.53453201e+01 -9.23678318e-06
3.53664344e+01 -9.23678318e-06
3.53875487e+01 -9.23678318e-06
3.54086630e+01 -9.23678318e-06
3.54297773e+01 -9.23678318e-06
3.54508916e+01 -9.23678318e-06
3.54720058e+01 -9.23678318e-06
3.54931201e+01 -9.23678318e-06
3.55142344e+01 -9.23678318e-06
3.55353487e+01 -9.23678318e-06
3.55564630e+01 -9.23678318e-06
3.55775773e+01 -9.23678318e-06
3.55986916e+01 -9.23678318e-06
3.56198059e+01 -9.23678318e-06
3.56409202e+01 -9.23678318e-06
3.56620344e+01 -9.23678318e-06
3.56831487e+01 -9.23678318e-06
3.57042630e+01 -9.23678318e-06
3.57253773e+01 -9.23678318e-06
3.57464916e+01 -9.23678318e-06
3.57676059e+01 -9.23678318e-06
3.57887202e+01 -9.23678318e-06
3.58098345e+01 -9.23678317e-06
3.58309488e+01 -9.23678318e-06
3.58520630e+01 -9.23678318e-06
3.58731773e+01 -9.23678318e-06
3.58942916e+01 -9.23678318e-06
3.59154059e+01 -9.23678318e-06
3.59365202e+01 -9.23678318e-06
3.59576345e+01 -9.23678318e-06
3.59787488e+01 -9.23678318e-06
3.59998631e+01 -9.23678318e-06
3.60209774e+01 -9.23678318e-06
3.60420916e+01 -9.23678318e-06
3.60632059e+01 -9.23678318e-06
3.60843202e+01 -9.23678318e-06
3.61054345e+01 -9.23678318e-06
3.61265488e+01 -9.23678318e-06
3.61476631e+01 -9.23678318e-06
3.61687774e+01 -9.23678318e-06
3.61898917e+01 -9.23678318e-06
3.62110060e+01 -9.23678318e-06
3.62321203e+01 -9.23678318e-06
3.62532345e+01 -9.23678318e-06
3.62743488e+01 -9.23678317e-06
3.62954631e+01 -9.23678317e-06
3.63165774e+01 -9.23678317e-06
3.63376917e+01 -9.23678317e-06
3.63588060e+01 -9.23678318e-06
3.63799203e+01 -9.23678318e-06
3.64010346e+01 -9.23678318e-06
3.64221489e+01 -9.23678317e-06
3.64432631e+01 -9.23678318e-06
3.64643774e+01 -9.23678317e-06
3.64854917e+01 -9.23678317e-06
3.65066060e+01 -9.23678317e-06
3.65277203e+01 -9.23678317e-06
3.65488346e+01 -9.23678317e-06
3.65699489e+01 -9.23678317e-06
3.65910632e+01 -9.23678317e-06
3.66121775e+01 -9.23678317e-06
3.66332917e+01 -9.23678317e-06
3.66544060e+01 -9.23678317e-06
3.66755203e+01 -9.23678317e-06
3.66966346e+01 -9.23678317e-06
3.67177489e+01 -9.23678317e-06
3.67388632e+01 -9.23678317e-06
3.67599775e+01 -9.23678317e-06
3.67810918e+01 -9.23678317e-06
3.68022061e+01 -9.23678317e-06
3.68233203e+01 -9.23678317e-06
3.68444346e+01 -9.23678317e-06
3.68655489e+01 -9.23678317e-06
3.68866632e+01 -9.23678317e-06
3.69077775e+01 -9.23678317e-06
3.69288918e+01 -9.23678317e-06
3.69500061e+01 -9.23678317e-06
3.69711204e+01 -9.23678317e-06
3.69922347e+01 -9.23678317e-06
3.70133490e+01 -9.23678317e-06
3.70344632e+01 -9.23678317e-06
3.70555775e+01 -9.23678317e-06
3.70766918e+01 -9.23678317e-06
3.70978061e+01 -9.23678317e-06
3.71189204e+01 -9.23678317e-06
3.71400347e+01 -9.23678317e-06
3.71611490e+01 -9.23678317e-06
3.71822633e+01 -9.23678317e-06
3.72033776e+01 -9.23678317e-06
3.72244918e+01 -9.23678317e-06
3.72456061e+01 -9.23678317e-06
3.72667204e+01 -9.23678317e-06
3.72878347e+01 -9.23678317e-06
3.73089490e+01 -9.23678317e-06
3.73300633e+01 -9.23678317e-06
3.73511776e+01 -9.23678317e-06
3.73722919e+01 -9.23678317e-06
3.73934062e+01 -9.23678317e-06
3.74145204e+01 -9.23678317e-06
3.74356347e+01 -9.23678317e-06
3.74567490e+01 -9.23678317e-06
3.74778633e+01 -9.23678317e-06
3.74989776e+01 -9.23678317e-06
3.75200919e+01 -9.23678317e-06
3.75412062e+01 -9.23678317e-06
3.75623205e+01 -9.23678317e-06
3.75834348e+01 -9.23678317e-06
3.76045490e+01 -9.23678317e-06
3.76256633e+01 -9.23678317e-06
3.76467776e+01 -9.23678317e-06
3.76678919e+01 -9.23678317e-06
3.76890062e+01 -9.23678317e-06
3.77101205e+01 -9.23678317e-06
3.77312348e+01 -9.23678317e-06
3.77523491e+01 -9.23678317e-06
3.77734634e+01 -9.23678317e-06
3.77945777e+01 -9.23678317e-06
3.78156919e+01 -9.23678317e-06
3.78368062e+01 -9.23678317e-06
3.78579205e+01 -9.23678317e-06
3.78790348e+01 -9.23678317e-06
3.79001491e+01 -9.23678317e-06
3.79212634e+01 -9.23678317e-06
3.79423777e+01 -9.23678317e-06
3.79634920e+01 -9.23678317e-06
3.79846063e+01 -9.23678317e-06
3.80057205e+01 -9.23678317e-06
3.80268348e+01 -9.23678317e-06
3.80479491e+01 -9.23678317e-06
3.80690634e+01 -9.23678317e-06
3.80901777e+01 -9.23678317e-06
3.81112920e+01 -9.23678317e-06
3.81324063e+01 -9.23678317e-06
3.81535206e+01 -9.23678317e-06
3.81746349e+01 -9.23678317e-06
3.81957491e+01 -9.23678317e-06
3.82168634e+01 -9.23678317e-06
3.82379777e+01 -9.23678317e-06
3.82590920e+01 -9.23678317e-06
3.82802063e+01 -9.23678317e-06
3.83013206e+01 -9.23678317e-06
3.83224349e+01 -9.23678317e-06
3.83435492e+01 -9.23678317e-06
3.83646635e+01 -9.23678317e-06
3.83857777e+01 -9.23678317e-06
3.84068920e+01 -9.23678317e-06
3.84280063e+01 -9.23678317e-06
3.84491206e+01 -9.23678317e-06
3.84702349e+01 -9.23678317e-06
3.84913492e+01 -9.23678317e-06
3.85124635e+01 -9.23678317e-06
3.85335778e+01 -9.23678317e-06
3.85546921e+01 -9.23678317e-06
3.85758064e+01 -9.23678317e-06
3.85969206e+01 -9.23678317e-06
3.86180349e+01 -9.23678317e-06
3.86391492e+01 -9.23678317e-06
3.86602635e+01 -9.23678317e-06
3.86813778e+01 -9.23678317e-06
3.87024921e+01 -9.23678317e-06
3.87236064e+01 -9.23678317e-06
3.87447207e+01 -9.23678317e-06
3.87658350e+01 -9.23678317e-06
3.87869492e+01 -9.23678317e-06
3.88080635e+01 -9.23678317e-06
3.88291778e+01 -9.23678317e-06
3.88502921e+01 -9.23678317e-06
3.88714064e+01 -9.23678317e-06
3.88925207e+01 -9.23678317e-06
3.89136350e+01 -9.23678317e-06
3.89347493e+01 -9.23678317e-06
3.89558636e+01 -9.23678317e-06
3.89769778e+01 -9.23678317e-06
3.89980921e+01 -9.23678317e-06
3.90192064e+01 -9.23678317e-06
3.90403207e+01 -9.23678317e-06
3.90614350e+01 -9.23678317e-06
3.90825493e+01 -9.23678317e-06
3.91036636e+01 -9.23678317e-06
3.91247779e+01 -9.23678317e-06
3.91458922e+01 -9.23678317e-06
3.91670064e+01 -9.23678317e-06
3.91881207e+01 -9.23678317e-06
3.92092350e+01 -9.23678317e-06
3.92303493e+01 -9.23678317e-06
3.92514636e+01 -9.23678317e-06
3.92725779e+01 -9.23678317e-06
3.92936922e+01 -9.23678317e-06
3.93148065e+01 -9.23678317e-06
3.93359208e+01 -9.23678317e-06
3.93570351e+01 -9.23678317e-06
3.93781493e+01 -9.23678317e-06
3.93992636e+01 -9.23678317e-06
3.94203779e+01 -9.23678317e-06
3.94414922e+01 -9.23678317e-06
3.94626065e+01 -9.23678317e-06
3.94837208e+01 -9.23678317e-06
3.95048351e+01 -9.23678317e-06
3.95259494e+01 -9.23678317e-06
3.95470637e+01 -9.23678317e-06
3.95681779e+01 -9.23678317e-06
3.95892922e+01 -9.23678317e-06
3.96104065e+01 -9.23678317e-06
3.96315208e+01 -9.23678317e-06
3.96526351e+01 -9.23678317e-06
3.96737494e+01 -9.23678317e-06
3.96948637e+01 -9.23678317e-06
3.97159780e+01 -9.23678317e-06
3.97370923e+01 -9.23678317e-06
3.97582065e+01 -9.23678317e-06
3.97793208e+01 -9.23678317e-06
3.98004351e+01 -9.23678317e-06
3.98215494e+01 -9.23678317e-06
3.98426637e+01 -9.23678317e-06
3.98637780e+01 -9.23678317e-06
3.98848923e+01 -9.23678317e-06
3.99060066e+01 -9.23678317e-06
3.99271209e+01 -9.23678317e-06
3.99482351e+01 -9.23678317e-06
3.99693494e+01 -9.23678317e-06
3.99904637e+01 -9.23678317e-06
4.00115780e+01 -9.23678317e-06
