#	Time	Error_of_Energy
2.41863211e-03 3.42287358e-13
4.83726421e-03 6.84702914e-13
7.25589632e-03 1.02660568e-12
9.67452842e-03 1.36889304e-12
1.20931605e-02 1.71092400e-12
1.45117926e-02 2.05308316e-12
1.69304247e-02 2.39549872e-12
1.93490568e-02 2.73752968e-12
2.17676890e-02 3.07968884e-12
2.41863211e-02 3.42159161e-12
2.66049532e-02 3.76375077e-12
2.90235853e-02 4.10629452e-12
3.14422174e-02 4.44819729e-12
3.38608495e-02 4.79061284e-12
3.62794816e-02 5.13264380e-12
3.86981137e-02 5.47429018e-12
4.11167458e-02 5.81657753e-12
4.35353779e-02 6.15860850e-12
4.59540100e-02 6.50089586e-12
4.83726421e-02 6.84292682e-12
5.07912742e-02 7.18521418e-12
5.32099063e-02 7.52750153e-12
5.56285384e-02 7.86927610e-12
5.80471705e-02 8.21194805e-12
6.04658027e-02 8.55346623e-12
6.28844348e-02 8.89588178e-12
6.53030669e-02 9.23829734e-12
6.77216990e-02 9.58020010e-12
7.01403311e-02 9.92274386e-12
7.25589632e-02 1.02645184e-11
7.49775953e-02 1.06069340e-11
7.73962274e-02 1.09487085e-11
7.98148595e-02 1.12907395e-11
8.22334916e-02 1.16335397e-11
8.46521237e-02 1.19755706e-11
8.70707558e-02 1.23172170e-11
8.94893879e-02 1.26596325e-11
9.19080200e-02 1.30017917e-11
9.43266521e-02 1.33444637e-11
9.67452842e-02 1.36861100e-11
9.91639164e-02 1.40285256e-11
1.01582548e-01 1.43706847e-11
1.04001181e-01 1.47127157e-11
1.06419813e-01 1.50550031e-11
1.08838445e-01 1.53969058e-11
1.11257077e-01 1.57388086e-11
1.13675709e-01 1.60809678e-11
1.16094341e-01 1.64233833e-11
1.18512973e-01 1.67654143e-11
1.20931605e-01 1.71077016e-11
1.23350237e-01 1.74501172e-11
1.25768870e-01 1.77918918e-11
1.28187502e-01 1.81343073e-11
1.30606134e-01 1.84763383e-11
1.33024766e-01 1.88186256e-11
1.35443398e-01 1.91604002e-11
1.37862030e-01 1.95026876e-11
1.40280662e-01 1.98452313e-11
1.42699294e-01 2.01867495e-11
1.45117926e-01 2.05289087e-11
1.47536558e-01 2.08715806e-11
1.49955191e-01 2.12136116e-11
1.52373823e-01 2.15558989e-11
1.54792455e-01 2.18976735e-11
1.57211087e-01 2.22402172e-11
1.59629719e-01 2.25822482e-11
1.62048351e-01 2.29240228e-11
1.64466983e-01 2.32663101e-11
1.66885615e-01 2.36084693e-11
1.69304247e-01 2.39507567e-11
1.71722880e-01 2.42933004e-11
1.74141512e-01 2.46357160e-11
1.76560144e-01 2.49774905e-11
1.78978776e-01 2.53195215e-11
1.81397408e-01 2.56615525e-11
1.83816040e-01 2.60040962e-11
1.86234672e-01 2.63463836e-11
1.88653304e-01 2.66881581e-11
1.91071936e-01 2.70303173e-11
1.93490568e-01 2.73726047e-11
1.95909201e-01 2.77145074e-11
1.98327833e-01 2.80569230e-11
2.00746465e-01 2.83989539e-11
2.03165097e-01 2.87411131e-11
2.05583729e-01 2.90835287e-11
2.08002361e-01 2.94251750e-11
2.10420993e-01 2.97678470e-11
2.12839625e-01 3.01098779e-11
2.15258257e-01 3.04521653e-11
2.17676890e-01 3.07940681e-11
2.20095522e-01 3.11363554e-11
2.22514154e-01 3.14785146e-11
2.24932786e-01 3.18206737e-11
2.27351418e-01 3.21627047e-11
2.29770050e-01 3.25048639e-11
2.32188682e-01 3.28472794e-11
2.34607314e-01 3.31893104e-11
2.37025946e-01 3.35313414e-11
2.39444579e-01 3.38735005e-11
2.41863211e-01 3.42155315e-11
2.44281843e-01 3.45576906e-11
2.46700475e-01 3.48999780e-11
2.49119107e-01 3.52422654e-11
2.51537739e-01 3.55842963e-11
2.53956371e-01 3.59265837e-11
2.56375003e-01 3.62686146e-11
2.58793635e-01 3.66105174e-11
2.61212267e-01 3.69529330e-11
2.63630900e-01 3.72949639e-11
2.66049532e-01 3.76369949e-11
2.68468164e-01 3.79794104e-11
2.70886796e-01 3.83210568e-11
2.73305428e-01 3.86633442e-11
2.75724060e-01 3.90052469e-11
2.78142692e-01 3.93476625e-11
2.80561324e-01 3.96895653e-11
2.82979956e-01 4.00322372e-11
2.85398589e-01 4.03742682e-11
2.87817221e-01 4.07164273e-11
2.90235853e-01 4.10585865e-11
2.92654485e-01 4.14008738e-11
2.95073117e-01 4.17429048e-11
2.97491749e-01 4.20849358e-11
2.99910381e-01 4.24272231e-11
3.02329013e-01 4.27689977e-11
3.04747645e-01 4.31115415e-11
3.07166277e-01 4.34537006e-11
3.09584910e-01 4.37954752e-11
3.12003542e-01 4.41377625e-11
3.14422174e-01 4.44796653e-11
3.16840806e-01 4.48218245e-11
3.19259438e-01 4.51642400e-11
3.21678070e-01 4.55062710e-11
3.24096702e-01 4.58486865e-11
3.26515334e-01 4.61908457e-11
3.28933966e-01 4.65328767e-11
3.31352599e-01 4.68750358e-11
3.33771231e-01 4.72174514e-11
3.36189863e-01 4.75594823e-11
3.38608495e-01 4.79015133e-11
3.41027127e-01 4.82436725e-11
3.43445759e-01 4.85858316e-11
3.45864391e-01 4.89278626e-11
3.48283023e-01 4.92701500e-11
3.50701655e-01 4.96123091e-11
3.53120288e-01 4.99542119e-11
3.55538920e-01 5.02966274e-11
3.57957552e-01 5.06385302e-11
3.60376184e-01 5.09810740e-11
3.62794816e-01 5.13231049e-11
3.65213448e-01 5.16655205e-11
3.67632080e-01 5.20072950e-11
3.70050712e-01 5.23491978e-11
3.72469344e-01 5.26914852e-11
3.74887976e-01 5.30335161e-11
3.77306609e-01 5.33759317e-11
3.79725241e-01 5.37180908e-11
3.82143873e-01 5.40601218e-11
3.84562505e-01 5.44020246e-11
3.86981137e-01 5.47441837e-11
3.89399769e-01 5.50864711e-11
3.91818401e-01 5.54287584e-11
3.94237033e-01 5.57707894e-11
3.96655665e-01 5.61130768e-11
3.99074298e-01 5.64549795e-11
4.01492930e-01 5.67975233e-11
4.03911562e-01 5.71391697e-11
4.06330194e-01 5.74814570e-11
4.08748826e-01 5.78243854e-11
4.11167458e-01 5.81661599e-11
4.13586090e-01 5.85080627e-11
4.16004722e-01 5.88506064e-11
4.18423354e-01 5.91925092e-11
4.20841986e-01 5.95345402e-11
4.23260619e-01 5.98769557e-11
4.25679251e-01 6.02189867e-11
4.28097883e-01 6.05610177e-11
4.30516515e-01 6.09027922e-11
4.32935147e-01 6.12450796e-11
4.35353779e-01 6.15876233e-11
4.37772411e-01 6.19295261e-11
4.40191043e-01 6.22716853e-11
4.42609675e-01 6.26139726e-11
4.45028308e-01 6.29560036e-11
4.47446940e-01 6.32982909e-11
4.49865572e-01 6.36405783e-11
4.52284204e-01 6.39824811e-11
4.54702836e-01 6.43246402e-11
4.57121468e-01 6.46669276e-11
4.59540100e-01 6.50087022e-11
4.61958732e-01 6.53512459e-11
4.64377364e-01 6.56935333e-11
4.66795996e-01 6.60355642e-11
4.69214629e-01 6.63779798e-11
4.71633261e-01 6.67200107e-11
4.74051893e-01 6.70620417e-11
4.76470525e-01 6.74042009e-11
4.78889157e-01 6.77464882e-11
4.81307789e-01 6.80886474e-11
4.83726421e-01 6.84304220e-11
4.86145053e-01 6.87728375e-11
4.88563685e-01 6.91147403e-11
4.90982318e-01 6.94570276e-11
4.93400950e-01 6.97993150e-11
4.95819582e-01 7.01414742e-11
4.98238214e-01 7.04835051e-11
5.00656846e-01 7.08256643e-11
5.03075478e-01 7.11678234e-11
5.05494110e-01 7.15103672e-11
5.07912742e-01 7.18521418e-11
5.10331374e-01 7.21941727e-11
5.12750007e-01 7.25367165e-11
5.15168639e-01 7.28790038e-11
5.17587271e-01 7.32207784e-11
5.20005903e-01 7.35633222e-11
5.22424535e-01 7.39054813e-11
5.24843167e-01 7.42473841e-11
5.27261799e-01 7.45897996e-11
5.29680431e-01 7.49317024e-11
5.32099063e-01 7.52737334e-11
5.34517695e-01 7.56160207e-11
5.36936328e-01 7.59583081e-11
5.39354960e-01 7.63004672e-11
5.41773592e-01 7.66426264e-11
5.44192224e-01 7.69849138e-11
5.46610856e-01 7.73272011e-11
5.49029488e-01 7.76691039e-11
5.51448120e-01 7.80110067e-11
5.53866752e-01 7.83538068e-11
5.56285384e-01 7.86958378e-11
5.58704017e-01 7.90378687e-11
5.61122649e-01 7.93798997e-11
5.63541281e-01 7.97221871e-11
5.65959913e-01 8.00643462e-11
5.68378545e-01 8.04062490e-11
5.70797177e-01 8.07490491e-11
5.73215809e-01 8.10905673e-11
5.75634441e-01 8.14329829e-11
5.78053073e-01 8.17751420e-11
5.80471705e-01 8.21171730e-11
5.82890338e-01 8.24597167e-11
5.85308970e-01 8.28017477e-11
5.87727602e-01 8.31437787e-11
5.90146234e-01 8.34858096e-11
5.92564866e-01 8.38280970e-11
5.94983498e-01 8.41702561e-11
5.97402130e-01 8.45126717e-11
5.99820762e-01 8.48545745e-11
6.02239394e-01 8.51967336e-11
6.04658027e-01 8.55385082e-11
6.07076659e-01 8.58810519e-11
6.09495291e-01 8.62229547e-11
6.11913923e-01 8.65653703e-11
6.14332555e-01 8.69072730e-11
6.16751187e-01 8.72496886e-11
6.19169819e-01 8.75914632e-11
6.21588451e-01 8.79342633e-11
6.24007083e-01 8.82761661e-11
6.26425716e-01 8.86183252e-11
6.28844348e-01 8.89606126e-11
6.31262980e-01 8.93026436e-11
6.33681612e-01 8.96446745e-11
6.36100244e-01 8.99867055e-11
6.38518876e-01 9.03292492e-11
6.40937508e-01 9.06714084e-11
6.43356140e-01 9.10135676e-11
6.45774772e-01 9.13555985e-11
6.48193404e-01 9.16977577e-11
6.50612037e-01 9.20401732e-11
6.53030669e-01 9.23820760e-11
6.55449301e-01 9.27239788e-11
6.57867933e-01 9.30661379e-11
6.60286565e-01 9.34082971e-11
6.62705197e-01 9.37503280e-11
6.65123829e-01 9.40928718e-11
6.67542461e-01 9.44349028e-11
6.69961093e-01 9.47773183e-11
6.72379726e-01 9.51189647e-11
6.74798358e-01 9.54611239e-11
6.77216990e-01 9.58030266e-11
6.79635622e-01 9.61455704e-11
6.82054254e-01 9.64876013e-11
6.84472886e-01 9.68301451e-11
6.86891518e-01 9.71721760e-11
6.89310150e-01 9.75143352e-11
6.91728782e-01 9.78564944e-11
6.94147414e-01 9.81983971e-11
6.96566047e-01 9.85406845e-11
6.98984679e-01 9.88825873e-11
7.01403311e-01 9.92246182e-11
7.03821943e-01 9.95669056e-11
7.06240575e-01 9.99088083e-11
7.08659207e-01 1.00250968e-10
7.11077839e-01 1.00592870e-10
7.13496471e-01 1.00935670e-10
7.15915103e-01 1.01277317e-10
7.18333736e-01 1.01619861e-10
7.20752368e-01 1.01961892e-10
7.23171000e-01 1.02304435e-10
7.25589632e-01 1.02646338e-10
7.28008264e-01 1.02988497e-10
7.30426896e-01 1.03330785e-10
7.32845528e-01 1.03672816e-10
7.35264160e-01 1.04015359e-10
7.37682792e-01 1.04357390e-10
7.40101424e-01 1.04699165e-10
7.42520057e-01 1.05041196e-10
7.44938689e-01 1.05383996e-10
7.47357321e-01 1.05725770e-10
7.49775953e-01 1.06067930e-10
7.52194585e-01 1.06410473e-10
7.54613217e-01 1.06752504e-10
7.57031849e-01 1.07094664e-10
7.59450481e-01 1.07436951e-10
7.61869113e-01 1.07778725e-10
7.64287746e-01 1.08121526e-10
7.66706378e-01 1.08463557e-10
7.69125010e-01 1.08805331e-10
7.71543642e-01 1.09147618e-10
7.73962274e-01 1.09489649e-10
7.76380906e-01 1.09831937e-10
7.78799538e-01 1.10173968e-10
7.81218170e-01 1.10516127e-10
7.83636802e-01 1.10858542e-10
7.86055435e-01 1.11200317e-10
7.88474067e-01 1.11542989e-10
7.90892699e-01 1.11885020e-10
7.93311331e-01 1.12226923e-10
7.95729963e-01 1.12568954e-10
7.98148595e-01 1.12910856e-10
8.00567227e-01 1.13253272e-10
8.02985859e-01 1.13595431e-10
8.05404491e-01 1.13937847e-10
8.07823123e-01 1.14279878e-10
8.10241756e-01 1.14621652e-10
8.12660388e-01 1.14963940e-10
8.15079020e-01 1.15305971e-10
8.17497652e-01 1.15648514e-10
8.19916284e-01 1.15990673e-10
8.22334916e-01 1.16333089e-10
8.24753548e-01 1.16674864e-10
8.27172180e-01 1.17017151e-10
8.29590812e-01 1.17359182e-10
8.32009445e-01 1.17701213e-10
8.34428077e-01 1.18043244e-10
8.36846709e-01 1.18385531e-10
8.39265341e-01 1.18727562e-10
8.41683973e-01 1.19069978e-10
8.44102605e-01 1.19412393e-10
8.46521237e-01 1.19754168e-10
8.48939869e-01 1.20096199e-10
8.51358501e-01 1.20438230e-10
8.53777133e-01 1.20780517e-10
8.56195766e-01 1.21122548e-10
8.58614398e-01 1.21465092e-10
8.61033030e-01 1.21807123e-10
8.63451662e-01 1.22149282e-10
8.65870294e-01 1.22491313e-10
8.68288926e-01 1.22833600e-10
8.70707558e-01 1.23175759e-10
8.73126190e-01 1.23517919e-10
8.75544822e-01 1.23860078e-10
8.77963455e-01 1.24202109e-10
8.80382087e-01 1.24544396e-10
8.82800719e-01 1.24886683e-10
8.85219351e-01 1.25228586e-10
8.87637983e-01 1.25570745e-10
8.90056615e-01 1.25913033e-10
8.92475247e-01 1.26255064e-10
8.94893879e-01 1.26597351e-10
8.97312511e-01 1.26939126e-10
8.99731143e-01 1.27281541e-10
9.02149776e-01 1.27623572e-10
9.04568408e-01 1.27965475e-10
9.06987040e-01 1.28307762e-10
9.09405672e-01 1.28649793e-10
9.11824304e-01 1.28992081e-10
9.14242936e-01 1.29334240e-10
9.16661568e-01 1.29676014e-10
9.19080200e-01 1.30017917e-10
9.21498832e-01 1.30360717e-10
9.23917465e-01 1.30702620e-10
9.26336097e-01 1.31045036e-10
9.28754729e-01 1.31386554e-10
9.31173361e-01 1.31728841e-10
9.33591993e-01 1.32070744e-10
9.36010625e-01 1.32413031e-10
9.38429257e-01 1.32755447e-10
9.40847889e-01 1.33097606e-10
9.43266521e-01 1.33439509e-10
9.45685154e-01 1.33781924e-10
9.48103786e-01 1.34123827e-10
9.50522418e-01 1.34466243e-10
9.52941050e-01 1.34808274e-10
9.55359682e-01 1.35150176e-10
9.57778314e-01 1.35492592e-10
9.60196946e-01 1.35834751e-10
9.62615578e-01 1.36176654e-10
9.65034210e-01 1.36518813e-10
9.67452842e-01 1.36860716e-10
9.69871475e-01 1.37203388e-10
9.72290107e-01 1.37545034e-10
9.74708739e-01 1.37887578e-10
9.77127371e-01 1.38229737e-10
9.79546003e-01 1.38571640e-10
9.81964635e-01 1.38914055e-10
9.84383267e-01 1.39256214e-10
9.86801899e-01 1.39598245e-10
9.89220531e-01 1.39940148e-10
9.91639164e-01 1.40282564e-10
9.94057796e-01 1.40624723e-10
9.96476428e-01 1.40966497e-10
9.98895060e-01 1.41308913e-10
1.00131369e+00 1.41651072e-10
1.00373232e+00 1.41993360e-10
1.00615096e+00 1.42335519e-10
1.00856959e+00 1.42677421e-10
1.01098822e+00 1.43019965e-10
1.01340685e+00 1.43361740e-10
1.01582548e+00 1.43703643e-10
1.01824412e+00 1.44046058e-10
1.02066275e+00 1.44388089e-10
1.02308138e+00 1.44730120e-10
1.02550001e+00 1.45072151e-10
1.02791865e+00 1.45414438e-10
1.03033728e+00 1.45756982e-10
1.03275591e+00 1.46099398e-10
1.03517454e+00 1.46441172e-10
1.03759317e+00 1.46783331e-10
1.04001181e+00 1.47125491e-10
1.04243044e+00 1.47467650e-10
1.04484907e+00 1.47809681e-10
1.04726770e+00 1.48151840e-10
1.04968633e+00 1.48493871e-10
1.05210497e+00 1.48836158e-10
1.05452360e+00 1.49177805e-10
1.05694223e+00 1.49520348e-10
1.05936086e+00 1.49862636e-10
1.06177949e+00 1.50204667e-10
1.06419813e+00 1.50546826e-10
1.06661676e+00 1.50889241e-10
1.06903539e+00 1.51231016e-10
1.07145402e+00 1.51573303e-10
1.07387266e+00 1.51915334e-10
1.07629129e+00 1.52257750e-10
1.07870992e+00 1.52599909e-10
1.08112855e+00 1.52942068e-10
1.08354718e+00 1.53283971e-10
1.08596582e+00 1.53626002e-10
1.08838445e+00 1.53968033e-10
1.09080308e+00 1.54310577e-10
1.09322171e+00 1.54652351e-10
1.09564034e+00 1.54994382e-10
1.09805898e+00 1.55336669e-10
1.10047761e+00 1.55678957e-10
1.10289624e+00 1.56020988e-10
1.10531487e+00 1.56362762e-10
1.10773350e+00 1.56705306e-10
1.11015214e+00 1.57047593e-10
1.11257077e+00 1.57389753e-10
1.11498940e+00 1.57731912e-10
1.11740803e+00 1.58073943e-10
1.11982667e+00 1.58416230e-10
1.12224530e+00 1.58757876e-10
1.12466393e+00 1.59100292e-10
1.12708256e+00 1.59442323e-10
1.12950119e+00 1.59784610e-10
1.13191983e+00 1.60126898e-10
1.13433846e+00 1.60468800e-10
1.13675709e+00 1.60810703e-10
1.13917572e+00 1.61153119e-10
1.14159435e+00 1.61495278e-10
1.14401299e+00 1.61837309e-10
1.14643162e+00 1.62179853e-10
1.14885025e+00 1.62521884e-10
1.15126888e+00 1.62863915e-10
1.15368751e+00 1.63205561e-10
1.15610615e+00 1.63548233e-10
1.15852478e+00 1.63890007e-10
1.16094341e+00 1.64232423e-10
1.16336204e+00 1.64574839e-10
1.16578068e+00 1.64916613e-10
1.16819931e+00 1.65258900e-10
1.17061794e+00 1.65601188e-10
1.17303657e+00 1.65943219e-10
1.17545520e+00 1.66285250e-10
1.17787384e+00 1.66627794e-10
1.18029247e+00 1.66969568e-10
1.18271110e+00 1.67312112e-10
1.18512973e+00 1.67654399e-10
1.18754836e+00 1.67995917e-10
1.18996700e+00 1.68338461e-10
1.19238563e+00 1.68680748e-10
1.19480426e+00 1.69022779e-10
1.19722289e+00 1.69364810e-10
1.19964152e+00 1.69706841e-10
1.20206016e+00 1.70048872e-10
1.20447879e+00 1.70391416e-10
1.20689742e+00 1.70733575e-10
1.20931605e+00 1.71075734e-10
1.21173469e+00 1.71417765e-10
1.21415332e+00 1.71759796e-10
1.21657195e+00 1.72102084e-10
1.21899058e+00 1.72444243e-10
1.22140921e+00 1.72786146e-10
1.22382785e+00 1.73128689e-10
1.22624648e+00 1.73470977e-10
1.22866511e+00 1.73812879e-10
1.23108374e+00 1.74155295e-10
1.23350237e+00 1.74497454e-10
1.23592101e+00 1.74839613e-10
1.23833964e+00 1.75181516e-10
1.24075827e+00 1.75523932e-10
1.24317690e+00 1.75865963e-10
1.24559553e+00 1.76207865e-10
1.24801417e+00 1.76550025e-10
1.25043280e+00 1.76892568e-10
1.25285143e+00 1.77234343e-10
1.25527006e+00 1.77576374e-10
1.25768870e+00 1.77918918e-10
1.26010733e+00 1.78260949e-10
1.26252596e+00 1.78602980e-10
1.26494459e+00 1.78945523e-10
1.26736322e+00 1.79287426e-10
1.26978186e+00 1.79629842e-10
1.27220049e+00 1.79971616e-10
1.27461912e+00 1.80313647e-10
1.27703775e+00 1.80656191e-10
1.27945638e+00 1.80997965e-10
1.28187502e+00 1.81340125e-10
1.28429365e+00 1.81682412e-10
1.28671228e+00 1.82024699e-10
1.28913091e+00 1.82366859e-10
1.29154954e+00 1.82708889e-10
1.29396818e+00 1.83051177e-10
1.29638681e+00 1.83393208e-10
1.29880544e+00 1.83735239e-10
1.30122407e+00 1.84077270e-10
1.30364271e+00 1.84419685e-10
1.30606134e+00 1.84761716e-10
1.30847997e+00 1.85104132e-10
1.31089860e+00 1.85446291e-10
1.31331723e+00 1.85788194e-10
1.31573587e+00 1.86130609e-10
1.31815450e+00 1.86472512e-10
1.32057313e+00 1.86814928e-10
1.32299176e+00 1.87156830e-10
1.32541039e+00 1.87498861e-10
1.32782903e+00 1.87841149e-10
1.33024766e+00 1.88183308e-10
1.33266629e+00 1.88525723e-10
1.33508492e+00 1.88867754e-10
1.33750355e+00 1.89210042e-10
1.33992219e+00 1.89552073e-10
1.34234082e+00 1.89894616e-10
1.34475945e+00 1.90236135e-10
1.34717808e+00 1.90578422e-10
1.34959672e+00 1.90920325e-10
1.35201535e+00 1.91262997e-10
1.35443398e+00 1.91604771e-10
1.35685261e+00 1.91946930e-10
1.35927124e+00 1.92289346e-10
1.36168988e+00 1.92631377e-10
1.36410851e+00 1.92973152e-10
1.36652714e+00 1.93315182e-10
1.36894577e+00 1.93657470e-10
1.37136440e+00 1.93999501e-10
1.37378304e+00 1.94342173e-10
1.37620167e+00 1.94683819e-10
1.37862030e+00 1.95026106e-10
1.38103893e+00 1.95368394e-10
1.38345756e+00 1.95710681e-10
1.38587620e+00 1.96052840e-10
1.38829483e+00 1.96394871e-10
1.39071346e+00 1.96737030e-10
1.39313209e+00 1.97078677e-10
1.39555073e+00 1.97421092e-10
1.39796936e+00 1.97763380e-10
1.40038799e+00 1.98105411e-10
1.40280662e+00 1.98447698e-10
1.40522525e+00 1.98790114e-10
1.40764389e+00 1.99132273e-10
1.41006252e+00 1.99473919e-10
1.41248115e+00 1.99816207e-10
1.41489978e+00 2.00158366e-10
1.41731841e+00 2.00500525e-10
1.41973705e+00 2.00842940e-10
1.42215568e+00 2.01184715e-10
1.42457431e+00 2.01527259e-10
1.42699294e+00 2.01869161e-10
1.42941157e+00 2.02211321e-10
1.43183021e+00 2.02553608e-10
1.43424884e+00 2.02896024e-10
1.43666747e+00 2.03238439e-10
1.43908610e+00 2.03580214e-10
1.44150474e+00 2.03922245e-10
1.44392337e+00 2.04264019e-10
1.44634200e+00 2.04606948e-10
1.44876063e+00 2.04948594e-10
1.45117926e+00 2.05290625e-10
1.45359790e+00 2.05633040e-10
1.45601653e+00 2.05975456e-10
1.45843516e+00 2.06317487e-10
1.46085379e+00 2.06659646e-10
1.46327242e+00 2.07002062e-10
1.46569106e+00 2.07343836e-10
1.46810969e+00 2.07686124e-10
1.47052832e+00 2.08027898e-10
1.47294695e+00 2.08370442e-10
1.47536558e+00 2.08712473e-10
1.47778422e+00 2.09054504e-10
1.48020285e+00 2.09397176e-10
1.48262148e+00 2.09738950e-10
1.48504011e+00 2.10081238e-10
1.48745875e+00 2.10423141e-10
1.48987738e+00 2.10765556e-10
1.49229601e+00 2.11107972e-10
1.49471464e+00 2.11449874e-10
1.49713327e+00 2.11792290e-10
1.49955191e+00 2.12134065e-10
1.50197054e+00 2.12476352e-10
1.50438917e+00 2.12818383e-10
1.50680780e+00 2.13160414e-10
1.50922643e+00 2.13502701e-10
1.51164507e+00 2.13844732e-10
1.51406370e+00 2.14187019e-10
1.51648233e+00 2.14529050e-10
1.51890096e+00 2.14871338e-10
1.52131959e+00 2.15213369e-10
1.52373823e+00 2.15555913e-10
1.52615686e+00 2.15897943e-10
1.52857549e+00 2.16239718e-10
1.53099412e+00 2.16581621e-10
1.53341276e+00 2.16924421e-10
1.53583139e+00 2.17266580e-10
1.53825002e+00 2.17608355e-10
1.54066865e+00 2.17950642e-10
1.54308728e+00 2.18292929e-10
1.54550592e+00 2.18635089e-10
1.54792455e+00 2.18977376e-10
1.55034318e+00 2.19319279e-10
1.55276181e+00 2.19661310e-10
1.55518044e+00 2.20003853e-10
1.55759908e+00 2.20346013e-10
1.56001771e+00 2.20688172e-10
1.56243634e+00 2.21030203e-10
1.56485497e+00 2.21372362e-10
1.56727360e+00 2.21714777e-10
1.56969224e+00 2.22056296e-10
1.57211087e+00 2.22399096e-10
1.57452950e+00 2.22741383e-10
1.57694813e+00 2.23083414e-10
1.57936677e+00 2.23425445e-10
1.58178540e+00 2.23767348e-10
1.58420403e+00 2.24109892e-10
1.58662266e+00 2.24451794e-10
1.58904129e+00 2.24794082e-10
1.59145993e+00 2.25136369e-10
1.59387856e+00 2.25478528e-10
1.59629719e+00 2.25820687e-10
1.59871582e+00 2.26162590e-10
1.60113445e+00 2.26504877e-10
1.60355309e+00 2.26847421e-10
1.60597172e+00 2.27189324e-10
1.60839035e+00 2.27531355e-10
1.61080898e+00 2.27873642e-10
1.61322761e+00 2.28215673e-10
1.61564625e+00 2.28557704e-10
1.61806488e+00 2.28899735e-10
1.62048351e+00 2.29242279e-10
1.62290214e+00 2.29584310e-10
1.62532078e+00 2.29926341e-10
1.62773941e+00 2.30268372e-10
1.63015804e+00 2.30610403e-10
1.63257667e+00 2.30952947e-10
1.63499530e+00 2.31294977e-10
1.63741394e+00 2.31636624e-10
1.63983257e+00 2.31979168e-10
1.64225120e+00 2.32321327e-10
1.64466983e+00 2.32663486e-10
1.64708846e+00 2.33005132e-10
1.64950710e+00 2.33347420e-10
1.65192573e+00 2.33690092e-10
1.65434436e+00 2.34031738e-10
1.65676299e+00 2.34373897e-10
1.65918162e+00 2.34715800e-10
1.66160026e+00 2.35058087e-10
1.66401889e+00 2.35400375e-10
1.66643752e+00 2.35742790e-10
1.66885615e+00 2.36085206e-10
1.67127479e+00 2.36426852e-10
1.67369342e+00 2.36769011e-10
1.67611205e+00 2.37111042e-10
1.67853068e+00 2.37453330e-10
1.68094931e+00 2.37795873e-10
1.68336795e+00 2.38138161e-10
1.68578658e+00 2.38479935e-10
1.68820521e+00 2.38822479e-10
1.69062384e+00 2.39164638e-10
1.69304247e+00 2.39506541e-10
1.69546111e+00 2.39848572e-10
1.69787974e+00 2.40190859e-10
1.70029837e+00 2.40532890e-10
1.70271700e+00 2.40875049e-10
1.70513563e+00 2.41217337e-10
1.70755427e+00 2.41559624e-10
1.70997290e+00 2.41901655e-10
1.71239153e+00 2.42243430e-10
1.71481016e+00 2.42585589e-10
1.71722880e+00 2.42927876e-10
1.71964743e+00 2.43270420e-10
1.72206606e+00 2.43612194e-10
1.72448469e+00 2.43954610e-10
1.72690332e+00 2.44296769e-10
1.72932196e+00 2.44638800e-10
1.73174059e+00 2.44981216e-10
1.73415922e+00 2.45323503e-10
1.73657785e+00 2.45665406e-10
1.73899648e+00 2.46007693e-10
1.74141512e+00 2.46349852e-10
1.74383375e+00 2.46691755e-10
1.74625238e+00 2.47034042e-10
1.74867101e+00 2.47376073e-10
1.75108964e+00 2.47718233e-10
1.75350828e+00 2.48060135e-10
1.75592691e+00 2.48402423e-10
1.75834554e+00 2.48744582e-10
1.76076417e+00 2.49086741e-10
1.76318281e+00 2.49428772e-10
1.76560144e+00 2.49770931e-10
1.76802007e+00 2.50113090e-10
1.77043870e+00 2.50455762e-10
1.77285733e+00 2.50797409e-10
1.77527597e+00 2.51139696e-10
1.77769460e+00 2.51482112e-10
1.78011323e+00 2.51824014e-10
1.78253186e+00 2.52166302e-10
1.78495049e+00 2.52508333e-10
1.78736913e+00 2.52850364e-10
1.78978776e+00 2.53192651e-10
1.79220639e+00 2.53534682e-10
1.79462502e+00 2.53877098e-10
1.79704365e+00 2.54218744e-10
1.79946229e+00 2.54561159e-10
1.80188092e+00 2.54903319e-10
1.80429955e+00 2.55245093e-10
1.80671818e+00 2.55587637e-10
1.80913682e+00 2.55929668e-10
1.81155545e+00 2.56271699e-10
1.81397408e+00 2.56613858e-10
1.81639271e+00 2.56956145e-10
1.81881134e+00 2.57298305e-10
1.82122998e+00 2.57640464e-10
1.82364861e+00 2.57983136e-10
1.82606724e+00 2.58324910e-10
1.82848587e+00 2.58666941e-10
1.83090450e+00 2.59009229e-10
1.83332314e+00 2.59351772e-10
1.83574177e+00 2.59693547e-10
1.83816040e+00 2.60035706e-10
1.84057903e+00 2.60377865e-10
1.84299766e+00 2.60720281e-10
1.84541630e+00 2.61062312e-10
1.84783493e+00 2.61404599e-10
1.85025356e+00 2.61746758e-10
1.85267219e+00 2.62089046e-10
1.85509083e+00 2.62431333e-10
1.85750946e+00 2.62773236e-10
1.85992809e+00 2.63115523e-10
1.86234672e+00 2.63457426e-10
1.86476535e+00 2.63799713e-10
1.86718399e+00 2.64142001e-10
1.86960262e+00 2.64484288e-10
1.87202125e+00 2.64826319e-10
1.87443988e+00 2.65168478e-10
1.87685851e+00 2.65510637e-10
1.87927715e+00 2.65852668e-10
1.88169578e+00 2.66194955e-10
1.88411441e+00 2.66537371e-10
1.88653304e+00 2.66879146e-10
1.88895167e+00 2.67221305e-10
1.89137031e+00 2.67563592e-10
1.89378894e+00 2.67905623e-10
1.89620757e+00 2.68247910e-10
1.89862620e+00 2.68590198e-10
1.90104484e+00 2.68932229e-10
1.90346347e+00 2.69274003e-10
1.90588210e+00 2.69616547e-10
1.90830073e+00 2.69958193e-10
1.91071936e+00 2.70300737e-10
1.91313800e+00 2.70642896e-10
1.91555663e+00 2.70984927e-10
1.91797526e+00 2.71327471e-10
1.92039389e+00 2.71669502e-10
1.92281252e+00 2.72011789e-10
1.92523116e+00 2.72353820e-10
1.92764979e+00 2.72695723e-10
1.93006842e+00 2.73038267e-10
1.93248705e+00 2.73380298e-10
1.93490568e+00 2.73722072e-10
1.93732432e+00 2.74064744e-10
1.93974295e+00 2.74406647e-10
1.94216158e+00 2.74748806e-10
1.94458021e+00 2.75091094e-10
1.94699885e+00 2.75432996e-10
1.94941748e+00 2.75775156e-10
1.95183611e+00 2.76117443e-10
1.95425474e+00 2.76459474e-10
1.95667337e+00 2.76801505e-10
1.95909201e+00 2.77143536e-10
1.96151064e+00 2.77485695e-10
1.96392927e+00 2.77827854e-10
1.96634790e+00 2.78170654e-10
1.96876653e+00 2.78512685e-10
1.97118517e+00 2.78854588e-10
1.97360380e+00 2.79196747e-10
1.97602243e+00 2.79538778e-10
1.97844106e+00 2.79881066e-10
1.98085969e+00 2.80223096e-10
1.98327833e+00 2.80565384e-10
1.98569696e+00 2.80907287e-10
1.98811559e+00 2.81249446e-10
1.99053422e+00 2.81591990e-10
1.99295286e+00 2.81933764e-10
1.99537149e+00 2.82276051e-10
1.99779012e+00 2.82618211e-10
2.00020875e+00 2.82960242e-10
2.00262738e+00 2.83302529e-10
2.00504602e+00 2.83644560e-10
2.00746465e+00 2.83986719e-10
2.00988328e+00 2.84328622e-10
2.01230191e+00 2.84671037e-10
2.01472054e+00 2.85013068e-10
2.01713918e+00 2.85355228e-10
2.01955781e+00 2.85697515e-10
2.02197644e+00 2.86039674e-10
2.02439507e+00 2.86382090e-10
2.02681370e+00 2.86723864e-10
2.02923234e+00 2.87066023e-10
2.03165097e+00 2.87408311e-10
2.03406960e+00 2.87750085e-10
2.03648823e+00 2.88092629e-10
2.03890687e+00 2.88434660e-10
2.04132550e+00 2.88776819e-10
2.04374413e+00 2.89118850e-10
2.04616276e+00 2.89461137e-10
2.04858139e+00 2.89803297e-10
2.05100003e+00 2.90145584e-10
2.05341866e+00 2.90487359e-10
2.05583729e+00 2.90829774e-10
2.05825592e+00 2.91171933e-10
2.06067455e+00 2.91514221e-10
2.06309319e+00 2.91856252e-10
2.06551182e+00 2.92198539e-10
2.06793045e+00 2.92540442e-10
2.07034908e+00 2.92882729e-10
2.07276771e+00 2.93224888e-10
2.07518635e+00 2.93566663e-10
2.07760498e+00 2.93908950e-10
2.08002361e+00 2.94250981e-10
2.08244224e+00 2.94593268e-10
2.08486088e+00 2.94935299e-10
2.08727951e+00 2.95277459e-10
2.08969814e+00 2.95619618e-10
2.09211677e+00 2.95961777e-10
2.09453540e+00 2.96304064e-10
2.09695404e+00 2.96645967e-10
2.09937267e+00 2.96987998e-10
2.10179130e+00 2.97330285e-10
2.10420993e+00 2.97672573e-10
2.10662856e+00 2.98014732e-10
2.10904720e+00 2.98356635e-10
2.11146583e+00 2.98699050e-10
2.11388446e+00 2.99040953e-10
2.11630309e+00 2.99382984e-10
2.11872173e+00 2.99725271e-10
2.12114036e+00 3.00067815e-10
2.12355899e+00 3.00409718e-10
2.12597762e+00 3.00752133e-10
2.12839625e+00 3.01093908e-10
2.13081489e+00 3.01436195e-10
2.13323352e+00 3.01778483e-10
2.13565215e+00 3.02120514e-10
2.13807078e+00 3.02462545e-10
2.14048941e+00 3.02804576e-10
2.14290805e+00 3.03146735e-10
2.14532668e+00 3.03488637e-10
2.14774531e+00 3.03830797e-10
2.15016394e+00 3.04172699e-10
2.15258257e+00 3.04514987e-10
2.15500121e+00 3.04857146e-10
2.15741984e+00 3.05199305e-10
2.15983847e+00 3.05541336e-10
2.16225710e+00 3.05883752e-10
2.16467574e+00 3.06226167e-10
2.16709437e+00 3.06568198e-10
2.16951300e+00 3.06910485e-10
2.17193163e+00 3.07252260e-10
2.17435026e+00 3.07594547e-10
2.17676890e+00 3.07936578e-10
2.17918753e+00 3.08278866e-10
2.18160616e+00 3.08621025e-10
2.18402479e+00 3.08962671e-10
2.18644342e+00 3.09304959e-10
2.18886206e+00 3.09646861e-10
2.19128069e+00 3.09989277e-10
2.19369932e+00 3.10331308e-10
2.19611795e+00 3.10673595e-10
2.19853658e+00 3.11015626e-10
2.20095522e+00 3.11357529e-10
2.20337385e+00 3.11699432e-10
2.20579248e+00 3.12041719e-10
2.20821111e+00 3.12384519e-10
2.21062975e+00 3.12726422e-10
2.21304838e+00 3.13068325e-10
2.21546701e+00 3.13410356e-10
2.21788564e+00 3.13752643e-10
2.22030427e+00 3.14094930e-10
2.22272291e+00 3.14437090e-10
2.22514154e+00 3.14778992e-10
2.22756017e+00 3.15121408e-10
2.22997880e+00 3.15463567e-10
2.23239743e+00 3.15805854e-10
2.23481607e+00 3.16147885e-10
2.23723470e+00 3.16489916e-10
2.23965333e+00 3.16832332e-10
2.24207196e+00 3.17174491e-10
2.24449059e+00 3.17516266e-10
2.24690923e+00 3.17858553e-10
2.24932786e+00 3.18200584e-10
2.25174649e+00 3.18542615e-10
2.25416512e+00 3.18884646e-10
2.25658376e+00 3.19226933e-10
2.25900239e+00 3.19569221e-10
2.26142102e+00 3.19910995e-10
2.26383965e+00 3.20253411e-10
2.26625828e+00 3.20595442e-10
2.26867692e+00 3.20937857e-10
2.27109555e+00 3.21279760e-10
2.27351418e+00 3.21621919e-10
2.27593281e+00 3.21964207e-10
2.27835144e+00 3.22306237e-10
2.28077008e+00 3.22648525e-10
2.28318871e+00 3.22990684e-10
2.28560734e+00 3.23332843e-10
2.28802597e+00 3.23674874e-10
2.29044460e+00 3.24017418e-10
2.29286324e+00 3.24359449e-10
2.29528187e+00 3.24701352e-10
2.29770050e+00 3.25043767e-10
2.30011913e+00 3.25385542e-10
2.30253777e+00 3.25728214e-10
2.30495640e+00 3.26069860e-10
2.30737503e+00 3.26412147e-10
2.30979366e+00 3.26754178e-10
2.31221229e+00 3.27096466e-10
2.31463093e+00 3.27438625e-10
2.31704956e+00 3.27780784e-10
2.31946819e+00 3.28123071e-10
2.32188682e+00 3.28464974e-10
2.32430545e+00 3.28807262e-10
2.32672409e+00 3.29149549e-10
2.32914272e+00 3.29491580e-10
2.33156135e+00 3.29833739e-10
2.33397998e+00 3.30175770e-10
2.33639861e+00 3.30518057e-10
2.33881725e+00 3.30860345e-10
2.34123588e+00 3.31202632e-10
2.34365451e+00 3.31544535e-10
2.34607314e+00 3.31886438e-10
2.34849178e+00 3.32228725e-10
2.35091041e+00 3.32571012e-10
2.35332904e+00 3.32912787e-10
2.35574767e+00 3.33255331e-10
2.35816630e+00 3.33597105e-10
2.36058494e+00 3.33939649e-10
2.36300357e+00 3.34281808e-10
2.36542220e+00 3.34623967e-10
2.36784083e+00 3.34965742e-10
2.37025946e+00 3.35308029e-10
2.37267810e+00 3.35650317e-10
2.37509673e+00 3.35992476e-10
2.37751536e+00 3.36334635e-10
2.37993399e+00 3.36676922e-10
2.38235262e+00 3.37018697e-10
2.38477126e+00 3.37360984e-10
2.38718989e+00 3.37703272e-10
2.38960852e+00 3.38045815e-10
2.39202715e+00 3.38387590e-10
2.39444579e+00 3.38729621e-10
2.39686442e+00 3.39072036e-10
2.39928305e+00 3.39413811e-10
2.40170168e+00 3.39756355e-10
2.40412031e+00 3.40098129e-10
2.40653895e+00 3.40440545e-10
2.40895758e+00 3.40782576e-10
2.41137621e+00 3.41124735e-10
2.41379484e+00 3.41466766e-10
2.41621347e+00 3.41808925e-10
2.41863211e+00 3.42151084e-10
2.42105074e+00 3.42493115e-10
2.42346937e+00 3.42835531e-10
2.42588800e+00 3.43177434e-10
2.42830663e+00 3.43519593e-10
2.43072527e+00 3.43861624e-10
2.43314390e+00 3.44203911e-10
2.43556253e+00 3.44546198e-10
2.43798116e+00 3.44888101e-10
2.44039980e+00 3.45230260e-10
2.44281843e+00 3.45572548e-10
2.44523706e+00 3.45914707e-10
2.44765569e+00 3.46256994e-10
2.45007432e+00 3.46598512e-10
2.45249296e+00 3.46940928e-10
2.45491159e+00 3.47283472e-10
2.45733022e+00 3.47624990e-10
2.45974885e+00 3.47967149e-10
2.46216748e+00 3.48309821e-10
2.46458612e+00 3.48651724e-10
2.46700475e+00 3.48993755e-10
2.46942338e+00 3.49335914e-10
2.47184201e+00 3.49677945e-10
2.47426064e+00 3.50020232e-10
2.47667928e+00 3.50362263e-10
2.47909791e+00 3.50704550e-10
2.48151654e+00 3.51046710e-10
2.48393517e+00 3.51388612e-10
2.48635381e+00 3.51731156e-10
2.48877244e+00 3.52072931e-10
2.49119107e+00 3.52415346e-10
2.49360970e+00 3.52757377e-10
2.49602833e+00 3.53099280e-10
2.49844697e+00 3.53441311e-10
2.50086560e+00 3.53783855e-10
2.50328423e+00 3.54126142e-10
2.50570286e+00 3.54467917e-10
2.50812149e+00 3.54810717e-10
2.51054013e+00 3.55152363e-10
2.51295876e+00 3.55494779e-10
2.51537739e+00 3.55836938e-10
2.51779602e+00 3.56179482e-10
2.52021465e+00 3.56521384e-10
2.52263329e+00 3.56863159e-10
2.52505192e+00 3.57205190e-10
2.52747055e+00 3.57547349e-10
2.52988918e+00 3.57889893e-10
2.53230782e+00 3.58232052e-10
2.53472645e+00 3.58573955e-10
2.53714508e+00 3.58916114e-10
2.53956371e+00 3.59258273e-10
2.54198234e+00 3.59600432e-10
2.54440098e+00 3.59942463e-10
2.54681961e+00 3.60284751e-10
2.54923824e+00 3.60626653e-10
2.55165687e+00 3.60969069e-10
2.55407550e+00 3.61310331e-10
2.55649414e+00 3.61653003e-10
2.55891277e+00 3.61995290e-10
2.56133140e+00 3.62337449e-10
2.56375003e+00 3.62679224e-10
2.56616866e+00 3.63021383e-10
2.56858730e+00 3.63364055e-10
2.57100593e+00 3.63705829e-10
2.57342456e+00 3.64047860e-10
2.57584319e+00 3.64390404e-10
2.57826183e+00 3.64732179e-10
2.58068046e+00 3.65074210e-10
2.58309909e+00 3.65416753e-10
2.58551772e+00 3.65758656e-10
2.58793635e+00 3.66101072e-10
2.59035499e+00 3.66443359e-10
2.59277362e+00 3.66785903e-10
2.59519225e+00 3.67128062e-10
2.59761088e+00 3.67470093e-10
2.60002951e+00 3.67812252e-10
2.60244815e+00 3.68154283e-10
2.60486678e+00 3.68496570e-10
2.60728541e+00 3.68838858e-10
2.60970404e+00 3.69180761e-10
2.61212267e+00 3.69522663e-10
2.61454131e+00 3.69865079e-10
2.61695994e+00 3.70207366e-10
2.61937857e+00 3.70549654e-10
2.62179720e+00 3.70891556e-10
2.62421584e+00 3.71233587e-10
2.62663447e+00 3.71575234e-10
2.62905310e+00 3.71918034e-10
2.63147173e+00 3.72259937e-10
2.63389036e+00 3.72601711e-10
2.63630900e+00 3.72943999e-10
2.63872763e+00 3.73286286e-10
2.64114626e+00 3.73628573e-10
2.64356489e+00 3.73970604e-10
2.64598352e+00 3.74312507e-10
2.64840216e+00 3.74655435e-10
2.65082079e+00 3.74997466e-10
2.65323942e+00 3.75339497e-10
2.65565805e+00 3.75681528e-10
2.65807668e+00 3.76023816e-10
2.66049532e+00 3.76365718e-10
2.66291395e+00 3.76708390e-10
2.66533258e+00 3.77050165e-10
2.66775121e+00 3.77392580e-10
2.67016985e+00 3.77734483e-10
2.67258848e+00 3.78076771e-10
2.67500711e+00 3.78418801e-10
2.67742574e+00 3.78760832e-10
2.67984437e+00 3.79102863e-10
2.68226301e+00 3.79444894e-10
2.68468164e+00 3.79787310e-10
2.68710027e+00 3.80129725e-10
2.68951890e+00 3.80471756e-10
2.69193753e+00 3.80814172e-10
2.69435617e+00 3.81155947e-10
2.69677480e+00 3.81498490e-10
2.69919343e+00 3.81840521e-10
2.70161206e+00 3.82182424e-10
2.70403069e+00 3.82524711e-10
2.70644933e+00 3.82866742e-10
2.70886796e+00 3.83209158e-10
2.71128659e+00 3.83551061e-10
2.71370522e+00 3.83893092e-10
2.71612386e+00 3.84235123e-10
2.71854249e+00 3.84577410e-10
2.72096112e+00 3.84919569e-10
2.72337975e+00 3.85261728e-10
2.72579838e+00 3.85603759e-10
2.72821702e+00 3.85946047e-10
2.73063565e+00 3.86287821e-10
2.73305428e+00 3.86630237e-10
2.73547291e+00 3.86972011e-10
2.73789154e+00 3.87314427e-10
2.74031018e+00 3.87656458e-10
2.74272881e+00 3.87998873e-10
2.74514744e+00 3.88340648e-10
2.74756607e+00 3.88683192e-10
2.74998470e+00 3.89025223e-10
2.75240334e+00 3.89367382e-10
2.75482197e+00 3.89708900e-10
2.75724060e+00 3.90051572e-10
2.75965923e+00 3.90393859e-10
2.76207787e+00 3.90736018e-10
2.76449650e+00 3.91078306e-10
2.76691513e+00 3.91420080e-10
2.76933376e+00 3.91762240e-10
2.77175239e+00 3.92104399e-10
2.77417103e+00 3.92446430e-10
2.77658966e+00 3.92788973e-10
2.77900829e+00 3.93131004e-10
2.78142692e+00 3.93472907e-10
2.78384555e+00 3.93815066e-10
2.78626419e+00 3.94157354e-10
2.78868282e+00 3.94499897e-10
2.79110145e+00 3.94841928e-10
2.79352008e+00 3.95183831e-10
2.79593871e+00 3.95525990e-10
2.79835735e+00 3.95868278e-10
2.80077598e+00 3.96210052e-10
2.80319461e+00 3.96552340e-10
2.80561324e+00 3.96894499e-10
2.80803188e+00 3.97236658e-10
2.81045051e+00 3.97578945e-10
2.81286914e+00 3.97920848e-10
2.81528777e+00 3.98263007e-10
2.81770640e+00 3.98605295e-10
2.82012504e+00 3.98947069e-10
2.82254367e+00 3.99289613e-10
2.82496230e+00 3.99631387e-10
2.82738093e+00 3.99973675e-10
2.82979956e+00 4.00315706e-10
2.83221820e+00 4.00657737e-10
2.83463683e+00 4.00999896e-10
2.83705546e+00 4.01342311e-10
2.83947409e+00 4.01684086e-10
2.84189272e+00 4.02026373e-10
2.84431136e+00 4.02368661e-10
2.84672999e+00 4.02710435e-10
2.84914862e+00 4.03052979e-10
2.85156725e+00 4.03394754e-10
2.85398589e+00 4.03736656e-10
2.85640452e+00 4.04079200e-10
2.85882315e+00 4.04421359e-10
2.86124178e+00 4.04763647e-10
2.86366041e+00 4.05105678e-10
2.86607905e+00 4.05447709e-10
2.86849768e+00 4.05789996e-10
2.87091631e+00 4.06132283e-10
2.87333494e+00 4.06474186e-10
2.87575357e+00 4.06816602e-10
2.87817221e+00 4.07158633e-10
2.88059084e+00 4.07500664e-10
2.88300947e+00 4.07843207e-10
2.88542810e+00 4.08185238e-10
2.88784673e+00 4.08527269e-10
2.89026537e+00 4.08869428e-10
2.89268400e+00 4.09211716e-10
2.89510263e+00 4.09553747e-10
2.89752126e+00 4.09895906e-10
2.89993990e+00 4.10238193e-10
2.90235853e+00 4.10580096e-10
2.90477716e+00 4.10922512e-10
2.90719579e+00 4.11264543e-10
2.90961442e+00 4.11606830e-10
2.91203306e+00 4.11948733e-10
2.91445169e+00 4.12291020e-10
2.91687032e+00 4.12633179e-10
2.91928895e+00 4.12974954e-10
2.92170758e+00 4.13317369e-10
2.92412622e+00 4.13659528e-10
2.92654485e+00 4.14001688e-10
2.92896348e+00 4.14343590e-10
2.93138211e+00 4.14686006e-10
2.93380074e+00 4.15028293e-10
2.93621938e+00 4.15370196e-10
2.93863801e+00 4.15712740e-10
2.94105664e+00 4.16054514e-10
2.94347527e+00 4.16396545e-10
2.94589391e+00 4.16739089e-10
2.94831254e+00 4.17081376e-10
2.95073117e+00 4.17423279e-10
2.95314980e+00 4.17765695e-10
2.95556843e+00 4.18107726e-10
2.95798707e+00 4.18449757e-10
2.96040570e+00 4.18792429e-10
2.96282433e+00 4.19134203e-10
2.96524296e+00 4.19476875e-10
2.96766159e+00 4.19818650e-10
2.97008023e+00 4.20160681e-10
2.97249886e+00 4.20503096e-10
2.97491749e+00 4.20845255e-10
2.97733612e+00 4.21187030e-10
2.97975475e+00 4.21529574e-10
2.98217339e+00 4.21871861e-10
2.98459202e+00 4.22213379e-10
2.98701065e+00 4.22555410e-10
2.98942928e+00 4.22897826e-10
2.99184792e+00 4.23240113e-10
2.99426655e+00 4.23582016e-10
2.99668518e+00 4.23924303e-10
2.99910381e+00 4.24266334e-10
3.00152244e+00 4.24608622e-10
3.00394108e+00 4.24950396e-10
3.00635971e+00 4.25292427e-10
3.00877834e+00 4.25634971e-10
3.01119697e+00 4.25977258e-10
3.01361560e+00 4.26319161e-10
3.01603424e+00 4.26661064e-10
3.01845287e+00 4.27003351e-10
3.02087150e+00 4.27345638e-10
3.02329013e+00 4.27687798e-10
3.02570876e+00 4.28029572e-10
3.02812740e+00 4.28372116e-10
3.03054603e+00 4.28713891e-10
3.03296466e+00 4.29056178e-10
3.03538329e+00 4.29398593e-10
3.03780193e+00 4.29740368e-10
3.04022056e+00 4.30082527e-10
3.04263919e+00 4.30424558e-10
3.04505782e+00 4.30766974e-10
3.04747645e+00 4.31108876e-10
3.04989509e+00 4.31451292e-10
3.05231372e+00 4.31793323e-10
3.05473235e+00 4.32136123e-10
3.05715098e+00 4.32477898e-10
3.05956961e+00 4.32819929e-10
3.06198825e+00 4.33162216e-10
3.06440688e+00 4.33504247e-10
3.06682551e+00 4.33846663e-10
3.06924414e+00 4.34188565e-10
3.07166277e+00 4.34531109e-10
3.07408141e+00 4.34873012e-10
3.07650004e+00 4.35215556e-10
3.07891867e+00 4.35557843e-10
3.08133730e+00 4.35899746e-10
3.08375594e+00 4.36241648e-10
3.08617457e+00 4.36584064e-10
3.08859320e+00 4.36926351e-10
3.09101183e+00 4.37268254e-10
3.09343046e+00 4.37610413e-10
3.09584910e+00 4.37952701e-10
3.09826773e+00 4.38294732e-10
3.10068636e+00 4.38637532e-10
3.10310499e+00 4.38979050e-10
3.10552362e+00 4.39321209e-10
3.10794226e+00 4.39663368e-10
3.11036089e+00 4.40005399e-10
3.11277952e+00 4.40347943e-10
3.11519815e+00 4.40690102e-10
3.11761678e+00 4.41032005e-10
3.12003542e+00 4.41374420e-10
3.12245405e+00 4.41716323e-10
3.12487268e+00 4.42058098e-10
3.12729131e+00 4.42400642e-10
3.12970995e+00 4.42742416e-10
3.13212858e+00 4.43084960e-10
3.13454721e+00 4.43426734e-10
3.13696584e+00 4.43769150e-10
3.13938447e+00 4.44111566e-10
3.14180311e+00 4.44453340e-10
3.14422174e+00 4.44795756e-10
3.14664037e+00 4.45137915e-10
3.14905900e+00 4.45479689e-10
3.15147763e+00 4.45822105e-10
3.15389627e+00 4.46164264e-10
3.15631490e+00 4.46506167e-10
3.15873353e+00 4.46848582e-10
3.16115216e+00 4.47190613e-10
3.16357079e+00 4.47532644e-10
3.16598943e+00 4.47874675e-10
3.16840806e+00 4.48216706e-10
3.17082669e+00 4.48559122e-10
3.17324532e+00 4.48901025e-10
3.17566396e+00 4.49243440e-10
3.17808259e+00 4.49585728e-10
3.18050122e+00 4.49927630e-10
3.18291985e+00 4.50269918e-10
3.18533848e+00 4.50611949e-10
3.18775712e+00 4.50954236e-10
3.19017575e+00 4.51296267e-10
3.19259438e+00 4.51638554e-10
3.19501301e+00 4.51980585e-10
3.19743164e+00 4.52322873e-10
3.19985028e+00 4.52665032e-10
3.20226891e+00 4.53007191e-10
3.20468754e+00 4.53349222e-10
3.20710617e+00 4.53691253e-10
3.20952480e+00 4.54033412e-10
3.21194344e+00 4.54375699e-10
3.21436207e+00 4.54717987e-10
3.21678070e+00 4.55059761e-10
3.21919933e+00 4.55401920e-10
3.22161797e+00 4.55744336e-10
3.22403660e+00 4.56086111e-10
3.22645523e+00 4.56428398e-10
3.22887386e+00 4.56770301e-10
3.23129249e+00 4.57112588e-10
3.23371113e+00 4.57455132e-10
3.23612976e+00 4.57796906e-10
3.23854839e+00 4.58138553e-10
3.24096702e+00 4.58481097e-10
3.24338565e+00 4.58822743e-10
3.24580429e+00 4.59165287e-10
3.24822292e+00 4.59507574e-10
3.25064155e+00 4.59849605e-10
3.25306018e+00 4.60191636e-10
3.25547881e+00 4.60534051e-10
3.25789745e+00 4.60875954e-10
3.26031608e+00 4.61217857e-10
3.26273471e+00 4.61559760e-10
3.26515334e+00 4.61902047e-10
3.26757198e+00 4.62244078e-10
3.26999061e+00 4.62586237e-10
3.27240924e+00 4.62928653e-10
3.27482787e+00 4.63270940e-10
3.27724650e+00 4.63612715e-10
3.27966514e+00 4.63954874e-10
3.28208377e+00 4.64297033e-10
3.28450240e+00 4.64639064e-10
3.28692103e+00 4.64981351e-10
3.28933966e+00 4.65323639e-10
3.29175830e+00 4.65665670e-10
3.29417693e+00 4.66007701e-10
3.29659556e+00 4.66349988e-10
3.29901419e+00 4.66692019e-10
3.30143282e+00 4.67033794e-10
3.30385146e+00 4.67376594e-10
3.30627009e+00 4.67718368e-10
3.30868872e+00 4.68061040e-10
3.31110735e+00 4.68403199e-10
3.31352599e+00 4.68745230e-10
3.31594462e+00 4.69087518e-10
3.31836325e+00 4.69429805e-10
3.32078188e+00 4.69771836e-10
3.32320051e+00 4.70113611e-10
3.32561915e+00 4.70455898e-10
3.32803778e+00 4.70797929e-10
3.33045641e+00 4.71140473e-10
3.33287504e+00 4.71482247e-10
3.33529367e+00 4.71824150e-10
3.33771231e+00 4.72166566e-10
3.34013094e+00 4.72508853e-10
3.34254957e+00 4.72850627e-10
3.34496820e+00 4.73192915e-10
3.34738683e+00 4.73535330e-10
3.34980547e+00 4.73877490e-10
3.35222410e+00 4.74219264e-10
3.35464273e+00 4.74561808e-10
3.35706136e+00 4.74903839e-10
3.35948000e+00 4.75245998e-10
3.36189863e+00 4.75588285e-10
3.36431726e+00 4.75930316e-10
3.36673589e+00 4.76272219e-10
3.36915452e+00 4.76614250e-10
3.37157316e+00 4.76956409e-10
3.37399179e+00 4.77298825e-10
3.37641042e+00 4.77640856e-10
3.37882905e+00 4.77982887e-10
3.38124768e+00 4.78325302e-10
3.38366632e+00 4.78667461e-10
3.38608495e+00 4.79009749e-10
3.38850358e+00 4.79351523e-10
3.39092221e+00 4.79693554e-10
3.39334084e+00 4.80036226e-10
3.39575948e+00 4.80378514e-10
3.39817811e+00 4.80720416e-10
3.40059674e+00 4.81062704e-10
3.40301537e+00 4.81404478e-10
3.40543401e+00 4.81746509e-10
3.40785264e+00 4.82088797e-10
3.41027127e+00 4.82430828e-10
3.41268990e+00 4.82772987e-10
3.41510853e+00 4.83114761e-10
3.41752717e+00 4.83457433e-10
3.41994580e+00 4.83799336e-10
3.42236443e+00 4.84141880e-10
3.42478306e+00 4.84483526e-10
3.42720169e+00 4.84825557e-10
3.42962033e+00 4.85167844e-10
3.43203896e+00 4.85510388e-10
3.43445759e+00 4.85852163e-10
3.43687622e+00 4.86194194e-10
3.43929485e+00 4.86536738e-10
3.44171349e+00 4.86878768e-10
3.44413212e+00 4.87220543e-10
3.44655075e+00 4.87563087e-10
3.44896938e+00 4.87905374e-10
3.45138802e+00 4.88247405e-10
3.45380665e+00 4.88589692e-10
3.45622528e+00 4.88931595e-10
3.45864391e+00 4.89273754e-10
3.46106254e+00 4.89615914e-10
3.46348118e+00 4.89957945e-10
3.46589981e+00 4.90300104e-10
3.46831844e+00 4.90642647e-10
3.47073707e+00 4.90984422e-10
3.47315570e+00 4.91326453e-10
3.47557434e+00 4.91668997e-10
3.47799297e+00 4.92010643e-10
3.48041160e+00 4.92353059e-10
3.48283023e+00 4.92695090e-10
3.48524887e+00 4.93037121e-10
3.48766750e+00 4.93379408e-10
3.49008613e+00 4.93721311e-10
3.49250476e+00 4.94063470e-10
3.49492339e+00 4.94406014e-10
3.49734203e+00 4.94748045e-10
3.49976066e+00 4.95089819e-10
3.50217929e+00 4.95432107e-10
3.50459792e+00 4.95774266e-10
3.50701655e+00 4.96116553e-10
3.50943519e+00 4.96458456e-10
3.51185382e+00 4.96800487e-10
3.51427245e+00 4.97142774e-10
3.51669108e+00 4.97485318e-10
3.51910971e+00 4.97827349e-10
3.52152835e+00 4.98169508e-10
3.52394698e+00 4.98511411e-10
3.52636561e+00 4.98853698e-10
3.52878424e+00 4.99195601e-10
3.53120288e+00 4.99538016e-10
3.53362151e+00 4.99880304e-10
3.53604014e+00 5.00222335e-10
3.53845877e+00 5.00564238e-10
3.54087740e+00 5.00906653e-10
3.54329604e+00 5.01248428e-10
3.54571467e+00 5.01590459e-10
3.54813330e+00 5.01933259e-10
3.55055193e+00 5.02275418e-10
3.55297056e+00 5.02617577e-10
3.55538920e+00 5.02959352e-10
3.55780783e+00 5.03301511e-10
3.56022646e+00 5.03643798e-10
3.56264509e+00 5.03985957e-10
3.56506372e+00 5.04327988e-10
3.56748236e+00 5.04670404e-10
3.56990099e+00 5.05012307e-10
3.57231962e+00 5.05354722e-10
3.57473825e+00 5.05696753e-10
3.57715689e+00 5.06038912e-10
3.57957552e+00 5.06380943e-10
3.58199415e+00 5.06723231e-10
3.58441278e+00 5.07065646e-10
3.58683141e+00 5.07407293e-10
3.58925005e+00 5.07749836e-10
3.59166868e+00 5.08091867e-10
3.59408731e+00 5.08434155e-10
3.59650594e+00 5.08776314e-10
3.59892457e+00 5.09118217e-10
3.60134321e+00 5.09460248e-10
3.60376184e+00 5.09802791e-10
3.60618047e+00 5.10144822e-10
3.60859910e+00 5.10486853e-10
3.61101773e+00 5.10828884e-10
3.61343637e+00 5.11171300e-10
3.61585500e+00 5.11512946e-10
3.61827363e+00 5.11855233e-10
3.62069226e+00 5.12197521e-10
3.62311090e+00 5.12539808e-10
3.62552953e+00 5.12881967e-10
3.62794816e+00 5.13223870e-10
3.63036679e+00 5.13566157e-10
3.63278542e+00 5.13908060e-10
3.63520406e+00 5.14250348e-10
3.63762269e+00 5.14592379e-10
3.64004132e+00 5.14934409e-10
3.64245995e+00 5.15276569e-10
3.64487858e+00 5.15618728e-10
3.64729722e+00 5.15961272e-10
3.64971585e+00 5.16303174e-10
3.65213448e+00 5.16645462e-10
3.65455311e+00 5.16987621e-10
3.65697174e+00 5.17329780e-10
3.65939038e+00 5.17672067e-10
3.66180901e+00 5.18014098e-10
3.66422764e+00 5.18355873e-10
3.66664627e+00 5.18697647e-10
3.66906491e+00 5.19040448e-10
3.67148354e+00 5.19382222e-10
3.67390217e+00 5.19724638e-10
3.67632080e+00 5.20066797e-10
3.67873943e+00 5.20408700e-10
3.68115807e+00 5.20751115e-10
3.68357670e+00 5.21093146e-10
3.68599533e+00 5.21435305e-10
3.68841396e+00 5.21777465e-10
3.69083259e+00 5.22119752e-10
3.69325123e+00 5.22461655e-10
3.69566986e+00 5.22803814e-10
3.69808849e+00 5.23146101e-10
3.70050712e+00 5.23488260e-10
3.70292575e+00 5.23830163e-10
3.70534439e+00 5.24172707e-10
3.70776302e+00 5.24514738e-10
3.71018165e+00 5.24856897e-10
3.71260028e+00 5.25199056e-10
3.71501892e+00 5.25541087e-10
3.71743755e+00 5.25883631e-10
3.71985618e+00 5.26225662e-10
3.72227481e+00 5.26567436e-10
3.72469344e+00 5.26909467e-10
3.72711208e+00 5.27251755e-10
3.72953071e+00 5.27594170e-10
3.73194934e+00 5.27936329e-10
3.73436797e+00 5.28278360e-10
3.73678660e+00 5.28620263e-10
3.73920524e+00 5.28962550e-10
3.74162387e+00 5.29304710e-10
3.74404250e+00 5.29647253e-10
3.74646113e+00 5.29989028e-10
3.74887976e+00 5.30331315e-10
3.75129840e+00 5.30673090e-10
3.75371703e+00 5.31015505e-10
3.75613566e+00 5.31357408e-10
3.75855429e+00 5.31699824e-10
3.76097293e+00 5.32041727e-10
3.76339156e+00 5.32384270e-10
3.76581019e+00 5.32726301e-10
3.76822882e+00 5.33068076e-10
3.77064745e+00 5.33410363e-10
3.77306609e+00 5.33752651e-10
3.77548472e+00 5.34094938e-10
3.77790335e+00 5.34437097e-10
3.78032198e+00 5.34779000e-10
3.78274061e+00 5.35121544e-10
3.78515925e+00 5.35463831e-10
3.78757788e+00 5.35805862e-10
3.78999651e+00 5.36147765e-10
3.79241514e+00 5.36489924e-10
3.79483377e+00 5.36831698e-10
3.79725241e+00 5.37173986e-10
3.79967104e+00 5.37516017e-10
3.80208967e+00 5.37858048e-10
3.80450830e+00 5.38200207e-10
3.80692694e+00 5.38542366e-10
3.80934557e+00 5.38884525e-10
3.81176420e+00 5.39226684e-10
3.81418283e+00 5.39568972e-10
3.81660146e+00 5.39910746e-10
3.81902010e+00 5.40253034e-10
3.82143873e+00 5.40595065e-10
3.82385736e+00 5.40937608e-10
3.82627599e+00 5.41279255e-10
3.82869462e+00 5.41621414e-10
3.83111326e+00 5.41963701e-10
3.83353189e+00 5.42305989e-10
3.83595052e+00 5.42648020e-10
3.83836915e+00 5.42990179e-10
3.84078778e+00 5.43332081e-10
3.84320642e+00 5.43674369e-10
3.84562505e+00 5.44016400e-10
3.84804368e+00 5.44358944e-10
3.85046231e+00 5.44700974e-10
3.85288095e+00 5.45043005e-10
3.85529958e+00 5.45385036e-10
3.85771821e+00 5.45727580e-10
3.86013684e+00 5.46069611e-10
3.86255547e+00 5.46411642e-10
3.86497411e+00 5.46754186e-10
3.86739274e+00 5.47096217e-10
3.86981137e+00 5.47438248e-10
3.87223000e+00 5.47780407e-10
3.87464863e+00 5.48122566e-10
3.87706727e+00 5.48465110e-10
3.87948590e+00 5.48807141e-10
3.88190453e+00 5.49149300e-10
3.88432316e+00 5.49491459e-10
3.88674179e+00 5.49833234e-10
3.88916043e+00 5.50175393e-10
3.89157906e+00 5.50517552e-10
3.89399769e+00 5.50859839e-10
3.89641632e+00 5.51201999e-10
3.89883496e+00 5.51544030e-10
3.90125359e+00 5.51886317e-10
3.90367222e+00 5.52228476e-10
3.90609085e+00 5.52569994e-10
3.90850948e+00 5.52912794e-10
3.91092812e+00 5.53254954e-10
3.91334675e+00 5.53596984e-10
3.91576538e+00 5.53938887e-10
3.91818401e+00 5.54281431e-10
3.92060264e+00 5.54623462e-10
3.92302128e+00 5.54965621e-10
3.92543991e+00 5.55307780e-10
3.92785854e+00 5.55649555e-10
3.93027717e+00 5.55991842e-10
3.93269580e+00 5.56334258e-10
3.93511444e+00 5.56676545e-10
3.93753307e+00 5.57018576e-10
3.93995170e+00 5.57360735e-10
3.94237033e+00 5.57703023e-10
3.94478897e+00 5.58045310e-10
3.94720760e+00 5.58387085e-10
3.94962623e+00 5.58729628e-10
3.95204486e+00 5.59071659e-10
3.95446349e+00 5.59413690e-10
3.95688213e+00 5.59755593e-10
3.95930076e+00 5.60098009e-10
3.96171939e+00 5.60440424e-10
3.96413802e+00 5.60782070e-10
3.96655665e+00 5.61124358e-10
3.96897529e+00 5.61466645e-10
3.97139392e+00 5.61808933e-10
3.97381255e+00 5.62150963e-10
3.97623118e+00 5.62493251e-10
3.97864981e+00 5.62835154e-10
3.98106845e+00 5.63177697e-10
3.98348708e+00 5.63519472e-10
3.98590571e+00 5.63861631e-10
3.98832434e+00 5.64203918e-10
3.99074298e+00 5.64546334e-10
3.99316161e+00 5.64888365e-10
3.99558024e+00 5.65230268e-10
3.99799887e+00 5.65572811e-10
4.00041750e+00 5.65914842e-10
4.00283614e+00 5.66256873e-10
4.00525477e+00 5.66599033e-10
4.00767340e+00 5.66941064e-10
4.01009203e+00 5.67282966e-10
4.01251066e+00 5.67625254e-10
4.01492930e+00 5.67967797e-10
4.01734793e+00 5.68309828e-10
4.01976656e+00 5.68652116e-10
4.02218519e+00 5.68994019e-10
4.02460382e+00 5.69336049e-10
4.02702246e+00 5.69678593e-10
4.02944109e+00 5.70020496e-10
4.03185972e+00 5.70362783e-10
4.03427835e+00 5.70704943e-10
4.03669699e+00 5.71046973e-10
4.03911562e+00 5.71389261e-10
4.04153425e+00 5.71731420e-10
4.04395288e+00 5.72073195e-10
4.04637151e+00 5.72415482e-10
4.04879015e+00 5.72757769e-10
4.05120878e+00 5.73099672e-10
4.05362741e+00 5.73441959e-10
4.05604604e+00 5.73784119e-10
4.05846467e+00 5.74126406e-10
4.06088331e+00 5.74468309e-10
4.06330194e+00 5.74810596e-10
4.06572057e+00 5.75152755e-10
4.06813920e+00 5.75495043e-10
4.07055783e+00 5.75836945e-10
4.07297647e+00 5.76179104e-10
4.07539510e+00 5.76521007e-10
4.07781373e+00 5.76863679e-10
4.08023236e+00 5.77205582e-10
4.08265100e+00 5.77547741e-10
4.08506963e+00 5.77889900e-10
4.08748826e+00 5.78231931e-10
4.08990689e+00 5.78574219e-10
4.09232552e+00 5.78916121e-10
4.09474416e+00 5.79258409e-10
4.09716279e+00 5.79600312e-10
4.09958142e+00 5.79942855e-10
4.10200005e+00 5.80284758e-10
4.10441868e+00 5.80626661e-10
4.10683732e+00 5.80968820e-10
4.10925595e+00 5.81310851e-10
4.11167458e+00 5.81653138e-10
4.11409321e+00 5.81995041e-10
4.11651184e+00 5.82337200e-10
4.11893048e+00 5.82679231e-10
4.12134911e+00 5.83021519e-10
4.12376774e+00 5.83363806e-10
4.12618637e+00 5.83705580e-10
4.12860501e+00 5.84047868e-10
4.13102364e+00 5.84389899e-10
4.13344227e+00 5.84731930e-10
4.13586090e+00 5.85074089e-10
4.13827953e+00 5.85416504e-10
4.14069817e+00 5.85758535e-10
4.14311680e+00 5.86100566e-10
4.14553543e+00 5.86442597e-10
4.14795406e+00 5.86784756e-10
4.15037269e+00 5.87127172e-10
4.15279133e+00 5.87469459e-10
4.15520996e+00 5.87811490e-10
4.15762859e+00 5.88153521e-10
4.16004722e+00 5.88495809e-10
4.16246585e+00 5.88838096e-10
4.16488449e+00 5.89179999e-10
4.16730312e+00 5.89522414e-10
4.16972175e+00 5.89864189e-10
4.17214038e+00 5.90206733e-10
4.17455902e+00 5.90548635e-10
4.17697765e+00 5.90890666e-10
4.17939628e+00 5.91233082e-10
4.18181491e+00 5.91575113e-10
4.18423354e+00 5.91917272e-10
4.18665218e+00 5.92259431e-10
4.18907081e+00 5.92601462e-10
4.19148944e+00 5.92944006e-10
4.19390807e+00 5.93286037e-10
4.19632670e+00 5.93627812e-10
4.19874534e+00 5.93969971e-10
4.20116397e+00 5.94312130e-10
4.20358260e+00 5.94654289e-10
4.20600123e+00 5.94996192e-10
4.20841986e+00 5.95338479e-10
4.21083850e+00 5.95680766e-10
4.21325713e+00 5.96022797e-10
4.21567576e+00 5.96365085e-10
4.21809439e+00 5.96707372e-10
4.22051303e+00 5.97049660e-10
4.22293166e+00 5.97391434e-10
4.22535029e+00 5.97733721e-10
4.22776892e+00 5.98076009e-10
4.23018755e+00 5.98417783e-10
4.23260619e+00 5.98760071e-10
4.23502482e+00 5.99101717e-10
4.23744345e+00 5.99444133e-10
4.23986208e+00 5.99786164e-10
4.24228071e+00 6.00128707e-10
4.24469935e+00 6.00470610e-10
4.24711798e+00 6.00812513e-10
4.24953661e+00 6.01154928e-10
4.25195524e+00 6.01496959e-10
4.25437387e+00 6.01839375e-10
4.25679251e+00 6.02181021e-10
4.25921114e+00 6.02523565e-10
4.26162977e+00 6.02865468e-10
4.26404840e+00 6.03208012e-10
4.26646704e+00 6.03550043e-10
4.26888567e+00 6.03892074e-10
4.27130430e+00 6.04234105e-10
4.27372293e+00 6.04576776e-10
4.27614156e+00 6.04918936e-10
4.27856020e+00 6.05260967e-10
4.28097883e+00 6.05603254e-10
4.28339746e+00 6.05944900e-10
4.28581609e+00 6.06287059e-10
4.28823472e+00 6.06629347e-10
4.29065336e+00 6.06971891e-10
4.29307199e+00 6.07314050e-10
4.29549062e+00 6.07655824e-10
4.29790925e+00 6.07997983e-10
4.30032788e+00 6.08340527e-10
4.30274652e+00 6.08682302e-10
4.30516515e+00 6.09024846e-10
4.30758378e+00 6.09366877e-10
4.31000241e+00 6.09708907e-10
4.31242105e+00 6.10051323e-10
4.31483968e+00 6.10393098e-10
4.31725831e+00 6.10735257e-10
4.31967694e+00 6.11077416e-10
4.32209557e+00 6.11419575e-10
4.32451421e+00 6.11761862e-10
4.32693284e+00 6.12103765e-10
4.32935147e+00 6.12446181e-10
4.33177010e+00 6.12788084e-10
4.33418873e+00 6.13130499e-10
4.33660737e+00 6.13472915e-10
4.33902600e+00 6.13815074e-10
4.34144463e+00 6.14157105e-10
4.34386326e+00 6.14499392e-10
4.34628189e+00 6.14841167e-10
4.34870053e+00 6.15183326e-10
4.35111916e+00 6.15525741e-10
4.35353779e+00 6.15867901e-10
4.35595642e+00 6.16210060e-10
4.35837506e+00 6.16551578e-10
4.36079369e+00 6.16893865e-10
4.36321232e+00 6.17236409e-10
4.36563095e+00 6.17578184e-10
4.36804958e+00 6.17920215e-10
4.37046822e+00 6.18262630e-10
4.37288685e+00 6.18604917e-10
4.37530548e+00 6.18946820e-10
4.37772411e+00 6.19288851e-10
4.38014274e+00 6.19631010e-10
4.38256138e+00 6.19973426e-10
4.38498001e+00 6.20315457e-10
4.38739864e+00 6.20657231e-10
4.38981727e+00 6.20999519e-10
4.39223590e+00 6.21342063e-10
4.39465454e+00 6.21683837e-10
4.39707317e+00 6.22026509e-10
4.39949180e+00 6.22368155e-10
4.40191043e+00 6.22710315e-10
4.40432907e+00 6.23052474e-10
4.40674770e+00 6.23394505e-10
4.40916633e+00 6.23736664e-10
4.41158496e+00 6.24079208e-10
4.41400359e+00 6.24420854e-10
4.41642223e+00 6.24763141e-10
4.41884086e+00 6.25105301e-10
4.42125949e+00 6.25447716e-10
4.42367812e+00 6.25790003e-10
4.42609675e+00 6.26132163e-10
4.42851539e+00 6.26474065e-10
4.43093402e+00 6.26816096e-10
4.43335265e+00 6.27158384e-10
4.43577128e+00 6.27500415e-10
4.43818991e+00 6.27842702e-10
4.44060855e+00 6.28184733e-10
4.44302718e+00 6.28526764e-10
4.44544581e+00 6.28869179e-10
4.44786444e+00 6.29211723e-10
4.45028308e+00 6.29553626e-10
4.45270171e+00 6.29895913e-10
4.45512034e+00 6.30238073e-10
4.45753897e+00 6.30580232e-10
4.45995760e+00 6.30922263e-10
4.46237624e+00 6.31264422e-10
4.46479487e+00 6.31606581e-10
4.46721350e+00 6.31948612e-10
4.46963213e+00 6.32290899e-10
4.47205076e+00 6.32633058e-10
4.47446940e+00 6.32975218e-10
4.47688803e+00 6.33317249e-10
4.47930666e+00 6.33659280e-10
4.48172529e+00 6.34001567e-10
4.48414392e+00 6.34343470e-10
4.48656256e+00 6.34685885e-10
4.48898119e+00 6.35027532e-10
4.49139982e+00 6.35369947e-10
4.49381845e+00 6.35711978e-10
4.49623709e+00 6.36054009e-10
4.49865572e+00 6.36396425e-10
4.50107435e+00 6.36738584e-10
4.50349298e+00 6.37080358e-10
4.50591161e+00 6.37422902e-10
4.50833025e+00 6.37764933e-10
4.51074888e+00 6.38107220e-10
4.51316751e+00 6.38449123e-10
4.51558614e+00 6.38791026e-10
4.51800477e+00 6.39133442e-10
4.52042341e+00 6.39475344e-10
4.52284204e+00 6.39817632e-10
4.52526067e+00 6.40159919e-10
4.52767930e+00 6.40501822e-10
4.53009793e+00 6.40844237e-10
4.53251657e+00 6.41186396e-10
4.53493520e+00 6.41528299e-10
4.53735383e+00 6.41870843e-10
4.53977246e+00 6.42212489e-10
4.54219110e+00 6.42554777e-10
4.54460973e+00 6.42897192e-10
4.54702836e+00 6.43239095e-10
4.54944699e+00 6.43581126e-10
4.55186562e+00 6.43923670e-10
4.55428426e+00 6.44265957e-10
4.55670289e+00 6.44607732e-10
4.55912152e+00 6.44949891e-10
4.56154015e+00 6.45292178e-10
4.56395878e+00 6.45634466e-10
4.56637742e+00 6.45976368e-10
4.56879605e+00 6.46318784e-10
4.57121468e+00 6.46660815e-10
4.57363331e+00 6.47002589e-10
4.57605194e+00 6.47345261e-10
4.57847058e+00 6.47687036e-10
4.58088921e+00 6.48029451e-10
4.58330784e+00 6.48371482e-10
4.58572647e+00 6.48713770e-10
4.58814511e+00 6.49055929e-10
4.59056374e+00 6.49397575e-10
4.59298237e+00 6.49739863e-10
4.59540100e+00 6.50082278e-10
4.59781963e+00 6.50424822e-10
4.60023827e+00 6.50766725e-10
4.60265690e+00 6.51108499e-10
4.60507553e+00 6.51451043e-10
4.60749416e+00 6.51793074e-10
4.60991279e+00 6.52135105e-10
4.61233143e+00 6.52476880e-10
4.61475006e+00 6.52819423e-10
4.61716869e+00 6.53161454e-10
4.61958732e+00 6.53504126e-10
4.62200595e+00 6.53846029e-10
4.62442459e+00 6.54187804e-10
4.62684322e+00 6.54530091e-10
4.62926185e+00 6.54872378e-10
4.63168048e+00 6.55214409e-10
4.63409912e+00 6.55556440e-10
4.63651775e+00 6.55898471e-10
4.63893638e+00 6.56240502e-10
4.64135501e+00 6.56583302e-10
4.64377364e+00 6.56925590e-10
4.64619228e+00 6.57267364e-10
4.64861091e+00 6.57609523e-10
4.65102954e+00 6.57951426e-10
4.65344817e+00 6.58293714e-10
4.65586680e+00 6.58636001e-10
4.65828544e+00 6.58978032e-10
4.66070407e+00 6.59320576e-10
4.66312270e+00 6.59662350e-10
4.66554133e+00 6.60004638e-10
4.66795996e+00 6.60346668e-10
4.67037860e+00 6.60688956e-10
4.67279723e+00 6.61030987e-10
4.67521586e+00 6.61373018e-10
4.67763449e+00 6.61714921e-10
4.68005313e+00 6.62057080e-10
4.68247176e+00 6.62399495e-10
4.68489039e+00 6.62741526e-10
4.68730902e+00 6.63083814e-10
4.68972765e+00 6.63425716e-10
4.69214629e+00 6.63768004e-10
4.69456492e+00 6.64110035e-10
4.69698355e+00 6.64452322e-10
4.69940218e+00 6.64794353e-10
4.70182081e+00 6.65136512e-10
4.70423945e+00 6.65478415e-10
4.70665808e+00 6.65820446e-10
4.70907671e+00 6.66162990e-10
4.71149534e+00 6.66505021e-10
4.71391397e+00 6.66847308e-10
4.71633261e+00 6.67189211e-10
4.71875124e+00 6.67531626e-10
4.72116987e+00 6.67873401e-10
4.72358850e+00 6.68215688e-10
4.72600714e+00 6.68557591e-10
4.72842577e+00 6.68899878e-10
4.73084440e+00 6.69241781e-10
4.73326303e+00 6.69584068e-10
4.73568166e+00 6.69926099e-10
4.73810030e+00 6.70268387e-10
4.74051893e+00 6.70610802e-10
4.74293756e+00 6.70952705e-10
4.74535619e+00 6.71294736e-10
4.74777482e+00 6.71637408e-10
4.75019346e+00 6.71978926e-10
4.75261209e+00 6.72321214e-10
4.75503072e+00 6.72663116e-10
4.75744935e+00 6.73005404e-10
4.75986798e+00 6.73347691e-10
4.76228662e+00 6.73689722e-10
4.76470525e+00 6.74032138e-10
4.76712388e+00 6.74374553e-10
4.76954251e+00 6.74716328e-10
4.77196115e+00 6.75058359e-10
4.77437978e+00 6.75400774e-10
4.77679841e+00 6.75743062e-10
4.77921704e+00 6.76085092e-10
4.78163567e+00 6.76427252e-10
4.78405431e+00 6.76769539e-10
4.78647294e+00 6.77111570e-10
4.78889157e+00 6.77453857e-10
4.79131020e+00 6.77795888e-10
4.79372883e+00 6.78138047e-10
4.79614747e+00 6.78480335e-10
4.79856610e+00 6.78822366e-10
4.80098473e+00 6.79164525e-10
4.80340336e+00 6.79507069e-10
4.80582199e+00 6.79848843e-10
4.80824063e+00 6.80190874e-10
4.81065926e+00 6.80533290e-10
4.81307789e+00 6.80875193e-10
4.81549652e+00 6.81217480e-10
4.81791516e+00 6.81559511e-10
4.82033379e+00 6.81902055e-10
4.82275242e+00 6.82243701e-10
4.82517105e+00 6.82585860e-10
4.82758968e+00 6.82927891e-10
4.83000832e+00 6.83270563e-10
4.83242695e+00 6.83612466e-10
4.83484558e+00 6.83954625e-10
4.83726421e+00 6.84296784e-10
4.83968284e+00 6.84638815e-10
4.84210148e+00 6.84980846e-10
4.84452011e+00 6.85322877e-10
4.84693874e+00 6.85665293e-10
4.84935737e+00 6.86007067e-10
4.85177600e+00 6.86349739e-10
4.85419464e+00 6.86691770e-10
4.85661327e+00 6.87033801e-10
4.85903190e+00 6.87376088e-10
4.86145053e+00 6.87718119e-10
4.86386917e+00 6.88060791e-10
4.86628780e+00 6.88402438e-10
4.86870643e+00 6.88744469e-10
4.87112506e+00 6.89086884e-10
4.87354369e+00 6.89429043e-10
4.87596233e+00 6.89770818e-10
4.87838096e+00 6.90113105e-10
4.88079959e+00 6.90455136e-10
4.88321822e+00 6.90797167e-10
4.88563685e+00 6.91139583e-10
4.88805549e+00 6.91481486e-10
4.89047412e+00 6.91823901e-10
4.89289275e+00 6.92165547e-10
4.89531138e+00 6.92507707e-10
4.89773002e+00 6.92849866e-10
4.90014865e+00 6.93192410e-10
4.90256728e+00 6.93534697e-10
4.90498591e+00 6.93876600e-10
4.90740454e+00 6.94218759e-10
4.90982318e+00 6.94560790e-10
4.91224181e+00 6.94902821e-10
4.91466044e+00 6.95244852e-10
4.91707907e+00 6.95587139e-10
4.91949770e+00 6.95929426e-10
4.92191634e+00 6.96271201e-10
4.92433497e+00 6.96613873e-10
4.92675360e+00 6.96956032e-10
4.92917223e+00 6.97298063e-10
4.93159086e+00 6.97640350e-10
4.93400950e+00 6.97982381e-10
4.93642813e+00 6.98324412e-10
4.93884676e+00 6.98666572e-10
4.94126539e+00 6.99008859e-10
4.94368403e+00 6.99351018e-10
4.94610266e+00 6.99693305e-10
4.94852129e+00 7.00034952e-10
4.95093992e+00 7.00377624e-10
4.95335855e+00 7.00719655e-10
4.95577719e+00 7.01061686e-10
4.95819582e+00 7.01404101e-10
4.96061445e+00 7.01745876e-10
4.96303308e+00 7.02088035e-10
4.96545171e+00 7.02430322e-10
4.96787035e+00 7.02772610e-10
4.97028898e+00 7.03114384e-10
4.97270761e+00 7.03456672e-10
4.97512624e+00 7.03798831e-10
4.97754487e+00 7.04141118e-10
4.97996351e+00 7.04483277e-10
4.98238214e+00 7.04825180e-10
4.98480077e+00 7.05167339e-10
4.98721940e+00 7.05509114e-10
4.98963804e+00 7.05851657e-10
4.99205667e+00 7.06193945e-10
4.99447530e+00 7.06535976e-10
4.99689393e+00 7.06878007e-10
4.99931256e+00 7.07220038e-10
5.00173120e+00 7.07562197e-10
