#	Time	Error_of_Energy
2.41863211e-03 -7.69954260e-13
4.83726421e-03 -3.07930425e-12
7.25589632e-03 -6.92817816e-12
9.67452842e-03 -1.23151658e-11
1.20931605e-02 -1.92392417e-11
1.45117926e-02 -2.76986109e-11
1.69304247e-02 -3.76917352e-11
1.93490568e-02 -4.92157942e-11
2.17676890e-02 -6.22679675e-11
2.41863211e-02 -7.68459477e-11
2.66049532e-02 -9.29465296e-11
2.90235853e-02 -1.10564714e-10
3.14422174e-02 -1.29697808e-10
3.38608495e-02 -1.50340556e-10
3.62794816e-02 -1.72488215e-10
3.86981137e-02 -1.96135784e-10
4.11167458e-02 -2.21278265e-10
4.35353779e-02 -2.47908862e-10
4.59540100e-02 -2.76022577e-10
4.83726421e-02 -3.05611716e-10
5.07912742e-02 -3.36670641e-10
5.32099063e-02 -3.69190888e-10
5.56285384e-02 -4.03166434e-10
5.80471705e-02 -4.38587663e-10
6.04658027e-02 -4.75448165e-10
6.28844348e-02 -5.13738455e-10
6.53030669e-02 -5.53449173e-10
6.77216990e-02 -5.94571730e-10
7.01403311e-02 -6.37097024e-10
7.25589632e-02 -6.81014800e-10
7.49775953e-02 -7.26315057e-10
7.73962274e-02 -7.72986259e-10
7.98148595e-02 -8.21019816e-10
8.22334916e-02 -8.70402523e-10
8.46521237e-02 -9.21124253e-10
8.70707558e-02 -9.73172444e-10
8.94893879e-02 -1.02653543e-09
9.19080200e-02 -1.08120090e-09
9.43266521e-02 -1.13715655e-09
9.67452842e-02 -1.19438853e-09
9.91639164e-02 -1.25288442e-09
1.01582548e-01 -1.31262997e-09
1.04001181e-01 -1.37361224e-09
1.06419813e-01 -1.43581650e-09
1.08838445e-01 -1.49922863e-09
1.11257077e-01 -1.56383389e-09
1.13675709e-01 -1.62961729e-09
1.16094341e-01 -1.69656357e-09
1.18512973e-01 -1.76465722e-09
1.20931605e-01 -1.83388311e-09
1.23350237e-01 -1.90422444e-09
1.25768870e-01 -1.97566532e-09
1.28187502e-01 -2.04818884e-09
1.30606134e-01 -2.12177895e-09
1.33024766e-01 -2.19641798e-09
1.35443398e-01 -2.27208887e-09
1.37862030e-01 -2.34877431e-09
1.40280662e-01 -2.42645675e-09
1.42699294e-01 -2.50511746e-09
1.45117926e-01 -2.58473927e-09
1.47536558e-01 -2.66530243e-09
1.49955191e-01 -2.74678990e-09
1.52373823e-01 -2.82918206e-09
1.54792455e-01 -2.91245903e-09
1.57211087e-01 -2.99660249e-09
1.59629719e-01 -3.08159386e-09
1.62048351e-01 -3.16741209e-09
1.64466983e-01 -3.25403746e-09
1.66885615e-01 -3.34144996e-09
1.69304247e-01 -3.42963087e-09
1.71722880e-01 -3.51855738e-09
1.74141512e-01 -3.60821090e-09
1.76560144e-01 -3.69856990e-09
1.78978776e-01 -3.78961385e-09
1.81397408e-01 -3.88132122e-09
1.83816040e-01 -3.97367112e-09
1.86234672e-01 -4.06664200e-09
1.88653304e-01 -4.16021273e-09
1.91071936e-01 -4.25436162e-09
1.93490568e-01 -4.34906651e-09
1.95909201e-01 -4.44430572e-09
1.98327833e-01 -4.54005773e-09
2.00746465e-01 -4.63629944e-09
2.03165097e-01 -4.73300934e-09
2.05583729e-01 -4.83016459e-09
2.08002361e-01 -4.92774341e-09
2.10420993e-01 -5.02572272e-09
2.12839625e-01 -5.12407983e-09
2.15258257e-01 -5.22279306e-09
2.17676890e-01 -5.32183808e-09
2.20095522e-01 -5.42119333e-09
2.22514154e-01 -5.52083472e-09
2.24932786e-01 -5.62073981e-09
2.27351418e-01 -5.72088553e-09
2.29770050e-01 -5.82124892e-09
2.32188682e-01 -5.92180692e-09
2.34607314e-01 -6.02253555e-09
2.37025946e-01 -6.12341174e-09
2.39444579e-01 -6.22441254e-09
2.41863211e-01 -6.32551474e-09
2.44281843e-01 -6.42669449e-09
2.46700475e-01 -6.52792912e-09
2.49119107e-01 -6.62919452e-09
2.51537739e-01 -6.73046786e-09
2.53956371e-01 -6.83172505e-09
2.56375003e-01 -6.93294301e-09
2.58793635e-01 -7.03409905e-09
2.61212267e-01 -7.13516869e-09
2.63630900e-01 -7.23612987e-09
2.66049532e-01 -7.33695798e-09
2.68468164e-01 -7.43763072e-09
2.70886796e-01 -7.53812411e-09
2.73305428e-01 -7.63841559e-09
2.75724060e-01 -7.73848182e-09
2.78142692e-01 -7.83829935e-09
2.80561324e-01 -7.93784536e-09
2.82979956e-01 -8.03709716e-09
2.85398589e-01 -8.13603179e-09
2.87817221e-01 -8.23462568e-09
2.90235853e-01 -8.33285638e-09
2.92654485e-01 -8.43070198e-09
2.95073117e-01 -8.52813876e-09
2.97491749e-01 -8.62514530e-09
2.99910381e-01 -8.72169854e-09
3.02329013e-01 -8.81777617e-09
3.04747645e-01 -8.91335677e-09
3.07166277e-01 -9.00841689e-09
3.09584910e-01 -9.10293589e-09
3.12003542e-01 -9.19689159e-09
3.14422174e-01 -9.29026220e-09
3.16840806e-01 -9.38302592e-09
3.19259438e-01 -9.47516186e-09
3.21678070e-01 -9.56664860e-09
3.24096702e-01 -9.65746462e-09
3.26515334e-01 -9.74758965e-09
3.28933966e-01 -9.83700228e-09
3.31352599e-01 -9.92568214e-09
3.33771231e-01 -1.00136087e-08
3.36189863e-01 -1.01007619e-08
3.38608495e-01 -1.01871215e-08
3.41027127e-01 -1.02726672e-08
3.43445759e-01 -1.03573796e-08
3.45864391e-01 -1.04412395e-08
3.48283023e-01 -1.05242266e-08
3.50701655e-01 -1.06063227e-08
3.53120288e-01 -1.06875089e-08
3.55538920e-01 -1.07677655e-08
3.57957552e-01 -1.08470745e-08
3.60376184e-01 -1.09254179e-08
3.62794816e-01 -1.10027774e-08
3.65213448e-01 -1.10791352e-08
3.67632080e-01 -1.11544739e-08
3.70050712e-01 -1.12287760e-08
3.72469344e-01 -1.13020238e-08
3.74887976e-01 -1.13742015e-08
3.77306609e-01 -1.14452910e-08
3.79725241e-01 -1.15152769e-08
3.82143873e-01 -1.15841431e-08
3.84562505e-01 -1.16518729e-08
3.86981137e-01 -1.17184518e-08
3.89399769e-01 -1.17838636e-08
3.91818401e-01 -1.18480937e-08
3.94237033e-01 -1.19111271e-08
3.96655665e-01 -1.19729492e-08
3.99074298e-01 -1.20335460e-08
4.01492930e-01 -1.20929029e-08
4.03911562e-01 -1.21510070e-08
4.06330194e-01 -1.22078443e-08
4.08748826e-01 -1.22634020e-08
4.11167458e-01 -1.23176674e-08
4.13586090e-01 -1.23706274e-08
4.16004722e-01 -1.24222701e-08
4.18423354e-01 -1.24725844e-08
4.20841986e-01 -1.25215577e-08
4.23260619e-01 -1.25691792e-08
4.25679251e-01 -1.26154375e-08
4.28097883e-01 -1.26603225e-08
4.30516515e-01 -1.27038233e-08
4.32935147e-01 -1.27459301e-08
4.35353779e-01 -1.27866330e-08
4.37772411e-01 -1.28259225e-08
4.40191043e-01 -1.28637902e-08
4.42609675e-01 -1.29002267e-08
4.45028308e-01 -1.29352244e-08
4.47446940e-01 -1.29687742e-08
4.49865572e-01 -1.30008689e-08
4.52284204e-01 -1.30315015e-08
4.54702836e-01 -1.30606645e-08
4.57121468e-01 -1.30883509e-08
4.59540100e-01 -1.31145550e-08
4.61958732e-01 -1.31392702e-08
4.64377364e-01 -1.31624911e-08
4.66795996e-01 -1.31842119e-08
4.69214629e-01 -1.32044281e-08
4.71633261e-01 -1.32231350e-08
4.74051893e-01 -1.32403283e-08
4.76470525e-01 -1.32560031e-08
4.78889157e-01 -1.32701573e-08
4.81307789e-01 -1.32827868e-08
4.83726421e-01 -1.32938887e-08
4.86145053e-01 -1.33034607e-08
4.88563685e-01 -1.33115005e-08
4.90982318e-01 -1.33180055e-08
4.93400950e-01 -1.33229755e-08
4.95819582e-01 -1.33264085e-08
4.98238214e-01 -1.33283033e-08
5.00656846e-01 -1.33286613e-08
5.03075478e-01 -1.33274801e-08
5.05494110e-01 -1.33247618e-08
5.07912742e-01 -1.33205060e-08
5.10331374e-01 -1.33147143e-08
5.12750007e-01 -1.33073874e-08
5.15168639e-01 -1.32985279e-08
5.17587271e-01 -1.32881368e-08
5.20005903e-01 -1.32762172e-08
5.22424535e-01 -1.32627711e-08
5.24843167e-01 -1.32478025e-08
5.27261799e-01 -1.32313147e-08
5.29680431e-01 -1.32133108e-08
5.32099063e-01 -1.31937954e-08
5.34517695e-01 -1.31727735e-08
5.36936328e-01 -1.31502493e-08
5.39354960e-01 -1.31262278e-08
5.41773592e-01 -1.31007151e-08
5.44192224e-01 -1.30737172e-08
5.46610856e-01 -1.30452396e-08
5.49029488e-01 -1.30152898e-08
5.51448120e-01 -1.29838737e-08
5.53866752e-01 -1.29509993e-08
5.56285384e-01 -1.29166730e-08
5.58704017e-01 -1.28809047e-08
5.61122649e-01 -1.28437010e-08
5.63541281e-01 -1.28050711e-08
5.65959913e-01 -1.27650242e-08
5.68378545e-01 -1.27235690e-08
5.70797177e-01 -1.26807149e-08
5.73215809e-01 -1.26364724e-08
5.75634441e-01 -1.25908514e-08
5.78053073e-01 -1.25438622e-08
5.80471705e-01 -1.24955163e-08
5.82890338e-01 -1.24458235e-08
5.85308970e-01 -1.23947975e-08
5.87727602e-01 -1.23424477e-08
5.90146234e-01 -1.22887873e-08
5.92564866e-01 -1.22338287e-08
5.94983498e-01 -1.21775848e-08
5.97402130e-01 -1.21200679e-08
5.99820762e-01 -1.20612917e-08
6.02239394e-01 -1.20012695e-08
6.04658027e-01 -1.19400148e-08
6.07076659e-01 -1.18775429e-08
6.09495291e-01 -1.18138670e-08
6.11913923e-01 -1.17490029e-08
6.14332555e-01 -1.16829645e-08
6.16751187e-01 -1.16157676e-08
6.19169819e-01 -1.15474276e-08
6.21588451e-01 -1.14779602e-08
6.24007083e-01 -1.14073813e-08
6.26425716e-01 -1.13357079e-08
6.28844348e-01 -1.12629560e-08
6.31262980e-01 -1.11891414e-08
6.33681612e-01 -1.11142831e-08
6.36100244e-01 -1.10383964e-08
6.38518876e-01 -1.09615001e-08
6.40937508e-01 -1.08836119e-08
6.43356140e-01 -1.08047494e-08
6.45774772e-01 -1.07249306e-08
6.48193404e-01 -1.06441745e-08
6.50612037e-01 -1.05624996e-08
6.53030669e-01 -1.04799238e-08
6.55449301e-01 -1.03964670e-08
6.57867933e-01 -1.03121483e-08
6.60286565e-01 -1.02269876e-08
6.62705197e-01 -1.01410036e-08
6.65123829e-01 -1.00542172e-08
6.67542461e-01 -9.96664715e-09
6.69961093e-01 -9.87831521e-09
6.72379726e-01 -9.78924076e-09
6.74798358e-01 -9.69944405e-09
6.77216990e-01 -9.60894686e-09
6.79635622e-01 -9.51776920e-09
6.82054254e-01 -9.42593235e-09
6.84472886e-01 -9.33345771e-09
6.86891518e-01 -9.24036645e-09
6.89310150e-01 -9.14667996e-09
6.91728782e-01 -9.05242018e-09
6.94147414e-01 -8.95760863e-09
6.96566047e-01 -8.86226737e-09
6.98984679e-01 -8.76641781e-09
7.01403311e-01 -8.67008289e-09
7.03821943e-01 -8.57328454e-09
7.06240575e-01 -8.47604454e-09
7.08659207e-01 -8.37838637e-09
7.11077839e-01 -8.28033168e-09
7.13496471e-01 -8.18190343e-09
7.15915103e-01 -8.08312468e-09
7.18333736e-01 -7.98401800e-09
7.20752368e-01 -7.88460558e-09
7.23171000e-01 -7.78491150e-09
7.25589632e-01 -7.68495782e-09
7.28008264e-01 -7.58476839e-09
7.30426896e-01 -7.48436564e-09
7.32845528e-01 -7.38377353e-09
7.35264160e-01 -7.28301503e-09
7.37682792e-01 -7.18211282e-09
7.40101424e-01 -7.08109062e-09
7.42520057e-01 -6.97997175e-09
7.44938689e-01 -6.87877956e-09
7.47357321e-01 -6.77753775e-09
7.49775953e-01 -6.67626928e-09
7.52194585e-01 -6.57499735e-09
7.54613217e-01 -6.47374567e-09
7.57031849e-01 -6.37253758e-09
7.59450481e-01 -6.27139616e-09
7.61869113e-01 -6.17034524e-09
7.64287746e-01 -6.06940841e-09
7.66706378e-01 -5.96860850e-09
7.69125010e-01 -5.86796833e-09
7.71543642e-01 -5.76751147e-09
7.73962274e-01 -5.66726166e-09
7.76380906e-01 -5.56724158e-09
7.78799538e-01 -5.46747468e-09
7.81218170e-01 -5.36798393e-09
7.83636802e-01 -5.26879174e-09
7.86055435e-01 -5.16992172e-09
7.88474067e-01 -5.07139616e-09
7.90892699e-01 -4.97323789e-09
7.93311331e-01 -4.87547024e-09
7.95729963e-01 -4.77811525e-09
7.98148595e-01 -4.68119550e-09
8.00567227e-01 -4.58473366e-09
8.02985859e-01 -4.48875103e-09
8.05404491e-01 -4.39327157e-09
8.07823123e-01 -4.29831516e-09
8.10241756e-01 -4.20390513e-09
8.12660388e-01 -4.11006353e-09
8.15079020e-01 -4.01681112e-09
8.17497652e-01 -3.92416996e-09
8.19916284e-01 -3.83216132e-09
8.22334916e-01 -3.74080636e-09
8.24753548e-01 -3.65012675e-09
8.27172180e-01 -3.56014222e-09
8.29590812e-01 -3.47087522e-09
8.32009445e-01 -3.38234535e-09
8.34428077e-01 -3.29457300e-09
8.36846709e-01 -3.20757945e-09
8.39265341e-01 -3.12138342e-09
8.41683973e-01 -3.03600554e-09
8.44102605e-01 -2.95146595e-09
8.46521237e-01 -2.86778322e-09
8.48939869e-01 -2.78497750e-09
8.51358501e-01 -2.70306750e-09
8.53777133e-01 -2.62207192e-09
8.56195766e-01 -2.54201027e-09
8.58614398e-01 -2.46290061e-09
8.61033030e-01 -2.38476141e-09
8.63451662e-01 -2.30761060e-09
8.65870294e-01 -2.23146564e-09
8.68288926e-01 -2.15634446e-09
8.70707558e-01 -2.08226476e-09
8.73126190e-01 -2.00924320e-09
8.75544822e-01 -1.93729735e-09
8.77963455e-01 -1.86644258e-09
8.80382087e-01 -1.79669634e-09
8.82800719e-01 -1.72807452e-09
8.85219351e-01 -1.66059263e-09
8.87637983e-01 -1.59426657e-09
8.90056615e-01 -1.52911198e-09
8.92475247e-01 -1.46514347e-09
8.94893879e-01 -1.40237592e-09
8.97312511e-01 -1.34082394e-09
8.99731143e-01 -1.28050137e-09
9.02149776e-01 -1.22142321e-09
9.04568408e-01 -1.16360190e-09
9.06987040e-01 -1.10705141e-09
9.09405672e-01 -1.05178457e-09
9.11824304e-01 -9.97814569e-10
9.14242936e-01 -9.45153595e-10
9.16661568e-01 -8.93813440e-10
9.19080200e-01 -8.43807180e-10
9.21498832e-01 -7.95145199e-10
9.23917465e-01 -7.47839420e-10
9.26336097e-01 -7.01900738e-10
9.28754729e-01 -6.57338770e-10
9.31173361e-01 -6.14165053e-10
9.33591993e-01 -5.72388817e-10
9.36010625e-01 -5.32020702e-10
9.38429257e-01 -4.93069555e-10
9.40847889e-01 -4.55543963e-10
9.43266521e-01 -4.19452518e-10
9.45685154e-01 -3.84803807e-10
9.48103786e-01 -3.51606292e-10
9.50522418e-01 -3.19867408e-10
9.52941050e-01 -2.89594078e-10
9.55359682e-01 -2.60794251e-10
9.57778314e-01 -2.33473310e-10
9.60196946e-01 -2.07638050e-10
9.62615578e-01 -1.83295009e-10
9.65034210e-01 -1.60449186e-10
9.67452842e-01 -1.39106352e-10
9.69871475e-01 -1.19271120e-10
9.72290107e-01 -1.00948362e-10
9.74708739e-01 -8.41420527e-11
9.77127371e-01 -6.88561659e-11
9.79546003e-01 -5.50939065e-11
9.81964635e-01 -4.28592487e-11
9.84383267e-01 -3.21548847e-11
9.86801899e-01 -2.29820963e-11
9.89220531e-01 -1.53442167e-11
9.91639164e-01 -9.24227146e-12
9.94057796e-01 -4.67869641e-12
9.96476428e-01 -1.65361971e-12
9.98895060e-01 -1.67938741e-13
1.00131369e+00 -2.22038092e-13
1.00373232e+00 -1.81630236e-12
1.00615096e+00 -4.94983415e-12
1.00856959e+00 -9.62199249e-12
1.01098822e+00 -1.58317518e-11
1.01340685e+00 -2.35780865e-11
1.01582548e+00 -3.28583044e-11
1.01824412e+00 -4.36708672e-11
1.02066275e+00 -5.60135955e-11
1.02308138e+00 -6.98830280e-11
1.02550001e+00 -8.52760879e-11
1.02791865e+00 -1.02189314e-10
1.03033728e+00 -1.20618988e-10
1.03275591e+00 -1.40560240e-10
1.03517454e+00 -1.62009094e-10
1.03759317e+00 -1.84960038e-10
1.04001181e+00 -2.09408585e-10
1.04243044e+00 -2.35347814e-10
1.04484907e+00 -2.62773107e-10
1.04726770e+00 -2.91677416e-10
1.04968633e+00 -3.22053817e-10
1.05210497e+00 -3.53895387e-10
1.05452360e+00 -3.87195460e-10
1.05694223e+00 -4.21945831e-10
1.05936086e+00 -4.58138425e-10
1.06177949e+00 -4.95764651e-10
1.06419813e+00 -5.34816433e-10
1.06661676e+00 -5.75284286e-10
1.06903539e+00 -6.17158721e-10
1.07145402e+00 -6.60430253e-10
1.07387266e+00 -7.05089139e-10
1.07629129e+00 -7.51125122e-10
1.07870992e+00 -7.98525896e-10
1.08112855e+00 -8.47282999e-10
1.08354718e+00 -8.97383997e-10
1.08596582e+00 -9.48816967e-10
1.08838445e+00 -1.00157050e-09
1.09080308e+00 -1.05563280e-09
1.09322171e+00 -1.11099015e-09
1.09564034e+00 -1.16763025e-09
1.09805898e+00 -1.22554014e-09
1.10047761e+00 -1.28470650e-09
1.10289624e+00 -1.34511586e-09
1.10531487e+00 -1.40675412e-09
1.10773350e+00 -1.46960629e-09
1.11015214e+00 -1.53365915e-09
1.11257077e+00 -1.59889630e-09
1.11498940e+00 -1.66530389e-09
1.11740803e+00 -1.73286629e-09
1.11982667e+00 -1.80156823e-09
1.12224530e+00 -1.87139267e-09
1.12466393e+00 -1.94232461e-09
1.12708256e+00 -2.01434700e-09
1.12950119e+00 -2.08744394e-09
1.13191983e+00 -2.16159723e-09
1.13433846e+00 -2.23679097e-09
1.13675709e+00 -2.31300746e-09
1.13917572e+00 -2.39022826e-09
1.14159435e+00 -2.46843669e-09
1.14401299e+00 -2.54761404e-09
1.14643162e+00 -2.62774197e-09
1.14885025e+00 -2.70880216e-09
1.15126888e+00 -2.79077588e-09
1.15368751e+00 -2.87364416e-09
1.15610615e+00 -2.95738726e-09
1.15852478e+00 -3.04198672e-09
1.16094341e+00 -3.12742293e-09
1.16336204e+00 -3.21367550e-09
1.16578068e+00 -3.30072520e-09
1.16819931e+00 -3.38855126e-09
1.17061794e+00 -3.47713369e-09
1.17303657e+00 -3.56645223e-09
1.17545520e+00 -3.65648547e-09
1.17787384e+00 -3.74721380e-09
1.18029247e+00 -3.83861517e-09
1.18271110e+00 -3.93066880e-09
1.18512973e+00 -4.02335393e-09
1.18754836e+00 -4.11664826e-09
1.18996700e+00 -4.21053089e-09
1.19238563e+00 -4.30497964e-09
1.19480426e+00 -4.39997323e-09
1.19722289e+00 -4.49548960e-09
1.19964152e+00 -4.59150672e-09
1.20206016e+00 -4.68800189e-09
1.20447879e+00 -4.78495292e-09
1.20689742e+00 -4.88233791e-09
1.20931605e+00 -4.98013389e-09
1.21173469e+00 -5.07831831e-09
1.21415332e+00 -5.17686887e-09
1.21657195e+00 -5.27576210e-09
1.21899058e+00 -5.37497608e-09
1.22140921e+00 -5.47448734e-09
1.22382785e+00 -5.57427321e-09
1.22624648e+00 -5.67431009e-09
1.22866511e+00 -5.77457541e-09
1.23108374e+00 -5.87504509e-09
1.23350237e+00 -5.97569757e-09
1.23592101e+00 -6.07650786e-09
1.23833964e+00 -6.17745404e-09
1.24075827e+00 -6.27851240e-09
1.24317690e+00 -6.37965857e-09
1.24559553e+00 -6.48087089e-09
1.24801417e+00 -6.58212462e-09
1.25043280e+00 -6.68339655e-09
1.25285143e+00 -6.78466413e-09
1.25527006e+00 -6.88590350e-09
1.25768870e+00 -6.98709159e-09
1.26010733e+00 -7.08820404e-09
1.26252596e+00 -7.18921868e-09
1.26494459e+00 -7.29011153e-09
1.26736322e+00 -7.39085940e-09
1.26978186e+00 -7.49143957e-09
1.27220049e+00 -7.59182771e-09
1.27461912e+00 -7.69200151e-09
1.27703775e+00 -7.79193736e-09
1.27945638e+00 -7.89161234e-09
1.28187502e+00 -7.99100361e-09
1.28429365e+00 -8.09008799e-09
1.28671228e+00 -8.18884327e-09
1.28913091e+00 -8.28724576e-09
1.29154954e+00 -8.38527365e-09
1.29396818e+00 -8.48290324e-09
1.29638681e+00 -8.58011259e-09
1.29880544e+00 -8.67687941e-09
1.30122407e+00 -8.77318099e-09
1.30364271e+00 -8.86899492e-09
1.30606134e+00 -8.96430028e-09
1.30847997e+00 -9.05907337e-09
1.31089860e+00 -9.15329367e-09
1.31331723e+00 -9.24693900e-09
1.31573587e+00 -9.33998771e-09
1.31815450e+00 -9.43241811e-09
1.32057313e+00 -9.52420894e-09
1.32299176e+00 -9.61533955e-09
1.32541039e+00 -9.70578828e-09
1.32782903e+00 -9.79553423e-09
1.33024766e+00 -9.88455754e-09
1.33266629e+00 -9.97283665e-09
1.33508492e+00 -1.00603520e-08
1.33750355e+00 -1.01470826e-08
1.33992219e+00 -1.02330089e-08
1.34234082e+00 -1.03181111e-08
1.34475945e+00 -1.04023697e-08
1.34717808e+00 -1.04857650e-08
1.34959672e+00 -1.05682779e-08
1.35201535e+00 -1.06498889e-08
1.35443398e+00 -1.07305800e-08
1.35685261e+00 -1.08103319e-08
1.35927124e+00 -1.08891267e-08
1.36168988e+00 -1.09669459e-08
1.36410851e+00 -1.10437714e-08
1.36652714e+00 -1.11195858e-08
1.36894577e+00 -1.11943722e-08
1.37136440e+00 -1.12681115e-08
1.37378304e+00 -1.13407885e-08
1.37620167e+00 -1.14123857e-08
1.37862030e+00 -1.14828871e-08
1.38103893e+00 -1.15522747e-08
1.38345756e+00 -1.16205356e-08
1.38587620e+00 -1.16876508e-08
1.38829483e+00 -1.17536070e-08
1.39071346e+00 -1.18183879e-08
1.39313209e+00 -1.18819795e-08
1.39555073e+00 -1.19443663e-08
1.39796936e+00 -1.20055345e-08
1.40038799e+00 -1.20654696e-08
1.40280662e+00 -1.21241577e-08
1.40522525e+00 -1.21815853e-08
1.40764389e+00 -1.22377392e-08
1.41006252e+00 -1.22926070e-08
1.41248115e+00 -1.23461751e-08
1.41489978e+00 -1.23984320e-08
1.41731841e+00 -1.24493653e-08
1.41973705e+00 -1.24989629e-08
1.42215568e+00 -1.25472138e-08
1.42457431e+00 -1.25941073e-08
1.42699294e+00 -1.26396321e-08
1.42941157e+00 -1.26837768e-08
1.43183021e+00 -1.27265329e-08
1.43424884e+00 -1.27678892e-08
1.43666747e+00 -1.28078368e-08
1.43908610e+00 -1.28463670e-08
1.44150474e+00 -1.28834694e-08
1.44392337e+00 -1.29191370e-08
1.44634200e+00 -1.29533606e-08
1.44876063e+00 -1.29861332e-08
1.45117926e+00 -1.30174462e-08
1.45359790e+00 -1.30472929e-08
1.45601653e+00 -1.30756667e-08
1.45843516e+00 -1.31025606e-08
1.46085379e+00 -1.31279684e-08
1.46327242e+00 -1.31518843e-08
1.46569106e+00 -1.31743030e-08
1.46810969e+00 -1.31952195e-08
1.47052832e+00 -1.32146283e-08
1.47294695e+00 -1.32325253e-08
1.47536558e+00 -1.32489069e-08
1.47778422e+00 -1.32637682e-08
1.48020285e+00 -1.32771061e-08
1.48262148e+00 -1.32889185e-08
1.48504011e+00 -1.32992020e-08
1.48745875e+00 -1.33079538e-08
1.48987738e+00 -1.33151726e-08
1.49229601e+00 -1.33208561e-08
1.49471464e+00 -1.33250035e-08
1.49713327e+00 -1.33276134e-08
1.49955191e+00 -1.33286859e-08
1.50197054e+00 -1.33282203e-08
1.50438917e+00 -1.33262162e-08
1.50680780e+00 -1.33226752e-08
1.50922643e+00 -1.33175969e-08
1.51164507e+00 -1.33109837e-08
1.51406370e+00 -1.33028361e-08
1.51648233e+00 -1.32931567e-08
1.51890096e+00 -1.32819474e-08
1.52131959e+00 -1.32692110e-08
1.52373823e+00 -1.32549495e-08
1.52615686e+00 -1.32391671e-08
1.52857549e+00 -1.32218676e-08
1.53099412e+00 -1.32030549e-08
1.53341276e+00 -1.31827325e-08
1.53583139e+00 -1.31609053e-08
1.53825002e+00 -1.31375795e-08
1.54066865e+00 -1.31127595e-08
1.54308728e+00 -1.30864508e-08
1.54550592e+00 -1.30586600e-08
1.54792455e+00 -1.30293934e-08
1.55034318e+00 -1.29986578e-08
1.55276181e+00 -1.29664605e-08
1.55518044e+00 -1.29328082e-08
1.55759908e+00 -1.28977093e-08
1.56001771e+00 -1.28611716e-08
1.56243634e+00 -1.28232036e-08
1.56485497e+00 -1.27838139e-08
1.56727360e+00 -1.27430121e-08
1.56969224e+00 -1.27008073e-08
1.57211087e+00 -1.26572087e-08
1.57452950e+00 -1.26122270e-08
1.57694813e+00 -1.25658721e-08
1.57936677e+00 -1.25181556e-08
1.58178540e+00 -1.24690873e-08
1.58420403e+00 -1.24186793e-08
1.58662266e+00 -1.23669431e-08
1.58904129e+00 -1.23138905e-08
1.59145993e+00 -1.22595340e-08
1.59387856e+00 -1.22038855e-08
1.59629719e+00 -1.21469583e-08
1.59871582e+00 -1.20887657e-08
1.60113445e+00 -1.20293210e-08
1.60355309e+00 -1.19686376e-08
1.60597172e+00 -1.19067296e-08
1.60839035e+00 -1.18436118e-08
1.61080898e+00 -1.17792977e-08
1.61322761e+00 -1.17138034e-08
1.61564625e+00 -1.16471433e-08
1.61806488e+00 -1.15793326e-08
1.62048351e+00 -1.15103872e-08
1.62290214e+00 -1.14403229e-08
1.62532078e+00 -1.13691561e-08
1.62773941e+00 -1.12969032e-08
1.63015804e+00 -1.12235804e-08
1.63257667e+00 -1.11492048e-08
1.63499530e+00 -1.10737939e-08
1.63741394e+00 -1.09973651e-08
1.63983257e+00 -1.09199359e-08
1.64225120e+00 -1.08415236e-08
1.64466983e+00 -1.07621468e-08
1.64708846e+00 -1.06818241e-08
1.64950710e+00 -1.06005738e-08
1.65192573e+00 -1.05184141e-08
1.65434436e+00 -1.04353647e-08
1.65676299e+00 -1.03514440e-08
1.65918162e+00 -1.02666725e-08
1.66160026e+00 -1.01810686e-08
1.66401889e+00 -1.00946526e-08
1.66643752e+00 -1.00074445e-08
1.66885615e+00 -9.91946418e-09
1.67127479e+00 -9.83073214e-09
1.67369342e+00 -9.74126848e-09
1.67611205e+00 -9.65109435e-09
1.67853068e+00 -9.56023052e-09
1.68094931e+00 -9.46869750e-09
1.68336795e+00 -9.37651695e-09
1.68578658e+00 -9.28370951e-09
1.68820521e+00 -9.19029686e-09
1.69062384e+00 -9.09630141e-09
1.69304247e+00 -9.00174344e-09
1.69546111e+00 -8.90664563e-09
1.69787974e+00 -8.81102913e-09
1.70029837e+00 -8.71491702e-09
1.70271700e+00 -8.61833135e-09
1.70513563e+00 -8.52129378e-09
1.70755427e+00 -8.42382726e-09
1.70997290e+00 -8.32595410e-09
1.71239153e+00 -8.22769661e-09
1.71481016e+00 -8.12907810e-09
1.71722880e+00 -8.03012027e-09
1.71964743e+00 -7.93084757e-09
1.72206606e+00 -7.83128118e-09
1.72448469e+00 -7.73144519e-09
1.72690332e+00 -7.63136242e-09
1.72932196e+00 -7.53105620e-09
1.73174059e+00 -7.43054896e-09
1.73415922e+00 -7.32986469e-09
1.73657785e+00 -7.22902619e-09
1.73899648e+00 -7.12805732e-09
1.74141512e+00 -7.02698076e-09
1.74383375e+00 -6.92581959e-09
1.74625238e+00 -6.82459778e-09
1.74867101e+00 -6.72333879e-09
1.75108964e+00 -6.62206507e-09
1.75350828e+00 -6.52080083e-09
1.75592691e+00 -6.41956940e-09
1.75834554e+00 -6.31839465e-09
1.76076417e+00 -6.21729860e-09
1.76318281e+00 -6.11630575e-09
1.76560144e+00 -6.01543905e-09
1.76802007e+00 -5.91472170e-09
1.77043870e+00 -5.81417716e-09
1.77285733e+00 -5.71382825e-09
1.77527597e+00 -5.61369843e-09
1.77769460e+00 -5.51381065e-09
1.78011323e+00 -5.41418862e-09
1.78253186e+00 -5.31485452e-09
1.78495049e+00 -5.21583207e-09
1.78736913e+00 -5.11714344e-09
1.78978776e+00 -5.01881211e-09
1.79220639e+00 -4.92085998e-09
1.79462502e+00 -4.82331000e-09
1.79704365e+00 -4.72618526e-09
1.79946229e+00 -4.62950767e-09
1.80188092e+00 -4.53329967e-09
1.80429955e+00 -4.43758343e-09
1.80671818e+00 -4.34238152e-09
1.80913682e+00 -4.24771509e-09
1.81155545e+00 -4.15360633e-09
1.81397408e+00 -4.06007727e-09
1.81639271e+00 -3.96714920e-09
1.81881134e+00 -3.87484417e-09
1.82122998e+00 -3.78318282e-09
1.82364861e+00 -3.69218656e-09
1.82606724e+00 -3.60187628e-09
1.82848587e+00 -3.51227391e-09
1.83090450e+00 -3.42339842e-09
1.83332314e+00 -3.33527135e-09
1.83574177e+00 -3.24791295e-09
1.83816040e+00 -3.16134348e-09
1.84057903e+00 -3.07558319e-09
1.84299766e+00 -2.99065105e-09
1.84541630e+00 -2.90656759e-09
1.84783493e+00 -2.82335176e-09
1.85025356e+00 -2.74102306e-09
1.85267219e+00 -2.65960021e-09
1.85509083e+00 -2.57910243e-09
1.85750946e+00 -2.49954792e-09
1.85992809e+00 -2.42095541e-09
1.86234672e+00 -2.34334284e-09
1.86476535e+00 -2.26672816e-09
1.86718399e+00 -2.19112919e-09
1.86960262e+00 -2.11656349e-09
1.87202125e+00 -2.04304786e-09
1.87443988e+00 -1.97059986e-09
1.87685851e+00 -1.89923563e-09
1.87927715e+00 -1.82897250e-09
1.88169578e+00 -1.75982597e-09
1.88411441e+00 -1.69181257e-09
1.88653304e+00 -1.62494744e-09
1.88895167e+00 -1.55924660e-09
1.89137031e+00 -1.49472479e-09
1.89378894e+00 -1.43139727e-09
1.89620757e+00 -1.36927853e-09
1.89862620e+00 -1.30838304e-09
1.90104484e+00 -1.24872466e-09
1.90346347e+00 -1.19031762e-09
1.90588210e+00 -1.13317486e-09
1.90830073e+00 -1.07730959e-09
1.91071936e+00 -1.02273565e-09
1.91313800e+00 -9.69464459e-10
1.91555663e+00 -9.17509212e-10
1.91797526e+00 -8.66881835e-10
1.92039389e+00 -8.17593224e-10
1.92281252e+00 -7.69656200e-10
1.92523116e+00 -7.23080634e-10
1.92764979e+00 -6.77877294e-10
1.93006842e+00 -6.34057205e-10
1.93248705e+00 -5.91630238e-10
1.93490568e+00 -5.50606777e-10
1.93732432e+00 -5.10995028e-10
1.93974295e+00 -4.72805502e-10
1.94216158e+00 -4.36046404e-10
1.94458021e+00 -4.00726322e-10
1.94699885e+00 -3.66853335e-10
1.94941748e+00 -3.34435645e-10
1.95183611e+00 -3.03479920e-10
1.95425474e+00 -2.73994492e-10
1.95667337e+00 -2.45984874e-10
1.95909201e+00 -2.19458758e-10
1.96151064e+00 -1.94421527e-10
1.96392927e+00 -1.70879079e-10
1.96634790e+00 -1.48836799e-10
1.96876653e+00 -1.28300840e-10
1.97118517e+00 -1.09274149e-10
1.97360380e+00 -9.17623692e-11
1.97602243e+00 -7.57690886e-11
1.97844106e+00 -6.12985379e-11
1.98085969e+00 -4.83536659e-11
1.98327833e+00 -3.69369083e-11
1.98569696e+00 -2.70518545e-11
1.98811559e+00 -1.87005557e-11
1.99053422e+00 -1.18844222e-11
1.99295286e+00 -6.60601782e-12
1.99537149e+00 -2.86534260e-12
1.99779012e+00 -6.64319509e-13
2.00020875e+00 -2.82034527e-15
2.00262738e+00 -8.80716910e-13
2.00504602e+00 -3.29890659e-12
2.00746465e+00 -7.25572281e-12
2.00988328e+00 -1.27510374e-11
2.01230191e+00 -1.97833119e-11
2.01472054e+00 -2.83508799e-11
2.01713918e+00 -3.84515619e-11
2.01955781e+00 -5.00830504e-11
2.02197644e+00 -6.32434224e-11
2.02439507e+00 -7.79284475e-11
2.02681370e+00 -9.41356898e-11
2.02923234e+00 -1.11860791e-10
2.03165097e+00 -1.31100161e-10
2.03406960e+00 -1.51848671e-10
2.03648823e+00 -1.74102349e-10
2.03890687e+00 -1.97855169e-10
2.04132550e+00 -2.23102387e-10
2.04374413e+00 -2.49837850e-10
2.04616276e+00 -2.78055277e-10
2.04858139e+00 -3.07748384e-10
2.05100003e+00 -3.38909738e-10
2.05341866e+00 -3.71533313e-10
2.05583729e+00 -4.05610263e-10
2.05825592e+00 -4.41133281e-10
2.06067455e+00 -4.78094162e-10
2.06309319e+00 -5.16484574e-10
2.06551182e+00 -5.56295414e-10
2.06793045e+00 -5.97516939e-10
2.07034908e+00 -6.40140689e-10
2.07276771e+00 -6.84156536e-10
2.07518635e+00 -7.29553070e-10
2.07760498e+00 -7.76321189e-10
2.08002361e+00 -8.24449612e-10
2.08244224e+00 -8.73926801e-10
2.08486088e+00 -9.24742244e-10
2.08727951e+00 -9.76883377e-10
2.08969814e+00 -1.03033828e-09
2.09211677e+00 -1.08509541e-09
2.09453540e+00 -1.14114080e-09
2.09695404e+00 -1.19846239e-09
2.09937267e+00 -1.25704686e-09
2.10179130e+00 -1.31687997e-09
2.10420993e+00 -1.37794865e-09
2.10662856e+00 -1.44023880e-09
2.10904720e+00 -1.50373528e-09
2.11146583e+00 -1.56842400e-09
2.11388446e+00 -1.63428958e-09
2.11630309e+00 -1.70131726e-09
2.11872173e+00 -1.76949116e-09
2.12114036e+00 -1.83879589e-09
2.12355899e+00 -1.90921504e-09
2.12597762e+00 -1.98073297e-09
2.12839625e+00 -2.05333238e-09
2.13081489e+00 -2.12699659e-09
2.13323352e+00 -2.20170946e-09
2.13565215e+00 -2.27745214e-09
2.13807078e+00 -2.35420873e-09
2.14048941e+00 -2.43196040e-09
2.14290805e+00 -2.51068957e-09
2.14532668e+00 -2.59037791e-09
2.14774531e+00 -2.67100748e-09
2.15016394e+00 -2.75255879e-09
2.15258257e+00 -2.83501363e-09
2.15500121e+00 -2.91835278e-09
2.15741984e+00 -3.00255701e-09
2.15983847e+00 -3.08760632e-09
2.16225710e+00 -3.17348173e-09
2.16467574e+00 -3.26016389e-09
2.16709437e+00 -3.34763138e-09
2.16951300e+00 -3.43586525e-09
2.17193163e+00 -3.52484393e-09
2.17435026e+00 -3.61454784e-09
2.17676890e+00 -3.70495567e-09
2.17918753e+00 -3.79604654e-09
2.18160616e+00 -3.88780032e-09
2.18402479e+00 -3.98019432e-09
2.18644342e+00 -4.07320854e-09
2.18886206e+00 -4.16682016e-09
2.19128069e+00 -4.26100866e-09
2.19369932e+00 -4.35575201e-09
2.19611795e+00 -4.45102840e-09
2.19853658e+00 -4.54681502e-09
2.20095522e+00 -4.64309058e-09
2.20337385e+00 -4.73983304e-09
2.20579248e+00 -4.83701906e-09
2.20821111e+00 -4.93462685e-09
2.21062975e+00 -5.03263359e-09
2.21304838e+00 -5.13101698e-09
2.21546701e+00 -5.22975368e-09
2.21788564e+00 -5.32882189e-09
2.22030427e+00 -5.42819753e-09
2.22272291e+00 -5.52785828e-09
2.22514154e+00 -5.62778119e-09
2.22756017e+00 -5.72794306e-09
2.22997880e+00 -5.82832094e-09
2.23239743e+00 -5.92889163e-09
2.23481607e+00 -6.02963116e-09
2.23723470e+00 -6.13051709e-09
2.23965333e+00 -6.23152596e-09
2.24207196e+00 -6.33263406e-09
2.24449059e+00 -6.43381856e-09
2.24690923e+00 -6.53505588e-09
2.24932786e+00 -6.63632268e-09
2.25174649e+00 -6.73759538e-09
2.25416512e+00 -6.83885091e-09
2.25658376e+00 -6.94006566e-09
2.25900239e+00 -7.04121606e-09
2.26142102e+00 -7.14227903e-09
2.26383965e+00 -7.24323150e-09
2.26625828e+00 -7.34404936e-09
2.26867692e+00 -7.44471030e-09
2.27109555e+00 -7.54519023e-09
2.27351418e+00 -7.64546632e-09
2.27593281e+00 -7.74551602e-09
2.27835144e+00 -7.84531509e-09
2.28077008e+00 -7.94484110e-09
2.28318871e+00 -8.04407098e-09
2.28560734e+00 -8.14298228e-09
2.28802597e+00 -8.24155142e-09
2.29044460e+00 -8.33975597e-09
2.29286324e+00 -8.43757324e-09
2.29528187e+00 -8.53498117e-09
2.29770050e+00 -8.63195644e-09
2.30011913e+00 -8.72847660e-09
2.30253777e+00 -8.82452038e-09
2.30495640e+00 -8.92006445e-09
2.30737503e+00 -9.01508752e-09
2.30979366e+00 -9.10956781e-09
2.31221229e+00 -9.20348300e-09
2.31463093e+00 -9.29681155e-09
2.31704956e+00 -9.38953169e-09
2.31946819e+00 -9.48162288e-09
2.32188682e+00 -9.57306284e-09
2.32430545e+00 -9.66383103e-09
2.32672409e+00 -9.75390645e-09
2.32914272e+00 -9.84326794e-09
2.33156135e+00 -9.93189562e-09
2.33397998e+00 -1.00197689e-08
2.33639861e+00 -1.01068665e-08
2.33881725e+00 -1.01931691e-08
2.34123588e+00 -1.02786569e-08
2.34365451e+00 -1.03633100e-08
2.34607314e+00 -1.04471092e-08
2.34849178e+00 -1.05300344e-08
2.35091041e+00 -1.06120670e-08
2.35332904e+00 -1.06931882e-08
2.35574767e+00 -1.07733786e-08
2.35816630e+00 -1.08526208e-08
2.36058494e+00 -1.09308955e-08
2.36300357e+00 -1.10081853e-08
2.36542220e+00 -1.10844723e-08
2.36784083e+00 -1.11597382e-08
2.37025946e+00 -1.12339663e-08
2.37267810e+00 -1.13071397e-08
2.37509673e+00 -1.13792404e-08
2.37751536e+00 -1.14502531e-08
2.37993399e+00 -1.15201610e-08
2.38235262e+00 -1.15889472e-08
2.38477126e+00 -1.16565971e-08
2.38718989e+00 -1.17230938e-08
2.38960852e+00 -1.17884230e-08
2.39202715e+00 -1.18525697e-08
2.39444579e+00 -1.19155182e-08
2.39686442e+00 -1.19772546e-08
2.39928305e+00 -1.20377645e-08
2.40170168e+00 -1.20970340e-08
2.40412031e+00 -1.21550491e-08
2.40653895e+00 -1.22117966e-08
2.40895758e+00 -1.22672638e-08
2.41137621e+00 -1.23214373e-08
2.41379484e+00 -1.23743053e-08
2.41621347e+00 -1.24258552e-08
2.41863211e+00 -1.24760750e-08
2.42105074e+00 -1.25249536e-08
2.42346937e+00 -1.25724793e-08
2.42588800e+00 -1.26186411e-08
2.42830663e+00 -1.26634286e-08
2.43072527e+00 -1.27068317e-08
2.43314390e+00 -1.27488397e-08
2.43556253e+00 -1.27894436e-08
2.43798116e+00 -1.28286335e-08
2.44039980e+00 -1.28664012e-08
2.44281843e+00 -1.29027363e-08
2.44523706e+00 -1.29376324e-08
2.44765569e+00 -1.29710801e-08
2.45007432e+00 -1.30030721e-08
2.45249296e+00 -1.30336017e-08
2.45491159e+00 -1.30626609e-08
2.45733022e+00 -1.30902430e-08
2.45974885e+00 -1.31163427e-08
2.46216748e+00 -1.31409524e-08
2.46458612e+00 -1.31640676e-08
2.46700475e+00 -1.31856828e-08
2.46942338e+00 -1.32057931e-08
2.47184201e+00 -1.32243934e-08
2.47426064e+00 -1.32414798e-08
2.47667928e+00 -1.32570480e-08
2.47909791e+00 -1.32710949e-08
2.48151654e+00 -1.32836170e-08
2.48393517e+00 -1.32946112e-08
2.48635381e+00 -1.33040750e-08
2.48877244e+00 -1.33120066e-08
2.49119107e+00 -1.33184042e-08
2.49360970e+00 -1.33232657e-08
2.49602833e+00 -1.33265904e-08
2.49844697e+00 -1.33283777e-08
2.50086560e+00 -1.33286269e-08
2.50328423e+00 -1.33273383e-08
2.50570286e+00 -1.33245110e-08
2.50812149e+00 -1.33201479e-08
2.51054013e+00 -1.33142478e-08
2.51295876e+00 -1.33068133e-08
2.51537739e+00 -1.32978459e-08
2.51779602e+00 -1.32873473e-08
2.52021465e+00 -1.32753198e-08
2.52263329e+00 -1.32617667e-08
2.52505192e+00 -1.32466915e-08
2.52747055e+00 -1.32300961e-08
2.52988918e+00 -1.32119859e-08
2.53230782e+00 -1.31923645e-08
2.53472645e+00 -1.31712363e-08
2.53714508e+00 -1.31486063e-08
2.53956371e+00 -1.31244802e-08
2.54198234e+00 -1.30988627e-08
2.54440098e+00 -1.30717599e-08
2.54681961e+00 -1.30431785e-08
2.54923824e+00 -1.30131249e-08
2.55165687e+00 -1.29816062e-08
2.55407550e+00 -1.29486288e-08
2.55649414e+00 -1.29142015e-08
2.55891277e+00 -1.28783319e-08
2.56133140e+00 -1.28410272e-08
2.56375003e+00 -1.28022974e-08
2.56616866e+00 -1.27621506e-08
2.56858730e+00 -1.27205966e-08
2.57100593e+00 -1.26776448e-08
2.57342456e+00 -1.26333044e-08
2.57584319e+00 -1.25875871e-08
2.57826183e+00 -1.25405021e-08
2.58068046e+00 -1.24920605e-08
2.58309909e+00 -1.24422739e-08
2.58551772e+00 -1.23911540e-08
2.58793635e+00 -1.23387116e-08
2.59035499e+00 -1.22849594e-08
2.59277362e+00 -1.22299103e-08
2.59519225e+00 -1.21735754e-08
2.59761088e+00 -1.21159696e-08
2.60002951e+00 -1.20571050e-08
2.60244815e+00 -1.19969955e-08
2.60486678e+00 -1.19356550e-08
2.60728541e+00 -1.18730971e-08
2.60970404e+00 -1.18093374e-08
2.61212267e+00 -1.17443901e-08
2.61454131e+00 -1.16782700e-08
2.61695994e+00 -1.16109919e-08
2.61937857e+00 -1.15425721e-08
2.62179720e+00 -1.14730260e-08
2.62421584e+00 -1.14023695e-08
2.62663447e+00 -1.13306197e-08
2.62905310e+00 -1.12577920e-08
2.63147173e+00 -1.11839038e-08
2.63389036e+00 -1.11089721e-08
2.63630900e+00 -1.10330138e-08
2.63872763e+00 -1.09560479e-08
2.64114626e+00 -1.08780897e-08
2.64356489e+00 -1.07991596e-08
2.64598352e+00 -1.07192741e-08
2.64840216e+00 -1.06384524e-08
2.65082079e+00 -1.05567132e-08
2.65323942e+00 -1.04740750e-08
2.65565805e+00 -1.03905571e-08
2.65807668e+00 -1.03061788e-08
2.66049532e+00 -1.02209592e-08
2.66291395e+00 -1.01349187e-08
2.66533258e+00 -1.00480756e-08
2.66775121e+00 -9.96045187e-09
2.67016985e+00 -9.87206661e-09
2.67258848e+00 -9.78294062e-09
2.67500711e+00 -9.69309442e-09
2.67742574e+00 -9.60254852e-09
2.67984437e+00 -9.51132343e-09
2.68226301e+00 -9.41944119e-09
2.68468164e+00 -9.32692259e-09
2.68710027e+00 -9.23378838e-09
2.68951890e+00 -9.14006087e-09
2.69193753e+00 -9.04576160e-09
2.69435617e+00 -8.95091236e-09
2.69677480e+00 -8.85553392e-09
2.69919343e+00 -8.75965000e-09
2.70161206e+00 -8.66328175e-09
2.70403069e+00 -8.56645122e-09
2.70644933e+00 -8.46918123e-09
2.70886796e+00 -8.37149422e-09
2.71128659e+00 -8.27341312e-09
2.71370522e+00 -8.17495923e-09
2.71612386e+00 -8.07615650e-09
2.71854249e+00 -7.97702752e-09
2.72096112e+00 -7.87759458e-09
2.72337975e+00 -7.77788128e-09
2.72579838e+00 -7.67791080e-09
2.72821702e+00 -7.57770522e-09
2.73063565e+00 -7.47728913e-09
2.73305428e+00 -7.37668434e-09
2.73547291e+00 -7.27591469e-09
2.73789154e+00 -7.17500324e-09
2.74031018e+00 -7.07397361e-09
2.74272881e+00 -6.97284884e-09
2.74514744e+00 -6.87165229e-09
2.74756607e+00 -6.77040754e-09
2.74998470e+00 -6.66913830e-09
2.75240334e+00 -6.56786675e-09
2.75482197e+00 -6.46661738e-09
2.75724060e+00 -6.36541339e-09
2.75965923e+00 -6.26427812e-09
2.76207787e+00 -6.16323412e-09
2.76449650e+00 -6.06230601e-09
2.76691513e+00 -5.96151636e-09
2.76933376e+00 -5.86088849e-09
2.77175239e+00 -5.76044548e-09
2.77417103e+00 -5.66021144e-09
2.77658966e+00 -5.56020840e-09
2.77900829e+00 -5.46045997e-09
2.78142692e+00 -5.36098921e-09
2.78384555e+00 -5.26181882e-09
2.78626419e+00 -5.16297252e-09
2.78868282e+00 -5.06447221e-09
2.79110145e+00 -4.96634074e-09
2.79352008e+00 -4.86860129e-09
2.79593871e+00 -4.77127655e-09
2.79835735e+00 -4.67438782e-09
2.80077598e+00 -4.57795855e-09
2.80319461e+00 -4.48201117e-09
2.80561324e+00 -4.38656684e-09
2.80803188e+00 -4.29164864e-09
2.81045051e+00 -4.19727783e-09
2.81286914e+00 -4.10347700e-09
2.81528777e+00 -4.01026689e-09
2.81770640e+00 -3.91766957e-09
2.82012504e+00 -3.82570657e-09
2.82254367e+00 -3.73439828e-09
2.82496230e+00 -3.64376687e-09
2.82738093e+00 -3.55383273e-09
2.82979956e+00 -3.46461674e-09
2.83221820e+00 -3.37613918e-09
2.83463683e+00 -3.28842131e-09
2.83705546e+00 -3.20148263e-09
2.83947409e+00 -3.11534339e-09
2.84189272e+00 -3.03002423e-09
2.84431136e+00 -2.94554373e-09
2.84672999e+00 -2.86192216e-09
2.84914862e+00 -2.77917887e-09
2.85156725e+00 -2.69733258e-09
2.85398589e+00 -2.61640226e-09
2.85640452e+00 -2.53640688e-09
2.85882315e+00 -2.45736479e-09
2.86124178e+00 -2.37929494e-09
2.86366041e+00 -2.30221426e-09
2.86607905e+00 -2.22614057e-09
2.86849768e+00 -2.15109272e-09
2.87091631e+00 -2.07708635e-09
2.87333494e+00 -2.00414030e-09
2.87575357e+00 -1.93227034e-09
2.87817221e+00 -1.86149339e-09
2.88059084e+00 -1.79182612e-09
2.88300947e+00 -1.72328391e-09
2.88542810e+00 -1.65588291e-09
2.88784673e+00 -1.58963928e-09
2.89026537e+00 -1.52456776e-09
2.89268400e+00 -1.46068297e-09
2.89510263e+00 -1.39800080e-09
2.89752126e+00 -1.33653458e-09
2.89993990e+00 -1.27629969e-09
2.90235853e+00 -1.21730922e-09
2.90477716e+00 -1.15957727e-09
2.90719579e+00 -1.10311665e-09
2.90961442e+00 -1.04794082e-09
2.91203306e+00 -9.94062613e-10
2.91445169e+00 -9.41494454e-10
2.91687032e+00 -8.90248267e-10
2.91928895e+00 -8.40336232e-10
2.92170758e+00 -7.91769374e-10
2.92412622e+00 -7.44559358e-10
2.92654485e+00 -6.98716569e-10
2.92896348e+00 -6.54252415e-10
2.93138211e+00 -6.11176641e-10
2.93380074e+00 -5.69499373e-10
2.93621938e+00 -5.29230740e-10
2.93863801e+00 -4.90379073e-10
2.94105664e+00 -4.52953861e-10
2.94347527e+00 -4.16963691e-10
2.94589391e+00 -3.82416897e-10
2.94831254e+00 -3.49321812e-10
2.95073117e+00 -3.17685615e-10
2.95314980e+00 -2.87516125e-10
2.95556843e+00 -2.58819368e-10
2.95798707e+00 -2.31603293e-10
2.96040570e+00 -2.05873539e-10
2.96282433e+00 -1.81635235e-10
2.96524296e+00 -1.58895432e-10
2.96766159e+00 -1.37658873e-10
2.97008023e+00 -1.17929533e-10
2.97249886e+00 -9.97135635e-11
2.97491749e+00 -8.30139146e-11
2.97733612e+00 -6.78350727e-11
2.97975475e+00 -5.41806275e-11
2.98217339e+00 -4.20532710e-11
2.98459202e+00 -3.14563364e-11
2.98701065e+00 -2.23916185e-11
2.98942928e+00 -1.48619376e-11
2.99184792e+00 -8.86831932e-12
2.99426655e+00 -4.41268658e-12
2.99668518e+00 -1.49619317e-12
2.99910381e+00 -1.19223687e-13
3.00152244e+00 -2.81265342e-13
3.00394108e+00 -1.98398470e-12
3.00635971e+00 -5.22584340e-12
3.00877834e+00 -1.00063286e-11
3.01119697e+00 -1.63241584e-11
3.01361560e+00 -2.41783072e-11
3.01603424e+00 -3.35668521e-11
3.01845287e+00 -4.44872290e-11
3.02087150e+00 -5.69371304e-11
3.02329013e+00 -7.09139924e-11
3.02570876e+00 -8.64138408e-11
3.02812740e+00 -1.03433855e-10
3.03054603e+00 -1.21970190e-10
3.03296466e+00 -1.42017461e-10
3.03538329e+00 -1.63572334e-10
3.03780193e+00 -1.86628913e-10
3.04022056e+00 -2.11182583e-10
3.04263919e+00 -2.37226933e-10
3.04505782e+00 -2.64756323e-10
3.04747645e+00 -2.93764472e-10
3.04989509e+00 -3.24244327e-10
3.05231372e+00 -3.56189096e-10
3.05473235e+00 -3.89591215e-10
3.05715098e+00 -4.24443631e-10
3.05956961e+00 -4.60736860e-10
3.06198825e+00 -4.98464234e-10
3.06440688e+00 -5.37615883e-10
3.06682551e+00 -5.78182832e-10
3.06924414e+00 -6.20155979e-10
3.07166277e+00 -6.63525582e-10
3.07408141e+00 -7.08282411e-10
3.07650004e+00 -7.54413901e-10
3.07891867e+00 -8.01911848e-10
3.08133730e+00 -8.50763305e-10
3.08375594e+00 -9.00958400e-10
3.08617457e+00 -9.52484698e-10
3.08859320e+00 -1.00533053e-09
3.09101183e+00 -1.05948411e-09
3.09343046e+00 -1.11493223e-09
3.09584910e+00 -1.17166232e-09
3.09826773e+00 -1.22966118e-09
3.10068636e+00 -1.28891561e-09
3.10310499e+00 -1.34941189e-09
3.10552362e+00 -1.41113578e-09
3.10794226e+00 -1.47407320e-09
3.11036089e+00 -1.53820965e-09
3.11277952e+00 -1.60353025e-09
3.11519815e+00 -1.67001899e-09
3.11761678e+00 -1.73766254e-09
3.12003542e+00 -1.80644358e-09
3.12245405e+00 -1.87634661e-09
3.12487268e+00 -1.94735534e-09
3.12729131e+00 -2.01945426e-09
3.12970995e+00 -2.09262543e-09
3.13212858e+00 -2.16685307e-09
3.13454721e+00 -2.24211911e-09
3.13696584e+00 -2.31840650e-09
3.13938447e+00 -2.39569768e-09
3.14180311e+00 -2.47397470e-09
3.14422174e+00 -2.55321986e-09
3.14664037e+00 -2.63341407e-09
3.14905900e+00 -2.71453938e-09
3.15147763e+00 -2.79657643e-09
3.15389627e+00 -2.87950714e-09
3.15631490e+00 -2.96331140e-09
3.15873353e+00 -3.04797047e-09
3.16115216e+00 -3.13346462e-09
3.16357079e+00 -3.21977424e-09
3.16598943e+00 -3.30687893e-09
3.16840806e+00 -3.39475897e-09
3.17082669e+00 -3.48339435e-09
3.17324532e+00 -3.57276340e-09
3.17566396e+00 -3.66284663e-09
3.17808259e+00 -3.75362291e-09
3.18050122e+00 -3.84507106e-09
3.18291985e+00 -3.93716982e-09
3.18533848e+00 -4.02989867e-09
3.18775712e+00 -4.12323518e-09
3.19017575e+00 -4.21715806e-09
3.19259438e+00 -4.31164630e-09
3.19501301e+00 -4.40667732e-09
3.19743164e+00 -4.50222972e-09
3.19985028e+00 -4.59828093e-09
3.20226891e+00 -4.69480853e-09
3.20468754e+00 -4.79179123e-09
3.20710617e+00 -4.88920570e-09
3.20952480e+00 -4.98702989e-09
3.21194344e+00 -5.08524111e-09
3.21436207e+00 -5.18381653e-09
3.21678070e+00 -5.28273386e-09
3.21919933e+00 -5.38196912e-09
3.22161797e+00 -5.48150026e-09
3.22403660e+00 -5.58130446e-09
3.22645523e+00 -5.68135800e-09
3.22887386e+00 -5.78163858e-09
3.23129249e+00 -5.88212236e-09
3.23371113e+00 -5.98278638e-09
3.23612976e+00 -6.08360718e-09
3.23854839e+00 -6.18456208e-09
3.24096702e+00 -6.28562685e-09
3.24338565e+00 -6.38677904e-09
3.24580429e+00 -6.48799457e-09
3.24822292e+00 -6.58925061e-09
3.25064155e+00 -6.69052331e-09
3.25306018e+00 -6.79178986e-09
3.25547881e+00 -6.89302615e-09
3.25789745e+00 -6.99420950e-09
3.26031608e+00 -7.09531593e-09
3.26273471e+00 -7.19632275e-09
3.26515334e+00 -7.29720598e-09
3.26757198e+00 -7.39794282e-09
3.26999061e+00 -7.49850928e-09
3.27240924e+00 -7.59888319e-09
3.27482787e+00 -7.69904134e-09
3.27724650e+00 -7.79895951e-09
3.27966514e+00 -7.89861539e-09
3.28208377e+00 -7.99798589e-09
3.28450240e+00 -8.09704808e-09
3.28692103e+00 -8.19577927e-09
3.28933966e+00 -8.29415599e-09
3.29175830e+00 -8.39215607e-09
3.29417693e+00 -8.48975706e-09
3.29659556e+00 -8.58693603e-09
3.29901419e+00 -8.68367080e-09
3.30143282e+00 -8.77993841e-09
3.30385146e+00 -8.87571785e-09
3.30627009e+00 -8.97098578e-09
3.30868872e+00 -9.06572118e-09
3.31110735e+00 -9.15990123e-09
3.31352599e+00 -9.25350541e-09
3.31594462e+00 -9.34651129e-09
3.31836325e+00 -9.43889747e-09
3.32078188e+00 -9.53064279e-09
3.32320051e+00 -9.62172559e-09
3.32561915e+00 -9.71212573e-09
3.32803778e+00 -9.80182155e-09
3.33045641e+00 -9.89079268e-09
3.33287504e+00 -9.97901898e-09
3.33529367e+00 -1.00664794e-08
3.33771231e+00 -1.01531541e-08
3.34013094e+00 -1.02390230e-08
3.34254957e+00 -1.03240669e-08
3.34496820e+00 -1.04082653e-08
3.34738683e+00 -1.04915993e-08
3.34980547e+00 -1.05740488e-08
3.35222410e+00 -1.06555961e-08
3.35464273e+00 -1.07362216e-08
3.35706136e+00 -1.08159068e-08
3.35948000e+00 -1.08946338e-08
3.36189863e+00 -1.09723833e-08
3.36431726e+00 -1.10491385e-08
3.36673589e+00 -1.11248810e-08
3.36915452e+00 -1.11995936e-08
3.37157316e+00 -1.12732598e-08
3.37399179e+00 -1.13458611e-08
3.37641042e+00 -1.14173820e-08
3.37882905e+00 -1.14878050e-08
3.38124768e+00 -1.15571145e-08
3.38366632e+00 -1.16252946e-08
3.38608495e+00 -1.16923290e-08
3.38850358e+00 -1.17582032e-08
3.39092221e+00 -1.18229010e-08
3.39334084e+00 -1.18864077e-08
3.39575948e+00 -1.19487095e-08
3.39817811e+00 -1.20097913e-08
3.40059674e+00 -1.20696390e-08
3.40301537e+00 -1.21282390e-08
3.40543401e+00 -1.21855775e-08
3.40785264e+00 -1.22416414e-08
3.41027127e+00 -1.22964181e-08
3.41268990e+00 -1.23498948e-08
3.41510853e+00 -1.24020591e-08
3.41752717e+00 -1.24528984e-08
3.41994580e+00 -1.25024020e-08
3.42236443e+00 -1.25505577e-08
3.42478306e+00 -1.25973547e-08
3.42720169e+00 -1.26427829e-08
3.42962033e+00 -1.26868307e-08
3.43203896e+00 -1.27294884e-08
3.43445759e+00 -1.27707459e-08
3.43687622e+00 -1.28105938e-08
3.43929485e+00 -1.28490244e-08
3.44171349e+00 -1.28860262e-08
3.44413212e+00 -1.29215925e-08
3.44655075e+00 -1.29557139e-08
3.44896938e+00 -1.29883835e-08
3.45138802e+00 -1.30195940e-08
3.45380665e+00 -1.30493370e-08
3.45622528e+00 -1.30776064e-08
3.45864391e+00 -1.31043959e-08
3.46106254e+00 -1.31296991e-08
3.46348118e+00 -1.31535099e-08
3.46589981e+00 -1.31758225e-08
3.46831844e+00 -1.31966328e-08
3.47073707e+00 -1.32159358e-08
3.47315570e+00 -1.32337260e-08
3.47557434e+00 -1.32500008e-08
3.47799297e+00 -1.32647547e-08
3.48041160e+00 -1.32779856e-08
3.48283023e+00 -1.32896896e-08
3.48524887e+00 -1.32998658e-08
3.48766750e+00 -1.33085095e-08
3.49008613e+00 -1.33156206e-08
3.49250476e+00 -1.33211963e-08
3.49492339e+00 -1.33252358e-08
3.49734203e+00 -1.33277375e-08
3.49976066e+00 -1.33287018e-08
3.50217929e+00 -1.33281278e-08
3.50459792e+00 -1.33260155e-08
3.50701655e+00 -1.33223663e-08
3.50943519e+00 -1.33171799e-08
3.51185382e+00 -1.33104588e-08
3.51427245e+00 -1.33022032e-08
3.51669108e+00 -1.32924159e-08
3.51910971e+00 -1.32810990e-08
3.52152835e+00 -1.32682546e-08
3.52394698e+00 -1.32538865e-08
3.52636561e+00 -1.32379970e-08
3.52878424e+00 -1.32205910e-08
3.53120288e+00 -1.32016714e-08
3.53362151e+00 -1.31812428e-08
3.53604014e+00 -1.31593107e-08
3.53845877e+00 -1.31358793e-08
3.54087740e+00 -1.31109546e-08
3.54329604e+00 -1.30845417e-08
3.54571467e+00 -1.30566465e-08
3.54813330e+00 -1.30272765e-08
3.55055193e+00 -1.29964381e-08
3.55297056e+00 -1.29641378e-08
3.55538920e+00 -1.29303836e-08
3.55780783e+00 -1.28951830e-08
3.56022646e+00 -1.28585441e-08
3.56264509e+00 -1.28204756e-08
3.56506372e+00 -1.27809868e-08
3.56748236e+00 -1.27400857e-08
3.56990099e+00 -1.26977819e-08
3.57231962e+00 -1.26540858e-08
3.57473825e+00 -1.26090074e-08
3.57715689e+00 -1.25625568e-08
3.57957552e+00 -1.25147447e-08
3.58199415e+00 -1.24655815e-08
3.58441278e+00 -1.24150799e-08
3.58683141e+00 -1.23632507e-08
3.58925005e+00 -1.23101063e-08
3.59166868e+00 -1.22556581e-08
3.59408731e+00 -1.21999195e-08
3.59650594e+00 -1.21429025e-08
3.59892457e+00 -1.20846213e-08
3.60134321e+00 -1.20250885e-08
3.60376184e+00 -1.19643189e-08
3.60618047e+00 -1.19023252e-08
3.60859910e+00 -1.18391231e-08
3.61101773e+00 -1.17747254e-08
3.61343637e+00 -1.17091482e-08
3.61585500e+00 -1.16424066e-08
3.61827363e+00 -1.15745157e-08
3.62069226e+00 -1.15054909e-08
3.62311090e+00 -1.14353489e-08
3.62552953e+00 -1.13641046e-08
3.62794816e+00 -1.12917756e-08
3.63036679e+00 -1.12183783e-08
3.63278542e+00 -1.11439296e-08
3.63520406e+00 -1.10684463e-08
3.63762269e+00 -1.09919462e-08
3.64004132e+00 -1.09144469e-08
3.64245995e+00 -1.08359659e-08
3.64487858e+00 -1.07565228e-08
3.64729722e+00 -1.06761337e-08
3.64971585e+00 -1.05948185e-08
3.65213448e+00 -1.05125960e-08
3.65455311e+00 -1.04294845e-08
3.65697174e+00 -1.03455034e-08
3.65939038e+00 -1.02606728e-08
3.66180901e+00 -1.01750112e-08
3.66422764e+00 -1.00885386e-08
3.66664627e+00 -1.00012755e-08
3.66906491e+00 -9.91324147e-09
3.67148354e+00 -9.82445739e-09
3.67390217e+00 -9.73494335e-09
3.67632080e+00 -9.64471986e-09
3.67873943e+00 -9.55380770e-09
3.68115807e+00 -9.46222878e-09
3.68357670e+00 -9.37000310e-09
3.68599533e+00 -9.27715285e-09
3.68841396e+00 -9.18369853e-09
3.69083259e+00 -9.08966258e-09
3.69325123e+00 -8.99506589e-09
3.69566986e+00 -8.89993077e-09
3.69808849e+00 -8.80427928e-09
3.70050712e+00 -8.70813319e-09
3.70292575e+00 -8.61151457e-09
3.70534439e+00 -8.51444598e-09
3.70776302e+00 -8.41694985e-09
3.71018165e+00 -8.31904913e-09
3.71260028e+00 -8.22076561e-09
3.71501892e+00 -8.12212224e-09
3.71743755e+00 -8.02314158e-09
3.71985618e+00 -7.92384748e-09
3.72227481e+00 -7.82426160e-09
3.72469344e+00 -7.72440791e-09
3.72711208e+00 -7.62430912e-09
3.72953071e+00 -7.52398726e-09
3.73194934e+00 -7.42346707e-09
3.73436797e+00 -7.32277100e-09
3.73678660e+00 -7.22192302e-09
3.73920524e+00 -7.12094505e-09
3.74162387e+00 -7.01986144e-09
3.74404250e+00 -6.91869565e-09
3.74646113e+00 -6.81747064e-09
3.74887976e+00 -6.71620947e-09
3.75129840e+00 -6.61493600e-09
3.75371703e+00 -6.51367381e-09
3.75613566e+00 -6.41244598e-09
3.75855429e+00 -6.31127584e-09
3.76097293e+00 -6.21018620e-09
3.76339156e+00 -6.10920169e-09
3.76581019e+00 -6.00834435e-09
3.76822882e+00 -5.90763853e-09
3.77064745e+00 -5.80710669e-09
3.77306609e+00 -5.70677265e-09
3.77548472e+00 -5.60665898e-09
3.77790335e+00 -5.50678953e-09
3.78032198e+00 -5.40718660e-09
3.78274061e+00 -5.30787391e-09
3.78515925e+00 -5.20887389e-09
3.78757788e+00 -5.11020950e-09
3.78999651e+00 -5.01190380e-09
3.79241514e+00 -4.91397885e-09
3.79483377e+00 -4.81645874e-09
3.79725241e+00 -4.71936451e-09
3.79967104e+00 -4.62271935e-09
3.80208967e+00 -4.52654430e-09
3.80450830e+00 -4.43086370e-09
3.80692694e+00 -4.33569846e-09
3.80934557e+00 -4.24107036e-09
3.81176420e+00 -4.14700197e-09
3.81418283e+00 -4.05351445e-09
3.81660146e+00 -3.96062946e-09
3.81902010e+00 -3.86836942e-09
3.82143873e+00 -3.77675371e-09
3.82385736e+00 -3.68580501e-09
3.82627599e+00 -3.59554461e-09
3.82869462e+00 -3.50599211e-09
3.83111326e+00 -3.41716892e-09
3.83353189e+00 -3.32909518e-09
3.83595052e+00 -3.24179178e-09
3.83836915e+00 -3.15527922e-09
3.84078778e+00 -3.06957598e-09
3.84320642e+00 -2.98470320e-09
3.84562505e+00 -2.90067999e-09
3.84804368e+00 -2.81752595e-09
3.85046231e+00 -2.73526033e-09
3.85288095e+00 -2.65390208e-09
3.85529958e+00 -2.57347020e-09
3.85771821e+00 -2.49398274e-09
3.86013684e+00 -2.41545869e-09
3.86255547e+00 -2.33791573e-09
3.86497411e+00 -2.26137169e-09
3.86739274e+00 -2.18584476e-09
3.86981137e+00 -2.11135239e-09
3.87223000e+00 -2.03791163e-09
3.87464863e+00 -1.96553913e-09
3.87706727e+00 -1.89425208e-09
3.87948590e+00 -1.82406677e-09
3.88190453e+00 -1.75499959e-09
3.88432316e+00 -1.68706619e-09
3.88674179e+00 -1.62028221e-09
3.88916043e+00 -1.55466431e-09
3.89157906e+00 -1.49022583e-09
3.89399769e+00 -1.42698292e-09
3.89641632e+00 -1.36495032e-09
3.89883496e+00 -1.30414112e-09
3.90125359e+00 -1.24457068e-09
3.90367222e+00 -1.18625184e-09
3.90609085e+00 -1.12919882e-09
3.90850948e+00 -1.07342431e-09
3.91092812e+00 -1.01894152e-09
3.91334675e+00 -9.65762756e-10
3.91576538e+00 -9.13900324e-10
3.91818401e+00 -8.63366531e-10
3.92060264e+00 -8.14172915e-10
3.92302128e+00 -7.66330629e-10
3.92543991e+00 -7.19851339e-10
3.92785854e+00 -6.74745300e-10
3.93027717e+00 -6.31023026e-10
3.93269580e+00 -5.88694515e-10
3.93511444e+00 -5.47770151e-10
3.93753307e+00 -5.08258396e-10
3.93995170e+00 -4.70169377e-10
3.94237033e+00 -4.33511298e-10
3.94478897e+00 -3.98292364e-10
3.94720760e+00 -3.64521935e-10
3.94962623e+00 -3.32206675e-10
3.95204486e+00 -3.01354533e-10
3.95446349e+00 -2.71972561e-10
3.95688213e+00 -2.44067039e-10
3.95930076e+00 -2.17645788e-10
3.96171939e+00 -1.92713423e-10
3.96413802e+00 -1.69276226e-10
3.96655665e+00 -1.47340478e-10
3.96897529e+00 -1.26910025e-10
3.97139392e+00 -1.07990123e-10
3.97381255e+00 -9.05851315e-11
3.97623118e+00 -7.46994085e-11
3.97864981e+00 -6.03359028e-11
3.98106845e+00 -4.74984603e-11
3.98348708e+00 -3.61892604e-11
3.98590571e+00 -2.64122771e-11
3.98832434e+00 -1.81686643e-11
3.99074298e+00 -1.14611140e-11
3.99316161e+00 -6.29039554e-12
3.99558024e+00 -2.65881641e-12
3.99799887e+00 -5.65607425e-13
4.00041750e+00 -1.25633562e-14
4.00283614e+00 -9.99043214e-13
4.00525477e+00 -3.52543159e-12
4.00767340e+00 -7.59044651e-12
4.01009203e+00 -1.31942162e-11
4.01251066e+00 -2.03341766e-11
4.01492930e+00 -2.90098151e-11
4.01734793e+00 -3.92181830e-11
4.01976656e+00 -5.09576138e-11
4.02218519e+00 -6.42251590e-11
4.02460382e+00 -7.90176135e-11
4.02702246e+00 -9.53319008e-11
4.02944109e+00 -1.13163534e-10
4.03185972e+00 -1.32509436e-10
4.03427835e+00 -1.53363710e-10
4.03669699e+00 -1.75723407e-10
4.03911562e+00 -1.99581605e-10
4.04153425e+00 -2.24934073e-10
4.04395288e+00 -2.51773889e-10
4.04637151e+00 -2.80095027e-10
4.04879015e+00 -3.09892103e-10
4.05120878e+00 -3.41156913e-10
4.05362741e+00 -3.73882789e-10
4.05604604e+00 -4.08061784e-10
4.05846467e+00 -4.43686719e-10
4.06088331e+00 -4.80748620e-10
4.06330194e+00 -5.19239410e-10
4.06572057e+00 -5.59149091e-10
4.06813920e+00 -6.00469841e-10
4.07055783e+00 -6.43192303e-10
4.07297647e+00 -6.87305067e-10
4.07539510e+00 -7.32799031e-10
4.07781373e+00 -7.79663042e-10
4.08023236e+00 -8.27886459e-10
4.08265100e+00 -8.77458899e-10
4.08506963e+00 -9.28367413e-10
4.08748826e+00 -9.80601874e-10
4.08990689e+00 -1.03414895e-09
4.09232552e+00 -1.08899710e-09
4.09474416e+00 -1.14513274e-09
4.09716279e+00 -1.20254343e-09
4.09958142e+00 -1.26121623e-09
4.10200005e+00 -1.32113690e-09
4.10441868e+00 -1.38229199e-09
4.10683732e+00 -1.44466751e-09
4.10925595e+00 -1.50824861e-09
4.11167458e+00 -1.57302040e-09
4.11409321e+00 -1.63896866e-09
4.11651184e+00 -1.70607737e-09
4.11893048e+00 -1.77433177e-09
4.12134911e+00 -1.84371509e-09
4.12376774e+00 -1.91421218e-09
4.12618637e+00 -1.98580665e-09
4.12860501e+00 -2.05848130e-09
4.13102364e+00 -2.13221974e-09
4.13344227e+00 -2.20700543e-09
4.13586090e+00 -2.28282041e-09
4.13827953e+00 -2.35964726e-09
4.14069817e+00 -2.43746828e-09
4.14311680e+00 -2.51626590e-09
4.14553543e+00 -2.59602129e-09
4.14795406e+00 -2.67671611e-09
4.15037269e+00 -2.75833152e-09
4.15279133e+00 -2.84084918e-09
4.15520996e+00 -2.92424949e-09
4.15762859e+00 -3.00851384e-09
4.16004722e+00 -3.09362263e-09
4.16246585e+00 -3.17955547e-09
4.16488449e+00 -3.26629340e-09
4.16730312e+00 -3.35381550e-09
4.16972175e+00 -3.44210205e-09
4.17214038e+00 -3.53113305e-09
4.17455902e+00 -3.62088695e-09
4.17697765e+00 -3.71134362e-09
4.17939628e+00 -3.80248167e-09
4.18181491e+00 -3.89428096e-09
4.18423354e+00 -3.98671957e-09
4.18665218e+00 -4.07977635e-09
4.18907081e+00 -4.17342976e-09
4.19148944e+00 -4.26765801e-09
4.19390807e+00 -4.36243930e-09
4.19632670e+00 -4.45775210e-09
4.19874534e+00 -4.55357410e-09
4.20116397e+00 -4.64988313e-09
4.20358260e+00 -4.74665750e-09
4.20600123e+00 -4.84387378e-09
4.20841986e+00 -4.94151029e-09
4.21083850e+00 -5.03954395e-09
4.21325713e+00 -5.13795272e-09
4.21567576e+00 -5.23671429e-09
4.21809439e+00 -5.33580456e-09
4.22051303e+00 -5.43520096e-09
4.22293166e+00 -5.53488119e-09
4.22535029e+00 -5.63482141e-09
4.22776892e+00 -5.73499956e-09
4.23018755e+00 -5.83539116e-09
4.23260619e+00 -5.93597454e-09
4.23502482e+00 -6.03672574e-09
4.23744345e+00 -6.13762051e-09
4.23986208e+00 -6.23863733e-09
4.24228071e+00 -6.33975184e-09
4.24469935e+00 -6.44094096e-09
4.24711798e+00 -6.54218122e-09
4.24953661e+00 -6.64344880e-09
4.25195524e+00 -6.74472099e-09
4.25437387e+00 -6.84597433e-09
4.25679251e+00 -6.94718498e-09
4.25921114e+00 -7.04833000e-09
4.26162977e+00 -7.14938630e-09
4.26404840e+00 -7.25032980e-09
4.26646704e+00 -7.35113765e-09
4.26888567e+00 -7.45178655e-09
4.27130430e+00 -7.55225288e-09
4.27372293e+00 -7.65251411e-09
4.27614156e+00 -7.75254688e-09
4.27856020e+00 -7.85232711e-09
4.28097883e+00 -7.95183312e-09
4.28339746e+00 -8.05104146e-09
4.28581609e+00 -8.14992892e-09
4.28823472e+00 -8.24847332e-09
4.29065336e+00 -8.34665159e-09
4.29307199e+00 -8.44444065e-09
4.29549062e+00 -8.54181846e-09
4.29790925e+00 -8.63876231e-09
4.30032788e+00 -8.73524979e-09
4.30274652e+00 -8.83125895e-09
4.30516515e+00 -8.92676738e-09
4.30758378e+00 -9.02175328e-09
4.31000241e+00 -9.11619421e-09
4.31242105e+00 -9.21006901e-09
4.31483968e+00 -9.30335501e-09
4.31725831e+00 -9.39603194e-09
4.31967694e+00 -9.48807750e-09
4.32209557e+00 -9.57947117e-09
4.32451421e+00 -9.67019091e-09
4.32693284e+00 -9.76021710e-09
4.32935147e+00 -9.84952795e-09
4.33177010e+00 -9.93810307e-09
4.33418873e+00 -1.00259216e-08
4.33660737e+00 -1.01129645e-08
4.33902600e+00 -1.01992105e-08
4.34144463e+00 -1.02846401e-08
4.34386326e+00 -1.03692332e-08
4.34628189e+00 -1.04529718e-08
4.34870053e+00 -1.05358351e-08
4.35111916e+00 -1.06178044e-08
4.35353779e+00 -1.06988607e-08
4.35595642e+00 -1.07789853e-08
4.35837506e+00 -1.08581596e-08
4.36079369e+00 -1.09363657e-08
4.36321232e+00 -1.10135855e-08
4.36563095e+00 -1.10898006e-08
4.36804958e+00 -1.11649939e-08
4.37046822e+00 -1.12391487e-08
4.37288685e+00 -1.13122468e-08
4.37530548e+00 -1.13842719e-08
4.37772411e+00 -1.14552074e-08
4.38014274e+00 -1.15250366e-08
4.38256138e+00 -1.15937436e-08
4.38498001e+00 -1.16613125e-08
4.38739864e+00 -1.17277277e-08
4.38981727e+00 -1.17929743e-08
4.39223590e+00 -1.18570366e-08
4.39465454e+00 -1.19199003e-08
4.39707317e+00 -1.19815513e-08
4.39949180e+00 -1.20419736e-08
4.40191043e+00 -1.21011555e-08
4.40432907e+00 -1.21590816e-08
4.40674770e+00 -1.22157401e-08
4.40916633e+00 -1.22711160e-08
4.41158496e+00 -1.23251987e-08
4.41400359e+00 -1.23779740e-08
4.41642223e+00 -1.24294307e-08
4.41884086e+00 -1.24795568e-08
4.42125949e+00 -1.25283403e-08
4.42367812e+00 -1.25757709e-08
4.42609675e+00 -1.26218365e-08
4.42851539e+00 -1.26665266e-08
4.43093402e+00 -1.27098319e-08
4.43335265e+00 -1.27517413e-08
4.43577128e+00 -1.27922458e-08
4.43818991e+00 -1.28313356e-08
4.44060855e+00 -1.28690022e-08
4.44302718e+00 -1.29052367e-08
4.44544581e+00 -1.29400310e-08
4.44786444e+00 -1.29733767e-08
4.45028308e+00 -1.30052659e-08
4.45270171e+00 -1.30356920e-08
4.45512034e+00 -1.30646471e-08
4.45753897e+00 -1.30921256e-08
4.45995760e+00 -1.31181201e-08
4.46237624e+00 -1.31426254e-08
4.46479487e+00 -1.31656352e-08
4.46721350e+00 -1.31871447e-08
4.46963213e+00 -1.32071485e-08
4.47205076e+00 -1.32256424e-08
4.47446940e+00 -1.32426219e-08
4.47688803e+00 -1.32580833e-08
4.47930666e+00 -1.32720226e-08
4.48172529e+00 -1.32844370e-08
4.48414392e+00 -1.32953236e-08
4.48656256e+00 -1.33046801e-08
4.48898119e+00 -1.33125039e-08
4.49139982e+00 -1.33187934e-08
4.49381845e+00 -1.33235468e-08
4.49623709e+00 -1.33267634e-08
4.49865572e+00 -1.33284426e-08
4.50107435e+00 -1.33285836e-08
4.50349298e+00 -1.33271864e-08
4.50591161e+00 -1.33242513e-08
4.50833025e+00 -1.33197796e-08
4.51074888e+00 -1.33137718e-08
4.51316751e+00 -1.33062290e-08
4.51558614e+00 -1.32971534e-08
4.51800477e+00 -1.32865468e-08
4.52042341e+00 -1.32744122e-08
4.52284204e+00 -1.32607522e-08
4.52526067e+00 -1.32455693e-08
4.52767930e+00 -1.32288677e-08
4.53009793e+00 -1.32106508e-08
4.53251657e+00 -1.31909232e-08
4.53493520e+00 -1.31696893e-08
4.53735383e+00 -1.31469541e-08
4.53977246e+00 -1.31227227e-08
4.54219110e+00 -1.30970000e-08
4.54460973e+00 -1.30697933e-08
4.54702836e+00 -1.30411081e-08
4.54944699e+00 -1.30109512e-08
4.55186562e+00 -1.29793292e-08
4.55428426e+00 -1.29462501e-08
4.55670289e+00 -1.29117207e-08
4.55912152e+00 -1.28757496e-08
4.56154015e+00 -1.28383449e-08
4.56395878e+00 -1.27995148e-08
4.56637742e+00 -1.27592684e-08
4.56879605e+00 -1.27176156e-08
4.57121468e+00 -1.26745655e-08
4.57363331e+00 -1.26301281e-08
4.57605194e+00 -1.25843139e-08
4.57847058e+00 -1.25371333e-08
4.58088921e+00 -1.24885963e-08
4.58330784e+00 -1.24387159e-08
4.58572647e+00 -1.23875024e-08
4.58814511e+00 -1.23349675e-08
4.59056374e+00 -1.22811238e-08
4.59298237e+00 -1.22259834e-08
4.59540100e+00 -1.21695592e-08
4.59781963e+00 -1.21118643e-08
4.60023827e+00 -1.20529115e-08
4.60265690e+00 -1.19927154e-08
4.60507553e+00 -1.19312884e-08
4.60749416e+00 -1.18686462e-08
4.60991279e+00 -1.18048022e-08
4.61233143e+00 -1.17397716e-08
4.61475006e+00 -1.16735689e-08
4.61716869e+00 -1.16062105e-08
4.61958732e+00 -1.15377105e-08
4.62200595e+00 -1.14680862e-08
4.62442459e+00 -1.13973524e-08
4.62684322e+00 -1.13255254e-08
4.62926185e+00 -1.12526231e-08
4.63168048e+00 -1.11786608e-08
4.63409912e+00 -1.11036558e-08
4.63651775e+00 -1.10276268e-08
4.63893638e+00 -1.09505897e-08
4.64135501e+00 -1.08725633e-08
4.64377364e+00 -1.07935647e-08
4.64619228e+00 -1.07136134e-08
4.64861091e+00 -1.06327263e-08
4.65102954e+00 -1.05509229e-08
4.65344817e+00 -1.04682223e-08
4.65586680e+00 -1.03846431e-08
4.65828544e+00 -1.03002045e-08
4.66070407e+00 -1.02149266e-08
4.66312270e+00 -1.01288287e-08
4.66554133e+00 -1.00419306e-08
4.66795996e+00 -9.95425250e-09
4.67037860e+00 -9.86581480e-09
4.67279723e+00 -9.77663664e-09
4.67521586e+00 -9.68674070e-09
4.67763449e+00 -9.59614608e-09
4.68005313e+00 -9.50487445e-09
4.68247176e+00 -9.41294645e-09
4.68489039e+00 -9.32038413e-09
4.68730902e+00 -9.22720748e-09
4.68972765e+00 -9.13343921e-09
4.69214629e+00 -9.03910033e-09
4.69456492e+00 -8.94421263e-09
4.69698355e+00 -8.84879843e-09
4.69940218e+00 -8.75287976e-09
4.70182081e+00 -8.65647780e-09
4.70423945e+00 -8.55961586e-09
4.70665808e+00 -8.46231587e-09
4.70907671e+00 -8.36460001e-09
4.71149534e+00 -8.26649199e-09
4.71391397e+00 -8.16801297e-09
4.71633261e+00 -8.06918628e-09
4.71875124e+00 -7.97003473e-09
4.72116987e+00 -7.87058167e-09
4.72358850e+00 -7.77084964e-09
4.72600714e+00 -7.67086148e-09
4.72842577e+00 -7.57064025e-09
4.73084440e+00 -7.47021007e-09
4.73326303e+00 -7.36959271e-09
4.73568166e+00 -7.26881203e-09
4.73810030e+00 -7.16789162e-09
4.74051893e+00 -7.06685480e-09
4.74293756e+00 -6.96572427e-09
4.74535619e+00 -6.86452374e-09
4.74777482e+00 -6.76327642e-09
4.75019346e+00 -6.66200551e-09
4.75261209e+00 -6.56073512e-09
4.75503072e+00 -6.45948819e-09
4.75744935e+00 -6.35828843e-09
4.75986798e+00 -6.25715803e-09
4.76228662e+00 -6.15612211e-09
4.76470525e+00 -6.05520246e-09
4.76712388e+00 -5.95442370e-09
4.76954251e+00 -5.85380789e-09
4.77196115e+00 -5.75337898e-09
4.77437978e+00 -5.65316006e-09
4.77679841e+00 -5.55317421e-09
4.77921704e+00 -5.45344462e-09
4.78163567e+00 -5.35399386e-09
4.78405431e+00 -5.25484565e-09
4.78647294e+00 -5.15602293e-09
4.78889157e+00 -5.05754750e-09
4.79131020e+00 -4.95944294e-09
4.79372883e+00 -4.86173195e-09
4.79614747e+00 -4.76443696e-09
4.79856610e+00 -4.66757977e-09
4.80098473e+00 -4.57118408e-09
4.80340336e+00 -4.47527132e-09
4.80582199e+00 -4.37986353e-09
4.80824063e+00 -4.28498301e-09
4.81065926e+00 -4.19065220e-09
4.81307789e+00 -4.09689175e-09
4.81549652e+00 -4.00372420e-09
4.81791516e+00 -3.91117124e-09
4.82033379e+00 -3.81925337e-09
4.82275242e+00 -3.72799199e-09
4.82517105e+00 -3.63740904e-09
4.82758968e+00 -3.54752489e-09
4.83000832e+00 -3.45835955e-09
4.83242695e+00 -3.36993532e-09
4.83484558e+00 -3.28227129e-09
4.83726421e+00 -3.19538838e-09
4.83968284e+00 -3.10930657e-09
4.84210148e+00 -3.02404510e-09
4.84452011e+00 -2.93962473e-09
4.84693874e+00 -2.85606456e-09
4.84935737e+00 -2.77338345e-09
4.85177600e+00 -2.69160125e-09
4.85419464e+00 -2.61073670e-09
4.85661327e+00 -2.53080799e-09
4.85903190e+00 -2.45183358e-09
4.86145053e+00 -2.37383231e-09
4.86386917e+00 -2.29682150e-09
4.86628780e+00 -2.22082012e-09
4.86870643e+00 -2.14584509e-09
4.87112506e+00 -2.07191332e-09
4.87354369e+00 -1.99904176e-09
4.87596233e+00 -1.92724833e-09
4.87838096e+00 -1.85654920e-09
4.88079959e+00 -1.78696000e-09
4.88321822e+00 -1.71849791e-09
4.88563685e+00 -1.65117832e-09
4.88805549e+00 -1.58501622e-09
4.89047412e+00 -1.52002714e-09
4.89289275e+00 -1.45622708e-09
4.89531138e+00 -1.39362952e-09
4.89773002e+00 -1.33224996e-09
4.90014865e+00 -1.27210212e-09
4.90256728e+00 -1.21319985e-09
4.90498591e+00 -1.15555674e-09
4.90740454e+00 -1.09918650e-09
4.90982318e+00 -1.04410156e-09
4.91224181e+00 -9.90315143e-10
4.91466044e+00 -9.37839414e-10
4.91707907e+00 -8.86686684e-10
4.91949770e+00 -8.36868490e-10
4.92191634e+00 -7.88396241e-10
4.92433497e+00 -7.41282630e-10
4.92675360e+00 -6.95537014e-10
4.92917223e+00 -6.51170291e-10
4.93159086e+00 -6.08192972e-10
4.93400950e+00 -5.66614801e-10
4.93642813e+00 -5.26445136e-10
4.93884676e+00 -4.87693720e-10
4.94126539e+00 -4.50369143e-10
4.94368403e+00 -4.14480634e-10
4.94610266e+00 -3.80036013e-10
4.94852129e+00 -3.47043486e-10
4.95093992e+00 -3.15510487e-10
4.95335855e+00 -2.85444325e-10
4.95577719e+00 -2.56851921e-10
4.95819582e+00 -2.29740070e-10
4.96061445e+00 -2.04114285e-10
4.96303308e+00 -1.79982257e-10
4.96545171e+00 -1.57347576e-10
4.96787035e+00 -1.36216523e-10
4.97028898e+00 -1.16594227e-10
4.97270761e+00 -9.84844058e-11
4.97512624e+00 -8.18921863e-11
4.97754487e+00 -6.68203894e-11
4.97996351e+00 -5.32727327e-11
4.98238214e+00 -4.12535749e-11
4.98480077e+00 -3.07640698e-11
4.98721940e+00 -2.18079352e-11
4.98963804e+00 -1.43860684e-11
4.99205667e+00 -8.50039246e-12
4.99447530e+00 -4.15283022e-12
4.99689393e+00 -1.34479191e-12
4.99931256e+00 -7.58929274e-14
5.00173120e+00 -3.46646074e-13
