#	Time	Error_of_Energy
2.41863211e-03 -1.92039874e-13
4.83726421e-03 -7.69185075e-13
7.25589632e-03 -1.73092281e-12
9.67452842e-03 -3.07712489e-12
1.20931605e-02 -4.80727852e-12
1.45117926e-02 -6.92151189e-12
1.69304247e-02 -9.41867124e-12
1.93490568e-02 -1.22982438e-11
2.17676890e-02 -1.55599731e-11
2.41863211e-02 -1.92032182e-11
2.66049532e-02 -2.32264407e-11
2.90235853e-02 -2.76289997e-11
3.14422174e-02 -3.24106387e-11
3.38608495e-02 -3.75687938e-11
3.62794816e-02 -4.31032086e-11
3.86981137e-02 -4.90127293e-11
4.11167458e-02 -5.52956894e-11
4.35353779e-02 -6.19510633e-11
4.59540100e-02 -6.89761588e-11
4.83726421e-02 -7.63703349e-11
5.07912742e-02 -8.41317969e-11
5.32099063e-02 -9.22584936e-11
5.56285384e-02 -1.00748887e-10
5.80471705e-02 -1.09600925e-10
6.04658027e-02 -1.18812173e-10
6.28844348e-02 -1.28380963e-10
6.53030669e-02 -1.38304861e-10
6.77216990e-02 -1.48581686e-10
7.01403311e-02 -1.59208619e-10
7.25589632e-02 -1.70183993e-10
7.49775953e-02 -1.81504730e-10
7.73962274e-02 -1.93168268e-10
7.98148595e-02 -2.05172170e-10
8.22334916e-02 -2.17512976e-10
8.46521237e-02 -2.30189018e-10
8.70707558e-02 -2.43195809e-10
8.94893879e-02 -2.56531555e-10
9.19080200e-02 -2.70193564e-10
9.43266521e-02 -2.84177349e-10
9.67452842e-02 -2.98480217e-10
9.91639164e-02 -3.13099349e-10
1.01582548e-01 -3.28030769e-10
1.04001181e-01 -3.43271402e-10
1.06419813e-01 -3.58816504e-10
1.08838445e-01 -3.74664666e-10
1.11257077e-01 -3.90810629e-10
1.13675709e-01 -4.07251191e-10
1.16094341e-01 -4.23982377e-10
1.18512973e-01 -4.41000725e-10
1.20931605e-01 -4.58301235e-10
1.23350237e-01 -4.75881986e-10
1.25768870e-01 -4.93736310e-10
1.28187502e-01 -5.11862156e-10
1.30606134e-01 -5.30254140e-10
1.33024766e-01 -5.48908673e-10
1.35443398e-01 -5.67821139e-10
1.37862030e-01 -5.86987309e-10
1.40280662e-01 -6.06402437e-10
1.42699294e-01 -6.26062551e-10
1.45117926e-01 -6.45962779e-10
1.47536558e-01 -6.66098891e-10
1.49955191e-01 -6.86465630e-10
1.52373823e-01 -7.07058509e-10
1.54792455e-01 -7.27873554e-10
1.57211087e-01 -7.48904100e-10
1.59629719e-01 -7.70147581e-10
1.62048351e-01 -7.91597333e-10
1.64466983e-01 -8.13249252e-10
1.66885615e-01 -8.35097826e-10
1.69304247e-01 -8.57138311e-10
1.71722880e-01 -8.79365837e-10
1.74141512e-01 -9.01775147e-10
1.76560144e-01 -9.24360728e-10
1.78978776e-01 -9.47117838e-10
1.81397408e-01 -9.70041091e-10
1.83816040e-01 -9.93124848e-10
1.86234672e-01 -1.01636360e-09
1.88653304e-01 -1.03975298e-09
1.91071936e-01 -1.06328683e-09
1.93490568e-01 -1.08695953e-09
1.95909201e-01 -1.11076658e-09
1.98327833e-01 -1.13470144e-09
2.00746465e-01 -1.15875937e-09
2.03165097e-01 -1.18293408e-09
2.05583729e-01 -1.20722059e-09
2.08002361e-01 -1.23161260e-09
2.10420993e-01 -1.25610551e-09
2.12839625e-01 -1.28069289e-09
2.15258257e-01 -1.30536925e-09
2.17676890e-01 -1.33012893e-09
2.20095522e-01 -1.35496630e-09
2.22514154e-01 -1.37987546e-09
2.24932786e-01 -1.40485052e-09
2.27351418e-01 -1.42988595e-09
2.29770050e-01 -1.45497562e-09
2.32188682e-01 -1.48011502e-09
2.34607314e-01 -1.50529673e-09
2.37025946e-01 -1.53051549e-09
2.39444579e-01 -1.55576553e-09
2.41863211e-01 -1.58104120e-09
2.44281843e-01 -1.60633637e-09
2.46700475e-01 -1.63164486e-09
2.49119107e-01 -1.65696195e-09
2.51537739e-01 -1.68228109e-09
2.53956371e-01 -1.70759625e-09
2.56375003e-01 -1.73290218e-09
2.58793635e-01 -1.75819209e-09
2.61212267e-01 -1.78346072e-09
2.63630900e-01 -1.80870306e-09
2.66049532e-01 -1.83391182e-09
2.68468164e-01 -1.85908199e-09
2.70886796e-01 -1.88420755e-09
2.73305428e-01 -1.90928247e-09
2.75724060e-01 -1.93430150e-09
2.78142692e-01 -1.95925874e-09
2.80561324e-01 -1.98414803e-09
2.82979956e-01 -2.00896373e-09
2.85398589e-01 -2.03370047e-09
2.87817221e-01 -2.05835259e-09
2.90235853e-01 -2.08291370e-09
2.92654485e-01 -2.10737865e-09
2.95073117e-01 -2.13174182e-09
2.97491749e-01 -2.15599756e-09
2.99910381e-01 -2.18013997e-09
3.02329013e-01 -2.20416367e-09
3.04747645e-01 -2.22806354e-09
3.07166277e-01 -2.25183276e-09
3.09584910e-01 -2.27546713e-09
3.12003542e-01 -2.29896073e-09
3.14422174e-01 -2.32230819e-09
3.16840806e-01 -2.34550399e-09
3.19259438e-01 -2.36854327e-09
3.21678070e-01 -2.39142024e-09
3.24096702e-01 -2.41412941e-09
3.26515334e-01 -2.43666627e-09
3.28933966e-01 -2.45902469e-09
3.31352599e-01 -2.48120004e-09
3.33771231e-01 -2.50318745e-09
3.36189863e-01 -2.52498128e-09
3.38608495e-01 -2.54657718e-09
3.41027127e-01 -2.56796950e-09
3.43445759e-01 -2.58915362e-09
3.45864391e-01 -2.61012417e-09
3.48283023e-01 -2.63087743e-09
3.50701655e-01 -2.65140736e-09
3.53120288e-01 -2.67171000e-09
3.55538920e-01 -2.69178035e-09
3.57957552e-01 -2.71161404e-09
3.60376184e-01 -2.73120621e-09
3.62794816e-01 -2.75055250e-09
3.65213448e-01 -2.76964803e-09
3.67632080e-01 -2.78848922e-09
3.70050712e-01 -2.80707093e-09
3.72469344e-01 -2.82538933e-09
3.74887976e-01 -2.84343980e-09
3.77306609e-01 -2.86121849e-09
3.79725241e-01 -2.87872168e-09
3.82143873e-01 -2.89594437e-09
3.84562505e-01 -2.91288337e-09
3.86981137e-01 -2.92953392e-09
3.89399769e-01 -2.94589333e-09
3.91818401e-01 -2.96195737e-09
3.94237033e-01 -2.97772208e-09
3.96655665e-01 -2.99318347e-09
3.99074298e-01 -3.00833846e-09
4.01492930e-01 -3.02318374e-09
4.03911562e-01 -3.03771569e-09
4.06330194e-01 -3.05193087e-09
4.08748826e-01 -3.06582607e-09
4.11167458e-01 -3.07939809e-09
4.13586090e-01 -3.09264371e-09
4.16004722e-01 -3.10556000e-09
4.18423354e-01 -3.11814386e-09
4.20841986e-01 -3.13039275e-09
4.23260619e-01 -3.14230281e-09
4.25679251e-01 -3.15387277e-09
4.28097883e-01 -3.16509864e-09
4.30516515e-01 -3.17597902e-09
4.32935147e-01 -3.18651006e-09
4.35353779e-01 -3.19669061e-09
4.37772411e-01 -3.20651720e-09
4.40191043e-01 -3.21598856e-09
4.42609675e-01 -3.22510187e-09
4.45028308e-01 -3.23385481e-09
4.47446940e-01 -3.24224636e-09
4.49865572e-01 -3.25027358e-09
4.52284204e-01 -3.25793569e-09
4.54702836e-01 -3.26522949e-09
4.57121468e-01 -3.27215459e-09
4.59540100e-01 -3.27870856e-09
4.61958732e-01 -3.28488986e-09
4.64377364e-01 -3.29069784e-09
4.66795996e-01 -3.29613085e-09
4.69214629e-01 -3.30118748e-09
4.71633261e-01 -3.30586643e-09
4.74051893e-01 -3.31016682e-09
4.76470525e-01 -3.31408774e-09
4.78889157e-01 -3.31762778e-09
4.81307789e-01 -3.32078683e-09
4.83726421e-01 -3.32356358e-09
4.86145053e-01 -3.32595780e-09
4.88563685e-01 -3.32796858e-09
4.90982318e-01 -3.32959541e-09
4.93400950e-01 -3.33083879e-09
4.95819582e-01 -3.33169797e-09
4.98238214e-01 -3.33217141e-09
5.00656846e-01 -3.33226089e-09
5.03075478e-01 -3.33196591e-09
5.05494110e-01 -3.33128569e-09
5.07912742e-01 -3.33022127e-09
5.10331374e-01 -3.32877251e-09
5.12750007e-01 -3.32693992e-09
5.15168639e-01 -3.32472377e-09
5.17587271e-01 -3.32212521e-09
5.20005903e-01 -3.31914385e-09
5.22424535e-01 -3.31578097e-09
5.24843167e-01 -3.31203670e-09
5.27261799e-01 -3.30791272e-09
5.29680431e-01 -3.30340965e-09
5.32099063e-01 -3.29852815e-09
5.34517695e-01 -3.29327051e-09
5.36936328e-01 -3.28763674e-09
5.39354960e-01 -3.28162851e-09
5.41773592e-01 -3.27524710e-09
5.44192224e-01 -3.26849429e-09
5.46610856e-01 -3.26137177e-09
5.49029488e-01 -3.25388093e-09
5.51448120e-01 -3.24602332e-09
5.53866752e-01 -3.23780022e-09
5.56285384e-01 -3.22921470e-09
5.58704017e-01 -3.22026908e-09
5.61122649e-01 -3.21096361e-09
5.63541281e-01 -3.20130174e-09
5.65959913e-01 -3.19128542e-09
5.68378545e-01 -3.18091693e-09
5.70797177e-01 -3.17019846e-09
5.73215809e-01 -3.15913297e-09
5.75634441e-01 -3.14772275e-09
5.78053073e-01 -3.13596998e-09
5.80471705e-01 -3.12387852e-09
5.82890338e-01 -3.11144965e-09
5.85308970e-01 -3.09868746e-09
5.87727602e-01 -3.08559490e-09
5.90146234e-01 -3.07217416e-09
5.92564866e-01 -3.05842908e-09
5.94983498e-01 -3.04436197e-09
5.97402130e-01 -3.02997679e-09
5.99820762e-01 -3.01527664e-09
6.02239394e-01 -3.00026510e-09
6.04658027e-01 -2.98494601e-09
6.07076659e-01 -2.96932181e-09
6.09495291e-01 -2.95339660e-09
6.11913923e-01 -2.93717423e-09
6.14332555e-01 -2.92065854e-09
6.16751187e-01 -2.90385262e-09
6.19169819e-01 -2.88676171e-09
6.21588451e-01 -2.86938826e-09
6.24007083e-01 -2.85173700e-09
6.26425716e-01 -2.83381242e-09
6.28844348e-01 -2.81561786e-09
6.31262980e-01 -2.79715780e-09
6.33681612e-01 -2.77843699e-09
6.36100244e-01 -2.75945876e-09
6.38518876e-01 -2.74022862e-09
6.40937508e-01 -2.72075004e-09
6.43356140e-01 -2.70102826e-09
6.45774772e-01 -2.68106714e-09
6.48193404e-01 -2.66087193e-09
6.50612037e-01 -2.64044673e-09
6.53030669e-01 -2.61979642e-09
6.55449301e-01 -2.59892650e-09
6.57867933e-01 -2.57784071e-09
6.60286565e-01 -2.55654479e-09
6.62705197e-01 -2.53504325e-09
6.65123829e-01 -2.51334069e-09
6.67542461e-01 -2.49144238e-09
6.69961093e-01 -2.46935382e-09
6.72379726e-01 -2.44707976e-09
6.74798358e-01 -2.42462519e-09
6.77216990e-01 -2.40199525e-09
6.79635622e-01 -2.37919558e-09
6.82054254e-01 -2.35623131e-09
6.84472886e-01 -2.33310742e-09
6.86891518e-01 -2.30982970e-09
6.89310150e-01 -2.28640340e-09
6.91728782e-01 -2.26283403e-09
6.94147414e-01 -2.23912660e-09
6.96566047e-01 -2.21528686e-09
6.98984679e-01 -2.19132046e-09
7.01403311e-01 -2.16723253e-09
7.03821943e-01 -2.14302884e-09
7.06240575e-01 -2.11871490e-09
7.08659207e-01 -2.09429661e-09
7.11077839e-01 -2.06977961e-09
7.13496471e-01 -2.04516927e-09
7.15915103e-01 -2.02047125e-09
7.18333736e-01 -1.99569144e-09
7.20752368e-01 -1.97083536e-09
7.23171000e-01 -1.94590927e-09
7.25589632e-01 -1.92091845e-09
7.28008264e-01 -1.89586814e-09
7.30426896e-01 -1.87076540e-09
7.32845528e-01 -1.84561523e-09
7.35264160e-01 -1.82042339e-09
7.37682792e-01 -1.79519643e-09
7.40101424e-01 -1.76993921e-09
7.42520057e-01 -1.74465815e-09
7.44938689e-01 -1.71935914e-09
7.47357321e-01 -1.69404757e-09
7.49775953e-01 -1.66872946e-09
7.52194585e-01 -1.64341083e-09
7.54613217e-01 -1.61809746e-09
7.57031849e-01 -1.59279525e-09
7.59450481e-01 -1.56750983e-09
7.61869113e-01 -1.54224787e-09
7.64287746e-01 -1.51701321e-09
7.66706378e-01 -1.49181368e-09
7.69125010e-01 -1.46665415e-09
7.71543642e-01 -1.44154052e-09
7.73962274e-01 -1.41647919e-09
7.76380906e-01 -1.39147529e-09
7.78799538e-01 -1.36653472e-09
7.81218170e-01 -1.34166325e-09
7.83636802e-01 -1.31686664e-09
7.86055435e-01 -1.29215144e-09
7.88474067e-01 -1.26752162e-09
7.90892699e-01 -1.24298449e-09
7.93311331e-01 -1.21854453e-09
7.95729963e-01 -1.19420842e-09
7.98148595e-01 -1.16998050e-09
8.00567227e-01 -1.14586795e-09
8.02985859e-01 -1.12187540e-09
8.05404491e-01 -1.09800849e-09
8.07823123e-01 -1.07427259e-09
8.10241756e-01 -1.05067348e-09
8.12660388e-01 -1.02721641e-09
8.15079020e-01 -1.00390703e-09
8.17497652e-01 -9.80750327e-10
8.19916284e-01 -9.57752078e-10
8.22334916e-01 -9.34917152e-10
8.24753548e-01 -9.12251191e-10
8.27172180e-01 -8.89759450e-10
8.29590812e-01 -8.67446801e-10
8.32009445e-01 -8.45318757e-10
8.34428077e-01 -8.23380060e-10
8.36846709e-01 -8.01636224e-10
8.39265341e-01 -7.80091991e-10
8.41683973e-01 -7.58752105e-10
8.44102605e-01 -7.37621565e-10
8.46521237e-01 -7.16706013e-10
8.48939869e-01 -6.96009165e-10
8.51358501e-01 -6.75536792e-10
8.53777133e-01 -6.55292866e-10
8.56195766e-01 -6.35282516e-10
8.58614398e-01 -6.15510101e-10
8.61033030e-01 -5.95980749e-10
8.63451662e-01 -5.76697920e-10
8.65870294e-01 -5.57666999e-10
8.68288926e-01 -5.38891832e-10
8.70707558e-01 -5.20377291e-10
8.73126190e-01 -5.02127350e-10
8.75544822e-01 -4.84145854e-10
8.77963455e-01 -4.66437675e-10
8.80382087e-01 -4.49006531e-10
8.82800719e-01 -4.31856396e-10
8.85219351e-01 -4.14991244e-10
8.87637983e-01 -3.98415049e-10
8.90056615e-01 -3.82131530e-10
8.92475247e-01 -3.66144915e-10
8.94893879e-01 -3.50457898e-10
8.97312511e-01 -3.35075607e-10
8.99731143e-01 -3.20000477e-10
9.02149776e-01 -3.05235713e-10
9.04568408e-01 -2.90785290e-10
9.06987040e-01 -2.76652796e-10
9.09405672e-01 -2.62841052e-10
9.11824304e-01 -2.49353392e-10
9.14242936e-01 -2.36192763e-10
9.16661568e-01 -2.23362756e-10
9.19080200e-01 -2.10865678e-10
9.21498832e-01 -1.98704990e-10
9.23917465e-01 -1.86882872e-10
9.26336097e-01 -1.75403041e-10
9.28754729e-01 -1.64266908e-10
9.31173361e-01 -1.53477549e-10
9.33591993e-01 -1.43037272e-10
9.36010625e-01 -1.32949410e-10
9.38429257e-01 -1.23215629e-10
9.40847889e-01 -1.13837724e-10
9.43266521e-01 -1.04818645e-10
9.45685154e-01 -9.61599285e-11
9.48103786e-01 -8.78637547e-11
9.50522418e-01 -7.99321746e-11
9.52941050e-01 -7.23671112e-11
9.55359682e-01 -6.51701028e-11
9.57778314e-01 -5.83426879e-11
9.60196946e-01 -5.18866612e-11
9.62615578e-01 -4.58034328e-11
9.65034210e-01 -4.00945412e-11
9.67452842e-01 -3.47610119e-11
9.69871475e-01 -2.98047679e-11
9.72290107e-01 -2.52256809e-11
9.74708739e-01 -2.10259304e-11
9.77127371e-01 -1.72060291e-11
9.79546003e-01 -1.37670027e-11
9.81964635e-01 -1.07097484e-11
9.84383267e-01 -8.03465089e-12
9.86801899e-01 -5.74222298e-12
9.89220531e-01 -3.83361841e-12
9.91639164e-01 -2.30858080e-12
9.94057796e-01 -1.16839213e-12
9.96476428e-01 -4.12539595e-13
9.98895060e-01 -4.12795990e-14
1.00131369e+00 -5.51249303e-14
1.00373232e+00 -4.53050009e-13
1.00615096e+00 -1.23633681e-12
1.00856959e+00 -2.40370336e-12
1.01098822e+00 -3.95579064e-12
1.01340685e+00 -5.89144488e-12
1.01582548e+00 -8.21015329e-12
1.01824412e+00 -1.09124287e-11
1.02066275e+00 -1.39968608e-11
1.02308138e+00 -1.74625524e-11
1.02550001e+00 -2.13093751e-11
1.02791865e+00 -2.55357907e-11
1.03033728e+00 -3.01412863e-11
1.03275591e+00 -3.51243236e-11
1.03517454e+00 -4.04837488e-11
1.03759317e+00 -4.62194337e-11
1.04001181e+00 -5.23291990e-11
1.04243044e+00 -5.88111216e-11
1.04484907e+00 -6.56645606e-11
1.04726770e+00 -7.28877213e-11
1.04968633e+00 -8.04786806e-11
1.05210497e+00 -8.84357720e-11
1.05452360e+00 -9.67573289e-11
1.05694223e+00 -1.05441685e-10
1.05936086e+00 -1.14486404e-10
1.06177949e+00 -1.23889307e-10
1.06419813e+00 -1.33648214e-10
1.06661676e+00 -1.43760947e-10
1.06903539e+00 -1.54225325e-10
1.07145402e+00 -1.65039170e-10
1.07387266e+00 -1.76199661e-10
1.07629129e+00 -1.87704106e-10
1.07870992e+00 -1.99550197e-10
1.08112855e+00 -2.11734601e-10
1.08354718e+00 -2.24255139e-10
1.08596582e+00 -2.37108735e-10
1.08838445e+00 -2.50292182e-10
1.09080308e+00 -2.63802534e-10
1.09322171e+00 -2.77637481e-10
1.09564034e+00 -2.91792153e-10
1.09805898e+00 -3.06264883e-10
1.10047761e+00 -3.21051568e-10
1.10289624e+00 -3.36148620e-10
1.10531487e+00 -3.51552705e-10
1.10773350e+00 -3.67260875e-10
1.11015214e+00 -3.83268642e-10
1.11257077e+00 -3.99572929e-10
1.11498940e+00 -4.16169892e-10
1.11740803e+00 -4.33054915e-10
1.11982667e+00 -4.50224664e-10
1.12224530e+00 -4.67675550e-10
1.12466393e+00 -4.85403215e-10
1.12708256e+00 -5.03403428e-10
1.12950119e+00 -5.21672086e-10
1.13191983e+00 -5.40205088e-10
1.13433846e+00 -5.58998074e-10
1.13675709e+00 -5.78046942e-10
1.13917572e+00 -5.97347334e-10
1.14159435e+00 -6.16893737e-10
1.14401299e+00 -6.36682690e-10
1.14643162e+00 -6.56709961e-10
1.14885025e+00 -6.76969527e-10
1.15126888e+00 -6.97458310e-10
1.15368751e+00 -7.18170413e-10
1.15610615e+00 -7.39101477e-10
1.15852478e+00 -7.60246888e-10
1.16094341e+00 -7.81600747e-10
1.16336204e+00 -8.03159338e-10
1.16578068e+00 -8.24916892e-10
1.16819931e+00 -8.46869819e-10
1.17061794e+00 -8.69010939e-10
1.17303657e+00 -8.91336151e-10
1.17545520e+00 -9.13840327e-10
1.17787384e+00 -9.36518595e-10
1.18029247e+00 -9.59365059e-10
1.18271110e+00 -9.82374461e-10
1.18512973e+00 -1.00554232e-09
1.18754836e+00 -1.02886260e-09
1.18996700e+00 -1.05232954e-09
1.19238563e+00 -1.07593839e-09
1.19480426e+00 -1.09968365e-09
1.19722289e+00 -1.12355966e-09
1.19964152e+00 -1.14756144e-09
1.20206016e+00 -1.17168257e-09
1.20447879e+00 -1.19591767e-09
1.20689742e+00 -1.22026135e-09
1.20931605e+00 -1.24470836e-09
1.21173469e+00 -1.26925293e-09
1.21415332e+00 -1.29388852e-09
1.21657195e+00 -1.31860987e-09
1.21899058e+00 -1.34341186e-09
1.22140921e+00 -1.36828820e-09
1.22382785e+00 -1.39323339e-09
1.22624648e+00 -1.41824152e-09
1.22866511e+00 -1.44330657e-09
1.23108374e+00 -1.46842354e-09
1.23350237e+00 -1.49358614e-09
1.23592101e+00 -1.51878849e-09
1.23833964e+00 -1.54402494e-09
1.24075827e+00 -1.56928934e-09
1.24317690e+00 -1.59457617e-09
1.24559553e+00 -1.61987941e-09
1.24801417e+00 -1.64519355e-09
1.25043280e+00 -1.67051204e-09
1.25285143e+00 -1.69582951e-09
1.25527006e+00 -1.72114032e-09
1.25768870e+00 -1.74643881e-09
1.26010733e+00 -1.77171821e-09
1.26252596e+00 -1.79697325e-09
1.26494459e+00 -1.82219816e-09
1.26736322e+00 -1.84738730e-09
1.26978186e+00 -1.87253414e-09
1.27220049e+00 -1.89763368e-09
1.27461912e+00 -1.92267937e-09
1.27703775e+00 -1.94766609e-09
1.27945638e+00 -1.97258756e-09
1.28187502e+00 -1.99743852e-09
1.28429365e+00 -2.02221269e-09
1.28671228e+00 -2.04690468e-09
1.28913091e+00 -2.07150861e-09
1.29154954e+00 -2.09601907e-09
1.29396818e+00 -2.12043019e-09
1.29638681e+00 -2.14473618e-09
1.29880544e+00 -2.16893218e-09
1.30122407e+00 -2.19301152e-09
1.30364271e+00 -2.21696958e-09
1.30606134e+00 -2.24080021e-09
1.30847997e+00 -2.26449829e-09
1.31089860e+00 -2.28805766e-09
1.31331723e+00 -2.31147371e-09
1.31573587e+00 -2.33474079e-09
1.31815450e+00 -2.35785352e-09
1.32057313e+00 -2.38080626e-09
1.32299176e+00 -2.40359413e-09
1.32541039e+00 -2.42621151e-09
1.32782903e+00 -2.44865402e-09
1.33024766e+00 -2.47091501e-09
1.33266629e+00 -2.49299062e-09
1.33508492e+00 -2.51487547e-09
1.33750355e+00 -2.53656367e-09
1.33992219e+00 -2.55805124e-09
1.34234082e+00 -2.57933267e-09
1.34475945e+00 -2.60040347e-09
1.34717808e+00 -2.62125851e-09
1.34959672e+00 -2.64189305e-09
1.35201535e+00 -2.66230159e-09
1.35443398e+00 -2.68248090e-09
1.35685261e+00 -2.70242484e-09
1.35927124e+00 -2.72212970e-09
1.36168988e+00 -2.74159123e-09
1.36410851e+00 -2.76080355e-09
1.36652714e+00 -2.77976384e-09
1.36894577e+00 -2.79846657e-09
1.37136440e+00 -2.81690766e-09
1.37378304e+00 -2.83508337e-09
1.37620167e+00 -2.85298898e-09
1.37862030e+00 -2.87062049e-09
1.38103893e+00 -2.88797408e-09
1.38345756e+00 -2.90504537e-09
1.38587620e+00 -2.92183078e-09
1.38829483e+00 -2.93832647e-09
1.39071346e+00 -2.95452807e-09
1.39313209e+00 -2.97043149e-09
1.39555073e+00 -2.98603466e-09
1.39796936e+00 -3.00133260e-09
1.40038799e+00 -3.01632209e-09
1.40280662e+00 -3.03100019e-09
1.40522525e+00 -3.04536293e-09
1.40764389e+00 -3.05940774e-09
1.41006252e+00 -3.07313026e-09
1.41248115e+00 -3.08652754e-09
1.41489978e+00 -3.09959753e-09
1.41731841e+00 -3.11233690e-09
1.41973705e+00 -3.12474129e-09
1.42215568e+00 -3.13680955e-09
1.42457431e+00 -3.14853808e-09
1.42699294e+00 -3.15992407e-09
1.42941157e+00 -3.17096534e-09
1.43183021e+00 -3.18165907e-09
1.43424884e+00 -3.19200319e-09
1.43666747e+00 -3.20199478e-09
1.43908610e+00 -3.21163152e-09
1.44150474e+00 -3.22091199e-09
1.44392337e+00 -3.22983261e-09
1.44634200e+00 -3.23839236e-09
1.44876063e+00 -3.24658944e-09
1.45117926e+00 -3.25442128e-09
1.45359790e+00 -3.26188661e-09
1.45601653e+00 -3.26898336e-09
1.45843516e+00 -3.27570963e-09
1.46085379e+00 -3.28206477e-09
1.46327242e+00 -3.28804672e-09
1.46569106e+00 -3.29365408e-09
1.46810969e+00 -3.29888556e-09
1.47052832e+00 -3.30374040e-09
1.47294695e+00 -3.30821706e-09
1.47536558e+00 -3.31231387e-09
1.47778422e+00 -3.31603095e-09
1.48020285e+00 -3.31936729e-09
1.48262148e+00 -3.32232199e-09
1.48504011e+00 -3.32489402e-09
1.48745875e+00 -3.32708312e-09
1.48987738e+00 -3.32888865e-09
1.49229601e+00 -3.33031023e-09
1.49471464e+00 -3.33134799e-09
1.49713327e+00 -3.33200078e-09
1.49955191e+00 -3.33226896e-09
1.50197054e+00 -3.33215243e-09
1.50438917e+00 -3.33165105e-09
1.50680780e+00 -3.33076610e-09
1.50922643e+00 -3.32949580e-09
1.51164507e+00 -3.32784153e-09
1.51406370e+00 -3.32580371e-09
1.51648233e+00 -3.32338231e-09
1.51890096e+00 -3.32057850e-09
1.52131959e+00 -3.31739318e-09
1.52373823e+00 -3.31382621e-09
1.52615686e+00 -3.30987850e-09
1.52857549e+00 -3.30555145e-09
1.53099412e+00 -3.30084557e-09
1.53341276e+00 -3.29576280e-09
1.53583139e+00 -3.29030376e-09
1.53825002e+00 -3.28446937e-09
1.54066865e+00 -3.27826153e-09
1.54308728e+00 -3.27168115e-09
1.54550592e+00 -3.26473016e-09
1.54792455e+00 -3.25741046e-09
1.55034318e+00 -3.24972284e-09
1.55276181e+00 -3.24166960e-09
1.55518044e+00 -3.23325280e-09
1.55759908e+00 -3.22447383e-09
1.56001771e+00 -3.21533501e-09
1.56243634e+00 -3.20583878e-09
1.56485497e+00 -3.19598693e-09
1.56727360e+00 -3.18578203e-09
1.56969224e+00 -3.17522599e-09
1.57211087e+00 -3.16432138e-09
1.57452950e+00 -3.15307115e-09
1.57694813e+00 -3.14147697e-09
1.57936677e+00 -3.12954293e-09
1.58178540e+00 -3.11727071e-09
1.58420403e+00 -3.10466325e-09
1.58662266e+00 -3.09172338e-09
1.58904129e+00 -3.07845481e-09
1.59145993e+00 -3.06486023e-09
1.59387856e+00 -3.05094247e-09
1.59629719e+00 -3.03670486e-09
1.59871582e+00 -3.02215034e-09
1.60113445e+00 -3.00728314e-09
1.60355309e+00 -2.99210648e-09
1.60597172e+00 -2.97662317e-09
1.60839035e+00 -2.96083770e-09
1.61080898e+00 -2.94475275e-09
1.61322761e+00 -2.92837296e-09
1.61564625e+00 -2.91170164e-09
1.61806488e+00 -2.89474290e-09
1.62048351e+00 -2.87750021e-09
1.62290214e+00 -2.85997753e-09
1.62532078e+00 -2.84217936e-09
1.62773941e+00 -2.82410967e-09
1.63015804e+00 -2.80577268e-09
1.63257667e+00 -2.78717237e-09
1.63499530e+00 -2.76831349e-09
1.63741394e+00 -2.74919988e-09
1.63983257e+00 -2.72983629e-09
1.64225120e+00 -2.71022720e-09
1.64466983e+00 -2.69037658e-09
1.64708846e+00 -2.67028957e-09
1.64950710e+00 -2.64997104e-09
1.65192573e+00 -2.62942469e-09
1.65434436e+00 -2.60865580e-09
1.65676299e+00 -2.58766999e-09
1.65918162e+00 -2.56647087e-09
1.66160026e+00 -2.54506445e-09
1.66401889e+00 -2.52345458e-09
1.66643752e+00 -2.50164677e-09
1.66885615e+00 -2.47964615e-09
1.67127479e+00 -2.45745760e-09
1.67369342e+00 -2.43508624e-09
1.67611205e+00 -2.41253706e-09
1.67853068e+00 -2.38981585e-09
1.68094931e+00 -2.36692747e-09
1.68336795e+00 -2.34387730e-09
1.68578658e+00 -2.32067060e-09
1.68820521e+00 -2.29731276e-09
1.69062384e+00 -2.27380890e-09
1.69304247e+00 -2.25016530e-09
1.69546111e+00 -2.22638620e-09
1.69787974e+00 -2.20247800e-09
1.70029837e+00 -2.17844571e-09
1.70271700e+00 -2.15429510e-09
1.70513563e+00 -2.13003218e-09
1.70755427e+00 -2.10566158e-09
1.70997290e+00 -2.08118944e-09
1.71239153e+00 -2.05662218e-09
1.71481016e+00 -2.03196416e-09
1.71722880e+00 -2.00722127e-09
1.71964743e+00 -1.98240082e-09
1.72206606e+00 -1.95750628e-09
1.72448469e+00 -1.93254468e-09
1.72690332e+00 -1.90752130e-09
1.72932196e+00 -1.88244240e-09
1.73174059e+00 -1.85731377e-09
1.73415922e+00 -1.83214065e-09
1.73657785e+00 -1.80692907e-09
1.73899648e+00 -1.78168544e-09
1.74141512e+00 -1.75641463e-09
1.74383375e+00 -1.73112319e-09
1.74625238e+00 -1.70581661e-09
1.74867101e+00 -1.68050094e-09
1.75108964e+00 -1.65518193e-09
1.75350828e+00 -1.62986510e-09
1.75592691e+00 -1.60455711e-09
1.75834554e+00 -1.57926310e-09
1.76076417e+00 -1.55398896e-09
1.76318281e+00 -1.52874111e-09
1.76560144e+00 -1.50352478e-09
1.76802007e+00 -1.47834602e-09
1.77043870e+00 -1.45321034e-09
1.77285733e+00 -1.42812388e-09
1.77527597e+00 -1.40309229e-09
1.77769460e+00 -1.37812223e-09
1.78011323e+00 -1.35321782e-09
1.78253186e+00 -1.32838596e-09
1.78495049e+00 -1.30363230e-09
1.78736913e+00 -1.27896171e-09
1.78978776e+00 -1.25438112e-09
1.79220639e+00 -1.22989501e-09
1.79462502e+00 -1.20550992e-09
1.79704365e+00 -1.18123124e-09
1.79946229e+00 -1.15706434e-09
1.80188092e+00 -1.13301513e-09
1.80429955e+00 -1.10908873e-09
1.80671818e+00 -1.08529168e-09
1.80913682e+00 -1.06162809e-09
1.81155545e+00 -1.03810474e-09
1.81397408e+00 -1.01472523e-09
1.81639271e+00 -9.91496996e-10
1.81881134e+00 -9.68424136e-10
1.82122998e+00 -9.45512805e-10
1.82364861e+00 -9.22767233e-10
1.82606724e+00 -9.00193958e-10
1.82848587e+00 -8.77797853e-10
1.83090450e+00 -8.55583275e-10
1.83332314e+00 -8.33555609e-10
1.83574177e+00 -8.11720753e-10
1.83816040e+00 -7.90082807e-10
1.84057903e+00 -7.68647158e-10
1.84299766e+00 -7.47419188e-10
1.84541630e+00 -7.26403257e-10
1.84783493e+00 -7.05603980e-10
1.85025356e+00 -6.85026997e-10
1.85267219e+00 -6.64676411e-10
1.85509083e+00 -6.44556837e-10
1.85750946e+00 -6.24673403e-10
1.85992809e+00 -6.05029955e-10
1.86234672e+00 -5.85632004e-10
1.86476535e+00 -5.66483783e-10
1.86718399e+00 -5.47589008e-10
1.86960262e+00 -5.28952936e-10
1.87202125e+00 -5.10579796e-10
1.87443988e+00 -4.92473180e-10
1.87685851e+00 -4.74637188e-10
1.87927715e+00 -4.57076693e-10
1.88169578e+00 -4.39795284e-10
1.88411441e+00 -4.22796934e-10
1.88653304e+00 -4.06086517e-10
1.88895167e+00 -3.89666467e-10
1.89137031e+00 -3.73541399e-10
1.89378894e+00 -3.57714903e-10
1.89620757e+00 -3.42190313e-10
1.89862620e+00 -3.26971858e-10
1.90104484e+00 -3.12062615e-10
1.90346347e+00 -2.97465662e-10
1.90588210e+00 -2.83184972e-10
1.90830073e+00 -2.69223622e-10
1.91071936e+00 -2.55585329e-10
1.91313800e+00 -2.42271889e-10
1.91555663e+00 -2.29288174e-10
1.91797526e+00 -2.16636105e-10
1.92039389e+00 -2.04318888e-10
1.92281252e+00 -1.92338702e-10
1.92523116e+00 -1.80699265e-10
1.92764979e+00 -1.69402500e-10
1.93006842e+00 -1.58451869e-10
1.93248705e+00 -1.47849166e-10
1.93490568e+00 -1.37597980e-10
1.93732432e+00 -1.27698824e-10
1.93974295e+00 -1.18155032e-10
1.94216158e+00 -1.08968911e-10
1.94458021e+00 -1.00142512e-10
1.94699885e+00 -9.16780153e-11
1.94941748e+00 -8.35772144e-11
1.95183611e+00 -7.58408792e-11
1.95425474e+00 -6.84727271e-11
1.95667337e+00 -6.14732712e-11
1.95909201e+00 -5.48446906e-11
1.96151064e+00 -4.85880110e-11
1.96392927e+00 -4.27051553e-11
1.96634790e+00 -3.71970210e-11
1.96876653e+00 -3.20650182e-11
1.97118517e+00 -2.73104289e-11
1.97360380e+00 -2.29345350e-11
1.97602243e+00 -1.89378493e-11
1.97844106e+00 -1.53219103e-11
1.98085969e+00 -1.20869743e-11
1.98327833e+00 -9.23355403e-12
1.98569696e+00 -6.76331616e-12
1.98811559e+00 -4.67664525e-12
1.99053422e+00 -2.97328491e-12
1.99295286e+00 -1.65400431e-12
1.99537149e+00 -7.19444440e-13
1.99779012e+00 -1.69092519e-13
2.00020875e+00 -3.97412289e-15
2.00262738e+00 -2.23191869e-13
2.00504602e+00 -8.27643140e-13
2.00746465e+00 -1.81655875e-12
2.00988328e+00 -3.18968231e-12
2.01230191e+00 -4.94714200e-12
2.01472054e+00 -7.08778407e-12
2.01713918e+00 -9.61186489e-12
2.01955781e+00 -1.25187435e-11
2.02197644e+00 -1.58071379e-11
2.02439507e+00 -1.94767917e-11
2.02681370e+00 -2.35271921e-11
2.02923234e+00 -2.79561597e-11
2.03165097e+00 -3.27644638e-11
2.03406960e+00 -3.79488994e-11
2.03648823e+00 -4.35102357e-11
2.03890687e+00 -4.94453960e-11
2.04132550e+00 -5.57548929e-11
2.04374413e+00 -6.24360345e-11
2.04616276e+00 -6.94872823e-11
2.04858139e+00 -7.69079953e-11
2.05100003e+00 -8.46948404e-11
2.05341866e+00 -9.28474330e-11
2.05583729e+00 -1.01363209e-10
2.05825592e+00 -1.10240374e-10
2.06067455e+00 -1.19477005e-10
2.06309319e+00 -1.29070922e-10
2.06551182e+00 -1.39019562e-10
2.06793045e+00 -1.49320745e-10
2.07034908e+00 -1.59972804e-10
2.07276771e+00 -1.70972407e-10
2.07518635e+00 -1.82317374e-10
2.07760498e+00 -1.94004629e-10
2.08002361e+00 -2.06032376e-10
2.08244224e+00 -2.18397282e-10
2.08486088e+00 -2.31096271e-10
2.08727951e+00 -2.44126651e-10
2.08969814e+00 -2.57485857e-10
2.09211677e+00 -2.71170301e-10
2.09453540e+00 -2.85176648e-10
2.09695404e+00 -2.99502208e-10
2.09937267e+00 -3.14142876e-10
2.10179130e+00 -3.29095962e-10
2.10420993e+00 -3.44357876e-10
2.10662856e+00 -3.59925541e-10
2.10904720e+00 -3.75794342e-10
2.11146583e+00 -3.91961074e-10
2.11388446e+00 -4.08422404e-10
2.11630309e+00 -4.25173973e-10
2.11872173e+00 -4.42212191e-10
2.12114036e+00 -4.59533470e-10
2.12355899e+00 -4.77132553e-10
2.12597762e+00 -4.95007004e-10
2.12839625e+00 -5.13151823e-10
2.13081489e+00 -5.31562268e-10
2.13323352e+00 -5.50234877e-10
2.13565215e+00 -5.69165675e-10
2.13807078e+00 -5.88349920e-10
2.14048941e+00 -6.07782099e-10
2.14290805e+00 -6.27459135e-10
2.14532668e+00 -6.47375901e-10
2.14774531e+00 -6.67528550e-10
2.15016394e+00 -6.87911441e-10
2.15258257e+00 -7.08520089e-10
2.15500121e+00 -7.29350005e-10
2.15741984e+00 -7.50396319e-10
2.15983847e+00 -7.71653646e-10
2.16225710e+00 -7.93118012e-10
2.16467574e+00 -8.14783904e-10
2.16709437e+00 -8.36646195e-10
2.16951300e+00 -8.58700526e-10
2.17193163e+00 -8.80941000e-10
2.17435026e+00 -9.03363001e-10
2.17676890e+00 -9.25960505e-10
2.17918753e+00 -9.48729280e-10
2.18160616e+00 -9.71664072e-10
2.18402479e+00 -9.94759110e-10
2.18644342e+00 -1.01800875e-09
2.18886206e+00 -1.04140813e-09
2.19128069e+00 -1.06495238e-09
2.19369932e+00 -1.08863507e-09
2.19611795e+00 -1.11245084e-09
2.19853658e+00 -1.13639429e-09
2.20095522e+00 -1.16046029e-09
2.20337385e+00 -1.18464334e-09
2.20579248e+00 -1.20893728e-09
2.20821111e+00 -1.23333699e-09
2.21062975e+00 -1.25783656e-09
2.21304838e+00 -1.28243074e-09
2.21546701e+00 -1.30711286e-09
2.21788564e+00 -1.33187819e-09
2.22030427e+00 -1.35672068e-09
2.22272291e+00 -1.38163497e-09
2.22514154e+00 -1.40661439e-09
2.22756017e+00 -1.43165392e-09
2.22997880e+00 -1.45674756e-09
2.23239743e+00 -1.48188915e-09
2.23481607e+00 -1.50707355e-09
2.23723470e+00 -1.53229448e-09
2.23965333e+00 -1.55754696e-09
2.24207196e+00 -1.58282430e-09
2.24449059e+00 -1.60812036e-09
2.24690923e+00 -1.63343001e-09
2.24932786e+00 -1.65874710e-09
2.25174649e+00 -1.68406611e-09
2.25416512e+00 -1.70938140e-09
2.25658376e+00 -1.73468618e-09
2.25900239e+00 -1.75997519e-09
2.26142102e+00 -1.78524241e-09
2.26383965e+00 -1.81048219e-09
2.26625828e+00 -1.83568838e-09
2.26867692e+00 -1.86085586e-09
2.27109555e+00 -1.88597796e-09
2.27351418e+00 -1.91104904e-09
2.27593281e+00 -1.93606409e-09
2.27835144e+00 -1.96101684e-09
2.28077008e+00 -1.98590138e-09
2.28318871e+00 -2.01071183e-09
2.28560734e+00 -2.03544293e-09
2.28802597e+00 -2.06008851e-09
2.29044460e+00 -2.08464283e-09
2.29286324e+00 -2.10910112e-09
2.29528187e+00 -2.13345659e-09
2.29770050e+00 -2.15770413e-09
2.30011913e+00 -2.18183859e-09
2.30253777e+00 -2.20585383e-09
2.30495640e+00 -2.22974408e-09
2.30737503e+00 -2.25350420e-09
2.30979366e+00 -2.27712883e-09
2.31221229e+00 -2.30061243e-09
2.31463093e+00 -2.32394963e-09
2.31704956e+00 -2.34713441e-09
2.31946819e+00 -2.37016227e-09
2.32188682e+00 -2.39302733e-09
2.32430545e+00 -2.41572470e-09
2.32672409e+00 -2.43824900e-09
2.32914272e+00 -2.46059511e-09
2.33156135e+00 -2.48275751e-09
2.33397998e+00 -2.50473146e-09
2.33639861e+00 -2.52651145e-09
2.33881725e+00 -2.54809324e-09
2.34123588e+00 -2.56947095e-09
2.34365451e+00 -2.59064071e-09
2.34607314e+00 -2.61159639e-09
2.34849178e+00 -2.63233362e-09
2.35091041e+00 -2.65284779e-09
2.35332904e+00 -2.67313376e-09
2.35574767e+00 -2.69318847e-09
2.35816630e+00 -2.71300486e-09
2.36058494e+00 -2.73257997e-09
2.36300357e+00 -2.75190844e-09
2.36542220e+00 -2.77098641e-09
2.36784083e+00 -2.78980940e-09
2.37025946e+00 -2.80837265e-09
2.37267810e+00 -2.82667272e-09
2.37509673e+00 -2.84470434e-09
2.37751536e+00 -2.86246354e-09
2.37993399e+00 -2.87994699e-09
2.38235262e+00 -2.89715007e-09
2.38477126e+00 -2.91406894e-09
2.38718989e+00 -2.93069974e-09
2.38960852e+00 -2.94703852e-09
2.39202715e+00 -2.96308115e-09
2.39444579e+00 -2.97882432e-09
2.39686442e+00 -2.99426443e-09
2.39928305e+00 -3.00939750e-09
2.40170168e+00 -3.02422098e-09
2.40412031e+00 -3.03873063e-09
2.40653895e+00 -3.05292351e-09
2.40895758e+00 -3.06679615e-09
2.41137621e+00 -3.08034534e-09
2.41379484e+00 -3.09356802e-09
2.41621347e+00 -3.10646110e-09
2.41863211e+00 -3.11902163e-09
2.42105074e+00 -3.13124668e-09
2.42346937e+00 -3.14313353e-09
2.42588800e+00 -3.15467862e-09
2.42830663e+00 -3.16588064e-09
2.43072527e+00 -3.17673590e-09
2.43314390e+00 -3.18724296e-09
2.43556253e+00 -3.19739877e-09
2.43798116e+00 -3.20720037e-09
2.44039980e+00 -3.21664635e-09
2.44281843e+00 -3.22573478e-09
2.44523706e+00 -3.23446260e-09
2.44765569e+00 -3.24282851e-09
2.45007432e+00 -3.25083073e-09
2.45249296e+00 -3.25846591e-09
2.45491159e+00 -3.26573446e-09
2.45733022e+00 -3.27263289e-09
2.45974885e+00 -3.27916097e-09
2.46216748e+00 -3.28531650e-09
2.46458612e+00 -3.29109782e-09
2.46700475e+00 -3.29650404e-09
2.46942338e+00 -3.30153476e-09
2.47184201e+00 -3.30618692e-09
2.47426064e+00 -3.31046052e-09
2.47667928e+00 -3.31435439e-09
2.47909791e+00 -3.31786751e-09
2.48151654e+00 -3.32099989e-09
2.48393517e+00 -3.32374973e-09
2.48635381e+00 -3.32611664e-09
2.48877244e+00 -3.32810024e-09
2.49119107e+00 -3.32970040e-09
2.49360970e+00 -3.33091635e-09
2.49602833e+00 -3.33174874e-09
2.49844697e+00 -3.33219538e-09
2.50086560e+00 -3.33225781e-09
2.50328423e+00 -3.33193527e-09
2.50570286e+00 -3.33122864e-09
2.50812149e+00 -3.33013704e-09
2.51054013e+00 -3.32866123e-09
2.51295876e+00 -3.32680147e-09
2.51537739e+00 -3.32455865e-09
2.51779602e+00 -3.32193317e-09
2.52021465e+00 -3.31892476e-09
2.52263329e+00 -3.31553509e-09
2.52505192e+00 -3.31176403e-09
2.52747055e+00 -3.30761351e-09
2.52988918e+00 -3.30308365e-09
2.53230782e+00 -3.29817561e-09
2.53472645e+00 -3.29289079e-09
2.53714508e+00 -3.28723074e-09
2.53956371e+00 -3.28119610e-09
2.54198234e+00 -3.27478905e-09
2.54440098e+00 -3.26800996e-09
2.54681961e+00 -3.26086116e-09
2.54923824e+00 -3.25334481e-09
2.55165687e+00 -3.24546053e-09
2.55407550e+00 -3.23721269e-09
2.55649414e+00 -3.22860179e-09
2.55891277e+00 -3.21963027e-09
2.56133140e+00 -3.21029967e-09
2.56375003e+00 -3.20061320e-09
2.56616866e+00 -3.19057213e-09
2.56858730e+00 -3.18017877e-09
2.57100593e+00 -3.16943633e-09
2.57342456e+00 -3.15834622e-09
2.57584319e+00 -3.14691139e-09
2.57826183e+00 -3.13513516e-09
2.58068046e+00 -3.12301934e-09
2.58309909e+00 -3.11056739e-09
2.58551772e+00 -3.09778238e-09
2.58793635e+00 -3.08466560e-09
2.59035499e+00 -3.07122216e-09
2.59277362e+00 -3.05745426e-09
2.59519225e+00 -3.04336497e-09
2.59761088e+00 -3.02895724e-09
2.60002951e+00 -3.01423568e-09
2.60244815e+00 -2.99920170e-09
2.60486678e+00 -2.98386082e-09
2.60728541e+00 -2.96821546e-09
2.60970404e+00 -2.95226949e-09
2.61212267e+00 -2.93602648e-09
2.61454131e+00 -2.91948977e-09
2.61695994e+00 -2.90266372e-09
2.61937857e+00 -2.88555255e-09
2.62179720e+00 -2.86816013e-09
2.62421584e+00 -2.85048989e-09
2.62663447e+00 -2.83254583e-09
2.62905310e+00 -2.81433243e-09
2.63147173e+00 -2.79585404e-09
2.63389036e+00 -2.77711515e-09
2.63630900e+00 -2.75811923e-09
2.63872763e+00 -2.73887127e-09
2.64114626e+00 -2.71937512e-09
2.64356489e+00 -2.69963629e-09
2.64598352e+00 -2.67965876e-09
2.64840216e+00 -2.65944701e-09
2.65082079e+00 -2.63900592e-09
2.65323942e+00 -2.61834061e-09
2.65565805e+00 -2.59745492e-09
2.65807668e+00 -2.57635438e-09
2.66049532e+00 -2.55504360e-09
2.66291395e+00 -2.53352718e-09
2.66533258e+00 -2.51181117e-09
2.66775121e+00 -2.48989939e-09
2.67016985e+00 -2.46779737e-09
2.67258848e+00 -2.44551062e-09
2.67500711e+00 -2.42304349e-09
2.67742574e+00 -2.40040176e-09
2.67984437e+00 -2.37759055e-09
2.68226301e+00 -2.35461486e-09
2.68468164e+00 -2.33147970e-09
2.68710027e+00 -2.30819147e-09
2.68951890e+00 -2.28475453e-09
2.69193753e+00 -2.26117541e-09
2.69435617e+00 -2.23745823e-09
2.69677480e+00 -2.21360939e-09
2.69919343e+00 -2.18963428e-09
2.70161206e+00 -2.16553802e-09
2.70403069e+00 -2.14132625e-09
2.70644933e+00 -2.11700526e-09
2.70886796e+00 -2.09257953e-09
2.71128659e+00 -2.06805561e-09
2.71370522e+00 -2.04343861e-09
2.71612386e+00 -2.01873520e-09
2.71854249e+00 -1.99394975e-09
2.72096112e+00 -1.96908892e-09
2.72337975e+00 -1.94415797e-09
2.72579838e+00 -1.91916240e-09
2.72821702e+00 -1.89410876e-09
2.73063565e+00 -1.86900230e-09
2.73305428e+00 -1.84384944e-09
2.73547291e+00 -1.81865491e-09
2.73789154e+00 -1.79342525e-09
2.74031018e+00 -1.76816675e-09
2.74272881e+00 -1.74288364e-09
2.74514744e+00 -1.71758386e-09
2.74756607e+00 -1.69227178e-09
2.74998470e+00 -1.66695328e-09
2.75240334e+00 -1.64163478e-09
2.75482197e+00 -1.61632206e-09
2.75724060e+00 -1.59102061e-09
2.75965923e+00 -1.56573673e-09
2.76207787e+00 -1.54047541e-09
2.76449650e+00 -1.51524396e-09
2.76691513e+00 -1.49004712e-09
2.76933376e+00 -1.46489028e-09
2.77175239e+00 -1.43978075e-09
2.77417103e+00 -1.41472301e-09
2.77658966e+00 -1.38972321e-09
2.77900829e+00 -1.36478700e-09
2.78142692e+00 -1.33992091e-09
2.78384555e+00 -1.31513033e-09
2.78626419e+00 -1.29042039e-09
2.78868282e+00 -1.26579724e-09
2.79110145e+00 -1.24126613e-09
2.79352008e+00 -1.21683335e-09
2.79593871e+00 -1.19250454e-09
2.79835735e+00 -1.16828508e-09
2.80077598e+00 -1.14418049e-09
2.80319461e+00 -1.12019679e-09
2.80561324e+00 -1.09633872e-09
2.80803188e+00 -1.07261218e-09
2.81045051e+00 -1.04902294e-09
2.81286914e+00 -1.02557638e-09
2.81528777e+00 -1.00227751e-09
2.81770640e+00 -9.79131449e-10
2.82012504e+00 -9.56144481e-10
2.82254367e+00 -9.33321606e-10
2.82496230e+00 -9.10668336e-10
2.82738093e+00 -8.88188133e-10
2.82979956e+00 -8.65888945e-10
2.83221820e+00 -8.43773464e-10
2.83463683e+00 -8.21848869e-10
2.83705546e+00 -8.00118365e-10
2.83947409e+00 -7.78588618e-10
2.84189272e+00 -7.57263475e-10
2.84431136e+00 -7.36148063e-10
2.84672999e+00 -7.15247253e-10
2.84914862e+00 -6.94566174e-10
2.85156725e+00 -6.74109697e-10
2.85398589e+00 -6.53882181e-10
2.85640452e+00 -6.33888240e-10
2.85882315e+00 -6.14132747e-10
2.86124178e+00 -5.94620958e-10
2.86366041e+00 -5.75355948e-10
2.86607905e+00 -5.56342847e-10
2.86849768e+00 -5.37586141e-10
2.87091631e+00 -5.19090188e-10
2.87333494e+00 -5.00858579e-10
2.87575357e+00 -4.82896697e-10
2.87817221e+00 -4.65207620e-10
2.88059084e+00 -4.47796347e-10
2.88300947e+00 -4.30666082e-10
2.88542810e+00 -4.13821186e-10
2.88784673e+00 -3.97265118e-10
2.89026537e+00 -3.81002879e-10
2.89268400e+00 -3.65037032e-10
2.89510263e+00 -3.49371553e-10
2.89752126e+00 -3.34010414e-10
2.89993990e+00 -3.18956949e-10
2.90235853e+00 -3.04214364e-10
2.90477716e+00 -2.89786118e-10
2.90719579e+00 -2.75675674e-10
2.90961442e+00 -2.61887134e-10
2.91203306e+00 -2.48422293e-10
2.91445169e+00 -2.35284869e-10
2.91687032e+00 -2.22477937e-10
2.91928895e+00 -2.10004960e-10
2.92170758e+00 -1.97867604e-10
2.92412622e+00 -1.86069203e-10
2.92654485e+00 -1.74613345e-10
2.92896348e+00 -1.63501697e-10
2.93138211e+00 -1.52736952e-10
2.93380074e+00 -1.42321673e-10
2.93621938e+00 -1.32258425e-10
2.93863801e+00 -1.22549771e-10
2.94105664e+00 -1.13196993e-10
2.94347527e+00 -1.04203297e-10
2.94589391e+00 -9.55702199e-11
2.94831254e+00 -8.72996856e-11
2.95073117e+00 -7.93942578e-11
2.95314980e+00 -7.18549621e-11
2.95556843e+00 -6.46838497e-11
2.95798707e+00 -5.78823306e-11
2.96040570e+00 -5.14529690e-11
2.96282433e+00 -4.53957647e-11
2.96524296e+00 -3.97132818e-11
2.96766159e+00 -3.44066740e-11
2.97008023e+00 -2.94764540e-11
2.97249886e+00 -2.49240322e-11
2.97491749e+00 -2.07508185e-11
2.97733612e+00 -1.69579669e-11
2.97975475e+00 -1.35457338e-11
2.98217339e+00 -1.05151446e-11
2.98459202e+00 -7.86696855e-12
2.98701065e+00 -5.60171850e-12
2.98942928e+00 -3.72016361e-12
2.99184792e+00 -2.22243208e-12
2.99426655e+00 -1.10916488e-12
2.99668518e+00 -3.80233822e-13
2.99910381e+00 -3.58953035e-14
3.00152244e+00 -7.65339149e-14
3.00394108e+00 -5.01765064e-13
3.00635971e+00 -1.31184514e-12
3.00877834e+00 -2.50626137e-12
3.01119697e+00 -4.08514193e-12
3.01361560e+00 -6.04758945e-12
3.01603424e+00 -8.39360393e-12
3.01845287e+00 -1.11229290e-11
3.02087150e+00 -1.42340262e-11
3.02329013e+00 -1.77270238e-11
3.02570876e+00 -2.16003835e-11
3.02812740e+00 -2.58534641e-11
3.03054603e+00 -3.04857530e-11
3.03296466e+00 -3.54955836e-11
3.03538329e+00 -4.08819303e-11
3.03780193e+00 -4.66436393e-11
3.04022056e+00 -5.27791723e-11
3.04263919e+00 -5.92876318e-11
3.04505782e+00 -6.61673513e-11
3.04747645e+00 -7.34164078e-11
3.04989509e+00 -8.10328784e-11
3.05231372e+00 -8.90161221e-11
3.05473235e+00 -9.73633185e-11
3.05715098e+00 -1.06072032e-10
3.05956961e+00 -1.15142391e-10
3.06198825e+00 -1.24570292e-10
3.06440688e+00 -1.34354839e-10
3.06682551e+00 -1.44492442e-10
3.06924414e+00 -1.54981434e-10
3.07166277e+00 -1.65819636e-10
3.07408141e+00 -1.77004357e-10
3.07650004e+00 -1.88533159e-10
3.07891867e+00 -2.00402967e-10
3.08133730e+00 -2.12611600e-10
3.08375594e+00 -2.25155342e-10
3.08617457e+00 -2.38032270e-10
3.08859320e+00 -2.51238536e-10
3.09101183e+00 -2.64772476e-10
3.09343046e+00 -2.78629217e-10
3.09584910e+00 -2.92806964e-10
3.09826773e+00 -3.07301616e-10
3.10068636e+00 -3.22109967e-10
3.10310499e+00 -3.37228941e-10
3.10552362e+00 -3.52654819e-10
3.10794226e+00 -3.68383757e-10
3.11036089e+00 -3.84412804e-10
3.11277952e+00 -4.00737476e-10
3.11519815e+00 -4.17354565e-10
3.11761678e+00 -4.34259843e-10
3.12003542e+00 -4.51449848e-10
3.12245405e+00 -4.68919964e-10
3.12487268e+00 -4.86666986e-10
3.12729131e+00 -5.04686172e-10
3.12970995e+00 -5.22973675e-10
3.13212858e+00 -5.41525266e-10
3.13454721e+00 -5.60336712e-10
3.13696584e+00 -5.79403016e-10
3.13938447e+00 -5.98720586e-10
3.14180311e+00 -6.18284552e-10
3.14422174e+00 -6.38090555e-10
3.14664037e+00 -6.58134236e-10
3.14905900e+00 -6.78410339e-10
3.15147763e+00 -6.98915018e-10
3.15389627e+00 -7.19642377e-10
3.15631490e+00 -7.40588825e-10
3.15873353e+00 -7.61748850e-10
3.16115216e+00 -7.83117452e-10
3.16357079e+00 -8.04690401e-10
3.16598943e+00 -8.26462185e-10
3.16840806e+00 -8.48427675e-10
3.17082669e+00 -8.70582512e-10
3.17324532e+00 -8.92920032e-10
3.17566396e+00 -9.15436899e-10
3.17808259e+00 -9.38127218e-10
3.18050122e+00 -9.60985219e-10
3.18291985e+00 -9.84006031e-10
3.18533848e+00 -1.00718465e-09
3.18775712e+00 -1.03051545e-09
3.19017575e+00 -1.05399277e-09
3.19259438e+00 -1.07761162e-09
3.19501301e+00 -1.10136611e-09
3.19743164e+00 -1.12525136e-09
3.19985028e+00 -1.14926121e-09
3.20226891e+00 -1.17339029e-09
3.20468754e+00 -1.19763360e-09
3.20710617e+00 -1.22198484e-09
3.20952480e+00 -1.24643877e-09
3.21194344e+00 -1.27098924e-09
3.21436207e+00 -1.29563111e-09
3.21678070e+00 -1.32035874e-09
3.21919933e+00 -1.34516573e-09
3.22161797e+00 -1.37004758e-09
3.22403660e+00 -1.39499738e-09
3.22645523e+00 -1.42000974e-09
3.22887386e+00 -1.44507902e-09
3.23129249e+00 -1.47019907e-09
3.23371113e+00 -1.49536476e-09
3.23612976e+00 -1.52056954e-09
3.23854839e+00 -1.54580791e-09
3.24096702e+00 -1.57107436e-09
3.24338565e+00 -1.59636247e-09
3.24580429e+00 -1.62166648e-09
3.24822292e+00 -1.64698113e-09
3.25064155e+00 -1.67230014e-09
3.25306018e+00 -1.69761736e-09
3.25547881e+00 -1.72292777e-09
3.25789745e+00 -1.74822461e-09
3.26031608e+00 -1.77350272e-09
3.26273471e+00 -1.79875635e-09
3.26515334e+00 -1.82397882e-09
3.26757198e+00 -1.84916489e-09
3.26999061e+00 -1.87430865e-09
3.27240924e+00 -1.89940460e-09
3.27482787e+00 -1.92444606e-09
3.27724650e+00 -1.94942829e-09
3.27966514e+00 -1.97434527e-09
3.28208377e+00 -1.99919072e-09
3.28450240e+00 -2.02395951e-09
3.28692103e+00 -2.04864548e-09
3.28933966e+00 -2.07324273e-09
3.29175830e+00 -2.09774666e-09
3.29417693e+00 -2.12215060e-09
3.29659556e+00 -2.14644890e-09
3.29901419e+00 -2.17063669e-09
3.30143282e+00 -2.19470757e-09
3.30385146e+00 -2.21865692e-09
3.30627009e+00 -2.24247858e-09
3.30868872e+00 -2.26616666e-09
3.31110735e+00 -2.28971616e-09
3.31352599e+00 -2.31312233e-09
3.31594462e+00 -2.33637838e-09
3.31836325e+00 -2.35948034e-09
3.32078188e+00 -2.38242180e-09
3.32320051e+00 -2.40519788e-09
3.32561915e+00 -2.42780321e-09
3.32803778e+00 -2.45023239e-09
3.33045641e+00 -2.47248107e-09
3.33287504e+00 -2.49454283e-09
3.33529367e+00 -2.51641359e-09
3.33771231e+00 -2.53808794e-09
3.34013094e+00 -2.55956128e-09
3.34254957e+00 -2.58082809e-09
3.34496820e+00 -2.60188402e-09
3.34738683e+00 -2.62272342e-09
3.34980547e+00 -2.64334169e-09
3.35222410e+00 -2.66373496e-09
3.35464273e+00 -2.68389761e-09
3.35706136e+00 -2.70382527e-09
3.35948000e+00 -2.72351333e-09
3.36189863e+00 -2.74295705e-09
3.36431726e+00 -2.76215168e-09
3.36673589e+00 -2.78109376e-09
3.36915452e+00 -2.79977867e-09
3.37157316e+00 -2.81820130e-09
3.37399179e+00 -2.83635817e-09
3.37641042e+00 -2.85424454e-09
3.37882905e+00 -2.87185709e-09
3.38124768e+00 -2.88919067e-09
3.38366632e+00 -2.90624171e-09
3.38608495e+00 -2.92300712e-09
3.38850358e+00 -2.93948140e-09
3.39092221e+00 -2.95566236e-09
3.39334084e+00 -2.97154539e-09
3.39575948e+00 -2.98712690e-09
3.39817811e+00 -3.00240330e-09
3.40059674e+00 -3.01737113e-09
3.40301537e+00 -3.03202706e-09
3.40543401e+00 -3.04636749e-09
3.40785264e+00 -3.06038960e-09
3.41027127e+00 -3.07408930e-09
3.41268990e+00 -3.08746351e-09
3.41510853e+00 -3.10051004e-09
3.41752717e+00 -3.11322569e-09
3.41994580e+00 -3.12560688e-09
3.42236443e+00 -3.13765091e-09
3.42478306e+00 -3.14935547e-09
3.42720169e+00 -3.16071736e-09
3.42962033e+00 -3.17173414e-09
3.43203896e+00 -3.18240325e-09
3.43445759e+00 -3.19272238e-09
3.43687622e+00 -3.20268897e-09
3.43929485e+00 -3.21230045e-09
3.44171349e+00 -3.22155554e-09
3.44413212e+00 -3.23045129e-09
3.44655075e+00 -3.23898553e-09
3.44896938e+00 -3.24715658e-09
3.45138802e+00 -3.25496279e-09
3.45380665e+00 -3.26240183e-09
3.45622528e+00 -3.26947282e-09
3.45864391e+00 -3.27617358e-09
3.46106254e+00 -3.28250218e-09
3.46348118e+00 -3.28845811e-09
3.46589981e+00 -3.29403906e-09
3.46831844e+00 -3.29924375e-09
3.47073707e+00 -3.30407192e-09
3.47315570e+00 -3.30852204e-09
3.47557434e+00 -3.31259270e-09
3.47799297e+00 -3.31628299e-09
3.48041160e+00 -3.31959254e-09
3.48283023e+00 -3.32251980e-09
3.48524887e+00 -3.32506542e-09
3.48766750e+00 -3.32722773e-09
3.49008613e+00 -3.32900582e-09
3.49250476e+00 -3.33040010e-09
3.49492339e+00 -3.33141081e-09
3.49734203e+00 -3.33203667e-09
3.49976066e+00 -3.33227768e-09
3.50217929e+00 -3.33213410e-09
3.50459792e+00 -3.33160567e-09
3.50701655e+00 -3.33069316e-09
3.50943519e+00 -3.32939580e-09
3.51185382e+00 -3.32771488e-09
3.51427245e+00 -3.32564949e-09
3.51669108e+00 -3.32320168e-09
3.51910971e+00 -3.32037095e-09
3.52152835e+00 -3.31715832e-09
3.52394698e+00 -3.31356456e-09
3.52636561e+00 -3.30959018e-09
3.52878424e+00 -3.30523647e-09
3.53120288e+00 -3.30050470e-09
3.53362151e+00 -3.29539449e-09
3.53604014e+00 -3.28990917e-09
3.53845877e+00 -3.28404850e-09
3.54087740e+00 -3.27781438e-09
3.54329604e+00 -3.27120810e-09
3.54571467e+00 -3.26423095e-09
3.54813330e+00 -3.25688537e-09
3.55055193e+00 -3.24917185e-09
3.55297056e+00 -3.24109310e-09
3.55538920e+00 -3.23265052e-09
3.55780783e+00 -3.22384605e-09
3.56022646e+00 -3.21468236e-09
3.56264509e+00 -3.20516087e-09
3.56506372e+00 -3.19528428e-09
3.56748236e+00 -3.18505412e-09
3.56990099e+00 -3.17447334e-09
3.57231962e+00 -3.16354424e-09
3.57473825e+00 -3.15226991e-09
3.57715689e+00 -3.14065214e-09
3.57957552e+00 -3.12869362e-09
3.58199415e+00 -3.11639769e-09
3.58441278e+00 -3.10376690e-09
3.58683141e+00 -3.09080382e-09
3.58925005e+00 -3.07751179e-09
3.59166868e+00 -3.06389401e-09
3.59408731e+00 -3.04995381e-09
3.59650594e+00 -3.03569402e-09
3.59892457e+00 -3.02111771e-09
3.60134321e+00 -3.00622846e-09
3.60376184e+00 -2.99103013e-09
3.60618047e+00 -2.97552554e-09
3.60859910e+00 -2.95971866e-09
3.61101773e+00 -2.94361334e-09
3.61343637e+00 -2.92721290e-09
3.61585500e+00 -2.91052120e-09
3.61827363e+00 -2.89354169e-09
3.62069226e+00 -2.87627913e-09
3.62311090e+00 -2.85873710e-09
3.62552953e+00 -2.84091982e-09
3.62794816e+00 -2.82283154e-09
3.63036679e+00 -2.80447570e-09
3.63278542e+00 -2.78585732e-09
3.63520406e+00 -2.76698049e-09
3.63762269e+00 -2.74784894e-09
3.64004132e+00 -2.72846791e-09
3.64245995e+00 -2.70884113e-09
3.64487858e+00 -2.68897385e-09
3.64729722e+00 -2.66887094e-09
3.64971585e+00 -2.64853548e-09
3.65213448e+00 -2.62797362e-09
3.65455311e+00 -2.60718947e-09
3.65697174e+00 -2.58618816e-09
3.65939038e+00 -2.56497455e-09
3.66180901e+00 -2.54355326e-09
3.66422764e+00 -2.52192941e-09
3.66664627e+00 -2.50010789e-09
3.66906491e+00 -2.47809394e-09
3.67148354e+00 -2.45589231e-09
3.67390217e+00 -2.43350800e-09
3.67632080e+00 -2.41094703e-09
3.67873943e+00 -2.38821377e-09
3.68115807e+00 -2.36531359e-09
3.68357670e+00 -2.34225239e-09
3.68599533e+00 -2.31903467e-09
3.68841396e+00 -2.29566619e-09
3.69083259e+00 -2.27215233e-09
3.69325123e+00 -2.24849899e-09
3.69566986e+00 -2.22471091e-09
3.69808849e+00 -2.20079362e-09
3.70050712e+00 -2.17675299e-09
3.70292575e+00 -2.15259417e-09
3.70534439e+00 -2.12832331e-09
3.70776302e+00 -2.10394552e-09
3.71018165e+00 -2.07946647e-09
3.71260028e+00 -2.05489228e-09
3.71501892e+00 -2.03022811e-09
3.71743755e+00 -2.00547984e-09
3.71985618e+00 -1.98065311e-09
3.72227481e+00 -1.95575394e-09
3.72469344e+00 -1.93078786e-09
3.72711208e+00 -1.90576089e-09
3.72953071e+00 -1.88067802e-09
3.73194934e+00 -1.85554605e-09
3.73436797e+00 -1.83036973e-09
3.73678660e+00 -1.80515584e-09
3.73920524e+00 -1.77990990e-09
3.74162387e+00 -1.75463756e-09
3.74404250e+00 -1.72934470e-09
3.74646113e+00 -1.70403749e-09
3.74887976e+00 -1.67872104e-09
3.75129840e+00 -1.65340191e-09
3.75371703e+00 -1.62808610e-09
3.75613566e+00 -1.60277876e-09
3.75855429e+00 -1.57748590e-09
3.76097293e+00 -1.55221343e-09
3.76339156e+00 -1.52696749e-09
3.76581019e+00 -1.50175335e-09
3.76822882e+00 -1.47657754e-09
3.77064745e+00 -1.45144506e-09
3.77306609e+00 -1.42636219e-09
3.77548472e+00 -1.40133508e-09
3.77790335e+00 -1.37636888e-09
3.78032198e+00 -1.35146894e-09
3.78274061e+00 -1.32664247e-09
3.78515925e+00 -1.30189420e-09
3.78757788e+00 -1.27723002e-09
3.78999651e+00 -1.25265558e-09
3.79241514e+00 -1.22817653e-09
3.79483377e+00 -1.20379887e-09
3.79725241e+00 -1.17952788e-09
3.79967104e+00 -1.15536906e-09
3.80208967e+00 -1.13132805e-09
3.80450830e+00 -1.10741088e-09
3.80692694e+00 -1.08362242e-09
3.80934557e+00 -1.05996908e-09
3.81176420e+00 -1.03645509e-09
3.81418283e+00 -1.01308700e-09
3.81660146e+00 -9.89869657e-10
3.81902010e+00 -9.66807950e-10
3.82143873e+00 -9.43907772e-10
3.82385736e+00 -9.21175020e-10
3.82627599e+00 -8.98613796e-10
3.82869462e+00 -8.76229613e-10
3.83111326e+00 -8.54028239e-10
3.83353189e+00 -8.32014163e-10
3.83595052e+00 -8.10193151e-10
3.83836915e+00 -7.88569308e-10
3.84078778e+00 -7.67148529e-10
3.84320642e+00 -7.45934917e-10
3.84562505e+00 -7.24933857e-10
3.84804368e+00 -7.04150092e-10
3.85046231e+00 -6.83588365e-10
3.85288095e+00 -6.63254316e-10
3.85529958e+00 -6.43151280e-10
3.85771821e+00 -6.23284383e-10
3.86013684e+00 -6.03658754e-10
3.86255547e+00 -5.84277982e-10
3.86497411e+00 -5.65147324e-10
3.86739274e+00 -5.46271009e-10
3.86981137e+00 -5.27653013e-10
3.87223000e+00 -5.09298206e-10
3.87464863e+00 -4.91210562e-10
3.87706727e+00 -4.73394313e-10
3.87948590e+00 -4.55853176e-10
3.88190453e+00 -4.38591637e-10
3.88432316e+00 -4.21613671e-10
3.88674179e+00 -4.04922868e-10
3.88916043e+00 -3.88523842e-10
3.89157906e+00 -3.72419671e-10
3.89399769e+00 -3.56614199e-10
3.89641632e+00 -3.41111402e-10
3.89883496e+00 -3.25914485e-10
3.90125359e+00 -3.11026908e-10
3.90367222e+00 -2.96452004e-10
3.90609085e+00 -2.82193877e-10
3.90850948e+00 -2.68255346e-10
3.91092812e+00 -2.54639232e-10
3.91334675e+00 -2.41350021e-10
3.91576538e+00 -2.28388740e-10
3.91818401e+00 -2.15760388e-10
3.92060264e+00 -2.03466759e-10
3.92302128e+00 -1.91510418e-10
3.92543991e+00 -1.79894954e-10
3.92785854e+00 -1.68622547e-10
3.93027717e+00 -1.57696273e-10
3.93269580e+00 -1.47118696e-10
3.93511444e+00 -1.36891227e-10
3.93753307e+00 -1.27017583e-10
3.93995170e+00 -1.17498661e-10
3.94237033e+00 -1.08338179e-10
3.94478897e+00 -9.95370356e-11
3.94720760e+00 -9.10979215e-11
3.94962623e+00 -8.30221192e-11
3.95204486e+00 -7.53127054e-11
3.95446349e+00 -6.79699365e-11
3.95688213e+00 -6.09966328e-11
3.95930076e+00 -5.43940763e-11
3.96171939e+00 -4.81634208e-11
3.96413802e+00 -4.23068457e-11
3.96655665e+00 -3.68252482e-11
3.96897529e+00 -3.17196541e-11
3.97139392e+00 -2.69923708e-11
3.97381255e+00 -2.26428856e-11
3.97623118e+00 -1.86729933e-11
3.97864981e+00 -1.50834629e-11
3.98106845e+00 -1.18754484e-11
3.98348708e+00 -9.04933420e-12
3.98590571e+00 -6.60653061e-12
3.98832434e+00 -4.54652478e-12
3.99074298e+00 -2.87008591e-12
3.99316161e+00 -1.57811138e-12
3.99558024e+00 -6.70601187e-13
3.99799887e+00 -1.47427139e-13
4.00041750e+00 -8.97382587e-15
4.00283614e+00 -2.55882235e-13
4.00525477e+00 -8.87383181e-13
4.00767340e+00 -1.90296387e-12
4.01009203e+00 -3.30364990e-12
4.01251066e+00 -5.08777468e-12
4.01492930e+00 -7.25546641e-12
4.01734793e+00 -9.80698150e-12
4.01976656e+00 -1.27403970e-11
4.02218519e+00 -1.60559692e-11
4.02460382e+00 -1.97525445e-11
4.02702246e+00 -2.38289690e-11
4.02944109e+00 -2.82854991e-11
4.03185972e+00 -3.31202119e-11
4.03427835e+00 -3.83313126e-11
4.03669699e+00 -4.39186730e-11
4.03911562e+00 -4.98808829e-11
4.04153425e+00 -5.62164040e-11
4.04395288e+00 -6.29234414e-11
4.04637151e+00 -7.00008415e-11
4.04879015e+00 -7.74469376e-11
4.05120878e+00 -8.52603196e-11
4.05362741e+00 -9.34381671e-11
4.05604604e+00 -1.01979839e-10
4.05846467e+00 -1.10882003e-10
4.06088331e+00 -1.20143888e-10
4.06330194e+00 -1.29762291e-10
4.06572057e+00 -1.39735930e-10
4.06813920e+00 -1.50062111e-10
4.07055783e+00 -1.60738528e-10
4.07297647e+00 -1.71762617e-10
4.07539510e+00 -1.83131941e-10
4.07781373e+00 -1.94843297e-10
4.08023236e+00 -2.06894889e-10
4.08265100e+00 -2.19282871e-10
4.08506963e+00 -2.32005705e-10
4.08748826e+00 -2.45059544e-10
4.08990689e+00 -2.58441442e-10
4.09232552e+00 -2.72148576e-10
4.09474416e+00 -2.86177486e-10
4.09716279e+00 -3.00525224e-10
4.09958142e+00 -3.15188199e-10
4.10200005e+00 -3.30162822e-10
4.10441868e+00 -3.45446658e-10
4.10683732e+00 -3.61035475e-10
4.10925595e+00 -3.76925429e-10
4.11167458e+00 -3.93113313e-10
4.11409321e+00 -4.09595155e-10
4.11651184e+00 -4.26366979e-10
4.11893048e+00 -4.43425068e-10
4.12134911e+00 -4.60765704e-10
4.12376774e+00 -4.78384786e-10
4.12618637e+00 -4.96278466e-10
4.12860501e+00 -5.14441618e-10
4.13102364e+00 -5.32870908e-10
4.13344227e+00 -5.51561849e-10
4.13586090e+00 -5.70510467e-10
4.13827953e+00 -5.89712147e-10
4.14069817e+00 -6.09162530e-10
4.14311680e+00 -6.28856232e-10
4.14553543e+00 -6.48790432e-10
4.14795406e+00 -6.68959106e-10
4.15037269e+00 -6.89357637e-10
4.15279133e+00 -7.09982438e-10
4.15520996e+00 -7.30827481e-10
4.15762859e+00 -7.51888923e-10
4.16004722e+00 -7.73161249e-10
4.16246585e+00 -7.94639844e-10
4.16488449e+00 -8.16319839e-10
4.16730312e+00 -8.38196231e-10
4.16972175e+00 -8.60262997e-10
4.17214038e+00 -8.82516547e-10
4.17455902e+00 -9.04950727e-10
4.17697765e+00 -9.27560538e-10
4.17939628e+00 -9.50341492e-10
4.18181491e+00 -9.73287309e-10
4.18423354e+00 -9.96393372e-10
4.18665218e+00 -1.01965430e-09
4.18907081e+00 -1.04306368e-09
4.19148944e+00 -1.06661766e-09
4.19390807e+00 -1.09030984e-09
4.19632670e+00 -1.11413535e-09
4.19874534e+00 -1.13808777e-09
4.20116397e+00 -1.16216224e-09
4.20358260e+00 -1.18635311e-09
4.20600123e+00 -1.21065513e-09
4.20841986e+00 -1.23506163e-09
4.21083850e+00 -1.25956799e-09
4.21325713e+00 -1.28416833e-09
4.21567576e+00 -1.30885660e-09
4.21809439e+00 -1.33362770e-09
4.22051303e+00 -1.35847545e-09
4.22293166e+00 -1.38339371e-09
4.22535029e+00 -1.40837762e-09
4.22776892e+00 -1.43342126e-09
4.23018755e+00 -1.45851835e-09
4.23260619e+00 -1.48366391e-09
4.23502482e+00 -1.50885113e-09
4.23744345e+00 -1.53407438e-09
4.23986208e+00 -1.55932852e-09
4.24228071e+00 -1.58460689e-09
4.24469935e+00 -1.60990462e-09
4.24711798e+00 -1.63521465e-09
4.24953661e+00 -1.66053289e-09
4.25195524e+00 -1.68585139e-09
4.25437387e+00 -1.71116552e-09
4.25679251e+00 -1.73646928e-09
4.25921114e+00 -1.76175713e-09
4.26162977e+00 -1.78702294e-09
4.26404840e+00 -1.81226003e-09
4.26646704e+00 -1.83746392e-09
4.26888567e+00 -1.86262832e-09
4.27130430e+00 -1.88774709e-09
4.27372293e+00 -1.91281470e-09
4.27614156e+00 -1.93782539e-09
4.27856020e+00 -1.96277327e-09
4.28097883e+00 -1.98765192e-09
4.28339746e+00 -2.01245737e-09
4.28581609e+00 -2.03718231e-09
4.28823472e+00 -2.06182174e-09
4.29065336e+00 -2.08636977e-09
4.29307199e+00 -2.11082063e-09
4.29549062e+00 -2.13516841e-09
4.29790925e+00 -2.15940864e-09
4.30032788e+00 -2.18353464e-09
4.30274652e+00 -2.20754117e-09
4.30516515e+00 -2.23142282e-09
4.30758378e+00 -2.25517334e-09
4.31000241e+00 -2.27878847e-09
4.31242105e+00 -2.30226169e-09
4.31483968e+00 -2.32558825e-09
4.31725831e+00 -2.34876226e-09
4.31967694e+00 -2.37177884e-09
4.32209557e+00 -2.39463236e-09
4.32451421e+00 -2.41731793e-09
4.32693284e+00 -2.43982942e-09
4.32935147e+00 -2.46216322e-09
4.33177010e+00 -2.48431216e-09
4.33418873e+00 -2.50627265e-09
4.33660737e+00 -2.52803905e-09
4.33902600e+00 -2.54960623e-09
4.34144463e+00 -2.57096996e-09
4.34386326e+00 -2.59212422e-09
4.34628189e+00 -2.61306477e-09
4.34870053e+00 -2.63378648e-09
4.35111916e+00 -2.65428488e-09
4.35353779e+00 -2.67455496e-09
4.35595642e+00 -2.69459249e-09
4.35837506e+00 -2.71439234e-09
4.36079369e+00 -2.73394989e-09
4.36321232e+00 -2.75326105e-09
4.36563095e+00 -2.77232172e-09
4.36804958e+00 -2.79112637e-09
4.37046822e+00 -2.80967155e-09
4.37288685e+00 -2.82795200e-09
4.37530548e+00 -2.84596491e-09
4.37772411e+00 -2.86370513e-09
4.38014274e+00 -2.88116897e-09
4.38256138e+00 -2.89835192e-09
4.38498001e+00 -2.91525040e-09
4.38739864e+00 -2.93186083e-09
4.38981727e+00 -2.94817832e-09
4.39223590e+00 -2.96420006e-09
4.39465454e+00 -2.97992195e-09
4.39707317e+00 -2.99534052e-09
4.39949180e+00 -3.01045218e-09
4.40191043e+00 -3.02525361e-09
4.40432907e+00 -3.03974134e-09
4.40674770e+00 -3.05391153e-09
4.40916633e+00 -3.06776173e-09
4.41158496e+00 -3.08128759e-09
4.41400359e+00 -3.09448706e-09
4.41642223e+00 -3.10735668e-09
4.41884086e+00 -3.11989350e-09
4.42125949e+00 -3.13209483e-09
4.42367812e+00 -3.14395784e-09
4.42609675e+00 -3.15547857e-09
4.42851539e+00 -3.16665637e-09
4.43093402e+00 -3.17748816e-09
4.43335265e+00 -3.18796972e-09
4.43577128e+00 -3.19810052e-09
4.43818991e+00 -3.20787738e-09
4.44060855e+00 -3.21729823e-09
4.44302718e+00 -3.22636115e-09
4.44544581e+00 -3.23506346e-09
4.44786444e+00 -3.24340424e-09
4.45028308e+00 -3.25137992e-09
4.45270171e+00 -3.25899050e-09
4.45512034e+00 -3.26623212e-09
4.45753897e+00 -3.27310530e-09
4.45995760e+00 -3.27960671e-09
4.46237624e+00 -3.28573609e-09
4.46479487e+00 -3.29149113e-09
4.46721350e+00 -3.29687158e-09
4.46963213e+00 -3.30187474e-09
4.47205076e+00 -3.30650037e-09
4.47446940e+00 -3.31074717e-09
4.47688803e+00 -3.31461437e-09
4.47930666e+00 -3.31810070e-09
4.48172529e+00 -3.32120578e-09
4.48414392e+00 -3.32392895e-09
4.48656256e+00 -3.32626906e-09
4.48898119e+00 -3.32822587e-09
4.49139982e+00 -3.32979911e-09
4.49381845e+00 -3.33098801e-09
4.49623709e+00 -3.33179258e-09
4.49865572e+00 -3.33221281e-09
4.50107435e+00 -3.33224781e-09
4.50349298e+00 -3.33189835e-09
4.50591161e+00 -3.33116441e-09
4.50833025e+00 -3.33004602e-09
4.51074888e+00 -3.32854329e-09
4.51316751e+00 -3.32665635e-09
4.51558614e+00 -3.32438623e-09
4.51800477e+00 -3.32173382e-09
4.52042341e+00 -3.31869874e-09
4.52284204e+00 -3.31528228e-09
4.52526067e+00 -3.31148430e-09
4.52767930e+00 -3.30730686e-09
4.53009793e+00 -3.30275046e-09
4.53251657e+00 -3.29781627e-09
4.53493520e+00 -3.29250543e-09
4.53735383e+00 -3.28681884e-09
4.53977246e+00 -3.28075792e-09
4.54219110e+00 -3.27432395e-09
4.54460973e+00 -3.26751961e-09
4.54702836e+00 -3.26034452e-09
4.54944699e+00 -3.25280215e-09
4.55186562e+00 -3.24489287e-09
4.55428426e+00 -3.23661939e-09
4.55670289e+00 -3.22798285e-09
4.55912152e+00 -3.21898621e-09
4.56154015e+00 -3.20963035e-09
4.56395878e+00 -3.19991888e-09
4.56637742e+00 -3.18985255e-09
4.56879605e+00 -3.17943522e-09
4.57121468e+00 -3.16866779e-09
4.57363331e+00 -3.15755306e-09
4.57605194e+00 -3.14609438e-09
4.57847058e+00 -3.13429419e-09
4.58088921e+00 -3.12215465e-09
4.58330784e+00 -3.10967924e-09
4.58572647e+00 -3.09687064e-09
4.58814511e+00 -3.08373065e-09
4.59056374e+00 -3.07026427e-09
4.59298237e+00 -3.05647330e-09
4.59540100e+00 -3.04236157e-09
4.59781963e+00 -3.02793179e-09
4.60023827e+00 -3.01318818e-09
4.60265690e+00 -2.99813279e-09
4.60507553e+00 -2.98277050e-09
4.60749416e+00 -2.96710361e-09
4.60991279e+00 -2.95113648e-09
4.61233143e+00 -2.93487257e-09
4.61475006e+00 -2.91831561e-09
4.61716869e+00 -2.90146981e-09
4.61958732e+00 -2.88433865e-09
4.62200595e+00 -2.86692610e-09
4.62442459e+00 -2.84923612e-09
4.62684322e+00 -2.83127309e-09
4.62926185e+00 -2.81304109e-09
4.63168048e+00 -2.79454411e-09
4.63409912e+00 -2.77578587e-09
4.63651775e+00 -2.75677277e-09
4.63893638e+00 -2.73750712e-09
4.64135501e+00 -2.71799417e-09
4.64377364e+00 -2.69823817e-09
4.64619228e+00 -2.67824423e-09
4.64861091e+00 -2.65801620e-09
4.65102954e+00 -2.63755947e-09
4.65344817e+00 -2.61687813e-09
4.65586680e+00 -2.59597706e-09
4.65828544e+00 -2.57486152e-09
4.66070407e+00 -2.55353600e-09
4.66312270e+00 -2.53200612e-09
4.66554133e+00 -2.51027587e-09
4.66795996e+00 -2.48835012e-09
4.67037860e+00 -2.46623503e-09
4.67279723e+00 -2.44393507e-09
4.67521586e+00 -2.42145589e-09
4.67763449e+00 -2.39880185e-09
4.68005313e+00 -2.37597859e-09
4.68247176e+00 -2.35299150e-09
4.68489039e+00 -2.32984595e-09
4.68730902e+00 -2.30654721e-09
4.68972765e+00 -2.28310001e-09
4.69214629e+00 -2.25951026e-09
4.69456492e+00 -2.23578436e-09
4.69698355e+00 -2.21192642e-09
4.69940218e+00 -2.18794194e-09
4.70182081e+00 -2.16383812e-09
4.70423945e+00 -2.13961853e-09
4.70665808e+00 -2.11528972e-09
4.70907671e+00 -2.09085681e-09
4.71149534e+00 -2.06632635e-09
4.71391397e+00 -2.04170320e-09
4.71633261e+00 -2.01699325e-09
4.71875124e+00 -1.99220268e-09
4.72116987e+00 -1.96733646e-09
4.72358850e+00 -1.94240076e-09
4.72600714e+00 -1.91740122e-09
4.72842577e+00 -1.89234374e-09
4.73084440e+00 -1.86723356e-09
4.73326303e+00 -1.84207724e-09
4.73568166e+00 -1.81688027e-09
4.73810030e+00 -1.79164844e-09
4.74051893e+00 -1.76638789e-09
4.74293756e+00 -1.74110349e-09
4.74535619e+00 -1.71580217e-09
4.74777482e+00 -1.69048983e-09
4.75019346e+00 -1.66517108e-09
4.75261209e+00 -1.63985233e-09
4.75503072e+00 -1.61454050e-09
4.75744935e+00 -1.58924008e-09
4.75986798e+00 -1.56395735e-09
4.76228662e+00 -1.53869846e-09
4.76470525e+00 -1.51346906e-09
4.76712388e+00 -1.48827441e-09
4.76954251e+00 -1.46312103e-09
4.77196115e+00 -1.43801470e-09
4.77437978e+00 -1.41296106e-09
4.77679841e+00 -1.38796562e-09
4.77921704e+00 -1.36303441e-09
4.78163567e+00 -1.33817332e-09
4.78405431e+00 -1.31338787e-09
4.78647294e+00 -1.28868434e-09
4.78889157e+00 -1.26406773e-09
4.79131020e+00 -1.23954329e-09
4.79372883e+00 -1.21511807e-09
4.79614747e+00 -1.19079657e-09
4.79856610e+00 -1.16658518e-09
4.80098473e+00 -1.14248880e-09
4.80340336e+00 -1.11851304e-09
4.80582199e+00 -1.09466459e-09
4.80824063e+00 -1.07094728e-09
4.81065926e+00 -1.04736804e-09
4.81307789e+00 -1.02393122e-09
4.81549652e+00 -1.00064261e-09
4.81791516e+00 -9.77508212e-10
4.82033379e+00 -9.54532269e-10
4.82275242e+00 -9.31721188e-10
4.82517105e+00 -9.09079328e-10
4.82758968e+00 -8.86612201e-10
4.83000832e+00 -8.64325192e-10
4.83242695e+00 -8.42223300e-10
4.83484558e+00 -8.20312037e-10
4.83726421e+00 -7.98595635e-10
4.83968284e+00 -7.77079862e-10
4.84210148e+00 -7.55769461e-10
4.84452011e+00 -7.34668664e-10
4.84693874e+00 -7.13783622e-10
4.84935737e+00 -6.93118568e-10
4.85177600e+00 -6.72677731e-10
4.85419464e+00 -6.52466880e-10
4.85661327e+00 -6.32489605e-10
4.85903190e+00 -6.12750906e-10
4.86145053e+00 -5.93256039e-10
4.86386917e+00 -5.74008721e-10
4.86628780e+00 -5.55013311e-10
4.86870643e+00 -5.36274552e-10
4.87112506e+00 -5.17796932e-10
4.87354369e+00 -4.99584937e-10
4.87596233e+00 -4.81641644e-10
4.87838096e+00 -4.63972052e-10
4.88079959e+00 -4.46580393e-10
4.88321822e+00 -4.29469615e-10
4.88563685e+00 -4.12644973e-10
4.88805549e+00 -3.96109674e-10
4.89047412e+00 -3.79868203e-10
4.89289275e+00 -3.63922996e-10
4.89531138e+00 -3.48279054e-10
4.89773002e+00 -3.32939196e-10
4.90014865e+00 -3.17907524e-10
4.90256728e+00 -3.03186989e-10
4.90498591e+00 -2.88781306e-10
4.90740454e+00 -2.74693810e-10
4.90982318e+00 -2.60927832e-10
4.91224181e+00 -2.47485682e-10
4.91466044e+00 -2.34372102e-10
4.91707907e+00 -2.21588375e-10
4.91949770e+00 -2.09138730e-10
4.92191634e+00 -1.97025603e-10
4.92433497e+00 -1.85251174e-10
4.92675360e+00 -1.73819418e-10
4.92917223e+00 -1.62731615e-10
4.93159086e+00 -1.51991868e-10
4.93400950e+00 -1.41601075e-10
4.93642813e+00 -1.31562825e-10
4.93884676e+00 -1.21878785e-10
4.94126539e+00 -1.12551519e-10
4.94368403e+00 -1.03582564e-10
4.94610266e+00 -9.49748707e-11
4.94852129e+00 -8.67301041e-11
4.95093992e+00 -7.88499312e-11
4.95335855e+00 -7.13365314e-11
4.95577719e+00 -6.41913148e-11
4.95819582e+00 -5.74163327e-11
4.96061445e+00 -5.10123541e-11
4.96303308e+00 -4.49816868e-11
4.96545171e+00 -3.93253561e-11
4.96787035e+00 -3.40449006e-11
4.97028898e+00 -2.91413457e-11
4.97270761e+00 -2.46157172e-11
4.97512624e+00 -2.04694250e-11
4.97754487e+00 -1.67033667e-11
4.97996351e+00 -1.33184396e-11
4.98238214e+00 -1.03143873e-11
4.98480077e+00 -7.69338912e-12
4.98721940e+00 -5.45531694e-12
4.98963804e+00 -3.60093993e-12
4.99205667e+00 -2.13000167e-12
4.99447530e+00 -1.04391234e-12
4.99689393e+00 -3.41646371e-13
4.99931256e+00 -2.49985149e-14
5.00173120e+00 -9.25586040e-14
