#	Time	Error_of_Energy	Error_of_Position
4.02633697e-02 -4.82406666e-04 6.70361192e-04
8.05267394e-02 -1.49583933e-03 1.28520397e-03
1.20790109e-01 -2.31822456e-03 1.80765985e-03
1.61053479e-01 -2.64994761e-03 2.22696535e-03
2.01316848e-01 -2.58480875e-03 2.55213758e-03
2.41580218e-01 -2.31537880e-03 2.80066633e-03
2.81843588e-01 -1.98340001e-03 2.99047133e-03
3.22106957e-01 -1.66265452e-03 3.13651265e-03
3.62370327e-01 -1.38216392e-03 3.25020123e-03
4.02633697e-01 -1.14817644e-03 3.33989954e-03
4.42897067e-01 -9.57315145e-04 3.41164817e-03
4.83160436e-01 -8.03094081e-04 3.46980665e-03
5.23423806e-01 -6.78753665e-04 3.51754104e-03
5.63687176e-01 -5.78312064e-04 3.55717478e-03
6.03950545e-01 -4.96829115e-04 3.59043275e-03
6.44213915e-01 -4.30357619e-04 3.61861065e-03
6.84477285e-01 -3.75793334e-04 3.64269527e-03
7.24740654e-01 -3.30711027e-04 3.66344711e-03
7.65004024e-01 -2.93218427e-04 3.68145866e-03
8.05267394e-01 -2.61836403e-04 3.69719604e-03
8.45530763e-01 -2.35404456e-04 3.71103064e-03
8.85794133e-01 -2.13007657e-04 3.72326053e-03
9.26057503e-01 -1.93920717e-04 3.73412785e-03
9.66320872e-01 -1.77565318e-04 3.74382935e-03
1.00658424e+00 -1.63477572e-04 3.75253026e-03
1.04684761e+00 -1.51283152e-04 3.76036249e-03
1.08711098e+00 -1.40678213e-04 3.76744189e-03
1.12737435e+00 -1.31414699e-04 3.77386221e-03
1.16763772e+00 -1.23288960e-04 3.77970332e-03
1.20790109e+00 -1.16132896e-04 3.78503348e-03
1.24816446e+00 -1.09807028e-04 3.78991159e-03
1.28842783e+00 -1.04195043e-04 3.79438925e-03
1.32869120e+00 -9.91994765e-05 3.79850713e-03
1.36895457e+00 -9.47382841e-05 3.80230321e-03
1.40921794e+00 -9.07420929e-05 3.80581293e-03
1.44948131e+00 -8.71519968e-05 3.80906102e-03
1.48974468e+00 -8.39177738e-05 3.81207509e-03
1.53000805e+00 -8.09964388e-05 3.81487812e-03
1.57027142e+00 -7.83510636e-05 3.81748586e-03
1.61053479e+00 -7.59498102e-05 3.81991769e-03
1.65079816e+00 -7.37651348e-05 3.82219089e-03
1.69106153e+00 -7.17731303e-05 3.82431776e-03
1.73132490e+00 -6.99529810e-05 3.82630985e-03
1.77158827e+00 -6.82865074e-05 3.82817822e-03
1.81185164e+00 -6.67577868e-05 3.82993290e-03
1.85211501e+00 -6.53528337e-05 3.83158288e-03
1.89237838e+00 -6.40593312e-05 3.83313614e-03
1.93264174e+00 -6.28664039e-05 3.83459979e-03
1.97290511e+00 -6.17644255e-05 3.83598021e-03
2.01316848e+00 -6.07448544e-05 3.83728344e-03
2.05343185e+00 -5.98000946e-05 3.83851580e-03
2.09369522e+00 -5.89233755e-05 3.83968360e-03
2.13395859e+00 -5.81086494e-05 3.84078994e-03
2.17422196e+00 -5.73505033e-05 3.84183682e-03
2.21448533e+00 -5.66440822e-05 3.84282762e-03
2.25474870e+00 -5.59850235e-05 3.84377004e-03
2.29501207e+00 -5.53693997e-05 3.84466806e-03
2.33527544e+00 -5.47936683e-05 3.84551834e-03
2.37553881e+00 -5.42546289e-05 3.84632529e-03
2.41580218e+00 -5.37493850e-05 3.84709900e-03
2.45606555e+00 -5.32753109e-05 3.84783229e-03
2.49632892e+00 -5.28300226e-05 3.84852902e-03
2.53659229e+00 -5.24113524e-05 3.84919950e-03
2.57685566e+00 -5.20173258e-05 3.84983262e-03
2.61711903e+00 -5.16461425e-05 3.85044088e-03
2.65738240e+00 -5.12961580e-05 3.85102152e-03
2.69764577e+00 -5.09658684e-05 3.85157248e-03
2.73790914e+00 -5.06538964e-05 3.85210563e-03
2.77817251e+00 -5.03589794e-05 3.85260722e-03
2.81843588e+00 -5.00799578e-05 3.85309610e-03
2.85869925e+00 -4.98157660e-05 3.85355473e-03
2.89896262e+00 -4.95654234e-05 3.85400297e-03
2.93922599e+00 -4.93280262e-05 3.85442300e-03
2.97948936e+00 -4.91027411e-05 3.85483477e-03
3.01975273e+00 -4.88887985e-05 3.85521959e-03
3.06001610e+00 -4.86854869e-05 3.85559863e-03
3.10027947e+00 -4.84921481e-05 3.85595181e-03
3.14054284e+00 -4.83081723e-05 3.85630047e-03
3.18080621e+00 -4.81329943e-05 3.85662652e-03
3.22106957e+00 -4.79660893e-05 3.85694527e-03
3.26133294e+00 -4.78069701e-05 3.85724900e-03
3.30159631e+00 -4.76551835e-05 3.85753799e-03
3.34185968e+00 -4.75103078e-05 3.85782251e-03
3.38212305e+00 -4.73719502e-05 3.85808563e-03
3.42238642e+00 -4.72397446e-05 3.85834893e-03
3.46264979e+00 -4.71133493e-05 3.85859538e-03
3.50291316e+00 -4.69924455e-05 3.85883162e-03
3.54317653e+00 -4.68767350e-05 3.85906577e-03
3.58343990e+00 -4.67659391e-05 3.85928049e-03
3.62370327e+00 -4.66597969e-05 3.85949501e-03
3.66396664e+00 -4.65580641e-05 3.85970059e-03
3.70423001e+00 -4.64605116e-05 3.85989020e-03
3.74449338e+00 -4.63669246e-05 3.86008357e-03
3.78475675e+00 -4.62771015e-05 3.86026449e-03
3.82502012e+00 -4.61908529e-05 3.86043286e-03
3.86528349e+00 -4.61080008e-05 3.86060596e-03
3.90554686e+00 -4.60283778e-05 3.86076639e-03
3.94581023e+00 -4.59518265e-05 3.86091532e-03
3.98607360e+00 -4.58781985e-05 3.86106970e-03
4.02633697e+00 -4.58073540e-05 3.86121338e-03
4.06660034e+00 -4.57391612e-05 3.86134453e-03
4.10686371e+00 -4.56734958e-05 3.86148092e-03
4.14712708e+00 -4.56102405e-05 3.86161109e-03
4.18739045e+00 -4.55492845e-05 3.86172737e-03
4.22765382e+00 -4.54905230e-05 3.86184495e-03
4.26791719e+00 -4.54338570e-05 3.86196358e-03
4.30818056e+00 -4.53791929e-05 3.86206916e-03
4.34844393e+00 -4.53264421e-05 3.86216808e-03
4.38870730e+00 -4.52755205e-05 3.86227385e-03
4.42897067e+00 -4.52263486e-05 3.86237248e-03
4.46923403e+00 -4.51788511e-05 3.86245897e-03
4.50949740e+00 -4.51329564e-05 3.86254618e-03
4.54976077e+00 -4.50885966e-05 3.86263765e-03
4.59002414e+00 -4.50457075e-05 3.86271926e-03
4.63028751e+00 -4.50042278e-05 3.86279104e-03
4.67055088e+00 -4.49640993e-05 3.86286689e-03
4.71081425e+00 -4.49252670e-05 3.86294503e-03
4.75107762e+00 -4.48876781e-05 3.86301327e-03
4.79134099e+00 -4.48512828e-05 3.86307274e-03
4.83160436e+00 -4.48160334e-05 3.86313654e-03
4.87186773e+00 -4.47818847e-05 3.86320338e-03
4.91213110e+00 -4.47487934e-05 3.86326151e-03
4.95239447e+00 -4.47167186e-05 3.86331054e-03
4.99265784e+00 -4.46856209e-05 3.86336141e-03
5.03292121e+00 -4.46554630e-05 3.86341824e-03
5.07318458e+00 -4.46262093e-05 3.86346907e-03
5.11344795e+00 -4.45978255e-05 3.86351029e-03
5.15371132e+00 -4.45702793e-05 3.86354836e-03
5.19397469e+00 -4.45435396e-05 3.86359400e-03
5.23423806e+00 -4.45175767e-05 3.86363918e-03
5.27450143e+00 -4.44923623e-05 3.86367597e-03
5.31476480e+00 -4.44678692e-05 3.86370522e-03
5.35502817e+00 -4.44440715e-05 3.86373616e-03
5.39529154e+00 -4.44209444e-05 3.86377402e-03
5.43555491e+00 -4.43984641e-05 3.86380863e-03
5.47581828e+00 -4.43766079e-05 3.86383487e-03
5.51608165e+00 -4.43553539e-05 3.86385505e-03
5.55634502e+00 -4.43346814e-05 3.86387845e-03
5.59660839e+00 -4.43145703e-05 3.86390817e-03
5.63687176e+00 -4.42950015e-05 3.86393471e-03
5.67713513e+00 -4.42759564e-05 3.86395346e-03
5.71739850e+00 -4.42574177e-05 3.86396619e-03
5.75766186e+00 -4.42393681e-05 3.86398071e-03
5.79792523e+00 -4.42217917e-05 3.86400247e-03
5.83818860e+00 -4.42046726e-05 3.86402314e-03
5.87845197e+00 -4.41879961e-05 3.86403715e-03
5.91871534e+00 -4.41717475e-05 3.86404436e-03
5.95897871e+00 -4.41559133e-05 3.86404987e-03
5.99924208e+00 -4.41404800e-05 3.86406203e-03
6.03950545e+00 -4.41254348e-05 3.86407757e-03
6.07976882e+00 -4.41107655e-05 3.86408909e-03
6.12003219e+00 -4.40964603e-05 3.86409374e-03
6.16029556e+00 -4.40825078e-05 3.86409322e-03
6.20055893e+00 -4.40688970e-05 3.86409358e-03
6.24082230e+00 -4.40556174e-05 3.86410124e-03
6.28108567e+00 -4.40426588e-05 3.86411042e-03
6.32134904e+00 -4.40300116e-05 3.86411522e-03
6.36161241e+00 -4.40176661e-05 3.86411359e-03
6.40187578e+00 -4.40056135e-05 3.86410731e-03
6.44213915e+00 -4.39938449e-05 3.86410186e-03
6.48240252e+00 -4.39823519e-05 3.86410344e-03
6.52266589e+00 -4.39711264e-05 3.86410741e-03
6.56292926e+00 -4.39601606e-05 3.86410799e-03
6.60319263e+00 -4.39494468e-05 3.86410270e-03
6.64345600e+00 -4.39389777e-05 3.86409230e-03
6.68371937e+00 -4.39287464e-05 3.86408064e-03
6.72398274e+00 -4.39187461e-05 3.86407422e-03
6.76424611e+00 -4.39089700e-05 3.86407309e-03
6.80450948e+00 -4.38994120e-05 3.86407110e-03
6.84477285e+00 -4.38900659e-05 3.86406455e-03
6.88503622e+00 -4.38809257e-05 3.86405247e-03
6.92529959e+00 -4.38719858e-05 3.86403655e-03
6.96556296e+00 -4.38632406e-05 3.86402111e-03
7.00582632e+00 -4.38546848e-05 3.86401184e-03
7.04608969e+00 -4.38463131e-05 3.86400656e-03
7.08635306e+00 -4.38381207e-05 3.86399994e-03
7.12661643e+00 -4.38301026e-05 3.86398894e-03
7.16687980e+00 -4.38222543e-05 3.86397280e-03
7.20714317e+00 -4.38145710e-05 3.86395301e-03
7.24740654e+00 -4.38070486e-05 3.86393322e-03
7.28766991e+00 -4.37996827e-05 3.86391877e-03
7.32793328e+00 -4.37924692e-05 3.86390925e-03
7.36819665e+00 -4.37854042e-05 3.86389960e-03
7.40846002e+00 -4.37784837e-05 3.86388656e-03
7.44872339e+00 -4.37717041e-05 3.86386876e-03
7.48898676e+00 -4.37650618e-05 3.86384673e-03
7.52925013e+00 -4.37585532e-05 3.86382284e-03
7.56951350e+00 -4.37521750e-05 3.86380123e-03
7.60977687e+00 -4.37459238e-05 3.86378583e-03
7.65004024e+00 -4.37397965e-05 3.86377333e-03
7.69030361e+00 -4.37337899e-05 3.86375969e-03
7.73056698e+00 -4.37279011e-05 3.86374244e-03
7.77083035e+00 -4.37221272e-05 3.86372075e-03
7.81109372e+00 -4.37164652e-05 3.86369531e-03
7.85135709e+00 -4.37109126e-05 3.86366835e-03
7.89162046e+00 -4.37054666e-05 3.86364360e-03
7.93188383e+00 -4.37001246e-05 3.86362475e-03
7.97214720e+00 -4.36948841e-05 3.86360916e-03
8.01241057e+00 -4.36897427e-05 3.86359305e-03
8.05267394e+00 -4.36846981e-05 3.86357398e-03
8.09293731e+00 -4.36797479e-05 3.86355087e-03
8.13320068e+00 -4.36748899e-05 3.86352390e-03
8.17346405e+00 -4.36701219e-05 3.86349456e-03
8.21372742e+00 -4.36654419e-05 3.86346556e-03
8.25399079e+00 -4.36608477e-05 3.86344075e-03
8.29425415e+00 -4.36563374e-05 3.86342117e-03
8.33451752e+00 -4.36519091e-05 3.86340319e-03
8.37478089e+00 -4.36475609e-05 3.86338390e-03
8.41504426e+00 -4.36432909e-05 3.86336152e-03
8.45530763e+00 -4.36390973e-05 3.86333532e-03
8.49557100e+00 -4.36349786e-05 3.86330567e-03
8.53583437e+00 -4.36309328e-05 3.86327399e-03
8.57609774e+00 -4.36269586e-05 3.86324273e-03
8.61636111e+00 -4.36230541e-05 3.86321529e-03
8.65662448e+00 -4.36192179e-05 3.86319302e-03
8.69688785e+00 -4.36154485e-05 3.86317279e-03
8.73715122e+00 -4.36117444e-05 3.86315187e-03
8.77741459e+00 -4.36081042e-05 3.86312843e-03
8.81767796e+00 -4.36045265e-05 3.86310158e-03
8.85794133e+00 -4.36010099e-05 3.86307129e-03
8.89820470e+00 -4.35975531e-05 3.86303841e-03
8.93846807e+00 -4.35941549e-05 3.86300466e-03
8.97873144e+00 -4.35908139e-05 3.86297257e-03
9.01899481e+00 -4.35875290e-05 3.86294519e-03
9.05925818e+00 -4.35842989e-05 3.86292194e-03
9.09952155e+00 -4.35811226e-05 3.86289990e-03
9.13978492e+00 -4.35779988e-05 3.86287686e-03
9.18004829e+00 -4.35749265e-05 3.86285134e-03
9.22031166e+00 -4.35719047e-05 3.86282264e-03
9.26057503e+00 -4.35689322e-05 3.86279077e-03
9.30083840e+00 -4.35660080e-05 3.86275644e-03
9.34110177e+00 -4.35631313e-05 3.86272110e-03
9.38136514e+00 -4.35603009e-05 3.86268685e-03
9.42162851e+00 -4.35575159e-05 3.86265646e-03
9.46189188e+00 -4.35547754e-05 3.86263064e-03
9.50215525e+00 -4.35520786e-05 3.86260689e-03
9.54241862e+00 -4.35494245e-05 3.86258299e-03
9.58268198e+00 -4.35468123e-05 3.86255739e-03
9.62294535e+00 -4.35442412e-05 3.86252912e-03
9.66320872e+00 -4.35417103e-05 3.86249782e-03
9.70347209e+00 -4.35392188e-05 3.86246375e-03
9.74373546e+00 -4.35367660e-05 3.86242772e-03
9.78399883e+00 -4.35343511e-05 3.86239112e-03
9.82426220e+00 -4.35319734e-05 3.86235592e-03
9.86452557e+00 -4.35296321e-05 3.86232456e-03
9.90478894e+00 -4.35273266e-05 3.86229746e-03
9.94505231e+00 -4.35250560e-05 3.86227238e-03
9.98531568e+00 -4.35228199e-05 3.86224736e-03
1.00255791e+01 -4.35206175e-05 3.86222096e-03
1.00658424e+01 -4.35184481e-05 3.86219225e-03
1.01061058e+01 -4.35163112e-05 3.86216078e-03
1.01463692e+01 -4.35142062e-05 3.86212662e-03
1.01866325e+01 -4.35121323e-05 3.86209027e-03
1.02268959e+01 -4.35100892e-05 3.86205274e-03
1.02671593e+01 -4.35080760e-05 3.86201549e-03
1.03074226e+01 -4.35060924e-05 3.86198042e-03
1.03476860e+01 -4.35041378e-05 3.86194956e-03
1.03879494e+01 -4.35022116e-05 3.86192217e-03
1.04282127e+01 -4.35003133e-05 3.86189623e-03
1.04684761e+01 -4.34984424e-05 3.86187012e-03
1.05087395e+01 -4.34965984e-05 3.86184266e-03
1.05490029e+01 -4.34947809e-05 3.86181306e-03
1.05892662e+01 -4.34929892e-05 3.86178093e-03
1.06295296e+01 -4.34912230e-05 3.86174628e-03
1.06697930e+01 -4.34894819e-05 3.86170951e-03
1.07100563e+01 -4.34877652e-05 3.86167141e-03
1.07503197e+01 -4.34860727e-05 3.86163314e-03
1.07905831e+01 -4.34844039e-05 3.86159623e-03
1.08308464e+01 -4.34827584e-05 3.86156257e-03
1.08711098e+01 -4.34811357e-05 3.86153290e-03
1.09113732e+01 -4.34795355e-05 3.86150558e-03
1.09516366e+01 -4.34779573e-05 3.86147899e-03
1.09918999e+01 -4.34764009e-05 3.86145186e-03
1.10321633e+01 -4.34748657e-05 3.86142326e-03
1.10724267e+01 -4.34733515e-05 3.86139260e-03
1.11126900e+01 -4.34718578e-05 3.86135959e-03
1.11529534e+01 -4.34703844e-05 3.86132427e-03
1.11932168e+01 -4.34689309e-05 3.86128700e-03
1.12334801e+01 -4.34674969e-05 3.86124845e-03
1.12737435e+01 -4.34660821e-05 3.86120960e-03
1.13140069e+01 -4.34646861e-05 3.86117173e-03
1.13542703e+01 -4.34633088e-05 3.86113639e-03
1.13945336e+01 -4.34619496e-05 3.86110492e-03
1.14347970e+01 -4.34606085e-05 3.86107629e-03
1.14750604e+01 -4.34592849e-05 3.86104898e-03
1.15153237e+01 -4.34579787e-05 3.86102176e-03
1.15555871e+01 -4.34566896e-05 3.86099366e-03
1.15958505e+01 -4.34554173e-05 3.86096398e-03
1.16361138e+01 -4.34541614e-05 3.86093230e-03
1.16763772e+01 -4.34529218e-05 3.86089844e-03
1.17166406e+01 -4.34516982e-05 3.86086249e-03
1.17569039e+01 -4.34504902e-05 3.86082479e-03
1.17971673e+01 -4.34492978e-05 3.86078593e-03
1.18374307e+01 -4.34481205e-05 3.86074676e-03
1.18776941e+01 -4.34469581e-05 3.86070836e-03
1.19179574e+01 -4.34458105e-05 3.86067204e-03
1.19582208e+01 -4.34446774e-05 3.86063919e-03
1.19984842e+01 -4.34435585e-05 3.86060944e-03
1.20387475e+01 -4.34424537e-05 3.86058142e-03
1.20790109e+01 -4.34413626e-05 3.86055396e-03
1.21192743e+01 -4.34402851e-05 3.86052612e-03
1.21595376e+01 -4.34392210e-05 3.86049717e-03
1.21998010e+01 -4.34381701e-05 3.86046661e-03
1.22400644e+01 -4.34371321e-05 3.86043413e-03
1.22803278e+01 -4.34361069e-05 3.86039965e-03
1.23205911e+01 -4.34350942e-05 3.86036328e-03
1.23608545e+01 -4.34340938e-05 3.86032535e-03
1.24011179e+01 -4.34331057e-05 3.86028638e-03
1.24413812e+01 -4.34321295e-05 3.86024708e-03
1.24816446e+01 -4.34311651e-05 3.86020839e-03
1.25219080e+01 -4.34302123e-05 3.86017139e-03
1.25621713e+01 -4.34292710e-05 3.86013738e-03
1.26024347e+01 -4.34283409e-05 3.86010658e-03
1.26426981e+01 -4.34274219e-05 3.86007784e-03
1.26829615e+01 -4.34265138e-05 3.86005008e-03
1.27232248e+01 -4.34256165e-05 3.86002240e-03
1.27634882e+01 -4.34247299e-05 3.85999408e-03
1.28037516e+01 -4.34238536e-05 3.85996456e-03
1.28440149e+01 -4.34229876e-05 3.85993345e-03
1.28842783e+01 -4.34221318e-05 3.85990056e-03
1.29245417e+01 -4.34212860e-05 3.85986583e-03
1.29648050e+01 -4.34204500e-05 3.85982939e-03
1.30050684e+01 -4.34196236e-05 3.85979152e-03
1.30453318e+01 -4.34188069e-05 3.85975266e-03
1.30855951e+01 -4.34179995e-05 3.85971342e-03
1.31258585e+01 -4.34172014e-05 3.85967456e-03
1.31661219e+01 -4.34164125e-05 3.85963700e-03
1.32063853e+01 -4.34156325e-05 3.85960180e-03
1.32466486e+01 -4.34148614e-05 3.85956976e-03
1.32869120e+01 -4.34140991e-05 3.85954014e-03
1.33271754e+01 -4.34133454e-05 3.85951195e-03
1.33674387e+01 -4.34126002e-05 3.85948433e-03
1.34077021e+01 -4.34118634e-05 3.85945655e-03
1.34479655e+01 -4.34111348e-05 3.85942804e-03
1.34882288e+01 -4.34104144e-05 3.85939835e-03
1.35284922e+01 -4.34097020e-05 3.85936718e-03
1.35687556e+01 -4.34089975e-05 3.85933437e-03
1.36090190e+01 -4.34083008e-05 3.85929987e-03
1.36492823e+01 -4.34076118e-05 3.85926379e-03
1.36895457e+01 -4.34069304e-05 3.85922634e-03
1.37298091e+01 -4.34062564e-05 3.85918789e-03
1.37700724e+01 -4.34055898e-05 3.85914891e-03
1.38103358e+01 -4.34049306e-05 3.85911002e-03
1.38505992e+01 -4.34042784e-05 3.85907194e-03
1.38908625e+01 -4.34036334e-05 3.85903553e-03
1.39311259e+01 -4.34029953e-05 3.85900173e-03
1.39713893e+01 -4.34023641e-05 3.85897076e-03
1.40116526e+01 -4.34017397e-05 3.85894175e-03
1.40519160e+01 -4.34011220e-05 3.85891388e-03
1.40921794e+01 -4.34005109e-05 3.85888643e-03
1.41324428e+01 -4.33999063e-05 3.85885879e-03
1.41727061e+01 -4.33993081e-05 3.85883049e-03
1.42129695e+01 -4.33987163e-05 3.85880114e-03
1.42532329e+01 -4.33981307e-05 3.85877046e-03
1.42934962e+01 -4.33975513e-05 3.85873830e-03
1.43337596e+01 -4.33969780e-05 3.85870459e-03
1.43740230e+01 -4.33964107e-05 3.85866939e-03
1.44142863e+01 -4.33958493e-05 3.85863284e-03
1.44545497e+01 -4.33952937e-05 3.85859519e-03
1.44948131e+01 -4.33947440e-05 3.85855681e-03
1.45350765e+01 -4.33941999e-05 3.85851814e-03
1.45753398e+01 -4.33936614e-05 3.85847974e-03
1.46156032e+01 -4.33931285e-05 3.85844227e-03
1.46558666e+01 -4.33926011e-05 3.85840647e-03
1.46961299e+01 -4.33920791e-05 3.85837315e-03
1.47363933e+01 -4.33915624e-05 3.85834244e-03
1.47766567e+01 -4.33910510e-05 3.85831359e-03
1.48169200e+01 -4.33905448e-05 3.85828587e-03
1.48571834e+01 -4.33900437e-05 3.85825866e-03
1.48974468e+01 -4.33895476e-05 3.85823143e-03
1.49377102e+01 -4.33890566e-05 3.85820374e-03
1.49779735e+01 -4.33885705e-05 3.85817522e-03
1.50182369e+01 -4.33880893e-05 3.85814560e-03
1.50585003e+01 -4.33876129e-05 3.85811469e-03
1.50987636e+01 -4.33871412e-05 3.85808239e-03
1.51390270e+01 -4.33866742e-05 3.85804868e-03
1.51792904e+01 -4.33862119e-05 3.85801363e-03
1.52195537e+01 -4.33857541e-05 3.85797737e-03
1.52598171e+01 -4.33853009e-05 3.85794014e-03
1.53000805e+01 -4.33848521e-05 3.85790224e-03
1.53403438e+01 -4.33844077e-05 3.85786406e-03
1.53806072e+01 -4.33839676e-05 3.85782606e-03
1.54208706e+01 -4.33835319e-05 3.85778878e-03
1.54611340e+01 -4.33831004e-05 3.85775283e-03
1.55013973e+01 -4.33826730e-05 3.85771893e-03
1.55416607e+01 -4.33822499e-05 3.85768755e-03
1.55819241e+01 -4.33818308e-05 3.85765822e-03
1.56221874e+01 -4.33814157e-05 3.85763031e-03
1.56624508e+01 -4.33810046e-05 3.85760322e-03
1.57027142e+01 -4.33805975e-05 3.85757647e-03
1.57429775e+01 -4.33801943e-05 3.85754960e-03
1.57832409e+01 -4.33797949e-05 3.85752225e-03
1.58235043e+01 -4.33793993e-05 3.85749414e-03
1.58637677e+01 -4.33790074e-05 3.85746502e-03
1.59040310e+01 -4.33786193e-05 3.85743474e-03
1.59442944e+01 -4.33782348e-05 3.85740319e-03
1.59845578e+01 -4.33778539e-05 3.85737036e-03
1.60248211e+01 -4.33774767e-05 3.85733627e-03
1.60650845e+01 -4.33771029e-05 3.85730103e-03
1.61053479e+01 -4.33767327e-05 3.85726479e-03
1.61456112e+01 -4.33763658e-05 3.85722780e-03
1.61858746e+01 -4.33760024e-05 3.85719033e-03
1.62261380e+01 -4.33756424e-05 3.85715274e-03
1.62664014e+01 -4.33752857e-05 3.85711544e-03
1.63066647e+01 -4.33749323e-05 3.85707892e-03
1.63469281e+01 -4.33745821e-05 3.85704369e-03
1.63871915e+01 -4.33742352e-05 3.85701036e-03
1.64274548e+01 -4.33738914e-05 3.85697937e-03
1.64677182e+01 -4.33735508e-05 3.85695032e-03
1.65079816e+01 -4.33732133e-05 3.85692267e-03
1.65482449e+01 -4.33728788e-05 3.85689591e-03
1.65885083e+01 -4.33725474e-05 3.85686960e-03
1.66287717e+01 -4.33722190e-05 3.85684334e-03
1.66690350e+01 -4.33718935e-05 3.85681680e-03
1.67092984e+01 -4.33715710e-05 3.85678970e-03
1.67495618e+01 -4.33712513e-05 3.85676182e-03
1.67898252e+01 -4.33709346e-05 3.85673296e-03
1.68300885e+01 -4.33706206e-05 3.85670302e-03
1.68703519e+01 -4.33703095e-05 3.85667193e-03
1.69106153e+01 -4.33700011e-05 3.85663965e-03
1.69508786e+01 -4.33696954e-05 3.85660624e-03
1.69911420e+01 -4.33693925e-05 3.85657176e-03
1.70314054e+01 -4.33690922e-05 3.85653635e-03
1.70716687e+01 -4.33687946e-05 3.85650020e-03
1.71119321e+01 -4.33684996e-05 3.85646354e-03
1.71521955e+01 -4.33682072e-05 3.85642664e-03
1.71924589e+01 -4.33679173e-05 3.85638984e-03
1.72327222e+01 -4.33676300e-05 3.85635351e-03
1.72729856e+01 -4.33673451e-05 3.85631807e-03
1.73132490e+01 -4.33670628e-05 3.85628401e-03
1.73535123e+01 -4.33667829e-05 3.85625183e-03
1.73937757e+01 -4.33665054e-05 3.85622179e-03
1.74340391e+01 -4.33662303e-05 3.85619347e-03
1.74743024e+01 -4.33659575e-05 3.85616642e-03
1.75145658e+01 -4.33656871e-05 3.85614021e-03
1.75548292e+01 -4.33654191e-05 3.85611445e-03
1.75950926e+01 -4.33651533e-05 3.85608882e-03
1.76353559e+01 -4.33648897e-05 3.85606301e-03
1.76756193e+01 -4.33646285e-05 3.85603678e-03
1.77158827e+01 -4.33643694e-05 3.85600991e-03
1.77561460e+01 -4.33641125e-05 3.85598224e-03
1.77964094e+01 -4.33638578e-05 3.85595364e-03
1.78366728e+01 -4.33636053e-05 3.85592402e-03
1.78769361e+01 -4.33633548e-05 3.85589334e-03
1.79171995e+01 -4.33631065e-05 3.85586159e-03
1.79574629e+01 -4.33628602e-05 3.85582880e-03
1.79977262e+01 -4.33626160e-05 3.85579505e-03
1.80379896e+01 -4.33623739e-05 3.85576045e-03
1.80782530e+01 -4.33621337e-05 3.85572516e-03
1.81185164e+01 -4.33618955e-05 3.85568935e-03
1.81587797e+01 -4.33616593e-05 3.85565326e-03
1.81990431e+01 -4.33614251e-05 3.85561716e-03
1.82393065e+01 -4.33611928e-05 3.85558134e-03
1.82795698e+01 -4.33609624e-05 3.85554615e-03
1.83198332e+01 -4.33607339e-05 3.85551196e-03
1.83600966e+01 -4.33605072e-05 3.85547918e-03
1.84003599e+01 -4.33602825e-05 3.85544826e-03
1.84406233e+01 -4.33600595e-05 3.85541925e-03
1.84808867e+01 -4.33598383e-05 3.85539177e-03
1.85211501e+01 -4.33596190e-05 3.85536542e-03
1.85614134e+01 -4.33594014e-05 3.85533985e-03
1.86016768e+01 -4.33591856e-05 3.85531473e-03
1.86419402e+01 -4.33589715e-05 3.85528978e-03
1.86822035e+01 -4.33587592e-05 3.85526474e-03
1.87224669e+01 -4.33585485e-05 3.85523939e-03
1.87627303e+01 -4.33583395e-05 3.85521354e-03
1.88029936e+01 -4.33581322e-05 3.85518703e-03
1.88432570e+01 -4.33579266e-05 3.85515974e-03
1.88835204e+01 -4.33577226e-05 3.85513156e-03
1.89237838e+01 -4.33575202e-05 3.85510245e-03
1.89640471e+01 -4.33573194e-05 3.85507237e-03
1.90043105e+01 -4.33571202e-05 3.85504131e-03
1.90445739e+01 -4.33569226e-05 3.85500932e-03
1.90848372e+01 -4.33567265e-05 3.85497645e-03
1.91251006e+01 -4.33565319e-05 3.85494279e-03
1.91653640e+01 -4.33563389e-05 3.85490847e-03
1.92056273e+01 -4.33561474e-05 3.85487364e-03
1.92458907e+01 -4.33559574e-05 3.85483848e-03
1.92861541e+01 -4.33557689e-05 3.85480320e-03
1.93264174e+01 -4.33555818e-05 3.85476804e-03
1.93666808e+01 -4.33553962e-05 3.85473327e-03
1.94069442e+01 -4.33552120e-05 3.85469918e-03
1.94472076e+01 -4.33550293e-05 3.85466610e-03
1.94874709e+01 -4.33548479e-05 3.85463439e-03
1.95277343e+01 -4.33546680e-05 3.85460441e-03
1.95679977e+01 -4.33544894e-05 3.85457618e-03
1.96082610e+01 -4.33543122e-05 3.85454935e-03
1.96485244e+01 -4.33541364e-05 3.85452360e-03
1.96887878e+01 -4.33539619e-05 3.85449863e-03
1.97290511e+01 -4.33537887e-05 3.85447415e-03
1.97693145e+01 -4.33536168e-05 3.85444992e-03
1.98095779e+01 -4.33534463e-05 3.85442571e-03
1.98498413e+01 -4.33532770e-05 3.85440132e-03
1.98901046e+01 -4.33531090e-05 3.85437658e-03
1.99303680e+01 -4.33529423e-05 3.85435133e-03
1.99706314e+01 -4.33527768e-05 3.85432546e-03
2.00108947e+01 -4.33526126e-05 3.85429886e-03
2.00511581e+01 -4.33524496e-05 3.85427145e-03
2.00914215e+01 -4.33522878e-05 3.85424320e-03
2.01316848e+01 -4.33521272e-05 3.85421406e-03
2.01719482e+01 -4.33519678e-05 3.85418404e-03
2.02122116e+01 -4.33518096e-05 3.85415316e-03
2.02524750e+01 -4.33516526e-05 3.85412146e-03
2.02927383e+01 -4.33514967e-05 3.85408901e-03
2.03330017e+01 -4.33513420e-05 3.85405590e-03
2.03732651e+01 -4.33511884e-05 3.85402225e-03
2.04135284e+01 -4.33510360e-05 3.85398820e-03
2.04537918e+01 -4.33508847e-05 3.85395390e-03
2.04940552e+01 -4.33507344e-05 3.85391954e-03
2.05343185e+01 -4.33505853e-05 3.85388531e-03
2.05745819e+01 -4.33504373e-05 3.85385146e-03
2.06148453e+01 -4.33502903e-05 3.85381823e-03
2.06551086e+01 -4.33501444e-05 3.85378588e-03
2.06953720e+01 -4.33499996e-05 3.85375471e-03
2.07356354e+01 -4.33498558e-05 3.85372504e-03
2.07758988e+01 -4.33497131e-05 3.85369703e-03
2.08161621e+01 -4.33495714e-05 3.85367043e-03
2.08564255e+01 -4.33494307e-05 3.85364497e-03
2.08966889e+01 -4.33492910e-05 3.85362036e-03
2.09369522e+01 -4.33491523e-05 3.85359638e-03
2.09772156e+01 -4.33490146e-05 3.85357279e-03
2.10174790e+01 -4.33488779e-05 3.85354939e-03
2.10577423e+01 -4.33487422e-05 3.85352599e-03
2.10980057e+01 -4.33486074e-05 3.85350243e-03
2.11382691e+01 -4.33484736e-05 3.85347856e-03
2.11785325e+01 -4.33483407e-05 3.85345425e-03
2.12187958e+01 -4.33482088e-05 3.85342940e-03
2.12590592e+01 -4.33480778e-05 3.85340392e-03
2.12993226e+01 -4.33479478e-05 3.85337773e-03
2.13395859e+01 -4.33478186e-05 3.85335079e-03
2.13798493e+01 -4.33476904e-05 3.85332307e-03
2.14201127e+01 -4.33475630e-05 3.85329454e-03
2.14603760e+01 -4.33474365e-05 3.85326521e-03
2.15006394e+01 -4.33473110e-05 3.85323511e-03
2.15409028e+01 -4.33471863e-05 3.85320428e-03
2.15811662e+01 -4.33470624e-05 3.85317277e-03
2.16214295e+01 -4.33469395e-05 3.85314065e-03
2.16616929e+01 -4.33468173e-05 3.85310804e-03
2.17019563e+01 -4.33466961e-05 3.85307503e-03
2.17422196e+01 -4.33465756e-05 3.85304176e-03
2.17824830e+01 -4.33464560e-05 3.85300836e-03
2.18227464e+01 -4.33463372e-05 3.85297501e-03
2.18630097e+01 -4.33462192e-05 3.85294189e-03
2.19032731e+01 -4.33461021e-05 3.85290919e-03
2.19435365e+01 -4.33459857e-05 3.85287713e-03
2.19837998e+01 -4.33458701e-05 3.85284594e-03
2.20240632e+01 -4.33457553e-05 3.85281586e-03
2.20643266e+01 -4.33456413e-05 3.85278716e-03
2.21045900e+01 -4.33455281e-05 3.85275998e-03
2.21448533e+01 -4.33454156e-05 3.85273410e-03
2.21851167e+01 -4.33453039e-05 3.85270930e-03
2.22253801e+01 -4.33451930e-05 3.85268534e-03
2.22656434e+01 -4.33450828e-05 3.85266202e-03
2.23059068e+01 -4.33449733e-05 3.85263914e-03
2.23461702e+01 -4.33448646e-05 3.85261652e-03
2.23864335e+01 -4.33447566e-05 3.85259401e-03
2.24266969e+01 -4.33446493e-05 3.85257145e-03
2.24669603e+01 -4.33445427e-05 3.85254871e-03
2.25072237e+01 -4.33444369e-05 3.85252567e-03
2.25474870e+01 -4.33443317e-05 3.85250223e-03
2.25877504e+01 -4.33442273e-05 3.85247830e-03
2.26280138e+01 -4.33441235e-05 3.85245380e-03
2.26682771e+01 -4.33440205e-05 3.85242867e-03
2.27085405e+01 -4.33439181e-05 3.85240287e-03
2.27488039e+01 -4.33438164e-05 3.85237636e-03
2.27890672e+01 -4.33437153e-05 3.85234914e-03
2.28293306e+01 -4.33436149e-05 3.85232119e-03
2.28695940e+01 -4.33435152e-05 3.85229252e-03
2.29098573e+01 -4.33434161e-05 3.85226316e-03
2.29501207e+01 -4.33433177e-05 3.85223316e-03
2.29903841e+01 -4.33432199e-05 3.85220255e-03
2.30306475e+01 -4.33431228e-05 3.85217140e-03
2.30709108e+01 -4.33430263e-05 3.85213980e-03
2.31111742e+01 -4.33429304e-05 3.85210784e-03
2.31514376e+01 -4.33428351e-05 3.85207562e-03
2.31917009e+01 -4.33427405e-05 3.85204326e-03
2.32319643e+01 -4.33426464e-05 3.85201089e-03
2.32722277e+01 -4.33425530e-05 3.85197866e-03
2.33124910e+01 -4.33424602e-05 3.85194672e-03
2.33527544e+01 -4.33423679e-05 3.85191525e-03
2.33930178e+01 -4.33422763e-05 3.85188443e-03
2.34332812e+01 -4.33421852e-05 3.85185446e-03
2.34735445e+01 -4.33420948e-05 3.85182554e-03
2.35138079e+01 -4.33420049e-05 3.85179790e-03
2.35540713e+01 -4.33419155e-05 3.85177164e-03
2.35943346e+01 -4.33418268e-05 3.85174657e-03
2.36345980e+01 -4.33417386e-05 3.85172251e-03
2.36748614e+01 -4.33416509e-05 3.85169926e-03
2.37151247e+01 -4.33415638e-05 3.85167665e-03
2.37553881e+01 -4.33414773e-05 3.85165451e-03
2.37956515e+01 -4.33413913e-05 3.85163269e-03
2.38359149e+01 -4.33413059e-05 3.85161104e-03
2.38761782e+01 -4.33412210e-05 3.85158944e-03
2.39164416e+01 -4.33411366e-05 3.85156777e-03
2.39567050e+01 -4.33410527e-05 3.85154591e-03
2.39969683e+01 -4.33409694e-05 3.85152377e-03
2.40372317e+01 -4.33408866e-05 3.85150127e-03
2.40774951e+01 -4.33408043e-05 3.85147833e-03
2.41177584e+01 -4.33407225e-05 3.85145490e-03
2.41580218e+01 -4.33406412e-05 3.85143090e-03
2.41982852e+01 -4.33405605e-05 3.85140631e-03
2.42385485e+01 -4.33404802e-05 3.85138110e-03
2.42788119e+01 -4.33404004e-05 3.85135524e-03
2.43190753e+01 -4.33403211e-05 3.85132872e-03
2.43593387e+01 -4.33402423e-05 3.85130155e-03
2.43996020e+01 -4.33401640e-05 3.85127374e-03
2.44398654e+01 -4.33400862e-05 3.85124531e-03
2.44801288e+01 -4.33400088e-05 3.85121630e-03
2.45203921e+01 -4.33399319e-05 3.85118674e-03
2.45606555e+01 -4.33398555e-05 3.85115670e-03
2.46009189e+01 -4.33397796e-05 3.85112623e-03
2.46411822e+01 -4.33397041e-05 3.85109540e-03
2.46814456e+01 -4.33396291e-05 3.85106432e-03
2.47217090e+01 -4.33395545e-05 3.85103306e-03
2.47619724e+01 -4.33394804e-05 3.85100173e-03
2.48022357e+01 -4.33394067e-05 3.85097045e-03
2.48424991e+01 -4.33393335e-05 3.85093933e-03
2.48827625e+01 -4.33392607e-05 3.85090852e-03
2.49230258e+01 -4.33391883e-05 3.85087816e-03
2.49632892e+01 -4.33391164e-05 3.85084840e-03
2.50035526e+01 -4.33390449e-05 3.85081940e-03
2.50438159e+01 -4.33389738e-05 3.85079134e-03
2.50840793e+01 -4.33389032e-05 3.85076439e-03
2.51243427e+01 -4.33388330e-05 3.85073870e-03
2.51646061e+01 -4.33387632e-05 3.85071417e-03
2.52048694e+01 -4.33386938e-05 3.85069062e-03
2.52451328e+01 -4.33386249e-05 3.85066789e-03
2.52853962e+01 -4.33385563e-05 3.85064584e-03
2.53256595e+01 -4.33384881e-05 3.85062432e-03
2.53659229e+01 -4.33384204e-05 3.85060319e-03
2.54061863e+01 -4.33383530e-05 3.85058233e-03
2.54464496e+01 -4.33382861e-05 3.85056163e-03
2.54867130e+01 -4.33382195e-05 3.85054098e-03
2.55269764e+01 -4.33381533e-05 3.85052027e-03
2.55672397e+01 -4.33380876e-05 3.85049942e-03
2.56075031e+01 -4.33380222e-05 3.85047835e-03
2.56477665e+01 -4.33379571e-05 3.85045697e-03
2.56880299e+01 -4.33378925e-05 3.85043524e-03
2.57282932e+01 -4.33378282e-05 3.85041308e-03
2.57685566e+01 -4.33377644e-05 3.85039045e-03
2.58088200e+01 -4.33377008e-05 3.85036731e-03
2.58490833e+01 -4.33376377e-05 3.85034363e-03
2.58893467e+01 -4.33375749e-05 3.85031938e-03
2.59296101e+01 -4.33375125e-05 3.85029455e-03
2.59698734e+01 -4.33374504e-05 3.85026913e-03
2.60101368e+01 -4.33373887e-05 3.85024312e-03
2.60504002e+01 -4.33373274e-05 3.85021653e-03
2.60906636e+01 -4.33372664e-05 3.85018937e-03
2.61309269e+01 -4.33372057e-05 3.85016167e-03
2.61711903e+01 -4.33371454e-05 3.85013346e-03
2.62114537e+01 -4.33370855e-05 3.85010478e-03
2.62517170e+01 -4.33370259e-05 3.85007567e-03
2.62919804e+01 -4.33369666e-05 3.85004620e-03
2.63322438e+01 -4.33369077e-05 3.85001643e-03
2.63725071e+01 -4.33368491e-05 3.84998641e-03
2.64127705e+01 -4.33367908e-05 3.84995624e-03
2.64530339e+01 -4.33367328e-05 3.84992600e-03
2.64932973e+01 -4.33366752e-05 3.84989578e-03
2.65335606e+01 -4.33366179e-05 3.84986568e-03
2.65738240e+01 -4.33365610e-05 3.84983581e-03
2.66140874e+01 -4.33365043e-05 3.84980628e-03
2.66543507e+01 -4.33364480e-05 3.84977722e-03
2.66946141e+01 -4.33363920e-05 3.84974876e-03
2.67348775e+01 -4.33363363e-05 3.84972103e-03
2.67751408e+01 -4.33362809e-05 3.84969417e-03
2.68154042e+01 -4.33362259e-05 3.84966834e-03
2.68556676e+01 -4.33361711e-05 3.84964365e-03
2.68959309e+01 -4.33361166e-05 3.84962002e-03
2.69361943e+01 -4.33360625e-05 3.84959729e-03
2.69764577e+01 -4.33360086e-05 3.84957534e-03
2.70167211e+01 -4.33359550e-05 3.84955404e-03
2.70569844e+01 -4.33359018e-05 3.84953328e-03
2.70972478e+01 -4.33358488e-05 3.84951293e-03
2.71375112e+01 -4.33357961e-05 3.84949289e-03
2.71777745e+01 -4.33357438e-05 3.84947307e-03
2.72180379e+01 -4.33356917e-05 3.84945336e-03
2.72583013e+01 -4.33356398e-05 3.84943368e-03
2.72985646e+01 -4.33355883e-05 3.84941395e-03
2.73388280e+01 -4.33355371e-05 3.84939409e-03
2.73790914e+01 -4.33354861e-05 3.84937404e-03
2.74193548e+01 -4.33354354e-05 3.84935374e-03
2.74596181e+01 -4.33353850e-05 3.84933312e-03
2.74998815e+01 -4.33353349e-05 3.84931215e-03
2.75401449e+01 -4.33352850e-05 3.84929077e-03
2.75804082e+01 -4.33352354e-05 3.84926895e-03
2.76206716e+01 -4.33351861e-05 3.84924666e-03
2.76609350e+01 -4.33351370e-05 3.84922388e-03
2.77011983e+01 -4.33350882e-05 3.84920058e-03
2.77414617e+01 -4.33350397e-05 3.84917676e-03
2.77817251e+01 -4.33349914e-05 3.84915241e-03
2.78219885e+01 -4.33349434e-05 3.84912752e-03
2.78622518e+01 -4.33348957e-05 3.84910212e-03
2.79025152e+01 -4.33348482e-05 3.84907619e-03
2.79427786e+01 -4.33348009e-05 3.84904977e-03
2.79830419e+01 -4.33347540e-05 3.84902288e-03
2.80233053e+01 -4.33347072e-05 3.84899555e-03
2.80635687e+01 -4.33346607e-05 3.84896780e-03
2.81038320e+01 -4.33346145e-05 3.84893969e-03
2.81440954e+01 -4.33345685e-05 3.84891126e-03
2.81843588e+01 -4.33345228e-05 3.84888257e-03
2.82246221e+01 -4.33344772e-05 3.84885366e-03
2.82648855e+01 -4.33344320e-05 3.84882461e-03
2.83051489e+01 -4.33343870e-05 3.84879548e-03
2.83454123e+01 -4.33343422e-05 3.84876635e-03
2.83856756e+01 -4.33342976e-05 3.84873730e-03
2.84259390e+01 -4.33342533e-05 3.84870842e-03
2.84662024e+01 -4.33342092e-05 3.84867979e-03
2.85064657e+01 -4.33341654e-05 3.84865152e-03
2.85467291e+01 -4.33341217e-05 3.84862371e-03
2.85869925e+01 -4.33340783e-05 3.84859646e-03
2.86272558e+01 -4.33340352e-05 3.84856989e-03
2.86675192e+01 -4.33339922e-05 3.84854412e-03
2.87077826e+01 -4.33339495e-05 3.84851927e-03
2.87480460e+01 -4.33339070e-05 3.84849545e-03
2.87883093e+01 -4.33338648e-05 3.84847260e-03
2.88285727e+01 -4.33338227e-05 3.84845061e-03
2.88688361e+01 -4.33337809e-05 3.84842936e-03
2.89090994e+01 -4.33337392e-05 3.84840875e-03
2.89493628e+01 -4.33336978e-05 3.84838869e-03
2.89896262e+01 -4.33336566e-05 3.84836906e-03
2.90298895e+01 -4.33336157e-05 3.84834979e-03
2.90701529e+01 -4.33335749e-05 3.84833079e-03
2.91104163e+01 -4.33335343e-05 3.84831196e-03
2.91506797e+01 -4.33334940e-05 3.84829325e-03
2.91909430e+01 -4.33334538e-05 3.84827457e-03
2.92312064e+01 -4.33334139e-05 3.84825586e-03
2.92714698e+01 -4.33333742e-05 3.84823705e-03
2.93117331e+01 -4.33333346e-05 3.84821810e-03
2.93519965e+01 -4.33332953e-05 3.84819894e-03
2.93922599e+01 -4.33332562e-05 3.84817953e-03
2.94325232e+01 -4.33332173e-05 3.84815982e-03
2.94727866e+01 -4.33331785e-05 3.84813978e-03
2.95130500e+01 -4.33331400e-05 3.84811937e-03
2.95533133e+01 -4.33331016e-05 3.84809857e-03
2.95935767e+01 -4.33330635e-05 3.84807734e-03
2.96338401e+01 -4.33330255e-05 3.84805567e-03
2.96741035e+01 -4.33329878e-05 3.84803354e-03
2.97143668e+01 -4.33329502e-05 3.84801094e-03
2.97546302e+01 -4.33329128e-05 3.84798787e-03
2.97948936e+01 -4.33328756e-05 3.84796432e-03
2.98351569e+01 -4.33328386e-05 3.84794029e-03
2.98754203e+01 -4.33328018e-05 3.84791580e-03
2.99156837e+01 -4.33327651e-05 3.84789084e-03
2.99559470e+01 -4.33327287e-05 3.84786545e-03
2.99962104e+01 -4.33326924e-05 3.84783963e-03
3.00364738e+01 -4.33326563e-05 3.84781342e-03
3.00767372e+01 -4.33326204e-05 3.84778683e-03
3.01170005e+01 -4.33325847e-05 3.84775991e-03
3.01572639e+01 -4.33325491e-05 3.84773269e-03
3.01975273e+01 -4.33325137e-05 3.84770521e-03
3.02377906e+01 -4.33324785e-05 3.84767752e-03
3.02780540e+01 -4.33324435e-05 3.84764967e-03
3.03183174e+01 -4.33324086e-05 3.84762170e-03
3.03585807e+01 -4.33323739e-05 3.84759369e-03
3.03988441e+01 -4.33323394e-05 3.84756570e-03
3.04391075e+01 -4.33323051e-05 3.84753778e-03
3.04793709e+01 -4.33322709e-05 3.84751001e-03
3.05196342e+01 -4.33322369e-05 3.84748247e-03
3.05598976e+01 -4.33322030e-05 3.84745523e-03
3.06001610e+01 -4.33321693e-05 3.84742837e-03
3.06404243e+01 -4.33321358e-05 3.84740199e-03
3.06806877e+01 -4.33321025e-05 3.84737618e-03
3.07209511e+01 -4.33320693e-05 3.84735102e-03
3.07612144e+01 -4.33320363e-05 3.84732662e-03
3.08014778e+01 -4.33320034e-05 3.84730309e-03
3.08417412e+01 -4.33319707e-05 3.84728048e-03
3.08820045e+01 -4.33319381e-05 3.84725874e-03
3.09222679e+01 -4.33319057e-05 3.84723777e-03
3.09625313e+01 -4.33318735e-05 3.84721747e-03
3.10027947e+01 -4.33318414e-05 3.84719777e-03
3.10430580e+01 -4.33318095e-05 3.84717857e-03
3.10833214e+01 -4.33317777e-05 3.84715981e-03
3.11235848e+01 -4.33317461e-05 3.84714139e-03
3.11638481e+01 -4.33317146e-05 3.84712326e-03
3.12041115e+01 -4.33316833e-05 3.84710534e-03
3.12443749e+01 -4.33316521e-05 3.84708756e-03
3.12846382e+01 -4.33316211e-05 3.84706987e-03
3.13249016e+01 -4.33315903e-05 3.84705221e-03
3.13651650e+01 -4.33315595e-05 3.84703452e-03
3.14054284e+01 -4.33315290e-05 3.84701675e-03
3.14456917e+01 -4.33314985e-05 3.84699886e-03
3.14859551e+01 -4.33314682e-05 3.84698079e-03
3.15262185e+01 -4.33314381e-05 3.84696252e-03
3.15664818e+01 -4.33314081e-05 3.84694400e-03
3.16067452e+01 -4.33313782e-05 3.84692520e-03
3.16470086e+01 -4.33313485e-05 3.84690608e-03
3.16872719e+01 -4.33313189e-05 3.84688664e-03
3.17275353e+01 -4.33312895e-05 3.84686683e-03
3.17677987e+01 -4.33312602e-05 3.84684664e-03
3.18080621e+01 -4.33312310e-05 3.84682606e-03
3.18483254e+01 -4.33312020e-05 3.84680506e-03
3.18885888e+01 -4.33311731e-05 3.84678365e-03
3.19288522e+01 -4.33311444e-05 3.84676181e-03
3.19691155e+01 -4.33311158e-05 3.84673954e-03
3.20093789e+01 -4.33310873e-05 3.84671685e-03
3.20496423e+01 -4.33310589e-05 3.84669373e-03
3.20899056e+01 -4.33310307e-05 3.84667020e-03
3.21301690e+01 -4.33310026e-05 3.84664625e-03
3.21704324e+01 -4.33309746e-05 3.84662191e-03
3.22106957e+01 -4.33309468e-05 3.84659720e-03
3.22509591e+01 -4.33309191e-05 3.84657213e-03
3.22912225e+01 -4.33308915e-05 3.84654672e-03
3.23314859e+01 -4.33308641e-05 3.84652101e-03
3.23717492e+01 -4.33308368e-05 3.84649501e-03
3.24120126e+01 -4.33308096e-05 3.84646877e-03
3.24522760e+01 -4.33307825e-05 3.84644232e-03
3.24925393e+01 -4.33307556e-05 3.84641569e-03
3.25328027e+01 -4.33307288e-05 3.84638894e-03
3.25730661e+01 -4.33307021e-05 3.84636210e-03
3.26133294e+01 -4.33306755e-05 3.84633523e-03
3.26535928e+01 -4.33306491e-05 3.84630837e-03
3.26938562e+01 -4.33306227e-05 3.84628157e-03
3.27341196e+01 -4.33305965e-05 3.84625490e-03
3.27743829e+01 -4.33305704e-05 3.84622842e-03
3.28146463e+01 -4.33305445e-05 3.84620219e-03
3.28549097e+01 -4.33305186e-05 3.84617627e-03
3.28951730e+01 -4.33304929e-05 3.84615074e-03
3.29354364e+01 -4.33304673e-05 3.84612566e-03
3.29756998e+01 -4.33304418e-05 3.84610112e-03
3.30159631e+01 -4.33304164e-05 3.84607718e-03
3.30562265e+01 -4.33303911e-05 3.84605394e-03
3.30964899e+01 -4.33303659e-05 3.84603147e-03
3.31367532e+01 -4.33303409e-05 3.84600984e-03
3.31770166e+01 -4.33303160e-05 3.84598900e-03
3.32172800e+01 -4.33302912e-05 3.84596886e-03
3.32575434e+01 -4.33302664e-05 3.84594936e-03
3.32978067e+01 -4.33302418e-05 3.84593043e-03
3.33380701e+01 -4.33302174e-05 3.84591200e-03
3.33783335e+01 -4.33301930e-05 3.84589399e-03
3.34185968e+01 -4.33301687e-05 3.84587634e-03
3.34588602e+01 -4.33301446e-05 3.84585901e-03
3.34991236e+01 -4.33301205e-05 3.84584191e-03
3.35393869e+01 -4.33300966e-05 3.84582501e-03
3.35796503e+01 -4.33300727e-05 3.84580825e-03
3.36199137e+01 -4.33300490e-05 3.84579157e-03
3.36601771e+01 -4.33300254e-05 3.84577493e-03
3.37004404e+01 -4.33300019e-05 3.84575829e-03
3.37407038e+01 -4.33299784e-05 3.84574160e-03
3.37809672e+01 -4.33299551e-05 3.84572482e-03
3.38212305e+01 -4.33299319e-05 3.84570792e-03
3.38614939e+01 -4.33299088e-05 3.84569085e-03
3.39017573e+01 -4.33298858e-05 3.84567360e-03
3.39420206e+01 -4.33298629e-05 3.84565612e-03
3.39822840e+01 -4.33298401e-05 3.84563839e-03
3.40225474e+01 -4.33298174e-05 3.84562039e-03
3.40628108e+01 -4.33297948e-05 3.84560209e-03
3.41030741e+01 -4.33297723e-05 3.84558347e-03
3.41433375e+01 -4.33297499e-05 3.84556453e-03
3.41836009e+01 -4.33297276e-05 3.84554524e-03
3.42238642e+01 -4.33297054e-05 3.84552558e-03
3.42641276e+01 -4.33296832e-05 3.84550556e-03
3.43043910e+01 -4.33296612e-05 3.84548516e-03
3.43446543e+01 -4.33296393e-05 3.84546438e-03
3.43849177e+01 -4.33296175e-05 3.84544322e-03
3.44251811e+01 -4.33295958e-05 3.84542168e-03
3.44654444e+01 -4.33295741e-05 3.84539975e-03
3.45057078e+01 -4.33295526e-05 3.84537745e-03
3.45459712e+01 -4.33295311e-05 3.84535478e-03
3.45862346e+01 -4.33295098e-05 3.84533176e-03
3.46264979e+01 -4.33294885e-05 3.84530838e-03
3.46667613e+01 -4.33294673e-05 3.84528468e-03
3.47070247e+01 -4.33294462e-05 3.84526066e-03
3.47472880e+01 -4.33294253e-05 3.84523634e-03
3.47875514e+01 -4.33294044e-05 3.84521175e-03
3.48278148e+01 -4.33293835e-05 3.84518691e-03
3.48680781e+01 -4.33293628e-05 3.84516184e-03
3.49083415e+01 -4.33293422e-05 3.84513658e-03
3.49486049e+01 -4.33293216e-05 3.84511115e-03
3.49888683e+01 -4.33293012e-05 3.84508559e-03
3.50291316e+01 -4.33292808e-05 3.84505994e-03
3.50693950e+01 -4.33292605e-05 3.84503422e-03
3.51096584e+01 -4.33292403e-05 3.84500849e-03
3.51499217e+01 -4.33292202e-05 3.84498278e-03
3.51901851e+01 -4.33292002e-05 3.84495713e-03
3.52304485e+01 -4.33291802e-05 3.84493160e-03
3.52707118e+01 -4.33291604e-05 3.84490623e-03
3.53109752e+01 -4.33291406e-05 3.84488107e-03
3.53512386e+01 -4.33291209e-05 3.84485619e-03
3.53915020e+01 -4.33291013e-05 3.84483162e-03
3.54317653e+01 -4.33290818e-05 3.84480743e-03
3.54720287e+01 -4.33290624e-05 3.84478368e-03
3.55122921e+01 -4.33290430e-05 3.84476043e-03
3.55525554e+01 -4.33290237e-05 3.84473775e-03
3.55928188e+01 -4.33290045e-05 3.84471569e-03
3.56330822e+01 -4.33289854e-05 3.84469434e-03
3.56733455e+01 -4.33289664e-05 3.84467373e-03
3.57136089e+01 -4.33289474e-05 3.84465384e-03
3.57538723e+01 -4.33289285e-05 3.84463460e-03
3.57941356e+01 -4.33289097e-05 3.84461595e-03
3.58343990e+01 -4.33288910e-05 3.84459783e-03
3.58746624e+01 -4.33288724e-05 3.84458018e-03
3.59149258e+01 -4.33288538e-05 3.84456296e-03
3.59551891e+01 -4.33288353e-05 3.84454609e-03
3.59954525e+01 -4.33288169e-05 3.84452955e-03
3.60357159e+01 -4.33287986e-05 3.84451327e-03
3.60759792e+01 -4.33287803e-05 3.84449721e-03
3.61162426e+01 -4.33287621e-05 3.84448132e-03
3.61565060e+01 -4.33287440e-05 3.84446557e-03
3.61967693e+01 -4.33287260e-05 3.84444991e-03
3.62370327e+01 -4.33287080e-05 3.84443430e-03
3.62772961e+01 -4.33286902e-05 3.84441870e-03
3.63175595e+01 -4.33286723e-05 3.84440308e-03
3.63578228e+01 -4.33286546e-05 3.84438741e-03
3.63980862e+01 -4.33286369e-05 3.84437165e-03
3.64383496e+01 -4.33286193e-05 3.84435577e-03
3.64786129e+01 -4.33286018e-05 3.84433975e-03
3.65188763e+01 -4.33285844e-05 3.84432356e-03
3.65591397e+01 -4.33285670e-05 3.84430718e-03
3.65994030e+01 -4.33285497e-05 3.84429058e-03
3.66396664e+01 -4.33285325e-05 3.84427374e-03
3.66799298e+01 -4.33285153e-05 3.84425665e-03
3.67201932e+01 -4.33284982e-05 3.84423928e-03
3.67604565e+01 -4.33284812e-05 3.84422163e-03
3.68007199e+01 -4.33284642e-05 3.84420367e-03
3.68409833e+01 -4.33284473e-05 3.84418540e-03
3.68812466e+01 -4.33284305e-05 3.84416682e-03
3.69215100e+01 -4.33284137e-05 3.84414790e-03
3.69617734e+01 -4.33283971e-05 3.84412865e-03
3.70020367e+01 -4.33283804e-05 3.84410906e-03
3.70423001e+01 -4.33283639e-05 3.84408912e-03
3.70825635e+01 -4.33283474e-05 3.84406885e-03
3.71228268e+01 -4.33283310e-05 3.84404823e-03
3.71630902e+01 -4.33283146e-05 3.84402728e-03
3.72033536e+01 -4.33282984e-05 3.84400599e-03
3.72436170e+01 -4.33282821e-05 3.84398437e-03
3.72838803e+01 -4.33282660e-05 3.84396244e-03
3.73241437e+01 -4.33282499e-05 3.84394019e-03
3.73644071e+01 -4.33282339e-05 3.84391765e-03
3.74046704e+01 -4.33282179e-05 3.84389483e-03
3.74449338e+01 -4.33282020e-05 3.84387173e-03
3.74851972e+01 -4.33281862e-05 3.84384838e-03
3.75254605e+01 -4.33281704e-05 3.84382480e-03
3.75657239e+01 -4.33281547e-05 3.84380101e-03
3.76059873e+01 -4.33281390e-05 3.84377702e-03
3.76462507e+01 -4.33281235e-05 3.84375286e-03
3.76865140e+01 -4.33281079e-05 3.84372857e-03
3.77267774e+01 -4.33280925e-05 3.84370415e-03
3.77670408e+01 -4.33280771e-05 3.84367965e-03
3.78073041e+01 -4.33280617e-05 3.84365508e-03
3.78475675e+01 -4.33280465e-05 3.84363049e-03
3.78878309e+01 -4.33280312e-05 3.84360591e-03
3.79280942e+01 -4.33280161e-05 3.84358137e-03
3.79683576e+01 -4.33280010e-05 3.84355691e-03
3.80086210e+01 -4.33279859e-05 3.84353257e-03
3.80488844e+01 -4.33279710e-05 3.84350838e-03
3.80891477e+01 -4.33279560e-05 3.84348439e-03
3.81294111e+01 -4.33279412e-05 3.84346065e-03
3.81696745e+01 -4.33279264e-05 3.84343718e-03
3.82099378e+01 -4.33279116e-05 3.84341405e-03
3.82502012e+01 -4.33278969e-05 3.84339131e-03
3.82904646e+01 -4.33278823e-05 3.84336899e-03
3.83307279e+01 -4.33278677e-05 3.84334715e-03
3.83709913e+01 -4.33278532e-05 3.84332584e-03
3.84112547e+01 -4.33278387e-05 3.84330512e-03
3.84515180e+01 -4.33278243e-05 3.84328504e-03
3.84917814e+01 -4.33278100e-05 3.84326564e-03
3.85320448e+01 -4.33277957e-05 3.84324686e-03
3.85723082e+01 -4.33277814e-05 3.84322866e-03
3.86125715e+01 -4.33277673e-05 3.84321100e-03
3.86528349e+01 -4.33277531e-05 3.84319382e-03
3.86930983e+01 -4.33277391e-05 3.84317707e-03
3.87333616e+01 -4.33277250e-05 3.84316072e-03
3.87736250e+01 -4.33277111e-05 3.84314472e-03
3.88138884e+01 -4.33276972e-05 3.84312903e-03
3.88541517e+01 -4.33276833e-05 3.84311360e-03
3.88944151e+01 -4.33276695e-05 3.84309841e-03
3.89346785e+01 -4.33276557e-05 3.84308341e-03
3.89749419e+01 -4.33276420e-05 3.84306856e-03
3.90152052e+01 -4.33276284e-05 3.84305383e-03
3.90554686e+01 -4.33276148e-05 3.84303919e-03
3.90957320e+01 -4.33276012e-05 3.84302461e-03
3.91359953e+01 -4.33275878e-05 3.84301005e-03
3.91762587e+01 -4.33275743e-05 3.84299549e-03
3.92165221e+01 -4.33275609e-05 3.84298090e-03
3.92567854e+01 -4.33275476e-05 3.84296625e-03
3.92970488e+01 -4.33275343e-05 3.84295152e-03
3.93373122e+01 -4.33275211e-05 3.84293668e-03
3.93775756e+01 -4.33275079e-05 3.84292171e-03
3.94178389e+01 -4.33274947e-05 3.84290660e-03
3.94581023e+01 -4.33274816e-05 3.84289131e-03
3.94983657e+01 -4.33274686e-05 3.84287584e-03
3.95386290e+01 -4.33274556e-05 3.84286016e-03
3.95788924e+01 -4.33274427e-05 3.84284426e-03
3.96191558e+01 -4.33274298e-05 3.84282813e-03
3.96594191e+01 -4.33274169e-05 3.84281175e-03
3.96996825e+01 -4.33274041e-05 3.84279511e-03
3.97399459e+01 -4.33273914e-05 3.84277821e-03
3.97802092e+01 -4.33273787e-05 3.84276102e-03
3.98204726e+01 -4.33273660e-05 3.84274355e-03
3.98607360e+01 -4.33273534e-05 3.84272579e-03
3.99009994e+01 -4.33273409e-05 3.84270773e-03
3.99412627e+01 -4.33273284e-05 3.84268937e-03
3.99815261e+01 -4.33273159e-05 3.84267070e-03
4.00217895e+01 -4.33273035e-05 3.84265173e-03
4.00620528e+01 -4.33272911e-05 3.84263246e-03
4.01023162e+01 -4.33272788e-05 3.84261288e-03
4.01425796e+01 -4.33272665e-05 3.84259300e-03
4.01828429e+01 -4.33272543e-05 3.84257283e-03
4.02231063e+01 -4.33272421e-05 3.84255236e-03
4.02633697e+01 -4.33272300e-05 3.84253161e-03
4.03036331e+01 -4.33272179e-05 3.84251058e-03
4.03438964e+01 -4.33272058e-05 3.84248927e-03
4.03841598e+01 -4.33271938e-05 3.84246772e-03
4.04244232e+01 -4.33271818e-05 3.84244591e-03
4.04646865e+01 -4.33271699e-05 3.84242387e-03
4.05049499e+01 -4.33271581e-05 3.84240160e-03
4.05452133e+01 -4.33271462e-05 3.84237913e-03
4.05854766e+01 -4.33271344e-05 3.84235647e-03
4.06257400e+01 -4.33271227e-05 3.84233364e-03
4.06660034e+01 -4.33271110e-05 3.84231066e-03
4.07062668e+01 -4.33270993e-05 3.84228754e-03
4.07465301e+01 -4.33270877e-05 3.84226431e-03
4.07867935e+01 -4.33270761e-05 3.84224098e-03
4.08270569e+01 -4.33270646e-05 3.84221760e-03
4.08673202e+01 -4.33270531e-05 3.84219416e-03
4.09075836e+01 -4.33270417e-05 3.84217072e-03
4.09478470e+01 -4.33270303e-05 3.84214728e-03
4.09881103e+01 -4.33270189e-05 3.84212388e-03
4.10283737e+01 -4.33270076e-05 3.84210055e-03
4.10686371e+01 -4.33269963e-05 3.84207732e-03
4.11089004e+01 -4.33269851e-05 3.84205422e-03
4.11491638e+01 -4.33269739e-05 3.84203128e-03
4.11894272e+01 -4.33269627e-05 3.84200854e-03
4.12296906e+01 -4.33269516e-05 3.84198603e-03
4.12699539e+01 -4.33269405e-05 3.84196379e-03
4.13102173e+01 -4.33269295e-05 3.84194186e-03
4.13504807e+01 -4.33269185e-05 3.84192027e-03
4.13907440e+01 -4.33269075e-05 3.84189906e-03
4.14310074e+01 -4.33268966e-05 3.84187829e-03
4.14712708e+01 -4.33268857e-05 3.84185798e-03
4.15115341e+01 -4.33268749e-05 3.84183817e-03
4.15517975e+01 -4.33268641e-05 3.84181893e-03
4.15920609e+01 -4.33268533e-05 3.84180028e-03
4.16323243e+01 -4.33268426e-05 3.84178221e-03
4.16725876e+01 -4.33268319e-05 3.84176469e-03
4.17128510e+01 -4.33268212e-05 3.84174768e-03
4.17531144e+01 -4.33268106e-05 3.84173113e-03
4.17933777e+01 -4.33268001e-05 3.84171501e-03
4.18336411e+01 -4.33267895e-05 3.84169928e-03
4.18739045e+01 -4.33267790e-05 3.84168391e-03
4.19141678e+01 -4.33267686e-05 3.84166886e-03
4.19544312e+01 -4.33267582e-05 3.84165410e-03
4.19946946e+01 -4.33267478e-05 3.84163959e-03
4.20349579e+01 -4.33267374e-05 3.84162531e-03
4.20752213e+01 -4.33267271e-05 3.84161122e-03
4.21154847e+01 -4.33267168e-05 3.84159729e-03
4.21557481e+01 -4.33267066e-05 3.84158350e-03
4.21960114e+01 -4.33266964e-05 3.84156981e-03
4.22362748e+01 -4.33266862e-05 3.84155621e-03
4.22765382e+01 -4.33266761e-05 3.84154266e-03
4.23168015e+01 -4.33266660e-05 3.84152914e-03
4.23570649e+01 -4.33266559e-05 3.84151563e-03
4.23973283e+01 -4.33266459e-05 3.84150210e-03
4.24375916e+01 -4.33266359e-05 3.84148853e-03
4.24778550e+01 -4.33266260e-05 3.84147491e-03
4.25181184e+01 -4.33266161e-05 3.84146121e-03
4.25583818e+01 -4.33266062e-05 3.84144741e-03
4.25986451e+01 -4.33265963e-05 3.84143349e-03
4.26389085e+01 -4.33265865e-05 3.84141945e-03
4.26791719e+01 -4.33265767e-05 3.84140526e-03
4.27194352e+01 -4.33265670e-05 3.84139091e-03
4.27596986e+01 -4.33265573e-05 3.84137638e-03
4.27999620e+01 -4.33265476e-05 3.84136166e-03
4.28402253e+01 -4.33265380e-05 3.84134675e-03
4.28804887e+01 -4.33265283e-05 3.84133162e-03
4.29207521e+01 -4.33265188e-05 3.84131627e-03
4.29610155e+01 -4.33265092e-05 3.84130068e-03
4.30012788e+01 -4.33264997e-05 3.84128486e-03
4.30415422e+01 -4.33264902e-05 3.84126880e-03
4.30818056e+01 -4.33264808e-05 3.84125248e-03
4.31220689e+01 -4.33264714e-05 3.84123590e-03
4.31623323e+01 -4.33264620e-05 3.84121906e-03
4.32025957e+01 -4.33264526e-05 3.84120195e-03
4.32428590e+01 -4.33264433e-05 3.84118458e-03
4.32831224e+01 -4.33264340e-05 3.84116693e-03
4.33233858e+01 -4.33264248e-05 3.84114902e-03
4.33636491e+01 -4.33264156e-05 3.84113083e-03
4.34039125e+01 -4.33264064e-05 3.84111237e-03
4.34441759e+01 -4.33263972e-05 3.84109365e-03
4.34844393e+01 -4.33263881e-05 3.84107466e-03
4.35247026e+01 -4.33263790e-05 3.84105541e-03
4.35649660e+01 -4.33263700e-05 3.84103590e-03
4.36052294e+01 -4.33263609e-05 3.84101614e-03
4.36454927e+01 -4.33263519e-05 3.84099614e-03
4.36857561e+01 -4.33263430e-05 3.84097590e-03
4.37260195e+01 -4.33263340e-05 3.84095543e-03
4.37662828e+01 -4.33263251e-05 3.84093474e-03
4.38065462e+01 -4.33263162e-05 3.84091384e-03
4.38468096e+01 -4.33263074e-05 3.84089275e-03
4.38870730e+01 -4.33262986e-05 3.84087147e-03
4.39273363e+01 -4.33262898e-05 3.84085001e-03
4.39675997e+01 -4.33262810e-05 3.84082839e-03
4.40078631e+01 -4.33262723e-05 3.84080663e-03
4.40481264e+01 -4.33262636e-05 3.84078473e-03
4.40883898e+01 -4.33262549e-05 3.84076272e-03
4.41286532e+01 -4.33262463e-05 3.84074062e-03
4.41689165e+01 -4.33262377e-05 3.84071843e-03
4.42091799e+01 -4.33262291e-05 3.84069618e-03
4.42494433e+01 -4.33262205e-05 3.84067389e-03
4.42897067e+01 -4.33262120e-05 3.84065158e-03
4.43299700e+01 -4.33262035e-05 3.84062927e-03
4.43702334e+01 -4.33261950e-05 3.84060699e-03
4.44104968e+01 -4.33261866e-05 3.84058474e-03
4.44507601e+01 -4.33261782e-05 3.84056257e-03
4.44910235e+01 -4.33261698e-05 3.84054049e-03
4.45312869e+01 -4.33261615e-05 3.84051853e-03
4.45715502e+01 -4.33261531e-05 3.84049671e-03
4.46118136e+01 -4.33261448e-05 3.84047507e-03
4.46520770e+01 -4.33261366e-05 3.84045363e-03
4.46923403e+01 -4.33261283e-05 3.84043242e-03
4.47326037e+01 -4.33261201e-05 3.84041146e-03
4.47728671e+01 -4.33261119e-05 3.84039080e-03
4.48131305e+01 -4.33261038e-05 3.84037045e-03
4.48533938e+01 -4.33260956e-05 3.84035046e-03
4.48936572e+01 -4.33260875e-05 3.84033085e-03
4.49339206e+01 -4.33260794e-05 3.84031167e-03
4.49741839e+01 -4.33260714e-05 3.84029293e-03
4.50144473e+01 -4.33260634e-05 3.84027468e-03
4.50547107e+01 -4.33260554e-05 3.84025696e-03
4.50949740e+01 -4.33260474e-05 3.84023977e-03
4.51352374e+01 -4.33260395e-05 3.84022307e-03
4.51755008e+01 -4.33260315e-05 3.84020685e-03
4.52157642e+01 -4.33260236e-05 3.84019105e-03
4.52560275e+01 -4.33260158e-05 3.84017567e-03
4.52962909e+01 -4.33260079e-05 3.84016065e-03
4.53365543e+01 -4.33260001e-05 3.84014599e-03
4.53768176e+01 -4.33259923e-05 3.84013164e-03
4.54170810e+01 -4.33259846e-05 3.84011758e-03
4.54573444e+01 -4.33259768e-05 3.84010379e-03
4.54976077e+01 -4.33259691e-05 3.84009023e-03
4.55378711e+01 -4.33259614e-05 3.84007688e-03
4.55781345e+01 -4.33259537e-05 3.84006372e-03
4.56183979e+01 -4.33259461e-05 3.84005072e-03
4.56586612e+01 -4.33259385e-05 3.84003786e-03
4.56989246e+01 -4.33259309e-05 3.84002512e-03
4.57391880e+01 -4.33259233e-05 3.84001247e-03
4.57794513e+01 -4.33259158e-05 3.83999990e-03
4.58197147e+01 -4.33259083e-05 3.83998738e-03
4.58599781e+01 -4.33259008e-05 3.83997489e-03
4.59002414e+01 -4.33258933e-05 3.83996242e-03
4.59405048e+01 -4.33258859e-05 3.83994995e-03
4.59807682e+01 -4.33258785e-05 3.83993745e-03
4.60210315e+01 -4.33258711e-05 3.83992491e-03
4.60612949e+01 -4.33258637e-05 3.83991232e-03
4.61015583e+01 -4.33258564e-05 3.83989966e-03
4.61418217e+01 -4.33258490e-05 3.83988692e-03
4.61820850e+01 -4.33258417e-05 3.83987407e-03
4.62223484e+01 -4.33258345e-05 3.83986112e-03
4.62626118e+01 -4.33258272e-05 3.83984804e-03
4.63028751e+01 -4.33258200e-05 3.83983482e-03
4.63431385e+01 -4.33258128e-05 3.83982145e-03
4.63834019e+01 -4.33258056e-05 3.83980792e-03
4.64236652e+01 -4.33257984e-05 3.83979422e-03
4.64639286e+01 -4.33257913e-05 3.83978034e-03
4.65041920e+01 -4.33257842e-05 3.83976628e-03
4.65444554e+01 -4.33257771e-05 3.83975202e-03
4.65847187e+01 -4.33257700e-05 3.83973755e-03
4.66249821e+01 -4.33257630e-05 3.83972288e-03
4.66652455e+01 -4.33257560e-05 3.83970799e-03
4.67055088e+01 -4.33257490e-05 3.83969287e-03
4.67457722e+01 -4.33257420e-05 3.83967754e-03
4.67860356e+01 -4.33257350e-05 3.83966197e-03
4.68262989e+01 -4.33257281e-05 3.83964617e-03
4.68665623e+01 -4.33257212e-05 3.83963013e-03
4.69068257e+01 -4.33257143e-05 3.83961385e-03
4.69470891e+01 -4.33257074e-05 3.83959734e-03
4.69873524e+01 -4.33257006e-05 3.83958058e-03
4.70276158e+01 -4.33256938e-05 3.83956358e-03
4.70678792e+01 -4.33256870e-05 3.83954635e-03
4.71081425e+01 -4.33256802e-05 3.83952887e-03
4.71484059e+01 -4.33256734e-05 3.83951116e-03
4.71886693e+01 -4.33256667e-05 3.83949322e-03
4.72289326e+01 -4.33256600e-05 3.83947504e-03
4.72691960e+01 -4.33256533e-05 3.83945663e-03
4.73094594e+01 -4.33256466e-05 3.83943801e-03
4.73497227e+01 -4.33256400e-05 3.83941916e-03
4.73899861e+01 -4.33256333e-05 3.83940010e-03
4.74302495e+01 -4.33256267e-05 3.83938084e-03
4.74705129e+01 -4.33256201e-05 3.83936138e-03
4.75107762e+01 -4.33256136e-05 3.83934173e-03
4.75510396e+01 -4.33256070e-05 3.83932189e-03
4.75913030e+01 -4.33256005e-05 3.83930188e-03
4.76315663e+01 -4.33255940e-05 3.83928170e-03
4.76718297e+01 -4.33255875e-05 3.83926138e-03
4.77120931e+01 -4.33255810e-05 3.83924090e-03
4.77523564e+01 -4.33255746e-05 3.83922030e-03
4.77926198e+01 -4.33255681e-05 3.83919957e-03
4.78328832e+01 -4.33255617e-05 3.83917874e-03
4.78731466e+01 -4.33255553e-05 3.83915781e-03
4.79134099e+01 -4.33255490e-05 3.83913680e-03
4.79536733e+01 -4.33255426e-05 3.83911572e-03
4.79939367e+01 -4.33255363e-05 3.83909459e-03
4.80342000e+01 -4.33255300e-05 3.83907343e-03
4.80744634e+01 -4.33255237e-05 3.83905225e-03
4.81147268e+01 -4.33255174e-05 3.83903106e-03
4.81549901e+01 -4.33255112e-05 3.83900989e-03
4.81952535e+01 -4.33255050e-05 3.83898875e-03
4.82355169e+01 -4.33254987e-05 3.83896766e-03
4.82757803e+01 -4.33254926e-05 3.83894664e-03
4.83160436e+01 -4.33254864e-05 3.83892571e-03
4.83563070e+01 -4.33254802e-05 3.83890490e-03
4.83965704e+01 -4.33254741e-05 3.83888421e-03
4.84368337e+01 -4.33254680e-05 3.83886368e-03
4.84770971e+01 -4.33254619e-05 3.83884332e-03
4.85173605e+01 -4.33254558e-05 3.83882316e-03
4.85576238e+01 -4.33254497e-05 3.83880322e-03
4.85978872e+01 -4.33254437e-05 3.83878352e-03
4.86381506e+01 -4.33254377e-05 3.83876410e-03
4.86784139e+01 -4.33254317e-05 3.83874497e-03
4.87186773e+01 -4.33254257e-05 3.83872616e-03
4.87589407e+01 -4.33254197e-05 3.83870769e-03
4.87992041e+01 -4.33254138e-05 3.83868960e-03
4.88394674e+01 -4.33254078e-05 3.83867191e-03
4.88797308e+01 -4.33254019e-05 3.83865465e-03
4.89199942e+01 -4.33253960e-05 3.83863784e-03
4.89602575e+01 -4.33253902e-05 3.83862151e-03
4.90005209e+01 -4.33253843e-05 3.83860563e-03
4.90407843e+01 -4.33253785e-05 3.83859019e-03
4.90810476e+01 -4.33253726e-05 3.83857514e-03
4.91213110e+01 -4.33253668e-05 3.83856048e-03
4.91615744e+01 -4.33253610e-05 3.83854617e-03
4.92018378e+01 -4.33253553e-05 3.83853220e-03
4.92421011e+01 -4.33253495e-05 3.83851853e-03
4.92823645e+01 -4.33253438e-05 3.83850515e-03
4.93226279e+01 -4.33253381e-05 3.83849204e-03
4.93628912e+01 -4.33253324e-05 3.83847916e-03
4.94031546e+01 -4.33253267e-05 3.83846651e-03
4.94434180e+01 -4.33253210e-05 3.83845406e-03
4.94836813e+01 -4.33253154e-05 3.83844180e-03
4.95239447e+01 -4.33253097e-05 3.83842969e-03
4.95642081e+01 -4.33253041e-05 3.83841773e-03
4.96044715e+01 -4.33252985e-05 3.83840590e-03
4.96447348e+01 -4.33252929e-05 3.83839417e-03
4.96849982e+01 -4.33252874e-05 3.83838253e-03
4.97252616e+01 -4.33252818e-05 3.83837096e-03
4.97655249e+01 -4.33252763e-05 3.83835945e-03
4.98057883e+01 -4.33252708e-05 3.83834798e-03
4.98460517e+01 -4.33252653e-05 3.83833654e-03
4.98863150e+01 -4.33252598e-05 3.83832511e-03
4.99265784e+01 -4.33252543e-05 3.83831367e-03
4.99668418e+01 -4.33252489e-05 3.83830221e-03
5.00071051e+01 -4.33252434e-05 3.83829072e-03
5.00473685e+01 -4.33252380e-05 3.83827919e-03
5.00876319e+01 -4.33252326e-05 3.83826760e-03
5.01278953e+01 -4.33252272e-05 3.83825594e-03
5.01681586e+01 -4.33252219e-05 3.83824420e-03
5.02084220e+01 -4.33252165e-05 3.83823237e-03
5.02486854e+01 -4.33252112e-05 3.83822044e-03
5.02889487e+01 -4.33252059e-05 3.83820839e-03
5.03292121e+01 -4.33252006e-05 3.83819623e-03
5.03694755e+01 -4.33251953e-05 3.83818393e-03
5.04097388e+01 -4.33251900e-05 3.83817149e-03
5.04500022e+01 -4.33251847e-05 3.83815891e-03
5.04902656e+01 -4.33251795e-05 3.83814617e-03
5.05305290e+01 -4.33251743e-05 3.83813327e-03
5.05707923e+01 -4.33251690e-05 3.83812020e-03
5.06110557e+01 -4.33251639e-05 3.83810696e-03
5.06513191e+01 -4.33251587e-05 3.83809353e-03
5.06915824e+01 -4.33251535e-05 3.83807992e-03
5.07318458e+01 -4.33251484e-05 3.83806612e-03
5.07721092e+01 -4.33251432e-05 3.83805212e-03
5.08123725e+01 -4.33251381e-05 3.83803793e-03
5.08526359e+01 -4.33251330e-05 3.83802353e-03
5.08928993e+01 -4.33251279e-05 3.83800893e-03
5.09331626e+01 -4.33251228e-05 3.83799412e-03
5.09734260e+01 -4.33251178e-05 3.83797910e-03
5.10136894e+01 -4.33251127e-05 3.83796387e-03
5.10539528e+01 -4.33251077e-05 3.83794842e-03
5.10942161e+01 -4.33251027e-05 3.83793277e-03
5.11344795e+01 -4.33250977e-05 3.83791690e-03
5.11747429e+01 -4.33250927e-05 3.83790082e-03
5.12150062e+01 -4.33250877e-05 3.83788453e-03
5.12552696e+01 -4.33250827e-05 3.83786802e-03
5.12955330e+01 -4.33250778e-05 3.83785131e-03
5.13357963e+01 -4.33250729e-05 3.83783439e-03
5.13760597e+01 -4.33250680e-05 3.83781727e-03
5.14163231e+01 -4.33250630e-05 3.83779995e-03
5.14565865e+01 -4.33250582e-05 3.83778243e-03
5.14968498e+01 -4.33250533e-05 3.83776472e-03
5.15371132e+01 -4.33250484e-05 3.83774681e-03
5.15773766e+01 -4.33250436e-05 3.83772873e-03
5.16176399e+01 -4.33250388e-05 3.83771046e-03
5.16579033e+01 -4.33250339e-05 3.83769202e-03
5.16981667e+01 -4.33250291e-05 3.83767342e-03
5.17384300e+01 -4.33250243e-05 3.83765465e-03
5.17786934e+01 -4.33250196e-05 3.83763573e-03
5.18189568e+01 -4.33250148e-05 3.83761667e-03
5.18592202e+01 -4.33250101e-05 3.83759747e-03
5.18994835e+01 -4.33250053e-05 3.83757814e-03
5.19397469e+01 -4.33250006e-05 3.83755868e-03
5.19800103e+01 -4.33249959e-05 3.83753912e-03
5.20202736e+01 -4.33249912e-05 3.83751946e-03
5.20605370e+01 -4.33249865e-05 3.83749970e-03
5.21008004e+01 -4.33249819e-05 3.83747987e-03
5.21410637e+01 -4.33249772e-05 3.83745996e-03
5.21813271e+01 -4.33249726e-05 3.83744000e-03
5.22215905e+01 -4.33249679e-05 3.83741999e-03
5.22618538e+01 -4.33249633e-05 3.83739994e-03
5.23021172e+01 -4.33249587e-05 3.83737987e-03
5.23423806e+01 -4.33249541e-05 3.83735980e-03
5.23826440e+01 -4.33249496e-05 3.83733973e-03
5.24229073e+01 -4.33249450e-05 3.83731968e-03
5.24631707e+01 -4.33249404e-05 3.83729966e-03
5.25034341e+01 -4.33249359e-05 3.83727969e-03
5.25436974e+01 -4.33249314e-05 3.83725978e-03
5.25839608e+01 -4.33249269e-05 3.83723996e-03
5.26242242e+01 -4.33249224e-05 3.83722022e-03
5.26644875e+01 -4.33249179e-05 3.83720060e-03
5.27047509e+01 -4.33249134e-05 3.83718111e-03
5.27450143e+01 -4.33249090e-05 3.83716176e-03
5.27852777e+01 -4.33249045e-05 3.83714258e-03
5.28255410e+01 -4.33249001e-05 3.83712358e-03
5.28658044e+01 -4.33248957e-05 3.83710478e-03
5.29060678e+01 -4.33248913e-05 3.83708619e-03
5.29463311e+01 -4.33248869e-05 3.83706785e-03
5.29865945e+01 -4.33248825e-05 3.83704976e-03
5.30268579e+01 -4.33248781e-05 3.83703195e-03
5.30671212e+01 -4.33248737e-05 3.83701444e-03
5.31073846e+01 -4.33248694e-05 3.83699725e-03
5.31476480e+01 -4.33248651e-05 3.83698041e-03
5.31879114e+01 -4.33248607e-05 3.83696392e-03
5.32281747e+01 -4.33248564e-05 3.83694782e-03
5.32684381e+01 -4.33248521e-05 3.83693212e-03
5.33087015e+01 -4.33248478e-05 3.83691685e-03
5.33489648e+01 -4.33248436e-05 3.83690198e-03
5.33892282e+01 -4.33248393e-05 3.83688749e-03
5.34294916e+01 -4.33248350e-05 3.83687336e-03
5.34697549e+01 -4.33248308e-05 3.83685958e-03
5.35100183e+01 -4.33248266e-05 3.83684613e-03
5.35502817e+01 -4.33248224e-05 3.83683298e-03
5.35905450e+01 -4.33248182e-05 3.83682012e-03
5.36308084e+01 -4.33248140e-05 3.83680753e-03
5.36710718e+01 -4.33248098e-05 3.83679519e-03
5.37113352e+01 -4.33248056e-05 3.83678308e-03
5.37515985e+01 -4.33248015e-05 3.83677120e-03
5.37918619e+01 -4.33247973e-05 3.83675951e-03
5.38321253e+01 -4.33247932e-05 3.83674801e-03
5.38723886e+01 -4.33247891e-05 3.83673668e-03
5.39126520e+01 -4.33247849e-05 3.83672551e-03
5.39529154e+01 -4.33247808e-05 3.83671447e-03
5.39931787e+01 -4.33247768e-05 3.83670356e-03
5.40334421e+01 -4.33247727e-05 3.83669275e-03
5.40737055e+01 -4.33247686e-05 3.83668204e-03
5.41139689e+01 -4.33247646e-05 3.83667142e-03
5.41542322e+01 -4.33247605e-05 3.83666086e-03
5.41944956e+01 -4.33247565e-05 3.83665036e-03
5.42347590e+01 -4.33247525e-05 3.83663990e-03
5.42750223e+01 -4.33247484e-05 3.83662947e-03
5.43152857e+01 -4.33247444e-05 3.83661906e-03
5.43555491e+01 -4.33247405e-05 3.83660866e-03
5.43958124e+01 -4.33247365e-05 3.83659825e-03
5.44360758e+01 -4.33247325e-05 3.83658783e-03
5.44763392e+01 -4.33247286e-05 3.83657738e-03
5.45166026e+01 -4.33247246e-05 3.83656690e-03
5.45568659e+01 -4.33247207e-05 3.83655637e-03
5.45971293e+01 -4.33247167e-05 3.83654578e-03
5.46373927e+01 -4.33247128e-05 3.83653513e-03
5.46776560e+01 -4.33247089e-05 3.83652440e-03
5.47179194e+01 -4.33247050e-05 3.83651360e-03
5.47581828e+01 -4.33247012e-05 3.83650270e-03
5.47984461e+01 -4.33246973e-05 3.83649170e-03
5.48387095e+01 -4.33246934e-05 3.83648060e-03
5.48789729e+01 -4.33246896e-05 3.83646939e-03
5.49192362e+01 -4.33246857e-05 3.83645805e-03
5.49594996e+01 -4.33246819e-05 3.83644659e-03
5.49997630e+01 -4.33246781e-05 3.83643499e-03
5.50400264e+01 -4.33246743e-05 3.83642326e-03
5.50802897e+01 -4.33246705e-05 3.83641138e-03
5.51205531e+01 -4.33246667e-05 3.83639936e-03
5.51608165e+01 -4.33246629e-05 3.83638718e-03
5.52010798e+01 -4.33246592e-05 3.83637484e-03
5.52413432e+01 -4.33246554e-05 3.83636234e-03
5.52816066e+01 -4.33246516e-05 3.83634967e-03
5.53218699e+01 -4.33246479e-05 3.83633683e-03
5.53621333e+01 -4.33246442e-05 3.83632381e-03
5.54023967e+01 -4.33246405e-05 3.83631063e-03
5.54426601e+01 -4.33246368e-05 3.83629726e-03
5.54829234e+01 -4.33246331e-05 3.83628371e-03
5.55231868e+01 -4.33246294e-05 3.83626997e-03
5.55634502e+01 -4.33246257e-05 3.83625606e-03
5.56037135e+01 -4.33246220e-05 3.83624195e-03
5.56439769e+01 -4.33246184e-05 3.83622766e-03
5.56842403e+01 -4.33246147e-05 3.83621319e-03
5.57245036e+01 -4.33246111e-05 3.83619852e-03
5.57647670e+01 -4.33246075e-05 3.83618367e-03
5.58050304e+01 -4.33246038e-05 3.83616862e-03
5.58452938e+01 -4.33246002e-05 3.83615340e-03
5.58855571e+01 -4.33245966e-05 3.83613798e-03
5.59258205e+01 -4.33245930e-05 3.83612239e-03
5.59660839e+01 -4.33245895e-05 3.83610660e-03
5.60063472e+01 -4.33245859e-05 3.83609064e-03
5.60466106e+01 -4.33245823e-05 3.83607450e-03
5.60868740e+01 -4.33245788e-05 3.83605818e-03
5.61271373e+01 -4.33245752e-05 3.83604169e-03
5.61674007e+01 -4.33245717e-05 3.83602503e-03
5.62076641e+01 -4.33245682e-05 3.83600821e-03
5.62479274e+01 -4.33245647e-05 3.83599122e-03
5.62881908e+01 -4.33245612e-05 3.83597407e-03
5.63284542e+01 -4.33245577e-05 3.83595677e-03
5.63687176e+01 -4.33245542e-05 3.83593932e-03
5.64089809e+01 -4.33245507e-05 3.83592172e-03
5.64492443e+01 -4.33245472e-05 3.83590399e-03
5.64895077e+01 -4.33245438e-05 3.83588612e-03
5.65297710e+01 -4.33245403e-05 3.83586813e-03
5.65700344e+01 -4.33245369e-05 3.83585001e-03
5.66102978e+01 -4.33245335e-05 3.83583178e-03
5.66505611e+01 -4.33245300e-05 3.83581344e-03
5.66908245e+01 -4.33245266e-05 3.83579501e-03
5.67310879e+01 -4.33245232e-05 3.83577648e-03
5.67713513e+01 -4.33245198e-05 3.83575786e-03
5.68116146e+01 -4.33245164e-05 3.83573917e-03
5.68518780e+01 -4.33245131e-05 3.83572041e-03
5.68921414e+01 -4.33245097e-05 3.83570159e-03
5.69324047e+01 -4.33245063e-05 3.83568272e-03
5.69726681e+01 -4.33245030e-05 3.83566381e-03
5.70129315e+01 -4.33244996e-05 3.83564486e-03
5.70531948e+01 -4.33244963e-05 3.83562590e-03
5.70934582e+01 -4.33244930e-05 3.83560692e-03
5.71337216e+01 -4.33244897e-05 3.83558794e-03
5.71739850e+01 -4.33244864e-05 3.83556897e-03
5.72142483e+01 -4.33244831e-05 3.83555002e-03
5.72545117e+01 -4.33244798e-05 3.83553111e-03
5.72947751e+01 -4.33244765e-05 3.83551223e-03
5.73350384e+01 -4.33244732e-05 3.83549342e-03
5.73753018e+01 -4.33244699e-05 3.83547467e-03
5.74155652e+01 -4.33244667e-05 3.83545600e-03
5.74558285e+01 -4.33244634e-05 3.83543742e-03
5.74960919e+01 -4.33244602e-05 3.83541895e-03
5.75363553e+01 -4.33244570e-05 3.83540060e-03
5.75766186e+01 -4.33244537e-05 3.83538239e-03
5.76168820e+01 -4.33244505e-05 3.83536432e-03
5.76571454e+01 -4.33244473e-05 3.83534641e-03
5.76974088e+01 -4.33244441e-05 3.83532868e-03
5.77376721e+01 -4.33244409e-05 3.83531114e-03
5.77779355e+01 -4.33244378e-05 3.83529381e-03
5.78181989e+01 -4.33244346e-05 3.83527670e-03
5.78584622e+01 -4.33244314e-05 3.83525982e-03
5.78987256e+01 -4.33244283e-05 3.83524320e-03
5.79389890e+01 -4.33244251e-05 3.83522685e-03
5.79792523e+01 -4.33244220e-05 3.83521078e-03
5.80195157e+01 -4.33244188e-05 3.83519501e-03
5.80597791e+01 -4.33244157e-05 3.83517957e-03
5.81000425e+01 -4.33244126e-05 3.83516446e-03
5.81403058e+01 -4.33244095e-05 3.83514971e-03
5.81805692e+01 -4.33244064e-05 3.83513533e-03
5.82208326e+01 -4.33244033e-05 3.83512131e-03
5.82610959e+01 -4.33244002e-05 3.83510764e-03
5.83013593e+01 -4.33243971e-05 3.83509430e-03
5.83416227e+01 -4.33243941e-05 3.83508127e-03
5.83818860e+01 -4.33243910e-05 3.83506855e-03
5.84221494e+01 -4.33243879e-05 3.83505612e-03
5.84624128e+01 -4.33243849e-05 3.83504395e-03
5.85026762e+01 -4.33243819e-05 3.83503204e-03
5.85429395e+01 -4.33243788e-05 3.83502038e-03
5.85832029e+01 -4.33243758e-05 3.83500895e-03
5.86234663e+01 -4.33243728e-05 3.83499773e-03
5.86637296e+01 -4.33243698e-05 3.83498671e-03
5.87039930e+01 -4.33243668e-05 3.83497589e-03
5.87442564e+01 -4.33243638e-05 3.83496524e-03
5.87845197e+01 -4.33243608e-05 3.83495475e-03
5.88247831e+01 -4.33243578e-05 3.83494442e-03
5.88650465e+01 -4.33243549e-05 3.83493422e-03
5.89053098e+01 -4.33243519e-05 3.83492415e-03
5.89455732e+01 -4.33243489e-05 3.83491420e-03
5.89858366e+01 -4.33243460e-05 3.83490435e-03
5.90261000e+01 -4.33243431e-05 3.83489459e-03
5.90663633e+01 -4.33243401e-05 3.83488492e-03
5.91066267e+01 -4.33243372e-05 3.83487532e-03
5.91468901e+01 -4.33243343e-05 3.83486578e-03
5.91871534e+01 -4.33243314e-05 3.83485629e-03
5.92274168e+01 -4.33243285e-05 3.83484684e-03
5.92676802e+01 -4.33243256e-05 3.83483742e-03
5.93079435e+01 -4.33243227e-05 3.83482803e-03
5.93482069e+01 -4.33243198e-05 3.83481865e-03
5.93884703e+01 -4.33243169e-05 3.83480927e-03
5.94287337e+01 -4.33243141e-05 3.83479988e-03
5.94689970e+01 -4.33243112e-05 3.83479048e-03
5.95092604e+01 -4.33243084e-05 3.83478106e-03
5.95495238e+01 -4.33243055e-05 3.83477161e-03
5.95897871e+01 -4.33243027e-05 3.83476212e-03
5.96300505e+01 -4.33242998e-05 3.83475259e-03
5.96703139e+01 -4.33242970e-05 3.83474300e-03
5.97105772e+01 -4.33242942e-05 3.83473336e-03
5.97508406e+01 -4.33242914e-05 3.83472365e-03
5.97911040e+01 -4.33242886e-05 3.83471386e-03
5.98313673e+01 -4.33242858e-05 3.83470399e-03
5.98716307e+01 -4.33242830e-05 3.83469404e-03
5.99118941e+01 -4.33242802e-05 3.83468400e-03
5.99521575e+01 -4.33242775e-05 3.83467386e-03
5.99924208e+01 -4.33242747e-05 3.83466361e-03
6.00326842e+01 -4.33242719e-05 3.83465326e-03
6.00729476e+01 -4.33242692e-05 3.83464280e-03
6.01132109e+01 -4.33242664e-05 3.83463221e-03
6.01534743e+01 -4.33242637e-05 3.83462151e-03
6.01937377e+01 -4.33242610e-05 3.83461068e-03
6.02340010e+01 -4.33242582e-05 3.83459971e-03
6.02742644e+01 -4.33242555e-05 3.83458861e-03
6.03145278e+01 -4.33242528e-05 3.83457738e-03
6.03547912e+01 -4.33242501e-05 3.83456600e-03
6.03950545e+01 -4.33242474e-05 3.83455447e-03
6.04353179e+01 -4.33242447e-05 3.83454280e-03
6.04755813e+01 -4.33242420e-05 3.83453098e-03
6.05158446e+01 -4.33242393e-05 3.83451901e-03
6.05561080e+01 -4.33242367e-05 3.83450688e-03
6.05963714e+01 -4.33242340e-05 3.83449459e-03
6.06366347e+01 -4.33242313e-05 3.83448214e-03
6.06768981e+01 -4.33242287e-05 3.83446954e-03
6.07171615e+01 -4.33242260e-05 3.83445677e-03
6.07574249e+01 -4.33242234e-05 3.83444383e-03
6.07976882e+01 -4.33242207e-05 3.83443074e-03
6.08379516e+01 -4.33242181e-05 3.83441748e-03
6.08782150e+01 -4.33242155e-05 3.83440405e-03
6.09184783e+01 -4.33242129e-05 3.83439046e-03
6.09587417e+01 -4.33242103e-05 3.83437670e-03
6.09990051e+01 -4.33242077e-05 3.83436278e-03
6.10392684e+01 -4.33242051e-05 3.83434869e-03
6.10795318e+01 -4.33242025e-05 3.83433444e-03
6.11197952e+01 -4.33241999e-05 3.83432003e-03
6.11600585e+01 -4.33241973e-05 3.83430545e-03
6.12003219e+01 -4.33241948e-05 3.83429071e-03
6.12405853e+01 -4.33241922e-05 3.83427581e-03
6.12808487e+01 -4.33241896e-05 3.83426076e-03
6.13211120e+01 -4.33241871e-05 3.83424555e-03
6.13613754e+01 -4.33241845e-05 3.83423019e-03
6.14016388e+01 -4.33241820e-05 3.83421467e-03
6.14419021e+01 -4.33241795e-05 3.83419901e-03
6.14821655e+01 -4.33241769e-05 3.83418320e-03
6.15224289e+01 -4.33241744e-05 3.83416725e-03
6.15626922e+01 -4.33241719e-05 3.83415116e-03
6.16029556e+01 -4.33241694e-05 3.83413493e-03
6.16432190e+01 -4.33241669e-05 3.83411858e-03
6.16834824e+01 -4.33241644e-05 3.83410209e-03
6.17237457e+01 -4.33241619e-05 3.83408548e-03
6.17640091e+01 -4.33241594e-05 3.83406875e-03
6.18042725e+01 -4.33241569e-05 3.83405191e-03
6.18445358e+01 -4.33241545e-05 3.83403495e-03
6.18847992e+01 -4.33241520e-05 3.83401789e-03
6.19250626e+01 -4.33241495e-05 3.83400073e-03
6.19653259e+01 -4.33241471e-05 3.83398347e-03
6.20055893e+01 -4.33241446e-05 3.83396613e-03
6.20458527e+01 -4.33241422e-05 3.83394870e-03
6.20861161e+01 -4.33241397e-05 3.83393120e-03
6.21263794e+01 -4.33241373e-05 3.83391362e-03
6.21666428e+01 -4.33241349e-05 3.83389598e-03
6.22069062e+01 -4.33241325e-05 3.83387828e-03
6.22471695e+01 -4.33241300e-05 3.83386053e-03
6.22874329e+01 -4.33241276e-05 3.83384274e-03
6.23276963e+01 -4.33241252e-05 3.83382490e-03
6.23679596e+01 -4.33241228e-05 3.83380704e-03
6.24082230e+01 -4.33241204e-05 3.83378916e-03
6.24484864e+01 -4.33241181e-05 3.83377126e-03
6.24887497e+01 -4.33241157e-05 3.83375336e-03
6.25290131e+01 -4.33241133e-05 3.83373546e-03
6.25692765e+01 -4.33241109e-05 3.83371757e-03
6.26095399e+01 -4.33241086e-05 3.83369971e-03
6.26498032e+01 -4.33241062e-05 3.83368187e-03
6.26900666e+01 -4.33241039e-05 3.83366406e-03
6.27303300e+01 -4.33241015e-05 3.83364631e-03
6.27705933e+01 -4.33240992e-05 3.83362861e-03
6.28108567e+01 -4.33240968e-05 3.83361098e-03
6.28511201e+01 -4.33240945e-05 3.83359342e-03
6.28913834e+01 -4.33240922e-05 3.83357595e-03
6.29316468e+01 -4.33240899e-05 3.83355857e-03
6.29719102e+01 -4.33240876e-05 3.83354130e-03
6.30121736e+01 -4.33240852e-05 3.83352415e-03
6.30524369e+01 -4.33240829e-05 3.83350713e-03
6.30927003e+01 -4.33240807e-05 3.83349025e-03
6.31329637e+01 -4.33240784e-05 3.83347352e-03
6.31732270e+01 -4.33240761e-05 3.83345695e-03
6.32134904e+01 -4.33240738e-05 3.83344055e-03
6.32537538e+01 -4.33240715e-05 3.83342434e-03
6.32940171e+01 -4.33240692e-05 3.83340833e-03
6.33342805e+01 -4.33240670e-05 3.83339253e-03
6.33745439e+01 -4.33240647e-05 3.83337695e-03
6.34148073e+01 -4.33240625e-05 3.83336161e-03
6.34550706e+01 -4.33240602e-05 3.83334651e-03
6.34953340e+01 -4.33240580e-05 3.83333168e-03
6.35355974e+01 -4.33240557e-05 3.83331712e-03
6.35758607e+01 -4.33240535e-05 3.83330285e-03
6.36161241e+01 -4.33240513e-05 3.83328888e-03
6.36563875e+01 -4.33240491e-05 3.83327522e-03
6.36966508e+01 -4.33240468e-05 3.83326189e-03
6.37369142e+01 -4.33240446e-05 3.83324888e-03
6.37771776e+01 -4.33240424e-05 3.83323618e-03
6.38174409e+01 -4.33240402e-05 3.83322377e-03
6.38577043e+01 -4.33240380e-05 3.83321165e-03
6.38979677e+01 -4.33240358e-05 3.83319980e-03
6.39382311e+01 -4.33240336e-05 3.83318820e-03
6.39784944e+01 -4.33240315e-05 3.83317686e-03
6.40187578e+01 -4.33240293e-05 3.83316575e-03
6.40590212e+01 -4.33240271e-05 3.83315486e-03
6.40992845e+01 -4.33240249e-05 3.83314419e-03
6.41395479e+01 -4.33240228e-05 3.83313373e-03
6.41798113e+01 -4.33240206e-05 3.83312346e-03
6.42200746e+01 -4.33240185e-05 3.83311337e-03
6.42603380e+01 -4.33240163e-05 3.83310345e-03
6.43006014e+01 -4.33240142e-05 3.83309370e-03
6.43408648e+01 -4.33240121e-05 3.83308410e-03
6.43811281e+01 -4.33240099e-05 3.83307464e-03
6.44213915e+01 -4.33240078e-05 3.83306531e-03
6.44616549e+01 -4.33240057e-05 3.83305611e-03
6.45019182e+01 -4.33240036e-05 3.83304702e-03
6.45421816e+01 -4.33240015e-05 3.83303804e-03
6.45824450e+01 -4.33239993e-05 3.83302915e-03
6.46227083e+01 -4.33239972e-05 3.83302035e-03
6.46629717e+01 -4.33239951e-05 3.83301163e-03
6.47032351e+01 -4.33239931e-05 3.83300299e-03
6.47434985e+01 -4.33239910e-05 3.83299440e-03
6.47837618e+01 -4.33239889e-05 3.83298587e-03
6.48240252e+01 -4.33239868e-05 3.83297738e-03
6.48642886e+01 -4.33239847e-05 3.83296893e-03
6.49045519e+01 -4.33239827e-05 3.83296052e-03
6.49448153e+01 -4.33239806e-05 3.83295213e-03
6.49850787e+01 -4.33239785e-05 3.83294375e-03
6.50253420e+01 -4.33239765e-05 3.83293538e-03
6.50656054e+01 -4.33239744e-05 3.83292702e-03
6.51058688e+01 -4.33239724e-05 3.83291865e-03
6.51461321e+01 -4.33239704e-05 3.83291027e-03
6.51863955e+01 -4.33239683e-05 3.83290187e-03
6.52266589e+01 -4.33239663e-05 3.83289345e-03
6.52669223e+01 -4.33239643e-05 3.83288500e-03
6.53071856e+01 -4.33239622e-05 3.83287651e-03
6.53474490e+01 -4.33239602e-05 3.83286798e-03
6.53877124e+01 -4.33239582e-05 3.83285941e-03
6.54279757e+01 -4.33239562e-05 3.83285078e-03
6.54682391e+01 -4.33239542e-05 3.83284209e-03
6.55085025e+01 -4.33239522e-05 3.83283334e-03
6.55487658e+01 -4.33239502e-05 3.83282452e-03
6.55890292e+01 -4.33239482e-05 3.83281562e-03
6.56292926e+01 -4.33239462e-05 3.83280665e-03
6.56695560e+01 -4.33239443e-05 3.83279760e-03
6.57098193e+01 -4.33239423e-05 3.83278846e-03
6.57500827e+01 -4.33239403e-05 3.83277923e-03
6.57903461e+01 -4.33239383e-05 3.83276990e-03
6.58306094e+01 -4.33239364e-05 3.83276048e-03
6.58708728e+01 -4.33239344e-05 3.83275095e-03
6.59111362e+01 -4.33239325e-05 3.83274132e-03
6.59513995e+01 -4.33239305e-05 3.83273157e-03
6.59916629e+01 -4.33239286e-05 3.83272172e-03
6.60319263e+01 -4.33239266e-05 3.83271175e-03
6.60721897e+01 -4.33239247e-05 3.83270165e-03
6.61124530e+01 -4.33239228e-05 3.83269144e-03
6.61527164e+01 -4.33239208e-05 3.83268110e-03
6.61929798e+01 -4.33239189e-05 3.83267064e-03
6.62332431e+01 -4.33239170e-05 3.83266005e-03
6.62735065e+01 -4.33239151e-05 3.83264932e-03
6.63137699e+01 -4.33239132e-05 3.83263846e-03
6.63540332e+01 -4.33239113e-05 3.83262747e-03
6.63942966e+01 -4.33239094e-05 3.83261634e-03
6.64345600e+01 -4.33239075e-05 3.83260507e-03
6.64748233e+01 -4.33239056e-05 3.83259366e-03
6.65150867e+01 -4.33239037e-05 3.83258211e-03
6.65553501e+01 -4.33239018e-05 3.83257042e-03
6.65956135e+01 -4.33238999e-05 3.83255858e-03
6.66358768e+01 -4.33238980e-05 3.83254661e-03
6.66761402e+01 -4.33238962e-05 3.83253448e-03
6.67164036e+01 -4.33238943e-05 3.83252221e-03
6.67566669e+01 -4.33238924e-05 3.83250980e-03
6.67969303e+01 -4.33238906e-05 3.83249724e-03
6.68371937e+01 -4.33238887e-05 3.83248454e-03
6.68774570e+01 -4.33238869e-05 3.83247169e-03
6.69177204e+01 -4.33238850e-05 3.83245870e-03
6.69579838e+01 -4.33238832e-05 3.83244556e-03
6.69982472e+01 -4.33238813e-05 3.83243227e-03
6.70385105e+01 -4.33238795e-05 3.83241885e-03
6.70787739e+01 -4.33238777e-05 3.83240528e-03
6.71190373e+01 -4.33238758e-05 3.83239157e-03
6.71593006e+01 -4.33238740e-05 3.83237772e-03
6.71995640e+01 -4.33238722e-05 3.83236374e-03
6.72398274e+01 -4.33238704e-05 3.83234961e-03
6.72800907e+01 -4.33238686e-05 3.83233535e-03
6.73203541e+01 -4.33238668e-05 3.83232096e-03
6.73606175e+01 -4.33238650e-05 3.83230643e-03
6.74008809e+01 -4.33238632e-05 3.83229178e-03
6.74411442e+01 -4.33238614e-05 3.83227700e-03
6.74814076e+01 -4.33238596e-05 3.83226209e-03
6.75216710e+01 -4.33238578e-05 3.83224706e-03
6.75619343e+01 -4.33238560e-05 3.83223191e-03
6.76021977e+01 -4.33238542e-05 3.83221664e-03
6.76424611e+01 -4.33238525e-05 3.83220126e-03
6.76827244e+01 -4.33238507e-05 3.83218577e-03
6.77229878e+01 -4.33238489e-05 3.83217017e-03
6.77632512e+01 -4.33238472e-05 3.83215447e-03
6.78035145e+01 -4.33238454e-05 3.83213867e-03
6.78437779e+01 -4.33238436e-05 3.83212277e-03
6.78840413e+01 -4.33238419e-05 3.83210678e-03
6.79243047e+01 -4.33238401e-05 3.83209069e-03
6.79645680e+01 -4.33238384e-05 3.83207453e-03
6.80048314e+01 -4.33238367e-05 3.83205828e-03
6.80450948e+01 -4.33238349e-05 3.83204196e-03
6.80853581e+01 -4.33238332e-05 3.83202556e-03
6.81256215e+01 -4.33238315e-05 3.83200910e-03
6.81658849e+01 -4.33238297e-05 3.83199258e-03
6.82061482e+01 -4.33238280e-05 3.83197600e-03
6.82464116e+01 -4.33238263e-05 3.83195936e-03
6.82866750e+01 -4.33238246e-05 3.83194269e-03
6.83269384e+01 -4.33238229e-05 3.83192596e-03
6.83672017e+01 -4.33238212e-05 3.83190921e-03
6.84074651e+01 -4.33238195e-05 3.83189242e-03
6.84477285e+01 -4.33238178e-05 3.83187561e-03
6.84879918e+01 -4.33238161e-05 3.83185879e-03
6.85282552e+01 -4.33238144e-05 3.83184195e-03
6.85685186e+01 -4.33238127e-05 3.83182510e-03
6.86087819e+01 -4.33238110e-05 3.83180826e-03
6.86490453e+01 -4.33238093e-05 3.83179142e-03
6.86893087e+01 -4.33238076e-05 3.83177459e-03
6.87295720e+01 -4.33238060e-05 3.83175779e-03
6.87698354e+01 -4.33238043e-05 3.83174102e-03
6.88100988e+01 -4.33238026e-05 3.83172427e-03
6.88503622e+01 -4.33238010e-05 3.83170758e-03
6.88906255e+01 -4.33237993e-05 3.83169093e-03
6.89308889e+01 -4.33237977e-05 3.83167433e-03
6.89711523e+01 -4.33237960e-05 3.83165781e-03
6.90114156e+01 -4.33237944e-05 3.83164135e-03
6.90516790e+01 -4.33237927e-05 3.83162498e-03
6.90919424e+01 -4.33237911e-05 3.83160869e-03
6.91322057e+01 -4.33237894e-05 3.83159250e-03
6.91724691e+01 -4.33237878e-05 3.83157641e-03
6.92127325e+01 -4.33237862e-05 3.83156044e-03
6.92529959e+01 -4.33237845e-05 3.83154459e-03
6.92932592e+01 -4.33237829e-05 3.83152887e-03
6.93335226e+01 -4.33237813e-05 3.83151328e-03
6.93737860e+01 -4.33237797e-05 3.83149785e-03
6.94140493e+01 -4.33237781e-05 3.83148257e-03
6.94543127e+01 -4.33237765e-05 3.83146747e-03
6.94945761e+01 -4.33237749e-05 3.83145253e-03
6.95348394e+01 -4.33237733e-05 3.83143779e-03
6.95751028e+01 -4.33237717e-05 3.83142323e-03
6.96153662e+01 -4.33237701e-05 3.83140889e-03
6.96556296e+01 -4.33237685e-05 3.83139475e-03
6.96958929e+01 -4.33237669e-05 3.83138085e-03
6.97361563e+01 -4.33237653e-05 3.83136718e-03
6.97764197e+01 -4.33237637e-05 3.83135375e-03
6.98166830e+01 -4.33237621e-05 3.83134058e-03
6.98569464e+01 -4.33237606e-05 3.83132768e-03
6.98972098e+01 -4.33237590e-05 3.83131505e-03
6.99374731e+01 -4.33237574e-05 3.83130271e-03
6.99777365e+01 -4.33237558e-05 3.83129065e-03
7.00179999e+01 -4.33237543e-05 3.83127887e-03
7.00582632e+01 -4.33237527e-05 3.83126734e-03
7.00985266e+01 -4.33237512e-05 3.83125607e-03
7.01387900e+01 -4.33237496e-05 3.83124505e-03
7.01790534e+01 -4.33237481e-05 3.83123426e-03
7.02193167e+01 -4.33237465e-05 3.83122369e-03
7.02595801e+01 -4.33237450e-05 3.83121335e-03
7.02998435e+01 -4.33237434e-05 3.83120321e-03
7.03401068e+01 -4.33237419e-05 3.83119327e-03
7.03803702e+01 -4.33237404e-05 3.83118352e-03
7.04206336e+01 -4.33237388e-05 3.83117396e-03
7.04608969e+01 -4.33237373e-05 3.83116457e-03
7.05011603e+01 -4.33237358e-05 3.83115535e-03
7.05414237e+01 -4.33237343e-05 3.83114629e-03
7.05816871e+01 -4.33237328e-05 3.83113738e-03
7.06219504e+01 -4.33237312e-05 3.83112861e-03
7.06622138e+01 -4.33237297e-05 3.83111997e-03
7.07024772e+01 -4.33237282e-05 3.83111147e-03
7.07427405e+01 -4.33237267e-05 3.83110308e-03
7.07830039e+01 -4.33237252e-05 3.83109481e-03
7.08232673e+01 -4.33237237e-05 3.83108665e-03
7.08635306e+01 -4.33237222e-05 3.83107858e-03
7.09037940e+01 -4.33237207e-05 3.83107061e-03
7.09440574e+01 -4.33237192e-05 3.83106272e-03
7.09843208e+01 -4.33237178e-05 3.83105490e-03
7.10245841e+01 -4.33237163e-05 3.83104716e-03
7.10648475e+01 -4.33237148e-05 3.83103949e-03
7.11051109e+01 -4.33237133e-05 3.83103187e-03
7.11453742e+01 -4.33237119e-05 3.83102431e-03
7.11856376e+01 -4.33237104e-05 3.83101679e-03
7.12259010e+01 -4.33237089e-05 3.83100931e-03
7.12661643e+01 -4.33237075e-05 3.83100187e-03
7.13064277e+01 -4.33237060e-05 3.83099445e-03
7.13466911e+01 -4.33237045e-05 3.83098706e-03
7.13869544e+01 -4.33237031e-05 3.83097968e-03
7.14272178e+01 -4.33237016e-05 3.83097232e-03
7.14674812e+01 -4.33237002e-05 3.83096496e-03
7.15077446e+01 -4.33236987e-05 3.83095760e-03
7.15480079e+01 -4.33236973e-05 3.83095024e-03
7.15882713e+01 -4.33236959e-05 3.83094286e-03
7.16285347e+01 -4.33236944e-05 3.83093547e-03
7.16687980e+01 -4.33236930e-05 3.83092807e-03
7.17090614e+01 -4.33236916e-05 3.83092064e-03
7.17493248e+01 -4.33236901e-05 3.83091317e-03
7.17895881e+01 -4.33236887e-05 3.83090568e-03
7.18298515e+01 -4.33236873e-05 3.83089815e-03
7.18701149e+01 -4.33236859e-05 3.83089057e-03
7.19103783e+01 -4.33236845e-05 3.83088295e-03
7.19506416e+01 -4.33236830e-05 3.83087528e-03
7.19909050e+01 -4.33236816e-05 3.83086755e-03
7.20311684e+01 -4.33236802e-05 3.83085977e-03
7.20714317e+01 -4.33236788e-05 3.83085192e-03
7.21116951e+01 -4.33236774e-05 3.83084401e-03
7.21519585e+01 -4.33236760e-05 3.83083603e-03
7.21922218e+01 -4.33236746e-05 3.83082797e-03
7.22324852e+01 -4.33236732e-05 3.83081984e-03
7.22727486e+01 -4.33236718e-05 3.83081163e-03
7.23130120e+01 -4.33236705e-05 3.83080333e-03
7.23532753e+01 -4.33236691e-05 3.83079495e-03
7.23935387e+01 -4.33236677e-05 3.83078648e-03
7.24338021e+01 -4.33236663e-05 3.83077792e-03
7.24740654e+01 -4.33236649e-05 3.83076927e-03
7.25143288e+01 -4.33236636e-05 3.83076052e-03
7.25545922e+01 -4.33236622e-05 3.83075167e-03
7.25948555e+01 -4.33236608e-05 3.83074272e-03
7.26351189e+01 -4.33236595e-05 3.83073366e-03
7.26753823e+01 -4.33236581e-05 3.83072450e-03
7.27156456e+01 -4.33236567e-05 3.83071523e-03
7.27559090e+01 -4.33236554e-05 3.83070585e-03
7.27961724e+01 -4.33236540e-05 3.83069636e-03
7.28364358e+01 -4.33236527e-05 3.83068675e-03
7.28766991e+01 -4.33236513e-05 3.83067703e-03
7.29169625e+01 -4.33236500e-05 3.83066719e-03
7.29572259e+01 -4.33236487e-05 3.83065723e-03
7.29974892e+01 -4.33236473e-05 3.83064716e-03
7.30377526e+01 -4.33236460e-05 3.83063696e-03
7.30780160e+01 -4.33236446e-05 3.83062664e-03
7.31182793e+01 -4.33236433e-05 3.83061620e-03
7.31585427e+01 -4.33236420e-05 3.83060563e-03
7.31988061e+01 -4.33236407e-05 3.83059494e-03
7.32390695e+01 -4.33236393e-05 3.83058413e-03
7.32793328e+01 -4.33236380e-05 3.83057319e-03
7.33195962e+01 -4.33236367e-05 3.83056212e-03
7.33598596e+01 -4.33236354e-05 3.83055092e-03
7.34001229e+01 -4.33236341e-05 3.83053960e-03
7.34403863e+01 -4.33236328e-05 3.83052815e-03
7.34806497e+01 -4.33236315e-05 3.83051657e-03
7.35209130e+01 -4.33236302e-05 3.83050487e-03
7.35611764e+01 -4.33236288e-05 3.83049303e-03
7.36014398e+01 -4.33236276e-05 3.83048108e-03
7.36417032e+01 -4.33236263e-05 3.83046899e-03
7.36819665e+01 -4.33236250e-05 3.83045678e-03
7.37222299e+01 -4.33236237e-05 3.83044444e-03
7.37624933e+01 -4.33236224e-05 3.83043198e-03
7.38027566e+01 -4.33236211e-05 3.83041939e-03
7.38430200e+01 -4.33236198e-05 3.83040668e-03
7.38832834e+01 -4.33236185e-05 3.83039385e-03
7.39235467e+01 -4.33236173e-05 3.83038089e-03
7.39638101e+01 -4.33236160e-05 3.83036782e-03
7.40040735e+01 -4.33236147e-05 3.83035462e-03
7.40443368e+01 -4.33236134e-05 3.83034131e-03
7.40846002e+01 -4.33236122e-05 3.83032788e-03
7.41248636e+01 -4.33236109e-05 3.83031434e-03
7.41651270e+01 -4.33236096e-05 3.83030069e-03
7.42053903e+01 -4.33236084e-05 3.83028692e-03
7.42456537e+01 -4.33236071e-05 3.83027304e-03
7.42859171e+01 -4.33236059e-05 3.83025906e-03
7.43261804e+01 -4.33236046e-05 3.83024497e-03
7.43664438e+01 -4.33236034e-05 3.83023077e-03
7.44067072e+01 -4.33236021e-05 3.83021648e-03
7.44469705e+01 -4.33236009e-05 3.83020209e-03
7.44872339e+01 -4.33235996e-05 3.83018760e-03
7.45274973e+01 -4.33235984e-05 3.83017302e-03
7.45677607e+01 -4.33235971e-05 3.83015834e-03
7.46080240e+01 -4.33235959e-05 3.83014358e-03
7.46482874e+01 -4.33235947e-05 3.83012873e-03
7.46885508e+01 -4.33235935e-05 3.83011380e-03
7.47288141e+01 -4.33235922e-05 3.83009880e-03
7.47690775e+01 -4.33235910e-05 3.83008371e-03
7.48093409e+01 -4.33235898e-05 3.83006855e-03
7.48496042e+01 -4.33235886e-05 3.83005332e-03
7.48898676e+01 -4.33235873e-05 3.83003803e-03
7.49301310e+01 -4.33235861e-05 3.83002267e-03
7.49703944e+01 -4.33235849e-05 3.83000725e-03
7.50106577e+01 -4.33235837e-05 3.82999178e-03
7.50509211e+01 -4.33235825e-05 3.82997626e-03
7.50911845e+01 -4.33235813e-05 3.82996069e-03
7.51314478e+01 -4.33235801e-05 3.82994507e-03
7.51717112e+01 -4.33235789e-05 3.82992941e-03
7.52119746e+01 -4.33235777e-05 3.82991372e-03
7.52522379e+01 -4.33235765e-05 3.82989800e-03
7.52925013e+01 -4.33235753e-05 3.82988225e-03
7.53327647e+01 -4.33235741e-05 3.82986648e-03
7.53730280e+01 -4.33235729e-05 3.82985069e-03
7.54132914e+01 -4.33235717e-05 3.82983489e-03
7.54535548e+01 -4.33235705e-05 3.82981908e-03
7.54938182e+01 -4.33235693e-05 3.82980327e-03
7.55340815e+01 -4.33235682e-05 3.82978746e-03
7.55743449e+01 -4.33235670e-05 3.82977165e-03
7.56146083e+01 -4.33235658e-05 3.82975586e-03
7.56548716e+01 -4.33235646e-05 3.82974008e-03
7.56951350e+01 -4.33235635e-05 3.82972433e-03
7.57353984e+01 -4.33235623e-05 3.82970860e-03
7.57756617e+01 -4.33235611e-05 3.82969291e-03
7.58159251e+01 -4.33235600e-05 3.82967725e-03
7.58561885e+01 -4.33235588e-05 3.82966164e-03
7.58964519e+01 -4.33235577e-05 3.82964608e-03
7.59367152e+01 -4.33235565e-05 3.82963058e-03
7.59769786e+01 -4.33235553e-05 3.82961513e-03
7.60172420e+01 -4.33235542e-05 3.82959976e-03
7.60575053e+01 -4.33235530e-05 3.82958446e-03
7.60977687e+01 -4.33235519e-05 3.82956924e-03
7.61380321e+01 -4.33235507e-05 3.82955411e-03
7.61782954e+01 -4.33235496e-05 3.82953907e-03
7.62185588e+01 -4.33235485e-05 3.82952414e-03
7.62588222e+01 -4.33235473e-05 3.82950930e-03
7.62990856e+01 -4.33235462e-05 3.82949458e-03
7.63393489e+01 -4.33235450e-05 3.82947999e-03
7.63796123e+01 -4.33235439e-05 3.82946551e-03
7.64198757e+01 -4.33235428e-05 3.82945118e-03
7.64601390e+01 -4.33235417e-05 3.82943698e-03
7.65004024e+01 -4.33235405e-05 3.82942293e-03
7.65406658e+01 -4.33235394e-05 3.82940904e-03
7.65809291e+01 -4.33235383e-05 3.82939531e-03
7.66211925e+01 -4.33235372e-05 3.82938175e-03
7.66614559e+01 -4.33235360e-05 3.82936836e-03
7.67017192e+01 -4.33235349e-05 3.82935517e-03
7.67419826e+01 -4.33235338e-05 3.82934216e-03
7.67822460e+01 -4.33235327e-05 3.82932936e-03
7.68225094e+01 -4.33235316e-05 3.82931676e-03
7.68627727e+01 -4.33235305e-05 3.82930439e-03
7.69030361e+01 -4.33235294e-05 3.82929223e-03
7.69432995e+01 -4.33235283e-05 3.82928031e-03
7.69835628e+01 -4.33235272e-05 3.82926863e-03
7.70238262e+01 -4.33235261e-05 3.82925720e-03
7.70640896e+01 -4.33235250e-05 3.82924602e-03
7.71043529e+01 -4.33235239e-05 3.82923508e-03
7.71446163e+01 -4.33235228e-05 3.82922438e-03
7.71848797e+01 -4.33235217e-05 3.82921390e-03
7.72251431e+01 -4.33235206e-05 3.82920365e-03
7.72654064e+01 -4.33235195e-05 3.82919361e-03
7.73056698e+01 -4.33235185e-05 3.82918377e-03
7.73459332e+01 -4.33235174e-05 3.82917414e-03
7.73861965e+01 -4.33235163e-05 3.82916469e-03
7.74264599e+01 -4.33235152e-05 3.82915544e-03
7.74667233e+01 -4.33235141e-05 3.82914636e-03
7.75069866e+01 -4.33235131e-05 3.82913746e-03
7.75472500e+01 -4.33235120e-05 3.82912872e-03
7.75875134e+01 -4.33235109e-05 3.82912014e-03
7.76277767e+01 -4.33235099e-05 3.82911172e-03
7.76680401e+01 -4.33235088e-05 3.82910344e-03
7.77083035e+01 -4.33235077e-05 3.82909531e-03
7.77485669e+01 -4.33235067e-05 3.82908731e-03
7.77888302e+01 -4.33235056e-05 3.82907944e-03
7.78290936e+01 -4.33235046e-05 3.82907169e-03
7.78693570e+01 -4.33235035e-05 3.82906406e-03
7.79096203e+01 -4.33235025e-05 3.82905655e-03
7.79498837e+01 -4.33235014e-05 3.82904914e-03
7.79901471e+01 -4.33235004e-05 3.82904183e-03
7.80304104e+01 -4.33234993e-05 3.82903461e-03
7.80706738e+01 -4.33234983e-05 3.82902749e-03
7.81109372e+01 -4.33234972e-05 3.82902045e-03
7.81512006e+01 -4.33234962e-05 3.82901348e-03
7.81914639e+01 -4.33234951e-05 3.82900660e-03
7.82317273e+01 -4.33234941e-05 3.82899978e-03
7.82719907e+01 -4.33234931e-05 3.82899302e-03
7.83122540e+01 -4.33234920e-05 3.82898632e-03
7.83525174e+01 -4.33234910e-05 3.82897967e-03
7.83927808e+01 -4.33234900e-05 3.82897308e-03
7.84330441e+01 -4.33234890e-05 3.82896653e-03
7.84733075e+01 -4.33234879e-05 3.82896001e-03
7.85135709e+01 -4.33234869e-05 3.82895353e-03
7.85538343e+01 -4.33234859e-05 3.82894708e-03
7.85940976e+01 -4.33234849e-05 3.82894066e-03
7.86343610e+01 -4.33234839e-05 3.82893425e-03
7.86746244e+01 -4.33234828e-05 3.82892787e-03
7.87148877e+01 -4.33234818e-05 3.82892149e-03
7.87551511e+01 -4.33234808e-05 3.82891513e-03
7.87954145e+01 -4.33234798e-05 3.82890876e-03
7.88356778e+01 -4.33234788e-05 3.82890240e-03
7.88759412e+01 -4.33234778e-05 3.82889603e-03
7.89162046e+01 -4.33234768e-05 3.82888966e-03
7.89564679e+01 -4.33234758e-05 3.82888327e-03
7.89967313e+01 -4.33234748e-05 3.82887687e-03
7.90369947e+01 -4.33234738e-05 3.82887045e-03
7.90772581e+01 -4.33234728e-05 3.82886400e-03
7.91175214e+01 -4.33234718e-05 3.82885753e-03
7.91577848e+01 -4.33234708e-05 3.82885103e-03
7.91980482e+01 -4.33234698e-05 3.82884450e-03
7.92383115e+01 -4.33234688e-05 3.82883793e-03
7.92785749e+01 -4.33234678e-05 3.82883132e-03
7.93188383e+01 -4.33234669e-05 3.82882467e-03
7.93591016e+01 -4.33234659e-05 3.82881797e-03
7.93993650e+01 -4.33234649e-05 3.82881122e-03
7.94396284e+01 -4.33234639e-05 3.82880442e-03
7.94798918e+01 -4.33234629e-05 3.82879757e-03
7.95201551e+01 -4.33234620e-05 3.82879066e-03
7.95604185e+01 -4.33234610e-05 3.82878369e-03
7.96006819e+01 -4.33234600e-05 3.82877665e-03
7.96409452e+01 -4.33234590e-05 3.82876955e-03
7.96812086e+01 -4.33234581e-05 3.82876238e-03
7.97214720e+01 -4.33234571e-05 3.82875514e-03
7.97617353e+01 -4.33234561e-05 3.82874783e-03
7.98019987e+01 -4.33234552e-05 3.82874044e-03
7.98422621e+01 -4.33234542e-05 3.82873297e-03
7.98825255e+01 -4.33234533e-05 3.82872543e-03
7.99227888e+01 -4.33234523e-05 3.82871780e-03
7.99630522e+01 -4.33234513e-05 3.82871009e-03
8.00033156e+01 -4.33234504e-05 3.82870230e-03
