#	Time	Error_of_Energy	Error_of_Position
4.02633697e-02 -1.54009609e-05 5.23466242e-06
8.05267394e-02 -3.58721491e-05 8.64619232e-06
1.20790109e-01 -4.95361371e-05 9.99812588e-06
1.61053479e-01 -5.55821992e-05 1.05957670e-05
2.01316848e-01 -5.77198094e-05 1.15360581e-05
2.41580218e-01 -5.84865137e-05 1.30296133e-05
2.81843588e-01 -5.88650925e-05 1.48403560e-05
3.22106957e-01 -5.91306362e-05 1.67383628e-05
3.62370327e-01 -5.93420339e-05 1.85987775e-05
4.02633697e-01 -5.95105463e-05 2.03685495e-05
4.42897067e-01 -5.96416927e-05 2.20307379e-05
4.83160436e-01 -5.97417464e-05 2.35846051e-05
5.23423806e-01 -5.98171943e-05 2.50360629e-05
5.63687176e-01 -5.98738150e-05 2.63936533e-05
6.03950545e-01 -5.99163082e-05 2.76663090e-05
6.44213915e-01 -5.99483020e-05 2.88623560e-05
6.84477285e-01 -5.99725178e-05 2.99896345e-05
7.24740654e-01 -5.99909662e-05 3.10552454e-05
7.65004024e-01 -6.00051222e-05 3.20654409e-05
8.05267394e-01 -6.00160668e-05 3.30255943e-05
8.45530763e-01 -6.00245935e-05 3.39405423e-05
8.85794133e-01 -6.00312870e-05 3.48144702e-05
9.26057503e-01 -6.00365808e-05 3.56511746e-05
9.66320872e-01 -6.00407979e-05 3.64537357e-05
1.00658424e+00 -6.00441807e-05 3.72256084e-05
1.04684761e+00 -6.00469127e-05 3.79686159e-05
1.08711098e+00 -6.00491331e-05 3.86857514e-05
1.12737435e+00 -6.00509490e-05 3.93787795e-05
1.16763772e+00 -6.00524426e-05 4.00494144e-05
1.20790109e+00 -6.00536782e-05 4.06992749e-05
1.24816446e+00 -6.00547058e-05 4.13299570e-05
1.28842783e+00 -6.00555646e-05 4.19432080e-05
1.32869120e+00 -6.00562860e-05 4.25394637e-05
1.36895457e+00 -6.00568947e-05 4.31199073e-05
1.40921794e+00 -6.00574106e-05 4.36863776e-05
1.44948131e+00 -6.00578498e-05 4.42385577e-05
1.48974468e+00 -6.00582250e-05 4.47780616e-05
1.53000805e+00 -6.00585469e-05 4.53059783e-05
1.57027142e+00 -6.00588241e-05 4.58216761e-05
1.61053479e+00 -6.00590636e-05 4.63264946e-05
1.65079816e+00 -6.00592712e-05 4.68217421e-05
1.69106153e+00 -6.00594518e-05 4.73074515e-05
1.73132490e+00 -6.00596093e-05 4.77838464e-05
1.77158827e+00 -6.00597472e-05 4.82514041e-05
1.81185164e+00 -6.00598682e-05 4.87106172e-05
1.85211501e+00 -6.00599746e-05 4.91619158e-05
1.89237838e+00 -6.00600686e-05 4.96056481e-05
1.93264174e+00 -6.00601516e-05 5.00420825e-05
1.97290511e+00 -6.00602253e-05 5.04714429e-05
2.01316848e+00 -6.00602908e-05 5.08940363e-05
2.05343185e+00 -6.00603491e-05 5.13105703e-05
2.09369522e+00 -6.00604011e-05 5.17219980e-05
2.13395859e+00 -6.00604477e-05 5.21278977e-05
2.17422196e+00 -6.00604894e-05 5.25273763e-05
2.21448533e+00 -6.00605269e-05 5.29203581e-05
2.25474870e+00 -6.00605607e-05 5.33093007e-05
2.29501207e+00 -6.00605911e-05 5.36949002e-05
2.33527544e+00 -6.00606186e-05 5.40738174e-05
2.37553881e+00 -6.00606434e-05 5.44471005e-05
2.41580218e+00 -6.00606659e-05 5.48193575e-05
2.45606555e+00 -6.00606863e-05 5.51851743e-05
2.49632892e+00 -6.00607049e-05 5.55456176e-05
2.53659229e+00 -6.00607218e-05 5.59060002e-05
2.57685566e+00 -6.00607372e-05 5.62583462e-05
2.61711903e+00 -6.00607513e-05 5.66095959e-05
2.65738240e+00 -6.00607642e-05 5.69571024e-05
2.69764577e+00 -6.00607760e-05 5.72985846e-05
2.73790914e+00 -6.00607868e-05 5.76411956e-05
2.77817251e+00 -6.00607967e-05 5.79747849e-05
2.81843588e+00 -6.00608058e-05 5.83116516e-05
2.85869925e+00 -6.00608142e-05 5.86387772e-05
2.89896262e+00 -6.00608219e-05 5.89696489e-05
2.93922599e+00 -6.00608290e-05 5.92907358e-05
2.97948936e+00 -6.00608356e-05 5.96160912e-05
3.01975273e+00 -6.00608416e-05 5.99312063e-05
3.06001610e+00 -6.00608473e-05 6.02515460e-05
3.10027947e+00 -6.00608525e-05 6.05611923e-05
3.14054284e+00 -6.00608573e-05 6.08762259e-05
3.18080621e+00 -6.00608617e-05 6.11819512e-05
3.22106957e+00 -6.00608659e-05 6.14900984e-05
3.26133294e+00 -6.00608698e-05 6.17940476e-05
3.30159631e+00 -6.00608734e-05 6.20935308e-05
3.34185968e+00 -6.00608767e-05 6.23967649e-05
3.38212305e+00 -6.00608798e-05 6.26890858e-05
3.42238642e+00 -6.00608827e-05 6.29885054e-05
3.46264979e+00 -6.00608855e-05 6.32800686e-05
3.50291316e+00 -6.00608880e-05 6.35691337e-05
3.54317653e+00 -6.00608904e-05 6.38626480e-05
3.58343990e+00 -6.00608926e-05 6.41447655e-05
3.62370327e+00 -6.00608947e-05 6.44325499e-05
3.66396664e+00 -6.00608966e-05 6.47178345e-05
3.70423001e+00 -6.00608984e-05 6.49937455e-05
3.74449338e+00 -6.00609002e-05 6.52784810e-05
3.78475675e+00 -6.00609018e-05 6.55565945e-05
3.82502012e+00 -6.00609033e-05 6.58275847e-05
3.86528349e+00 -6.00609047e-05 6.61079791e-05
3.90554686e+00 -6.00609060e-05 6.63806771e-05
3.94581023e+00 -6.00609073e-05 6.66464614e-05
3.98607360e+00 -6.00609085e-05 6.69220601e-05
4.02633697e+00 -6.00609096e-05 6.71911601e-05
4.06660034e+00 -6.00609107e-05 6.74515472e-05
4.10686371e+00 -6.00609117e-05 6.77212683e-05
4.14712708e+00 -6.00609126e-05 6.79884655e-05
4.18739045e+00 -6.00609135e-05 6.82448081e-05
4.22765382e+00 -6.00609143e-05 6.85061016e-05
4.26791719e+00 -6.00609151e-05 6.87720751e-05
4.30818056e+00 -6.00609159e-05 6.90274286e-05
4.34844393e+00 -6.00609166e-05 6.92787628e-05
4.38870730e+00 -6.00609173e-05 6.95408237e-05
4.42897067e+00 -6.00609179e-05 6.97981623e-05
4.46923403e+00 -6.00609185e-05 7.00449506e-05
4.50949740e+00 -6.00609191e-05 7.02953974e-05
4.54976077e+00 -6.00609196e-05 7.05535708e-05
4.59002414e+00 -6.00609202e-05 7.08032861e-05
4.63028751e+00 -6.00609207e-05 7.10442668e-05
4.67055088e+00 -6.00609211e-05 7.12925262e-05
4.71081425e+00 -6.00609216e-05 7.15460595e-05
4.75107762e+00 -6.00609220e-05 7.17903880e-05
4.79134099e+00 -6.00609224e-05 7.20265878e-05
4.83160436e+00 -6.00609228e-05 7.22702275e-05
4.87186773e+00 -6.00609231e-05 7.25198570e-05
4.91213110e+00 -6.00609235e-05 7.27611049e-05
4.95239447e+00 -6.00609238e-05 7.29932413e-05
4.99265784e+00 -6.00609241e-05 7.32296471e-05
5.03292121e+00 -6.00609244e-05 7.34754827e-05
5.07318458e+00 -6.00609247e-05 7.37158331e-05
5.11344795e+00 -6.00609250e-05 7.39458894e-05
5.15371132e+00 -6.00609253e-05 7.41736778e-05
5.19397469e+00 -6.00609255e-05 7.44129307e-05
5.23423806e+00 -6.00609258e-05 7.46534028e-05
5.27450143e+00 -6.00609260e-05 7.48846873e-05
5.31476480e+00 -6.00609262e-05 7.51076685e-05
5.35502817e+00 -6.00609264e-05 7.53343897e-05
5.39529154e+00 -6.00609266e-05 7.55718375e-05
5.43555491e+00 -6.00609268e-05 7.58065321e-05
5.47581828e+00 -6.00609270e-05 7.60314551e-05
5.51608165e+00 -6.00609272e-05 7.62495290e-05
5.55634502e+00 -6.00609273e-05 7.64732671e-05
5.59660839e+00 -6.00609275e-05 7.67070380e-05
5.63687176e+00 -6.00609277e-05 7.69377919e-05
5.67713513e+00 -6.00609278e-05 7.71590435e-05
5.71739850e+00 -6.00609280e-05 7.73730283e-05
5.75766186e+00 -6.00609281e-05 7.75906463e-05
5.79792523e+00 -6.00609282e-05 7.78196419e-05
5.83818860e+00 -6.00609284e-05 7.80482935e-05
5.87845197e+00 -6.00609285e-05 7.82685770e-05
5.91871534e+00 -6.00609286e-05 7.84800955e-05
5.95897871e+00 -6.00609287e-05 7.86900813e-05
5.99924208e+00 -6.00609288e-05 7.89107084e-05
6.03950545e+00 -6.00609289e-05 7.91372968e-05
6.07976882e+00 -6.00609290e-05 7.93589943e-05
6.12003219e+00 -6.00609291e-05 7.95714724e-05
6.16029556e+00 -6.00609292e-05 7.97770682e-05
6.20055893e+00 -6.00609293e-05 7.99847684e-05
6.24082230e+00 -6.00609294e-05 8.02042302e-05
6.28108567e+00 -6.00609295e-05 8.04269055e-05
6.32134904e+00 -6.00609295e-05 8.06437712e-05
6.36161241e+00 -6.00609296e-05 8.08515965e-05
6.40187578e+00 -6.00609297e-05 8.10529565e-05
6.44213915e+00 -6.00609298e-05 8.12562140e-05
6.48240252e+00 -6.00609298e-05 8.14710574e-05
6.52266589e+00 -6.00609299e-05 8.16903680e-05
6.56292926e+00 -6.00609300e-05 8.19051085e-05
6.60319263e+00 -6.00609300e-05 8.21112687e-05
6.64345600e+00 -6.00609301e-05 8.23098826e-05
6.68371937e+00 -6.00609301e-05 8.25070172e-05
6.72398274e+00 -6.00609302e-05 8.27130473e-05
6.76424611e+00 -6.00609303e-05 8.29281630e-05
6.80450948e+00 -6.00609303e-05 8.31425304e-05
6.84477285e+00 -6.00609304e-05 8.33500811e-05
6.88503622e+00 -6.00609304e-05 8.35491133e-05
6.92529959e+00 -6.00609305e-05 8.37422945e-05
6.96556296e+00 -6.00609305e-05 8.39366436e-05
7.00582632e+00 -6.00609305e-05 8.41416237e-05
7.04608969e+00 -6.00609306e-05 8.43537187e-05
7.08635306e+00 -6.00609306e-05 8.45640956e-05
7.12661643e+00 -6.00609307e-05 8.47675997e-05
7.16687980e+00 -6.00609307e-05 8.49628508e-05
7.20714317e+00 -6.00609307e-05 8.51522446e-05
7.24740654e+00 -6.00609308e-05 8.53419362e-05
7.28766991e+00 -6.00609308e-05 8.55410486e-05
7.32793328e+00 -6.00609308e-05 8.57489678e-05
7.36819665e+00 -6.00609309e-05 8.59571076e-05
7.40846002e+00 -6.00609309e-05 8.61597706e-05
7.44872339e+00 -6.00609309e-05 8.63545102e-05
7.48898676e+00 -6.00609310e-05 8.65421354e-05
7.52925013e+00 -6.00609310e-05 8.67267016e-05
7.56951350e+00 -6.00609310e-05 8.69154920e-05
7.60977687e+00 -6.00609310e-05 8.71154562e-05
7.65004024e+00 -6.00609311e-05 8.73209057e-05
7.69030361e+00 -6.00609311e-05 8.75246357e-05
7.73056698e+00 -6.00609311e-05 8.77222308e-05
7.77083035e+00 -6.00609311e-05 8.79120714e-05
7.81109372e+00 -6.00609312e-05 8.80953351e-05
7.85135709e+00 -6.00609312e-05 8.82759868e-05
7.89162046e+00 -6.00609312e-05 8.84607622e-05
7.93188383e+00 -6.00609312e-05 8.86564497e-05
7.97214720e+00 -6.00609313e-05 8.88583302e-05
8.01241057e+00 -6.00609313e-05 8.90595072e-05
8.05267394e+00 -6.00609313e-05 8.92554728e-05
8.09293731e+00 -6.00609313e-05 8.94441136e-05
8.13320068e+00 -6.00609313e-05 8.96257145e-05
8.17346405e+00 -6.00609314e-05 8.98029515e-05
8.21372742e+00 -6.00609314e-05 8.99808790e-05
8.25399079e+00 -6.00609314e-05 9.01667623e-05
8.29425415e+00 -6.00609314e-05 9.03625958e-05
8.33451752e+00 -6.00609314e-05 9.05616507e-05
8.37478089e+00 -6.00609314e-05 9.07584101e-05
8.41504426e+00 -6.00609314e-05 9.09494007e-05
8.45530763e+00 -6.00609315e-05 9.11331968e-05
8.49557100e+00 -6.00609315e-05 9.13104206e-05
8.53583437e+00 -6.00609315e-05 9.14837359e-05
8.57609774e+00 -6.00609315e-05 9.16578352e-05
8.61636111e+00 -6.00609315e-05 9.18393636e-05
8.65662448e+00 -6.00609315e-05 9.20310043e-05
8.69688785e+00 -6.00609315e-05 9.22267477e-05
8.73715122e+00 -6.00609316e-05 9.24212542e-05
8.77741459e+00 -6.00609316e-05 9.26109245e-05
8.81767796e+00 -6.00609316e-05 9.27939029e-05
8.85794133e+00 -6.00609316e-05 9.29700786e-05
8.89820470e+00 -6.00609316e-05 9.31410820e-05
8.93846807e+00 -6.00609316e-05 9.33102756e-05
8.97873144e+00 -6.00609316e-05 9.34827437e-05
9.01899481e+00 -6.00609316e-05 9.36646195e-05
9.05925818e+00 -6.00609316e-05 9.38548388e-05
9.09952155e+00 -6.00609317e-05 9.40475719e-05
9.13978492e+00 -6.00609317e-05 9.42383357e-05
9.18004829e+00 -6.00609317e-05 9.44241257e-05
9.22031166e+00 -6.00609317e-05 9.46034181e-05
9.26057503e+00 -6.00609317e-05 9.47761705e-05
9.30083840e+00 -6.00609317e-05 9.49438184e-05
9.34110177e+00 -6.00609317e-05 9.51092676e-05
9.38136514e+00 -6.00609317e-05 9.52768851e-05
9.42162851e+00 -6.00609317e-05 9.54523851e-05
9.46189188e+00 -6.00609317e-05 9.56373616e-05
9.50215525e+00 -6.00609317e-05 9.58266363e-05
9.54241862e+00 -6.00609317e-05 9.60156491e-05
9.58268198e+00 -6.00609317e-05 9.62010915e-05
9.62294535e+00 -6.00609318e-05 9.63809072e-05
9.66320872e+00 -6.00609318e-05 9.65542939e-05
9.70347209e+00 -6.00609318e-05 9.67217019e-05
9.74373546e+00 -6.00609318e-05 9.68848301e-05
9.78399883e+00 -6.00609318e-05 9.70466182e-05
9.82426220e+00 -6.00609318e-05 9.72112400e-05
9.86452557e+00 -6.00609318e-05 9.73839502e-05
9.90478894e+00 -6.00609318e-05 9.75657501e-05
9.94505231e+00 -6.00609318e-05 9.77518455e-05
9.98531568e+00 -6.00609318e-05 9.79380598e-05
1.00255791e+01 -6.00609318e-05 9.81212729e-05
1.00658424e+01 -6.00609318e-05 9.82994207e-05
1.01061058e+01 -6.00609318e-05 9.84714966e-05
1.01463692e+01 -6.00609318e-05 9.86375510e-05
1.01866325e+01 -6.00609318e-05 9.87986884e-05
1.02268959e+01 -6.00609318e-05 9.89570622e-05
1.02671593e+01 -6.00609318e-05 9.91158680e-05
1.03074226e+01 -6.00609319e-05 9.92793388e-05
1.03476860e+01 -6.00609319e-05 9.94519708e-05
1.03879494e+01 -6.00609319e-05 9.96322025e-05
1.04282127e+01 -6.00609319e-05 9.98156050e-05
1.04684761e+01 -6.00609319e-05 9.99986039e-05
1.05087395e+01 -6.00609319e-05 1.00178513e-04
1.05490029e+01 -6.00609319e-05 1.00353532e-04
1.05892662e+01 -6.00609319e-05 1.00522753e-04
1.06295296e+01 -6.00609319e-05 1.00686153e-04
1.06697930e+01 -6.00609319e-05 1.00844598e-04
1.07100563e+01 -6.00609319e-05 1.00999833e-04
1.07503197e+01 -6.00609319e-05 1.01154481e-04
1.07905831e+01 -6.00609319e-05 1.01312038e-04
1.08308464e+01 -6.00609319e-05 1.01476832e-04
1.08711098e+01 -6.00609319e-05 1.01650632e-04
1.09113732e+01 -6.00609319e-05 1.01829702e-04
1.09516366e+01 -6.00609319e-05 1.02010382e-04
1.09918999e+01 -6.00609319e-05 1.02189752e-04
1.10321633e+01 -6.00609319e-05 1.02365639e-04
1.10724267e+01 -6.00609319e-05 1.02536614e-04
1.11126900e+01 -6.00609319e-05 1.02701990e-04
1.11529534e+01 -6.00609319e-05 1.02861826e-04
1.11932168e+01 -6.00609319e-05 1.03016922e-04
1.12334801e+01 -6.00609319e-05 1.03168815e-04
1.12737435e+01 -6.00609319e-05 1.03319776e-04
1.13140069e+01 -6.00609319e-05 1.03472807e-04
1.13542703e+01 -6.00609319e-05 1.03631635e-04
1.13945336e+01 -6.00609319e-05 1.03799407e-04
1.14347970e+01 -6.00609319e-05 1.03973767e-04
1.14750604e+01 -6.00609319e-05 1.04151165e-04
1.15153237e+01 -6.00609320e-05 1.04328671e-04
1.15555871e+01 -6.00609320e-05 1.04503979e-04
1.15958505e+01 -6.00609320e-05 1.04675400e-04
1.16361138e+01 -6.00609320e-05 1.04841871e-04
1.16763772e+01 -6.00609320e-05 1.05002944e-04
1.17166406e+01 -6.00609320e-05 1.05158797e-04
1.17569039e+01 -6.00609320e-05 1.05310221e-04
1.17971673e+01 -6.00609320e-05 1.05458625e-04
1.18374307e+01 -6.00609320e-05 1.05606028e-04
1.18776941e+01 -6.00609320e-05 1.05755059e-04
1.19179574e+01 -6.00609320e-05 1.05908950e-04
1.19582208e+01 -6.00609320e-05 1.06071101e-04
1.19984842e+01 -6.00609320e-05 1.06240660e-04
1.20387475e+01 -6.00609320e-05 1.06414319e-04
1.20790109e+01 -6.00609320e-05 1.06589243e-04
1.21192743e+01 -6.00609320e-05 1.06763115e-04
1.21595376e+01 -6.00609320e-05 1.06934133e-04
1.21998010e+01 -6.00609320e-05 1.07101011e-04
1.22400644e+01 -6.00609320e-05 1.07262982e-04
1.22803278e+01 -6.00609320e-05 1.07419791e-04
1.23205911e+01 -6.00609320e-05 1.07571700e-04
1.23608545e+01 -6.00609320e-05 1.07719484e-04
1.24011179e+01 -6.00609320e-05 1.07864429e-04
1.24413812e+01 -6.00609320e-05 1.08008326e-04
1.24816446e+01 -6.00609320e-05 1.08153474e-04
1.25219080e+01 -6.00609320e-05 1.08302673e-04
1.25621713e+01 -6.00609320e-05 1.08459147e-04
1.26024347e+01 -6.00609320e-05 1.08623552e-04
1.26426981e+01 -6.00609320e-05 1.08793015e-04
1.26829615e+01 -6.00609320e-05 1.08964829e-04
1.27232248e+01 -6.00609320e-05 1.09136715e-04
1.27634882e+01 -6.00609320e-05 1.09306823e-04
1.28037516e+01 -6.00609320e-05 1.09473727e-04
1.28440149e+01 -6.00609320e-05 1.09636433e-04
1.28842783e+01 -6.00609320e-05 1.09794371e-04
1.29245417e+01 -6.00609320e-05 1.09947400e-04
1.29648050e+01 -6.00609320e-05 1.10095802e-04
1.30050684e+01 -6.00609320e-05 1.10240286e-04
1.30453318e+01 -6.00609320e-05 1.10381983e-04
1.30855951e+01 -6.00609320e-05 1.10522442e-04
1.31258585e+01 -6.00609320e-05 1.10663633e-04
1.31661219e+01 -6.00609320e-05 1.10807937e-04
1.32063853e+01 -6.00609320e-05 1.10958154e-04
1.32466486e+01 -6.00609320e-05 1.11116396e-04
1.32869120e+01 -6.00609320e-05 1.11280796e-04
1.33271754e+01 -6.00609320e-05 1.11448765e-04
1.33674387e+01 -6.00609320e-05 1.11618068e-04
1.34077021e+01 -6.00609320e-05 1.11786823e-04
1.34479655e+01 -6.00609320e-05 1.11953501e-04
1.34882288e+01 -6.00609320e-05 1.12116926e-04
1.35284922e+01 -6.00609320e-05 1.12276273e-04
1.35687556e+01 -6.00609320e-05 1.12431070e-04
1.36090190e+01 -6.00609320e-05 1.12581196e-04
1.36492823e+01 -6.00609320e-05 1.12726884e-04
1.36895457e+01 -6.00609320e-05 1.12868713e-04
1.37298091e+01 -6.00609320e-05 1.13007612e-04
1.37700724e+01 -6.00609320e-05 1.13144856e-04
1.38103358e+01 -6.00609320e-05 1.13282064e-04
1.38505992e+01 -6.00609320e-05 1.13421198e-04
1.38908625e+01 -6.00609320e-05 1.13564562e-04
1.39311259e+01 -6.00609320e-05 1.13714745e-04
1.39713893e+01 -6.00609320e-05 1.13872323e-04
1.40116526e+01 -6.00609320e-05 1.14035017e-04
1.40519160e+01 -6.00609320e-05 1.14200617e-04
1.40921794e+01 -6.00609320e-05 1.14367206e-04
1.41324428e+01 -6.00609320e-05 1.14533158e-04
1.41727061e+01 -6.00609320e-05 1.14697133e-04
1.42129695e+01 -6.00609320e-05 1.14858084e-04
1.42532329e+01 -6.00609320e-05 1.15015251e-04
1.42934962e+01 -6.00609320e-05 1.15168163e-04
1.43337596e+01 -6.00609320e-05 1.15316640e-04
1.43740230e+01 -6.00609320e-05 1.15460788e-04
1.44142863e+01 -6.00609320e-05 1.15601002e-04
1.44545497e+01 -6.00609320e-05 1.15737963e-04
1.44948131e+01 -6.00609320e-05 1.15872636e-04
1.45350765e+01 -6.00609320e-05 1.16006270e-04
1.45753398e+01 -6.00609320e-05 1.16140393e-04
1.46156032e+01 -6.00609320e-05 1.16276818e-04
1.46558666e+01 -6.00609320e-05 1.16417635e-04
1.46961299e+01 -6.00609320e-05 1.16565143e-04
1.47363933e+01 -6.00609320e-05 1.16719685e-04
1.47766567e+01 -6.00609321e-05 1.16879205e-04
1.48169200e+01 -6.00609321e-05 1.17041734e-04
1.48571834e+01 -6.00609321e-05 1.17205543e-04
1.48974468e+01 -6.00609321e-05 1.17369140e-04
1.49377102e+01 -6.00609321e-05 1.17531267e-04
1.49779735e+01 -6.00609321e-05 1.17690906e-04
1.50182369e+01 -6.00609321e-05 1.17847274e-04
1.50585003e+01 -6.00609321e-05 1.17999824e-04
1.50987636e+01 -6.00609321e-05 1.18148247e-04
1.51390270e+01 -6.00609321e-05 1.18292467e-04
1.51792904e+01 -6.00609321e-05 1.18432646e-04
1.52195537e+01 -6.00609321e-05 1.18569180e-04
1.52598171e+01 -6.00609321e-05 1.18702697e-04
1.53000805e+01 -6.00609321e-05 1.18834059e-04
1.53403438e+01 -6.00609321e-05 1.18964358e-04
1.53806072e+01 -6.00609321e-05 1.19094916e-04
1.54208706e+01 -6.00609321e-05 1.19227286e-04
1.54611340e+01 -6.00609321e-05 1.19363247e-04
1.55013973e+01 -6.00609321e-05 1.19504806e-04
1.55416607e+01 -6.00609321e-05 1.19653411e-04
1.55819241e+01 -6.00609321e-05 1.19807734e-04
1.56221874e+01 -6.00609321e-05 1.19965935e-04
1.56624508e+01 -6.00609321e-05 1.20126371e-04
1.57027142e+01 -6.00609321e-05 1.20287589e-04
1.57429775e+01 -6.00609321e-05 1.20448333e-04
1.57832409e+01 -6.00609321e-05 1.20607538e-04
1.58235043e+01 -6.00609321e-05 1.20764331e-04
1.58637677e+01 -6.00609321e-05 1.20918031e-04
1.59040310e+01 -6.00609321e-05 1.21068150e-04
1.59442944e+01 -6.00609321e-05 1.21214394e-04
1.59845578e+01 -6.00609321e-05 1.21356659e-04
1.60248211e+01 -6.00609321e-05 1.21495031e-04
1.60650845e+01 -6.00609321e-05 1.21629791e-04
1.61053479e+01 -6.00609321e-05 1.21761406e-04
1.61456112e+01 -6.00609321e-05 1.21890535e-04
1.61858746e+01 -6.00609321e-05 1.22018024e-04
1.62261380e+01 -6.00609321e-05 1.22144906e-04
1.62664014e+01 -6.00609321e-05 1.22272403e-04
1.63066647e+01 -6.00609321e-05 1.22401918e-04
1.63469281e+01 -6.00609321e-05 1.22535045e-04
1.63871915e+01 -6.00609321e-05 1.22673559e-04
1.64274548e+01 -6.00609321e-05 1.22818788e-04
1.64677182e+01 -6.00609321e-05 1.22969615e-04
1.65079816e+01 -6.00609321e-05 1.23124405e-04
1.65482449e+01 -6.00609321e-05 1.23281684e-04
1.65885083e+01 -6.00609321e-05 1.23440134e-04
1.66287717e+01 -6.00609321e-05 1.23598592e-04
1.66690350e+01 -6.00609321e-05 1.23756053e-04
1.67092984e+01 -6.00609321e-05 1.23911668e-04
1.67495618e+01 -6.00609321e-05 1.24064743e-04
1.67898252e+01 -6.00609321e-05 1.24214739e-04
1.68300885e+01 -6.00609321e-05 1.24361275e-04
1.68703519e+01 -6.00609321e-05 1.24504123e-04
1.69106153e+01 -6.00609321e-05 1.24643213e-04
1.69508786e+01 -6.00609321e-05 1.24778627e-04
1.69911420e+01 -6.00609321e-05 1.24910605e-04
1.70314054e+01 -6.00609321e-05 1.25039537e-04
1.70716687e+01 -6.00609321e-05 1.25165969e-04
1.71119321e+01 -6.00609321e-05 1.25290598e-04
1.71521955e+01 -6.00609321e-05 1.25414273e-04
1.71924589e+01 -6.00609321e-05 1.25537994e-04
1.72327222e+01 -6.00609321e-05 1.25662912e-04
1.72729856e+01 -6.00609321e-05 1.25790327e-04
1.73132490e+01 -6.00609321e-05 1.25921689e-04
1.73535123e+01 -6.00609321e-05 1.26058594e-04
1.73937757e+01 -6.00609321e-05 1.26201849e-04
1.74340391e+01 -6.00609321e-05 1.26350219e-04
1.74743024e+01 -6.00609321e-05 1.26502289e-04
1.75145658e+01 -6.00609321e-05 1.26656770e-04
1.75548292e+01 -6.00609321e-05 1.26812503e-04
1.75950926e+01 -6.00609321e-05 1.26968451e-04
1.76353559e+01 -6.00609321e-05 1.27123707e-04
1.76756193e+01 -6.00609321e-05 1.27277487e-04
1.77158827e+01 -6.00609321e-05 1.27429133e-04
1.77561460e+01 -6.00609321e-05 1.27578114e-04
1.77964094e+01 -6.00609321e-05 1.27724023e-04
1.78366728e+01 -6.00609321e-05 1.27866579e-04
1.78769361e+01 -6.00609321e-05 1.28005626e-04
1.79171995e+01 -6.00609321e-05 1.28141134e-04
1.79574629e+01 -6.00609321e-05 1.28273196e-04
1.79977262e+01 -6.00609321e-05 1.28402030e-04
1.80379896e+01 -6.00609321e-05 1.28527979e-04
1.80782530e+01 -6.00609321e-05 1.28651508e-04
1.81185164e+01 -6.00609321e-05 1.28773203e-04
1.81587797e+01 -6.00609321e-05 1.28893777e-04
1.81990431e+01 -6.00609321e-05 1.29014060e-04
1.82393065e+01 -6.00609321e-05 1.29135004e-04
1.82795698e+01 -6.00609321e-05 1.29257684e-04
1.83198332e+01 -6.00609321e-05 1.29383294e-04
1.83600966e+01 -6.00609321e-05 1.29513146e-04
1.84003599e+01 -6.00609321e-05 1.29648639e-04
1.84406233e+01 -6.00609321e-05 1.29790005e-04
1.84808867e+01 -6.00609321e-05 1.29936015e-04
1.85211501e+01 -6.00609321e-05 1.30085450e-04
1.85614134e+01 -6.00609321e-05 1.30237192e-04
1.86016768e+01 -6.00609321e-05 1.30390225e-04
1.86419402e+01 -6.00609321e-05 1.30543633e-04
1.86822035e+01 -6.00609321e-05 1.30696603e-04
1.87224669e+01 -6.00609321e-05 1.30848422e-04
1.87627303e+01 -6.00609321e-05 1.30998477e-04
1.88029936e+01 -6.00609321e-05 1.31146257e-04
1.88432570e+01 -6.00609321e-05 1.31291350e-04
1.88835204e+01 -6.00609321e-05 1.31433447e-04
1.89237838e+01 -6.00609321e-05 1.31572336e-04
1.89640471e+01 -6.00609321e-05 1.31707909e-04
1.90043105e+01 -6.00609321e-05 1.31840156e-04
1.90445739e+01 -6.00609321e-05 1.31969166e-04
1.90848372e+01 -6.00609321e-05 1.32095131e-04
1.91251006e+01 -6.00609321e-05 1.32218337e-04
1.91653640e+01 -6.00609321e-05 1.32339175e-04
1.92056273e+01 -6.00609321e-05 1.32458128e-04
1.92458907e+01 -6.00609321e-05 1.32575782e-04
1.92861541e+01 -6.00609321e-05 1.32692816e-04
1.93264174e+01 -6.00609321e-05 1.32810011e-04
1.93666808e+01 -6.00609321e-05 1.32928240e-04
1.94069442e+01 -6.00609321e-05 1.33048475e-04
1.94472076e+01 -6.00609321e-05 1.33171783e-04
1.94874709e+01 -6.00609321e-05 1.33299329e-04
1.95277343e+01 -6.00609321e-05 1.33432320e-04
1.95679977e+01 -6.00609321e-05 1.33570828e-04
1.96082610e+01 -6.00609321e-05 1.33713762e-04
1.96485244e+01 -6.00609321e-05 1.33860058e-04
1.96887878e+01 -6.00609321e-05 1.34008733e-04
1.97290511e+01 -6.00609321e-05 1.34158886e-04
1.97693145e+01 -6.00609321e-05 1.34309697e-04
1.98095779e+01 -6.00609321e-05 1.34460425e-04
1.98498413e+01 -6.00609321e-05 1.34610411e-04
1.98901046e+01 -6.00609321e-05 1.34759076e-04
1.99303680e+01 -6.00609321e-05 1.34905921e-04
1.99706314e+01 -6.00609321e-05 1.35050529e-04
2.00108947e+01 -6.00609321e-05 1.35192560e-04
2.00511581e+01 -6.00609321e-05 1.35331757e-04
2.00914215e+01 -6.00609321e-05 1.35467942e-04
2.01316848e+01 -6.00609321e-05 1.35601017e-04
2.01719482e+01 -6.00609321e-05 1.35730964e-04
2.02122116e+01 -6.00609321e-05 1.35857843e-04
2.02524750e+01 -6.00609321e-05 1.35981796e-04
2.02927383e+01 -6.00609321e-05 1.36103042e-04
2.03330017e+01 -6.00609321e-05 1.36221880e-04
2.03732651e+01 -6.00609321e-05 1.36338687e-04
2.04135284e+01 -6.00609321e-05 1.36453917e-04
2.04537918e+01 -6.00609321e-05 1.36568104e-04
2.04940552e+01 -6.00609321e-05 1.36681858e-04
2.05343185e+01 -6.00609321e-05 1.36795866e-04
2.05745819e+01 -6.00609321e-05 1.36910893e-04
2.06148453e+01 -6.00609321e-05 1.37027779e-04
2.06551086e+01 -6.00609321e-05 1.37147442e-04
2.06953720e+01 -6.00609321e-05 1.37270876e-04
2.07356354e+01 -6.00609321e-05 1.37399149e-04
2.07758988e+01 -6.00609321e-05 1.37532825e-04
2.08161621e+01 -6.00609321e-05 1.37671103e-04
2.08564255e+01 -6.00609321e-05 1.37813031e-04
2.08966889e+01 -6.00609321e-05 1.37957723e-04
2.09369522e+01 -6.00609321e-05 1.38104360e-04
2.09772156e+01 -6.00609321e-05 1.38252183e-04
2.10174790e+01 -6.00609321e-05 1.38400499e-04
2.10577423e+01 -6.00609321e-05 1.38548681e-04
2.10980057e+01 -6.00609321e-05 1.38696162e-04
2.11382691e+01 -6.00609321e-05 1.38842442e-04
2.11785325e+01 -6.00609321e-05 1.38987082e-04
2.12187958e+01 -6.00609321e-05 1.39129710e-04
2.12590592e+01 -6.00609321e-05 1.39270015e-04
2.12993226e+01 -6.00609321e-05 1.39407749e-04
2.13395859e+01 -6.00609321e-05 1.39542730e-04
2.13798493e+01 -6.00609321e-05 1.39674838e-04
2.14201127e+01 -6.00609321e-05 1.39804017e-04
2.14603760e+01 -6.00609321e-05 1.39930272e-04
2.15006394e+01 -6.00609321e-05 1.40053673e-04
2.15409028e+01 -6.00609321e-05 1.40174353e-04
2.15811662e+01 -6.00609321e-05 1.40292507e-04
2.16214295e+01 -6.00609321e-05 1.40408393e-04
2.16616929e+01 -6.00609321e-05 1.40522328e-04
2.17019563e+01 -6.00609321e-05 1.40634696e-04
2.17422196e+01 -6.00609321e-05 1.40745938e-04
2.17824830e+01 -6.00609321e-05 1.40856560e-04
2.18227464e+01 -6.00609321e-05 1.40967126e-04
2.18630097e+01 -6.00609321e-05 1.41078262e-04
2.19032731e+01 -6.00609321e-05 1.41190657e-04
2.19435365e+01 -6.00609321e-05 1.41305056e-04
2.19837998e+01 -6.00609321e-05 1.41422269e-04
2.20240632e+01 -6.00609321e-05 1.41543164e-04
2.20643266e+01 -6.00609321e-05 1.41668668e-04
2.21045900e+01 -6.00609321e-05 1.41799262e-04
2.21448533e+01 -6.00609321e-05 1.41934252e-04
2.21851167e+01 -6.00609321e-05 1.42072814e-04
2.22253801e+01 -6.00609321e-05 1.42214173e-04
2.22656434e+01 -6.00609321e-05 1.42357608e-04
2.23059068e+01 -6.00609321e-05 1.42502448e-04
2.23461702e+01 -6.00609321e-05 1.42648072e-04
2.23864335e+01 -6.00609321e-05 1.42793910e-04
2.24266969e+01 -6.00609321e-05 1.42939442e-04
2.24669603e+01 -6.00609321e-05 1.43084198e-04
2.25072237e+01 -6.00609321e-05 1.43227760e-04
2.25474870e+01 -6.00609321e-05 1.43369759e-04
2.25877504e+01 -6.00609321e-05 1.43509874e-04
2.26280138e+01 -6.00609321e-05 1.43647839e-04
2.26682771e+01 -6.00609321e-05 1.43783435e-04
2.27085405e+01 -6.00609321e-05 1.43916492e-04
2.27488039e+01 -6.00609321e-05 1.44046893e-04
2.27890672e+01 -6.00609321e-05 1.44174568e-04
2.28293306e+01 -6.00609321e-05 1.44299499e-04
2.28695940e+01 -6.00609321e-05 1.44421717e-04
2.29098573e+01 -6.00609321e-05 1.44541302e-04
2.29501207e+01 -6.00609321e-05 1.44658383e-04
2.29903841e+01 -6.00609321e-05 1.44773141e-04
2.30306475e+01 -6.00609321e-05 1.44885802e-04
2.30709108e+01 -6.00609321e-05 1.44996645e-04
2.31111742e+01 -6.00609321e-05 1.45105993e-04
2.31514376e+01 -6.00609321e-05 1.45214223e-04
2.31917009e+01 -6.00609321e-05 1.45321755e-04
2.32319643e+01 -6.00609321e-05 1.45429061e-04
2.32722277e+01 -6.00609321e-05 1.45536659e-04
2.33124910e+01 -6.00609321e-05 1.45645115e-04
2.33527544e+01 -6.00609321e-05 1.45755042e-04
2.33930178e+01 -6.00609321e-05 1.45867104e-04
2.34332812e+01 -6.00609321e-05 1.45982008e-04
2.34735445e+01 -6.00609321e-05 1.46100511e-04
2.35138079e+01 -6.00609321e-05 1.46223415e-04
2.35540713e+01 -6.00609321e-05 1.46351095e-04
2.35943346e+01 -6.00609321e-05 1.46482936e-04
2.36345980e+01 -6.00609321e-05 1.46618227e-04
2.36748614e+01 -6.00609321e-05 1.46756298e-04
2.37151247e+01 -6.00609321e-05 1.46896520e-04
2.37553881e+01 -6.00609321e-05 1.47038302e-04
2.37956515e+01 -6.00609321e-05 1.47181095e-04
2.38359149e+01 -6.00609321e-05 1.47324387e-04
2.38761782e+01 -6.00609321e-05 1.47467708e-04
2.39164416e+01 -6.00609321e-05 1.47610626e-04
2.39567050e+01 -6.00609321e-05 1.47752749e-04
2.39969683e+01 -6.00609321e-05 1.47893724e-04
2.40372317e+01 -6.00609321e-05 1.48033238e-04
2.40774951e+01 -6.00609321e-05 1.48171017e-04
2.41177584e+01 -6.00609321e-05 1.48306826e-04
2.41580218e+01 -6.00609321e-05 1.48440469e-04
2.41982852e+01 -6.00609321e-05 1.48571791e-04
2.42385485e+01 -6.00609321e-05 1.48700674e-04
2.42788119e+01 -6.00609321e-05 1.48827040e-04
2.43190753e+01 -6.00609321e-05 1.48950849e-04
2.43593387e+01 -6.00609321e-05 1.49072103e-04
2.43996020e+01 -6.00609321e-05 1.49190839e-04
2.44398654e+01 -6.00609321e-05 1.49307135e-04
2.44801288e+01 -6.00609321e-05 1.49421107e-04
2.45203921e+01 -6.00609321e-05 1.49532911e-04
2.45606555e+01 -6.00609321e-05 1.49642738e-04
2.46009189e+01 -6.00609321e-05 1.49750821e-04
2.46411822e+01 -6.00609321e-05 1.49857429e-04
2.46814456e+01 -6.00609321e-05 1.49962868e-04
2.47217090e+01 -6.00609321e-05 1.50067485e-04
2.47619724e+01 -6.00609321e-05 1.50171662e-04
2.48022357e+01 -6.00609321e-05 1.50275819e-04
2.48424991e+01 -6.00609321e-05 1.50380414e-04
2.48827625e+01 -6.00609321e-05 1.50485943e-04
2.49230258e+01 -6.00609321e-05 1.50592937e-04
2.49632892e+01 -6.00609321e-05 1.50701966e-04
2.50035526e+01 -6.00609321e-05 1.50813636e-04
2.50438159e+01 -6.00609321e-05 1.50928592e-04
2.50840793e+01 -6.00609321e-05 1.51047515e-04
2.51243427e+01 -6.00609321e-05 1.51170931e-04
2.51646061e+01 -6.00609321e-05 1.51298471e-04
2.52048694e+01 -6.00609321e-05 1.51429516e-04
2.52451328e+01 -6.00609321e-05 1.51563480e-04
2.52853962e+01 -6.00609321e-05 1.51699804e-04
2.53256595e+01 -6.00609321e-05 1.51837966e-04
2.53659229e+01 -6.00609321e-05 1.51977470e-04
2.54061863e+01 -6.00609321e-05 1.52117855e-04
2.54464496e+01 -6.00609321e-05 1.52258687e-04
2.54867130e+01 -6.00609321e-05 1.52399566e-04
2.55269764e+01 -6.00609321e-05 1.52540122e-04
2.55672397e+01 -6.00609321e-05 1.52680014e-04
2.56075031e+01 -6.00609321e-05 1.52818934e-04
2.56477665e+01 -6.00609321e-05 1.52956603e-04
2.56880299e+01 -6.00609321e-05 1.53092774e-04
2.57282932e+01 -6.00609321e-05 1.53227228e-04
2.57685566e+01 -6.00609321e-05 1.53359781e-04
2.58088200e+01 -6.00609321e-05 1.53490275e-04
2.58490833e+01 -6.00609321e-05 1.53618585e-04
2.58893467e+01 -6.00609321e-05 1.53744616e-04
2.59296101e+01 -6.00609321e-05 1.53868303e-04
2.59698734e+01 -6.00609321e-05 1.53989611e-04
2.60101368e+01 -6.00609321e-05 1.54108538e-04
2.60504002e+01 -6.00609321e-05 1.54225109e-04
2.60906636e+01 -6.00609321e-05 1.54339380e-04
2.61309269e+01 -6.00609321e-05 1.54451438e-04
2.61711903e+01 -6.00609321e-05 1.54561399e-04
2.62114537e+01 -6.00609321e-05 1.54669410e-04
2.62517170e+01 -6.00609321e-05 1.54775647e-04
2.62919804e+01 -6.00609321e-05 1.54880315e-04
2.63322438e+01 -6.00609321e-05 1.54983650e-04
2.63725071e+01 -6.00609321e-05 1.55085917e-04
2.64127705e+01 -6.00609321e-05 1.55187409e-04
2.64530339e+01 -6.00609321e-05 1.55288452e-04
2.64932973e+01 -6.00609321e-05 1.55389396e-04
2.65335606e+01 -6.00609321e-05 1.55490624e-04
2.65738240e+01 -6.00609321e-05 1.55592546e-04
2.66140874e+01 -6.00609321e-05 1.55695603e-04
2.66543507e+01 -6.00609321e-05 1.55800262e-04
2.66946141e+01 -6.00609321e-05 1.55907021e-04
2.67348775e+01 -6.00609321e-05 1.56016406e-04
2.67751408e+01 -6.00609321e-05 1.56128972e-04
2.68154042e+01 -6.00609321e-05 1.56245303e-04
2.68556676e+01 -6.00609321e-05 1.56365837e-04
2.68959309e+01 -6.00609321e-05 1.56490244e-04
2.69361943e+01 -6.00609321e-05 1.56617997e-04
2.69764577e+01 -6.00609321e-05 1.56748593e-04
2.70167211e+01 -6.00609321e-05 1.56881552e-04
2.70569844e+01 -6.00609321e-05 1.57016419e-04
2.70972478e+01 -6.00609321e-05 1.57152763e-04
2.71375112e+01 -6.00609321e-05 1.57290178e-04
2.71777745e+01 -6.00609321e-05 1.57428280e-04
2.72180379e+01 -6.00609321e-05 1.57566711e-04
2.72583013e+01 -6.00609321e-05 1.57705135e-04
2.72985646e+01 -6.00609321e-05 1.57843240e-04
2.73388280e+01 -6.00609321e-05 1.57980740e-04
2.73790914e+01 -6.00609321e-05 1.58117371e-04
2.74193548e+01 -6.00609321e-05 1.58252891e-04
2.74596181e+01 -6.00609321e-05 1.58387085e-04
2.74998815e+01 -6.00609321e-05 1.58519760e-04
2.75401449e+01 -6.00609321e-05 1.58650746e-04
2.75804082e+01 -6.00609321e-05 1.58779898e-04
2.76206716e+01 -6.00609321e-05 1.58907094e-04
2.76609350e+01 -6.00609321e-05 1.59032235e-04
2.77011983e+01 -6.00609321e-05 1.59155247e-04
2.77414617e+01 -6.00609321e-05 1.59276078e-04
2.77817251e+01 -6.00609321e-05 1.59394701e-04
2.78219885e+01 -6.00609321e-05 1.59511110e-04
2.78622518e+01 -6.00609321e-05 1.59625325e-04
2.79025152e+01 -6.00609321e-05 1.59737388e-04
2.79427786e+01 -6.00609321e-05 1.59847364e-04
2.79830419e+01 -6.00609321e-05 1.59955342e-04
2.80233053e+01 -6.00609321e-05 1.60061433e-04
2.80635687e+01 -6.00609321e-05 1.60165773e-04
2.81038320e+01 -6.00609321e-05 1.60268519e-04
2.81440954e+01 -6.00609321e-05 1.60369852e-04
2.81843588e+01 -6.00609321e-05 1.60469975e-04
2.82246221e+01 -6.00609321e-05 1.60569115e-04
2.82648855e+01 -6.00609321e-05 1.60667520e-04
2.83051489e+01 -6.00609321e-05 1.60765461e-04
2.83454123e+01 -6.00609321e-05 1.60863233e-04
2.83856756e+01 -6.00609321e-05 1.60961151e-04
2.84259390e+01 -6.00609321e-05 1.61059556e-04
2.84662024e+01 -6.00609321e-05 1.61158807e-04
2.85064657e+01 -6.00609321e-05 1.61259288e-04
2.85467291e+01 -6.00609321e-05 1.61361404e-04
2.85869925e+01 -6.00609321e-05 1.61465584e-04
2.86272558e+01 -6.00609321e-05 1.61572277e-04
2.86675192e+01 -6.00609321e-05 1.61681956e-04
2.87077826e+01 -6.00609321e-05 1.61795116e-04
2.87480460e+01 -6.00609321e-05 1.61912176e-04
2.87883093e+01 -6.00609321e-05 1.62032934e-04
2.88285727e+01 -6.00609321e-05 1.62156940e-04
2.88688361e+01 -6.00609321e-05 1.62283762e-04
2.89090994e+01 -6.00609321e-05 1.62412985e-04
2.89493628e+01 -6.00609321e-05 1.62544216e-04
2.89896262e+01 -6.00609321e-05 1.62677079e-04
2.90298895e+01 -6.00609321e-05 1.62811215e-04
2.90701529e+01 -6.00609321e-05 1.62946286e-04
2.91104163e+01 -6.00609321e-05 1.63081970e-04
2.91506797e+01 -6.00609321e-05 1.63217966e-04
2.91909430e+01 -6.00609321e-05 1.63353989e-04
2.92312064e+01 -6.00609321e-05 1.63489774e-04
2.92714698e+01 -6.00609321e-05 1.63625072e-04
2.93117331e+01 -6.00609321e-05 1.63759656e-04
2.93519965e+01 -6.00609321e-05 1.63893312e-04
2.93922599e+01 -6.00609321e-05 1.64025850e-04
2.94325232e+01 -6.00609321e-05 1.64157093e-04
2.94727866e+01 -6.00609321e-05 1.64286886e-04
2.95130500e+01 -6.00609321e-05 1.64415089e-04
2.95533133e+01 -6.00609321e-05 1.64541584e-04
2.95935767e+01 -6.00609321e-05 1.64666266e-04
2.96338401e+01 -6.00609321e-05 1.64789054e-04
2.96741035e+01 -6.00609321e-05 1.64909880e-04
2.97143668e+01 -6.00609321e-05 1.65028697e-04
2.97546302e+01 -6.00609321e-05 1.65145475e-04
2.97948936e+01 -6.00609321e-05 1.65260201e-04
2.98351569e+01 -6.00609321e-05 1.65372883e-04
2.98754203e+01 -6.00609321e-05 1.65483544e-04
2.99156837e+01 -6.00609321e-05 1.65592225e-04
2.99559470e+01 -6.00609321e-05 1.65698986e-04
2.99962104e+01 -6.00609321e-05 1.65803905e-04
3.00364738e+01 -6.00609321e-05 1.65907077e-04
3.00767372e+01 -6.00609321e-05 1.66008615e-04
3.01170005e+01 -6.00609321e-05 1.66108648e-04
3.01572639e+01 -6.00609321e-05 1.66207326e-04
3.01975273e+01 -6.00609321e-05 1.66304813e-04
3.02377906e+01 -6.00609321e-05 1.66401292e-04
3.02780540e+01 -6.00609321e-05 1.66496964e-04
3.03183174e+01 -6.00609321e-05 1.66592046e-04
3.03585807e+01 -6.00609321e-05 1.66686773e-04
3.03988441e+01 -6.00609321e-05 1.66781397e-04
3.04391075e+01 -6.00609321e-05 1.66876188e-04
3.04793709e+01 -6.00609321e-05 1.66971431e-04
3.05196342e+01 -6.00609321e-05 1.67067431e-04
3.05598976e+01 -6.00609321e-05 1.67164508e-04
3.06001610e+01 -6.00609321e-05 1.67262999e-04
3.06404243e+01 -6.00609321e-05 1.67363260e-04
3.06806877e+01 -6.00609321e-05 1.67465661e-04
3.07209511e+01 -6.00609321e-05 1.67570591e-04
3.07612144e+01 -6.00609321e-05 1.67678457e-04
3.08014778e+01 -6.00609321e-05 1.67789681e-04
3.08417412e+01 -6.00609321e-05 1.67904548e-04
3.08820045e+01 -6.00609321e-05 1.68022794e-04
3.09222679e+01 -6.00609321e-05 1.68144041e-04
3.09625313e+01 -6.00609321e-05 1.68267926e-04
3.10027947e+01 -6.00609321e-05 1.68394100e-04
3.10430580e+01 -6.00609321e-05 1.68522227e-04
3.10833214e+01 -6.00609321e-05 1.68651988e-04
3.11235848e+01 -6.00609321e-05 1.68783074e-04
3.11638481e+01 -6.00609321e-05 1.68915194e-04
3.12041115e+01 -6.00609321e-05 1.69048069e-04
3.12443749e+01 -6.00609321e-05 1.69181435e-04
3.12846382e+01 -6.00609321e-05 1.69315041e-04
3.13249016e+01 -6.00609321e-05 1.69448651e-04
3.13651650e+01 -6.00609321e-05 1.69582042e-04
3.14054284e+01 -6.00609321e-05 1.69715007e-04
3.14456917e+01 -6.00609321e-05 1.69847349e-04
3.14859551e+01 -6.00609321e-05 1.69978889e-04
3.15262185e+01 -6.00609321e-05 1.70109459e-04
3.15664818e+01 -6.00609321e-05 1.70238906e-04
3.16067452e+01 -6.00609321e-05 1.70367092e-04
3.16470086e+01 -6.00609321e-05 1.70493890e-04
3.16872719e+01 -6.00609321e-05 1.70619190e-04
3.17275353e+01 -6.00609321e-05 1.70742894e-04
3.17677987e+01 -6.00609321e-05 1.70864918e-04
3.18080621e+01 -6.00609321e-05 1.70985192e-04
3.18483254e+01 -6.00609321e-05 1.71103659e-04
3.18885888e+01 -6.00609321e-05 1.71220277e-04
3.19288522e+01 -6.00609321e-05 1.71335018e-04
3.19691155e+01 -6.00609321e-05 1.71447865e-04
3.20093789e+01 -6.00609321e-05 1.71558818e-04
3.20496423e+01 -6.00609321e-05 1.71667890e-04
3.20899056e+01 -6.00609321e-05 1.71775105e-04
3.21301690e+01 -6.00609321e-05 1.71880503e-04
3.21704324e+01 -6.00609321e-05 1.71984138e-04
3.22106957e+01 -6.00609321e-05 1.72086075e-04
3.22509591e+01 -6.00609321e-05 1.72186396e-04
3.22912225e+01 -6.00609321e-05 1.72285192e-04
3.23314859e+01 -6.00609321e-05 1.72382572e-04
3.23717492e+01 -6.00609321e-05 1.72478655e-04
3.24120126e+01 -6.00609321e-05 1.72573575e-04
3.24522760e+01 -6.00609321e-05 1.72667479e-04
3.24925393e+01 -6.00609321e-05 1.72760526e-04
3.25328027e+01 -6.00609321e-05 1.72852891e-04
3.25730661e+01 -6.00609321e-05 1.72944760e-04
3.26133294e+01 -6.00609321e-05 1.73036332e-04
3.26535928e+01 -6.00609321e-05 1.73127820e-04
3.26938562e+01 -6.00609321e-05 1.73219449e-04
3.27341196e+01 -6.00609321e-05 1.73311460e-04
3.27743829e+01 -6.00609321e-05 1.73404102e-04
3.28146463e+01 -6.00609321e-05 1.73497641e-04
3.28549097e+01 -6.00609321e-05 1.73592355e-04
3.28951730e+01 -6.00609321e-05 1.73688534e-04
3.29354364e+01 -6.00609321e-05 1.73786482e-04
3.29756998e+01 -6.00609321e-05 1.73886515e-04
3.30159631e+01 -6.00609321e-05 1.73988963e-04
3.30562265e+01 -6.00609321e-05 1.74094168e-04
3.30964899e+01 -6.00609321e-05 1.74202485e-04
3.31367532e+01 -6.00609321e-05 1.74314177e-04
3.31770166e+01 -6.00609321e-05 1.74429044e-04
3.32172800e+01 -6.00609321e-05 1.74546770e-04
3.32575434e+01 -6.00609321e-05 1.74667045e-04
3.32978067e+01 -6.00609321e-05 1.74789574e-04
3.33380701e+01 -6.00609321e-05 1.74914070e-04
3.33783335e+01 -6.00609321e-05 1.75040260e-04
3.34185968e+01 -6.00609321e-05 1.75167878e-04
3.34588602e+01 -6.00609321e-05 1.75296671e-04
3.34991236e+01 -6.00609321e-05 1.75426397e-04
3.35393869e+01 -6.00609321e-05 1.75556822e-04
3.35796503e+01 -6.00609321e-05 1.75687726e-04
3.36199137e+01 -6.00609321e-05 1.75818898e-04
3.36601771e+01 -6.00609321e-05 1.75950136e-04
3.37004404e+01 -6.00609321e-05 1.76081252e-04
3.37407038e+01 -6.00609321e-05 1.76212066e-04
3.37809672e+01 -6.00609321e-05 1.76342410e-04
3.38212305e+01 -6.00609321e-05 1.76472125e-04
3.38614939e+01 -6.00609321e-05 1.76601063e-04
3.39017573e+01 -6.00609321e-05 1.76729087e-04
3.39420206e+01 -6.00609321e-05 1.76856071e-04
3.39822840e+01 -6.00609321e-05 1.76981898e-04
3.40225474e+01 -6.00609321e-05 1.77106463e-04
3.40628108e+01 -6.00609321e-05 1.77229671e-04
3.41030741e+01 -6.00609321e-05 1.77351436e-04
3.41433375e+01 -6.00609321e-05 1.77471684e-04
3.41836009e+01 -6.00609321e-05 1.77590352e-04
3.42238642e+01 -6.00609321e-05 1.77707386e-04
3.42641276e+01 -6.00609321e-05 1.77822742e-04
3.43043910e+01 -6.00609321e-05 1.77936388e-04
3.43446543e+01 -6.00609321e-05 1.78048302e-04
3.43849177e+01 -6.00609321e-05 1.78158472e-04
3.44251811e+01 -6.00609321e-05 1.78266897e-04
3.44654444e+01 -6.00609321e-05 1.78373584e-04
3.45057078e+01 -6.00609321e-05 1.78478553e-04
3.45459712e+01 -6.00609321e-05 1.78581833e-04
3.45862346e+01 -6.00609321e-05 1.78683464e-04
3.46264979e+01 -6.00609321e-05 1.78783495e-04
3.46667613e+01 -6.00609321e-05 1.78881987e-04
3.47070247e+01 -6.00609321e-05 1.78979009e-04
3.47472880e+01 -6.00609321e-05 1.79074643e-04
3.47875514e+01 -6.00609321e-05 1.79168978e-04
3.48278148e+01 -6.00609321e-05 1.79262114e-04
3.48680781e+01 -6.00609321e-05 1.79354163e-04
3.49083415e+01 -6.00609321e-05 1.79445245e-04
3.49486049e+01 -6.00609321e-05 1.79535490e-04
3.49888683e+01 -6.00609321e-05 1.79625040e-04
3.50291316e+01 -6.00609321e-05 1.79714044e-04
3.50693950e+01 -6.00609321e-05 1.79802664e-04
3.51096584e+01 -6.00609321e-05 1.79891069e-04
3.51499217e+01 -6.00609321e-05 1.79979440e-04
3.51901851e+01 -6.00609321e-05 1.80067966e-04
3.52304485e+01 -6.00609321e-05 1.80156848e-04
3.52707118e+01 -6.00609321e-05 1.80246295e-04
3.53109752e+01 -6.00609321e-05 1.80336527e-04
3.53512386e+01 -6.00609321e-05 1.80427773e-04
3.53915020e+01 -6.00609321e-05 1.80520272e-04
3.54317653e+01 -6.00609321e-05 1.80614272e-04
3.54720287e+01 -6.00609321e-05 1.80710033e-04
3.55122921e+01 -6.00609321e-05 1.80807822e-04
3.55525554e+01 -6.00609321e-05 1.80907917e-04
3.55928188e+01 -6.00609321e-05 1.81010606e-04
3.56330822e+01 -6.00609321e-05 1.81116186e-04
3.56733455e+01 -6.00609321e-05 1.81224883e-04
3.57136089e+01 -6.00609321e-05 1.81336537e-04
3.57538723e+01 -6.00609321e-05 1.81450883e-04
3.57941356e+01 -6.00609321e-05 1.81567663e-04
3.58343990e+01 -6.00609321e-05 1.81686628e-04
3.58746624e+01 -6.00609321e-05 1.81807534e-04
3.59149258e+01 -6.00609321e-05 1.81930149e-04
3.59551891e+01 -6.00609321e-05 1.82054248e-04
3.59954525e+01 -6.00609321e-05 1.82179613e-04
3.60357159e+01 -6.00609321e-05 1.82306036e-04
3.60759792e+01 -6.00609321e-05 1.82433313e-04
3.61162426e+01 -6.00609321e-05 1.82561254e-04
3.61565060e+01 -6.00609321e-05 1.82689672e-04
3.61967693e+01 -6.00609321e-05 1.82818389e-04
3.62370327e+01 -6.00609321e-05 1.82947238e-04
3.62772961e+01 -6.00609321e-05 1.83076055e-04
3.63175595e+01 -6.00609321e-05 1.83204688e-04
3.63578228e+01 -6.00609321e-05 1.83332992e-04
3.63980862e+01 -6.00609321e-05 1.83460828e-04
3.64383496e+01 -6.00609321e-05 1.83588067e-04
3.64786129e+01 -6.00609321e-05 1.83714587e-04
3.65188763e+01 -6.00609321e-05 1.83840274e-04
3.65591397e+01 -6.00609321e-05 1.83965023e-04
3.65994030e+01 -6.00609321e-05 1.84088733e-04
3.66396664e+01 -6.00609321e-05 1.84211317e-04
3.66799298e+01 -6.00609321e-05 1.84332690e-04
3.67201932e+01 -6.00609321e-05 1.84452779e-04
3.67604565e+01 -6.00609321e-05 1.84571516e-04
3.68007199e+01 -6.00609321e-05 1.84688843e-04
3.68409833e+01 -6.00609321e-05 1.84804708e-04
3.68812466e+01 -6.00609321e-05 1.84919068e-04
3.69215100e+01 -6.00609321e-05 1.85031888e-04
3.69617734e+01 -6.00609321e-05 1.85143140e-04
3.70020367e+01 -6.00609321e-05 1.85252804e-04
3.70423001e+01 -6.00609321e-05 1.85360868e-04
3.70825635e+01 -6.00609321e-05 1.85467328e-04
3.71228268e+01 -6.00609321e-05 1.85572186e-04
3.71630902e+01 -6.00609321e-05 1.85675454e-04
3.72033536e+01 -6.00609321e-05 1.85777151e-04
3.72436170e+01 -6.00609321e-05 1.85877304e-04
3.72838803e+01 -6.00609321e-05 1.85975945e-04
3.73241437e+01 -6.00609321e-05 1.86073118e-04
3.73644071e+01 -6.00609321e-05 1.86168871e-04
3.74046704e+01 -6.00609321e-05 1.86263263e-04
3.74449338e+01 -6.00609321e-05 1.86356356e-04
3.74851972e+01 -6.00609321e-05 1.86448225e-04
3.75254605e+01 -6.00609321e-05 1.86538948e-04
3.75657239e+01 -6.00609321e-05 1.86628613e-04
3.76059873e+01 -6.00609321e-05 1.86717316e-04
3.76462507e+01 -6.00609321e-05 1.86805158e-04
3.76865140e+01 -6.00609321e-05 1.86892249e-04
3.77267774e+01 -6.00609321e-05 1.86978707e-04
3.77670408e+01 -6.00609321e-05 1.87064656e-04
3.78073041e+01 -6.00609321e-05 1.87150230e-04
3.78475675e+01 -6.00609321e-05 1.87235567e-04
3.78878309e+01 -6.00609321e-05 1.87320814e-04
3.79280942e+01 -6.00609321e-05 1.87406127e-04
3.79683576e+01 -6.00609321e-05 1.87491666e-04
3.80086210e+01 -6.00609321e-05 1.87577601e-04
3.80488844e+01 -6.00609321e-05 1.87664109e-04
3.80891477e+01 -6.00609321e-05 1.87751372e-04
3.81294111e+01 -6.00609321e-05 1.87839583e-04
3.81696745e+01 -6.00609321e-05 1.87928939e-04
3.82099378e+01 -6.00609321e-05 1.88019647e-04
3.82502012e+01 -6.00609321e-05 1.88111918e-04
3.82904646e+01 -6.00609321e-05 1.88205974e-04
3.83307279e+01 -6.00609321e-05 1.88302041e-04
3.83709913e+01 -6.00609321e-05 1.88400355e-04
3.84112547e+01 -6.00609321e-05 1.88501157e-04
3.84515180e+01 -6.00609321e-05 1.88604697e-04
3.84917814e+01 -6.00609321e-05 1.88711105e-04
3.85320448e+01 -6.00609321e-05 1.88820201e-04
3.85723082e+01 -6.00609321e-05 1.88931768e-04
3.86125715e+01 -6.00609321e-05 1.89045591e-04
3.86528349e+01 -6.00609321e-05 1.89161462e-04
3.86930983e+01 -6.00609321e-05 1.89279180e-04
3.87333616e+01 -6.00609321e-05 1.89398551e-04
3.87736250e+01 -6.00609321e-05 1.89519385e-04
3.88138884e+01 -6.00609321e-05 1.89641498e-04
3.88541517e+01 -6.00609321e-05 1.89764714e-04
3.88944151e+01 -6.00609321e-05 1.89888861e-04
3.89346785e+01 -6.00609321e-05 1.90013774e-04
3.89749419e+01 -6.00609321e-05 1.90139295e-04
3.90152052e+01 -6.00609321e-05 1.90265268e-04
3.90554686e+01 -6.00609321e-05 1.90391548e-04
3.90957320e+01 -6.00609321e-05 1.90517993e-04
3.91359953e+01 -6.00609321e-05 1.90644467e-04
3.91762587e+01 -6.00609321e-05 1.90770840e-04
3.92165221e+01 -6.00609321e-05 1.90896990e-04
3.92567854e+01 -6.00609321e-05 1.91022797e-04
3.92970488e+01 -6.00609321e-05 1.91148151e-04
3.93373122e+01 -6.00609321e-05 1.91272945e-04
3.93775756e+01 -6.00609321e-05 1.91397078e-04
3.94178389e+01 -6.00609321e-05 1.91520457e-04
3.94581023e+01 -6.00609321e-05 1.91642994e-04
3.94983657e+01 -6.00609321e-05 1.91764605e-04
3.95386290e+01 -6.00609321e-05 1.91885213e-04
3.95788924e+01 -6.00609321e-05 1.92004749e-04
3.96191558e+01 -6.00609321e-05 1.92123147e-04
3.96594191e+01 -6.00609321e-05 1.92240347e-04
3.96996825e+01 -6.00609321e-05 1.92356297e-04
3.97399459e+01 -6.00609321e-05 1.92470948e-04
3.97802092e+01 -6.00609321e-05 1.92584260e-04
3.98204726e+01 -6.00609321e-05 1.92696196e-04
3.98607360e+01 -6.00609321e-05 1.92806727e-04
3.99009994e+01 -6.00609321e-05 1.92915827e-04
3.99412627e+01 -6.00609321e-05 1.93023478e-04
3.99815261e+01 -6.00609321e-05 1.93129669e-04
4.00217895e+01 -6.00609321e-05 1.93234391e-04
4.00620528e+01 -6.00609321e-05 1.93337643e-04
4.01023162e+01 -6.00609321e-05 1.93439431e-04
4.01425796e+01 -6.00609321e-05 1.93539764e-04
4.01828429e+01 -6.00609321e-05 1.93638659e-04
4.02231063e+01 -6.00609321e-05 1.93736137e-04
4.02633697e+01 -6.00609321e-05 1.93832225e-04
4.03036331e+01 -6.00609321e-05 1.93926958e-04
4.03438964e+01 -6.00609321e-05 1.94020373e-04
4.03841598e+01 -6.00609321e-05 1.94112516e-04
4.04244232e+01 -6.00609321e-05 1.94203436e-04
4.04646865e+01 -6.00609321e-05 1.94293189e-04
4.05049499e+01 -6.00609321e-05 1.94381837e-04
4.05452133e+01 -6.00609321e-05 1.94469447e-04
4.05854766e+01 -6.00609321e-05 1.94556091e-04
4.06257400e+01 -6.00609321e-05 1.94641848e-04
4.06660034e+01 -6.00609321e-05 1.94726802e-04
4.07062668e+01 -6.00609321e-05 1.94811042e-04
4.07465301e+01 -6.00609321e-05 1.94894662e-04
4.07867935e+01 -6.00609321e-05 1.94977764e-04
4.08270569e+01 -6.00609321e-05 1.95060453e-04
4.08673202e+01 -6.00609321e-05 1.95142841e-04
4.09075836e+01 -6.00609321e-05 1.95225045e-04
4.09478470e+01 -6.00609321e-05 1.95307187e-04
4.09881103e+01 -6.00609321e-05 1.95389395e-04
4.10283737e+01 -6.00609321e-05 1.95471802e-04
4.10686371e+01 -6.00609321e-05 1.95554548e-04
4.11089004e+01 -6.00609321e-05 1.95637776e-04
4.11491638e+01 -6.00609321e-05 1.95721637e-04
4.11894272e+01 -6.00609321e-05 1.95806284e-04
4.12296906e+01 -6.00609321e-05 1.95891880e-04
4.12699539e+01 -6.00609321e-05 1.95978589e-04
4.13102173e+01 -6.00609321e-05 1.96066583e-04
4.13504807e+01 -6.00609321e-05 1.96156039e-04
4.13907440e+01 -6.00609321e-05 1.96247138e-04
4.14310074e+01 -6.00609321e-05 1.96340069e-04
4.14712708e+01 -6.00609321e-05 1.96435024e-04
4.15115341e+01 -6.00609321e-05 1.96532201e-04
4.15517975e+01 -6.00609321e-05 1.96631805e-04
4.15920609e+01 -6.00609321e-05 1.96734022e-04
4.16323243e+01 -6.00609321e-05 1.96838809e-04
4.16725876e+01 -6.00609321e-05 1.96945986e-04
4.17128510e+01 -6.00609321e-05 1.97055373e-04
4.17531144e+01 -6.00609321e-05 1.97166795e-04
4.17933777e+01 -6.00609321e-05 1.97280083e-04
4.18336411e+01 -6.00609321e-05 1.97395072e-04
4.18739045e+01 -6.00609321e-05 1.97511600e-04
4.19141678e+01 -6.00609321e-05 1.97629510e-04
4.19544312e+01 -6.00609321e-05 1.97748652e-04
4.19946946e+01 -6.00609321e-05 1.97868877e-04
4.20349579e+01 -6.00609321e-05 1.97990042e-04
4.20752213e+01 -6.00609321e-05 1.98112009e-04
4.21154847e+01 -6.00609321e-05 1.98234643e-04
4.21557481e+01 -6.00609321e-05 1.98357814e-04
4.21960114e+01 -6.00609321e-05 1.98481397e-04
4.22362748e+01 -6.00609321e-05 1.98605270e-04
4.22765382e+01 -6.00609321e-05 1.98729318e-04
4.23168015e+01 -6.00609321e-05 1.98853427e-04
4.23570649e+01 -6.00609321e-05 1.98977489e-04
4.23973283e+01 -6.00609321e-05 1.99101402e-04
4.24375916e+01 -6.00609321e-05 1.99225065e-04
4.24778550e+01 -6.00609321e-05 1.99348383e-04
4.25181184e+01 -6.00609321e-05 1.99471267e-04
4.25583818e+01 -6.00609321e-05 1.99593629e-04
4.25986451e+01 -6.00609321e-05 1.99715388e-04
4.26389085e+01 -6.00609321e-05 1.99836467e-04
4.26791719e+01 -6.00609321e-05 1.99956791e-04
4.27194352e+01 -6.00609321e-05 2.00076292e-04
4.27596986e+01 -6.00609321e-05 2.00194906e-04
4.27999620e+01 -6.00609321e-05 2.00312571e-04
4.28402253e+01 -6.00609321e-05 2.00429233e-04
4.28804887e+01 -6.00609321e-05 2.00544838e-04
4.29207521e+01 -6.00609321e-05 2.00659341e-04
4.29610155e+01 -6.00609321e-05 2.00772698e-04
4.30012788e+01 -6.00609321e-05 2.00884870e-04
4.30415422e+01 -6.00609321e-05 2.00995822e-04
4.30818056e+01 -6.00609321e-05 2.01105525e-04
4.31220689e+01 -6.00609321e-05 2.01213952e-04
4.31623323e+01 -6.00609321e-05 2.01321082e-04
4.32025957e+01 -6.00609321e-05 2.01426897e-04
4.32428590e+01 -6.00609321e-05 2.01531385e-04
4.32831224e+01 -6.00609321e-05 2.01634536e-04
4.33233858e+01 -6.00609321e-05 2.01736345e-04
4.33636491e+01 -6.00609321e-05 2.01836814e-04
4.34039125e+01 -6.00609321e-05 2.01935944e-04
4.34441759e+01 -6.00609321e-05 2.02033746e-04
4.34844393e+01 -6.00609321e-05 2.02130230e-04
4.35247026e+01 -6.00609321e-05 2.02225413e-04
4.35649660e+01 -6.00609321e-05 2.02319316e-04
4.36052294e+01 -6.00609321e-05 2.02411964e-04
4.36454927e+01 -6.00609321e-05 2.02503387e-04
4.36857561e+01 -6.00609321e-05 2.02593617e-04
4.37260195e+01 -6.00609321e-05 2.02682692e-04
4.37662828e+01 -6.00609321e-05 2.02770653e-04
4.38065462e+01 -6.00609321e-05 2.02857548e-04
4.38468096e+01 -6.00609321e-05 2.02943424e-04
4.38870730e+01 -6.00609321e-05 2.03028337e-04
4.39273363e+01 -6.00609321e-05 2.03112344e-04
4.39675997e+01 -6.00609321e-05 2.03195509e-04
4.40078631e+01 -6.00609321e-05 2.03277897e-04
4.40481264e+01 -6.00609321e-05 2.03359579e-04
4.40883898e+01 -6.00609321e-05 2.03440630e-04
4.41286532e+01 -6.00609321e-05 2.03521128e-04
4.41689165e+01 -6.00609321e-05 2.03601155e-04
4.42091799e+01 -6.00609321e-05 2.03680800e-04
4.42494433e+01 -6.00609321e-05 2.03760152e-04
4.42897067e+01 -6.00609321e-05 2.03839307e-04
4.43299700e+01 -6.00609321e-05 2.03918363e-04
4.43702334e+01 -6.00609321e-05 2.03997424e-04
4.44104968e+01 -6.00609321e-05 2.04076596e-04
4.44507601e+01 -6.00609321e-05 2.04155990e-04
4.44910235e+01 -6.00609321e-05 2.04235722e-04
4.45312869e+01 -6.00609321e-05 2.04315910e-04
4.45715502e+01 -6.00609321e-05 2.04396677e-04
4.46118136e+01 -6.00609321e-05 2.04478150e-04
4.46520770e+01 -6.00609321e-05 2.04560460e-04
4.46923403e+01 -6.00609321e-05 2.04643741e-04
4.47326037e+01 -6.00609321e-05 2.04728134e-04
4.47728671e+01 -6.00609321e-05 2.04813779e-04
4.48131305e+01 -6.00609321e-05 2.04900825e-04
4.48533938e+01 -6.00609321e-05 2.04989422e-04
4.48936572e+01 -6.00609321e-05 2.05079725e-04
4.49339206e+01 -6.00609321e-05 2.05171891e-04
4.49741839e+01 -6.00609321e-05 2.05266085e-04
4.50144473e+01 -6.00609321e-05 2.05362472e-04
4.50547107e+01 -6.00609321e-05 2.05461218e-04
4.50949740e+01 -6.00609321e-05 2.05562353e-04
4.51352374e+01 -6.00609321e-05 2.05665736e-04
4.51755008e+01 -6.00609321e-05 2.05771218e-04
4.52157642e+01 -6.00609321e-05 2.05878655e-04
4.52560275e+01 -6.00609321e-05 2.05987905e-04
4.52962909e+01 -6.00609321e-05 2.06098831e-04
4.53365543e+01 -6.00609321e-05 2.06211299e-04
4.53768176e+01 -6.00609321e-05 2.06325176e-04
4.54170810e+01 -6.00609321e-05 2.06440335e-04
4.54573444e+01 -6.00609321e-05 2.06556651e-04
4.54976077e+01 -6.00609321e-05 2.06674003e-04
4.55378711e+01 -6.00609321e-05 2.06792272e-04
4.55781345e+01 -6.00609321e-05 2.06911342e-04
4.56183979e+01 -6.00609321e-05 2.07031103e-04
4.56586612e+01 -6.00609321e-05 2.07151446e-04
4.56989246e+01 -6.00609321e-05 2.07272265e-04
4.57391880e+01 -6.00609321e-05 2.07393458e-04
4.57794513e+01 -6.00609321e-05 2.07514927e-04
4.58197147e+01 -6.00609321e-05 2.07636574e-04
4.58599781e+01 -6.00609321e-05 2.07758309e-04
4.59002414e+01 -6.00609321e-05 2.07880041e-04
4.59405048e+01 -6.00609321e-05 2.08001685e-04
4.59807682e+01 -6.00609321e-05 2.08123157e-04
4.60210315e+01 -6.00609321e-05 2.08244377e-04
4.60612949e+01 -6.00609321e-05 2.08365269e-04
4.61015583e+01 -6.00609321e-05 2.08485760e-04
4.61418217e+01 -6.00609321e-05 2.08605779e-04
4.61820850e+01 -6.00609321e-05 2.08725259e-04
4.62223484e+01 -6.00609321e-05 2.08844136e-04
4.62626118e+01 -6.00609321e-05 2.08962350e-04
4.63028751e+01 -6.00609321e-05 2.09079842e-04
4.63431385e+01 -6.00609321e-05 2.09196558e-04
4.63834019e+01 -6.00609321e-05 2.09312448e-04
4.64236652e+01 -6.00609321e-05 2.09427462e-04
4.64639286e+01 -6.00609321e-05 2.09541556e-04
4.65041920e+01 -6.00609321e-05 2.09654688e-04
4.65444554e+01 -6.00609321e-05 2.09766820e-04
4.65847187e+01 -6.00609321e-05 2.09877915e-04
4.66249821e+01 -6.00609321e-05 2.09987941e-04
4.66652455e+01 -6.00609321e-05 2.10096870e-04
4.67055088e+01 -6.00609321e-05 2.10204674e-04
4.67457722e+01 -6.00609321e-05 2.10311331e-04
4.67860356e+01 -6.00609321e-05 2.10416821e-04
4.68262989e+01 -6.00609321e-05 2.10521127e-04
4.68665623e+01 -6.00609321e-05 2.10624236e-04
4.69068257e+01 -6.00609321e-05 2.10726136e-04
4.69470891e+01 -6.00609321e-05 2.10826821e-04
4.69873524e+01 -6.00609321e-05 2.10926286e-04
4.70276158e+01 -6.00609321e-05 2.11024530e-04
4.70678792e+01 -6.00609321e-05 2.11121555e-04
4.71081425e+01 -6.00609321e-05 2.11217366e-04
4.71484059e+01 -6.00609321e-05 2.11311970e-04
4.71886693e+01 -6.00609321e-05 2.11405379e-04
4.72289326e+01 -6.00609321e-05 2.11497607e-04
4.72691960e+01 -6.00609321e-05 2.11588672e-04
4.73094594e+01 -6.00609321e-05 2.11678593e-04
4.73497227e+01 -6.00609321e-05 2.11767394e-04
4.73899861e+01 -6.00609321e-05 2.11855101e-04
4.74302495e+01 -6.00609321e-05 2.11941745e-04
4.74705129e+01 -6.00609321e-05 2.12027356e-04
4.75107762e+01 -6.00609321e-05 2.12111972e-04
4.75510396e+01 -6.00609321e-05 2.12195630e-04
4.75913030e+01 -6.00609321e-05 2.12278372e-04
4.76315663e+01 -6.00609321e-05 2.12360243e-04
4.76718297e+01 -6.00609321e-05 2.12441290e-04
4.77120931e+01 -6.00609321e-05 2.12521564e-04
4.77523564e+01 -6.00609321e-05 2.12601118e-04
4.77926198e+01 -6.00609321e-05 2.12680009e-04
4.78328832e+01 -6.00609321e-05 2.12758297e-04
4.78731466e+01 -6.00609321e-05 2.12836044e-04
4.79134099e+01 -6.00609321e-05 2.12913315e-04
4.79536733e+01 -6.00609321e-05 2.12990179e-04
4.79939367e+01 -6.00609321e-05 2.13066708e-04
4.80342000e+01 -6.00609321e-05 2.13142976e-04
4.80744634e+01 -6.00609321e-05 2.13219059e-04
4.81147268e+01 -6.00609321e-05 2.13295039e-04
4.81549901e+01 -6.00609321e-05 2.13370998e-04
4.81952535e+01 -6.00609321e-05 2.13447022e-04
4.82355169e+01 -6.00609321e-05 2.13523201e-04
4.82757803e+01 -6.00609321e-05 2.13599627e-04
4.83160436e+01 -6.00609321e-05 2.13676393e-04
4.83563070e+01 -6.00609321e-05 2.13753599e-04
4.83965704e+01 -6.00609321e-05 2.13831344e-04
4.84368337e+01 -6.00609321e-05 2.13909732e-04
4.84770971e+01 -6.00609321e-05 2.13988869e-04
4.85173605e+01 -6.00609321e-05 2.14068865e-04
4.85576238e+01 -6.00609321e-05 2.14149832e-04
4.85978872e+01 -6.00609321e-05 2.14231885e-04
4.86381506e+01 -6.00609321e-05 2.14315141e-04
4.86784139e+01 -6.00609321e-05 2.14399723e-04
4.87186773e+01 -6.00609321e-05 2.14485753e-04
4.87589407e+01 -6.00609321e-05 2.14573358e-04
4.87992041e+01 -6.00609321e-05 2.14662668e-04
4.88394674e+01 -6.00609321e-05 2.14753814e-04
4.88797308e+01 -6.00609321e-05 2.14846933e-04
4.89199942e+01 -6.00609321e-05 2.14942162e-04
4.89602575e+01 -6.00609321e-05 2.15039586e-04
4.90005209e+01 -6.00609321e-05 2.15139114e-04
4.90407843e+01 -6.00609321e-05 2.15240626e-04
4.90810476e+01 -6.00609321e-05 2.15344003e-04
4.91213110e+01 -6.00609321e-05 2.15449128e-04
4.91615744e+01 -6.00609321e-05 2.15555887e-04
4.92018378e+01 -6.00609321e-05 2.15664168e-04
4.92421011e+01 -6.00609321e-05 2.15773863e-04
4.92823645e+01 -6.00609321e-05 2.15884863e-04
4.93226279e+01 -6.00609321e-05 2.15997065e-04
4.93628912e+01 -6.00609321e-05 2.16110366e-04
4.94031546e+01 -6.00609321e-05 2.16224667e-04
4.94434180e+01 -6.00609321e-05 2.16339870e-04
4.94836813e+01 -6.00609321e-05 2.16455880e-04
4.95239447e+01 -6.00609321e-05 2.16572605e-04
4.95642081e+01 -6.00609321e-05 2.16689953e-04
4.96044715e+01 -6.00609321e-05 2.16807838e-04
4.96447348e+01 -6.00609321e-05 2.16926172e-04
4.96849982e+01 -6.00609321e-05 2.17044873e-04
4.97252616e+01 -6.00609321e-05 2.17163859e-04
4.97655249e+01 -6.00609321e-05 2.17283053e-04
4.98057883e+01 -6.00609321e-05 2.17402377e-04
4.98460517e+01 -6.00609321e-05 2.17521757e-04
4.98863150e+01 -6.00609321e-05 2.17641121e-04
4.99265784e+01 -6.00609321e-05 2.17760400e-04
4.99668418e+01 -6.00609321e-05 2.17879527e-04
5.00071051e+01 -6.00609321e-05 2.17998437e-04
5.00473685e+01 -6.00609321e-05 2.18117067e-04
5.00876319e+01 -6.00609321e-05 2.18235357e-04
5.01278953e+01 -6.00609321e-05 2.18353249e-04
5.01681586e+01 -6.00609321e-05 2.18470687e-04
5.02084220e+01 -6.00609321e-05 2.18587618e-04
5.02486854e+01 -6.00609321e-05 2.18703991e-04
5.02889487e+01 -6.00609321e-05 2.18819756e-04
5.03292121e+01 -6.00609321e-05 2.18934868e-04
5.03694755e+01 -6.00609321e-05 2.19049282e-04
5.04097388e+01 -6.00609321e-05 2.19162956e-04
5.04500022e+01 -6.00609321e-05 2.19275850e-04
5.04902656e+01 -6.00609321e-05 2.19387927e-04
5.05305290e+01 -6.00609321e-05 2.19499152e-04
5.05707923e+01 -6.00609321e-05 2.19609492e-04
5.06110557e+01 -6.00609321e-05 2.19718917e-04
5.06513191e+01 -6.00609321e-05 2.19827397e-04
5.06915824e+01 -6.00609321e-05 2.19934908e-04
5.07318458e+01 -6.00609321e-05 2.20041425e-04
5.07721092e+01 -6.00609321e-05 2.20146927e-04
5.08123725e+01 -6.00609321e-05 2.20251394e-04
5.08526359e+01 -6.00609321e-05 2.20354810e-04
5.08928993e+01 -6.00609321e-05 2.20457159e-04
5.09331626e+01 -6.00609321e-05 2.20558431e-04
5.09734260e+01 -6.00609321e-05 2.20658613e-04
5.10136894e+01 -6.00609321e-05 2.20757698e-04
5.10539528e+01 -6.00609321e-05 2.20855681e-04
5.10942161e+01 -6.00609321e-05 2.20952558e-04
5.11344795e+01 -6.00609321e-05 2.21048328e-04
5.11747429e+01 -6.00609321e-05 2.21142991e-04
5.12150062e+01 -6.00609321e-05 2.21236551e-04
5.12552696e+01 -6.00609321e-05 2.21329014e-04
5.12955330e+01 -6.00609321e-05 2.21420387e-04
5.13357963e+01 -6.00609321e-05 2.21510680e-04
5.13760597e+01 -6.00609321e-05 2.21599905e-04
5.14163231e+01 -6.00609321e-05 2.21688077e-04
5.14565865e+01 -6.00609321e-05 2.21775212e-04
5.14968498e+01 -6.00609321e-05 2.21861329e-04
5.15371132e+01 -6.00609321e-05 2.21946448e-04
5.15773766e+01 -6.00609321e-05 2.22030593e-04
5.16176399e+01 -6.00609321e-05 2.22113790e-04
5.16579033e+01 -6.00609321e-05 2.22196066e-04
5.16981667e+01 -6.00609321e-05 2.22277450e-04
5.17384300e+01 -6.00609321e-05 2.22357975e-04
5.17786934e+01 -6.00609321e-05 2.22437674e-04
5.18189568e+01 -6.00609321e-05 2.22516584e-04
5.18592202e+01 -6.00609321e-05 2.22594744e-04
5.18994835e+01 -6.00609321e-05 2.22672194e-04
5.19397469e+01 -6.00609321e-05 2.22748976e-04
5.19800103e+01 -6.00609321e-05 2.22825136e-04
5.20202736e+01 -6.00609321e-05 2.22900720e-04
5.20605370e+01 -6.00609321e-05 2.22975779e-04
5.21008004e+01 -6.00609321e-05 2.23050363e-04
5.21410637e+01 -6.00609321e-05 2.23124525e-04
5.21813271e+01 -6.00609321e-05 2.23198322e-04
5.22215905e+01 -6.00609321e-05 2.23271811e-04
5.22618538e+01 -6.00609321e-05 2.23345052e-04
5.23021172e+01 -6.00609321e-05 2.23418108e-04
5.23423806e+01 -6.00609321e-05 2.23491041e-04
5.23826440e+01 -6.00609321e-05 2.23563918e-04
5.24229073e+01 -6.00609321e-05 2.23636809e-04
5.24631707e+01 -6.00609321e-05 2.23709782e-04
5.25034341e+01 -6.00609321e-05 2.23782911e-04
5.25436974e+01 -6.00609321e-05 2.23856271e-04
5.25839608e+01 -6.00609321e-05 2.23929937e-04
5.26242242e+01 -6.00609321e-05 2.24003990e-04
5.26644875e+01 -6.00609321e-05 2.24078509e-04
5.27047509e+01 -6.00609321e-05 2.24153579e-04
5.27450143e+01 -6.00609321e-05 2.24229283e-04
5.27852777e+01 -6.00609321e-05 2.24305709e-04
5.28255410e+01 -6.00609321e-05 2.24382947e-04
5.28658044e+01 -6.00609321e-05 2.24461087e-04
5.29060678e+01 -6.00609321e-05 2.24540224e-04
5.29463311e+01 -6.00609321e-05 2.24620452e-04
5.29865945e+01 -6.00609321e-05 2.24701869e-04
5.30268579e+01 -6.00609321e-05 2.24784575e-04
5.30671212e+01 -6.00609321e-05 2.24868672e-04
5.31073846e+01 -6.00609321e-05 2.24954263e-04
5.31476480e+01 -6.00609321e-05 2.25041455e-04
5.31879114e+01 -6.00609321e-05 2.25130354e-04
5.32281747e+01 -6.00609321e-05 2.25221072e-04
5.32684381e+01 -6.00609321e-05 2.25313720e-04
5.33087015e+01 -6.00609321e-05 2.25408359e-04
5.33489648e+01 -6.00609321e-05 2.25504911e-04
5.33892282e+01 -6.00609321e-05 2.25603278e-04
5.34294916e+01 -6.00609321e-05 2.25703365e-04
5.34697549e+01 -6.00609321e-05 2.25805075e-04
5.35100183e+01 -6.00609321e-05 2.25908318e-04
5.35502817e+01 -6.00609321e-05 2.26013002e-04
5.35905450e+01 -6.00609321e-05 2.26119036e-04
5.36308084e+01 -6.00609321e-05 2.26226335e-04
5.36710718e+01 -6.00609321e-05 2.26334811e-04
5.37113352e+01 -6.00609321e-05 2.26444382e-04
5.37515985e+01 -6.00609321e-05 2.26554963e-04
5.37918619e+01 -6.00609321e-05 2.26666475e-04
5.38321253e+01 -6.00609321e-05 2.26778839e-04
5.38723886e+01 -6.00609321e-05 2.26891976e-04
5.39126520e+01 -6.00609321e-05 2.27005812e-04
5.39529154e+01 -6.00609321e-05 2.27120272e-04
5.39931787e+01 -6.00609321e-05 2.27235283e-04
5.40334421e+01 -6.00609321e-05 2.27350776e-04
5.40737055e+01 -6.00609321e-05 2.27466682e-04
5.41139689e+01 -6.00609321e-05 2.27582932e-04
5.41542322e+01 -6.00609321e-05 2.27699461e-04
5.41944956e+01 -6.00609321e-05 2.27816205e-04
5.42347590e+01 -6.00609321e-05 2.27933102e-04
5.42750223e+01 -6.00609321e-05 2.28050092e-04
5.43152857e+01 -6.00609321e-05 2.28167114e-04
5.43555491e+01 -6.00609321e-05 2.28284112e-04
5.43958124e+01 -6.00609321e-05 2.28401030e-04
5.44360758e+01 -6.00609321e-05 2.28517814e-04
5.44763392e+01 -6.00609321e-05 2.28634412e-04
5.45166026e+01 -6.00609321e-05 2.28750772e-04
5.45568659e+01 -6.00609321e-05 2.28866846e-04
5.45971293e+01 -6.00609321e-05 2.28982587e-04
5.46373927e+01 -6.00609321e-05 2.29097947e-04
5.46776560e+01 -6.00609321e-05 2.29212884e-04
5.47179194e+01 -6.00609321e-05 2.29327355e-04
5.47581828e+01 -6.00609321e-05 2.29441318e-04
5.47984461e+01 -6.00609321e-05 2.29554735e-04
5.48387095e+01 -6.00609321e-05 2.29667568e-04
5.48789729e+01 -6.00609321e-05 2.29779781e-04
5.49192362e+01 -6.00609321e-05 2.29891339e-04
5.49594996e+01 -6.00609321e-05 2.30002211e-04
5.49997630e+01 -6.00609321e-05 2.30112364e-04
5.50400264e+01 -6.00609321e-05 2.30221769e-04
5.50802897e+01 -6.00609321e-05 2.30330400e-04
5.51205531e+01 -6.00609321e-05 2.30438228e-04
5.51608165e+01 -6.00609321e-05 2.30545230e-04
5.52010798e+01 -6.00609321e-05 2.30651384e-04
5.52413432e+01 -6.00609321e-05 2.30756667e-04
5.52816066e+01 -6.00609321e-05 2.30861060e-04
5.53218699e+01 -6.00609321e-05 2.30964544e-04
5.53621333e+01 -6.00609321e-05 2.31067105e-04
5.54023967e+01 -6.00609321e-05 2.31168726e-04
5.54426601e+01 -6.00609321e-05 2.31269394e-04
5.54829234e+01 -6.00609321e-05 2.31369098e-04
5.55231868e+01 -6.00609321e-05 2.31467828e-04
5.55634502e+01 -6.00609321e-05 2.31565576e-04
5.56037135e+01 -6.00609321e-05 2.31662334e-04
5.56439769e+01 -6.00609321e-05 2.31758098e-04
5.56842403e+01 -6.00609321e-05 2.31852864e-04
5.57245036e+01 -6.00609321e-05 2.31946630e-04
5.57647670e+01 -6.00609321e-05 2.32039396e-04
5.58050304e+01 -6.00609321e-05 2.32131163e-04
5.58452938e+01 -6.00609321e-05 2.32221934e-04
5.58855571e+01 -6.00609321e-05 2.32311714e-04
5.59258205e+01 -6.00609321e-05 2.32400508e-04
5.59660839e+01 -6.00609321e-05 2.32488323e-04
5.60063472e+01 -6.00609321e-05 2.32575171e-04
5.60466106e+01 -6.00609321e-05 2.32661060e-04
5.60868740e+01 -6.00609321e-05 2.32746004e-04
5.61271373e+01 -6.00609321e-05 2.32830016e-04
5.61674007e+01 -6.00609321e-05 2.32913112e-04
5.62076641e+01 -6.00609321e-05 2.32995309e-04
5.62479274e+01 -6.00609321e-05 2.33076626e-04
5.62881908e+01 -6.00609321e-05 2.33157083e-04
5.63284542e+01 -6.00609321e-05 2.33236702e-04
5.63687176e+01 -6.00609321e-05 2.33315506e-04
5.64089809e+01 -6.00609321e-05 2.33393520e-04
5.64492443e+01 -6.00609321e-05 2.33470771e-04
5.64895077e+01 -6.00609321e-05 2.33547286e-04
5.65297710e+01 -6.00609321e-05 2.33623096e-04
5.65700344e+01 -6.00609321e-05 2.33698231e-04
5.66102978e+01 -6.00609321e-05 2.33772725e-04
5.66505611e+01 -6.00609321e-05 2.33846610e-04
5.66908245e+01 -6.00609321e-05 2.33919924e-04
5.67310879e+01 -6.00609321e-05 2.33992704e-04
5.67713513e+01 -6.00609321e-05 2.34064988e-04
5.68116146e+01 -6.00609321e-05 2.34136816e-04
5.68518780e+01 -6.00609321e-05 2.34208231e-04
5.68921414e+01 -6.00609321e-05 2.34279276e-04
5.69324047e+01 -6.00609321e-05 2.34349996e-04
5.69726681e+01 -6.00609321e-05 2.34420437e-04
5.70129315e+01 -6.00609321e-05 2.34490648e-04
5.70531948e+01 -6.00609321e-05 2.34560677e-04
5.70934582e+01 -6.00609321e-05 2.34630577e-04
5.71337216e+01 -6.00609321e-05 2.34700399e-04
5.71739850e+01 -6.00609321e-05 2.34770197e-04
5.72142483e+01 -6.00609321e-05 2.34840027e-04
5.72545117e+01 -6.00609321e-05 2.34909946e-04
5.72947751e+01 -6.00609321e-05 2.34980013e-04
5.73350384e+01 -6.00609321e-05 2.35050287e-04
5.73753018e+01 -6.00609321e-05 2.35120830e-04
5.74155652e+01 -6.00609321e-05 2.35191705e-04
5.74558285e+01 -6.00609321e-05 2.35262977e-04
5.74960919e+01 -6.00609321e-05 2.35334711e-04
5.75363553e+01 -6.00609321e-05 2.35406975e-04
5.75766186e+01 -6.00609321e-05 2.35479838e-04
5.76168820e+01 -6.00609321e-05 2.35553370e-04
5.76571454e+01 -6.00609321e-05 2.35627643e-04
5.76974088e+01 -6.00609321e-05 2.35702731e-04
5.77376721e+01 -6.00609321e-05 2.35778709e-04
5.77779355e+01 -6.00609321e-05 2.35855652e-04
5.78181989e+01 -6.00609321e-05 2.35933639e-04
5.78584622e+01 -6.00609321e-05 2.36012750e-04
5.78987256e+01 -6.00609321e-05 2.36093064e-04
5.79389890e+01 -6.00609321e-05 2.36174664e-04
5.79792523e+01 -6.00609321e-05 2.36257634e-04
5.80195157e+01 -6.00609321e-05 2.36342059e-04
5.80597791e+01 -6.00609321e-05 2.36428026e-04
5.81000425e+01 -6.00609321e-05 2.36515623e-04
5.81403058e+01 -6.00609321e-05 2.36604939e-04
5.81805692e+01 -6.00609321e-05 2.36696052e-04
5.82208326e+01 -6.00609321e-05 2.36788929e-04
5.82610959e+01 -6.00609321e-05 2.36883492e-04
5.83013593e+01 -6.00609321e-05 2.36979662e-04
5.83416227e+01 -6.00609321e-05 2.37077364e-04
5.83818860e+01 -6.00609321e-05 2.37176522e-04
5.84221494e+01 -6.00609321e-05 2.37277062e-04
5.84624128e+01 -6.00609321e-05 2.37378911e-04
5.85026762e+01 -6.00609321e-05 2.37481998e-04
5.85429395e+01 -6.00609321e-05 2.37586251e-04
5.85832029e+01 -6.00609321e-05 2.37691602e-04
5.86234663e+01 -6.00609321e-05 2.37797984e-04
5.86637296e+01 -6.00609321e-05 2.37905328e-04
5.87039930e+01 -6.00609321e-05 2.38013570e-04
5.87442564e+01 -6.00609321e-05 2.38122645e-04
5.87845197e+01 -6.00609321e-05 2.38232489e-04
5.88247831e+01 -6.00609321e-05 2.38343042e-04
5.88650465e+01 -6.00609321e-05 2.38454243e-04
5.89053098e+01 -6.00609321e-05 2.38566031e-04
5.89455732e+01 -6.00609321e-05 2.38678348e-04
5.89858366e+01 -6.00609321e-05 2.38791137e-04
5.90261000e+01 -6.00609321e-05 2.38904343e-04
5.90663633e+01 -6.00609321e-05 2.39017910e-04
5.91066267e+01 -6.00609321e-05 2.39131784e-04
5.91468901e+01 -6.00609321e-05 2.39245914e-04
5.91871534e+01 -6.00609321e-05 2.39360247e-04
5.92274168e+01 -6.00609321e-05 2.39474735e-04
5.92676802e+01 -6.00609321e-05 2.39589327e-04
5.93079435e+01 -6.00609321e-05 2.39703977e-04
5.93482069e+01 -6.00609321e-05 2.39818637e-04
5.93884703e+01 -6.00609321e-05 2.39933263e-04
5.94287337e+01 -6.00609321e-05 2.40047810e-04
5.94689970e+01 -6.00609321e-05 2.40162234e-04
5.95092604e+01 -6.00609321e-05 2.40276495e-04
5.95495238e+01 -6.00609321e-05 2.40390551e-04
5.95897871e+01 -6.00609321e-05 2.40504363e-04
5.96300505e+01 -6.00609321e-05 2.40617893e-04
5.96703139e+01 -6.00609321e-05 2.40731102e-04
5.97105772e+01 -6.00609321e-05 2.40843957e-04
5.97508406e+01 -6.00609321e-05 2.40956420e-04
5.97911040e+01 -6.00609321e-05 2.41068459e-04
5.98313673e+01 -6.00609321e-05 2.41180042e-04
5.98716307e+01 -6.00609321e-05 2.41291136e-04
5.99118941e+01 -6.00609321e-05 2.41401711e-04
5.99521575e+01 -6.00609321e-05 2.41511739e-04
5.99924208e+01 -6.00609321e-05 2.41621192e-04
6.00326842e+01 -6.00609321e-05 2.41730042e-04
6.00729476e+01 -6.00609321e-05 2.41838265e-04
6.01132109e+01 -6.00609321e-05 2.41945836e-04
6.01534743e+01 -6.00609321e-05 2.42052731e-04
6.01937377e+01 -6.00609321e-05 2.42158928e-04
6.02340010e+01 -6.00609321e-05 2.42264407e-04
6.02742644e+01 -6.00609321e-05 2.42369147e-04
6.03145278e+01 -6.00609321e-05 2.42473131e-04
6.03547912e+01 -6.00609321e-05 2.42576340e-04
6.03950545e+01 -6.00609321e-05 2.42678757e-04
6.04353179e+01 -6.00609321e-05 2.42780369e-04
6.04755813e+01 -6.00609321e-05 2.42881161e-04
6.05158446e+01 -6.00609321e-05 2.42981119e-04
6.05561080e+01 -6.00609321e-05 2.43080232e-04
6.05963714e+01 -6.00609321e-05 2.43178490e-04
6.06366347e+01 -6.00609321e-05 2.43275883e-04
6.06768981e+01 -6.00609321e-05 2.43372402e-04
6.07171615e+01 -6.00609321e-05 2.43468041e-04
6.07574249e+01 -6.00609321e-05 2.43562793e-04
6.07976882e+01 -6.00609321e-05 2.43656653e-04
6.08379516e+01 -6.00609321e-05 2.43749618e-04
6.08782150e+01 -6.00609321e-05 2.43841685e-04
6.09184783e+01 -6.00609321e-05 2.43932852e-04
6.09587417e+01 -6.00609321e-05 2.44023119e-04
6.09990051e+01 -6.00609321e-05 2.44112487e-04
6.10392684e+01 -6.00609321e-05 2.44200958e-04
6.10795318e+01 -6.00609321e-05 2.44288534e-04
6.11197952e+01 -6.00609321e-05 2.44375219e-04
6.11600585e+01 -6.00609321e-05 2.44461020e-04
6.12003219e+01 -6.00609321e-05 2.44545942e-04
6.12405853e+01 -6.00609321e-05 2.44629992e-04
6.12808487e+01 -6.00609321e-05 2.44713180e-04
6.13211120e+01 -6.00609321e-05 2.44795516e-04
6.13613754e+01 -6.00609321e-05 2.44877008e-04
6.14016388e+01 -6.00609321e-05 2.44957671e-04
6.14419021e+01 -6.00609321e-05 2.45037517e-04
6.14821655e+01 -6.00609321e-05 2.45116560e-04
6.15224289e+01 -6.00609321e-05 2.45194815e-04
6.15626922e+01 -6.00609321e-05 2.45272299e-04
6.16029556e+01 -6.00609321e-05 2.45349030e-04
6.16432190e+01 -6.00609321e-05 2.45425025e-04
6.16834824e+01 -6.00609321e-05 2.45500305e-04
6.17237457e+01 -6.00609321e-05 2.45574890e-04
6.17640091e+01 -6.00609321e-05 2.45648802e-04
6.18042725e+01 -6.00609321e-05 2.45722065e-04
6.18445358e+01 -6.00609321e-05 2.45794702e-04
6.18847992e+01 -6.00609321e-05 2.45866739e-04
6.19250626e+01 -6.00609321e-05 2.45938201e-04
6.19653259e+01 -6.00609321e-05 2.46009117e-04
6.20055893e+01 -6.00609321e-05 2.46079514e-04
6.20458527e+01 -6.00609321e-05 2.46149422e-04
6.20861161e+01 -6.00609321e-05 2.46218872e-04
6.21263794e+01 -6.00609321e-05 2.46287896e-04
6.21666428e+01 -6.00609321e-05 2.46356525e-04
6.22069062e+01 -6.00609321e-05 2.46424795e-04
6.22471695e+01 -6.00609321e-05 2.46492740e-04
6.22874329e+01 -6.00609321e-05 2.46560395e-04
6.23276963e+01 -6.00609321e-05 2.46627799e-04
6.23679596e+01 -6.00609321e-05 2.46694989e-04
6.24082230e+01 -6.00609321e-05 2.46762004e-04
6.24484864e+01 -6.00609321e-05 2.46828885e-04
6.24887497e+01 -6.00609321e-05 2.46895673e-04
6.25290131e+01 -6.00609321e-05 2.46962410e-04
6.25692765e+01 -6.00609321e-05 2.47029141e-04
6.26095399e+01 -6.00609321e-05 2.47095908e-04
6.26498032e+01 -6.00609321e-05 2.47162758e-04
6.26900666e+01 -6.00609321e-05 2.47229738e-04
6.27303300e+01 -6.00609321e-05 2.47296895e-04
6.27705933e+01 -6.00609321e-05 2.47364279e-04
6.28108567e+01 -6.00609321e-05 2.47431937e-04
6.28511201e+01 -6.00609321e-05 2.47499923e-04
6.28913834e+01 -6.00609321e-05 2.47568287e-04
6.29316468e+01 -6.00609321e-05 2.47637082e-04
6.29719102e+01 -6.00609321e-05 2.47706363e-04
6.30121736e+01 -6.00609321e-05 2.47776184e-04
6.30524369e+01 -6.00609321e-05 2.47846602e-04
6.30927003e+01 -6.00609321e-05 2.47917674e-04
6.31329637e+01 -6.00609321e-05 2.47989457e-04
6.31732270e+01 -6.00609321e-05 2.48062011e-04
6.32134904e+01 -6.00609321e-05 2.48135397e-04
6.32537538e+01 -6.00609321e-05 2.48209675e-04
6.32940171e+01 -6.00609321e-05 2.48284908e-04
6.33342805e+01 -6.00609321e-05 2.48361159e-04
6.33745439e+01 -6.00609321e-05 2.48438494e-04
6.34148073e+01 -6.00609321e-05 2.48516976e-04
6.34550706e+01 -6.00609321e-05 2.48596673e-04
6.34953340e+01 -6.00609321e-05 2.48677652e-04
6.35355974e+01 -6.00609321e-05 2.48759982e-04
6.35758607e+01 -6.00609321e-05 2.48843733e-04
6.36161241e+01 -6.00609321e-05 2.48928974e-04
6.36563875e+01 -6.00609321e-05 2.49015779e-04
6.36966508e+01 -6.00609321e-05 2.49104203e-04
6.37369142e+01 -6.00609321e-05 2.49194212e-04
6.37771776e+01 -6.00609321e-05 2.49285745e-04
6.38174409e+01 -6.00609321e-05 2.49378738e-04
6.38577043e+01 -6.00609321e-05 2.49473132e-04
6.38979677e+01 -6.00609321e-05 2.49568867e-04
6.39382311e+01 -6.00609321e-05 2.49665881e-04
6.39784944e+01 -6.00609321e-05 2.49764119e-04
6.40187578e+01 -6.00609321e-05 2.49863521e-04
6.40590212e+01 -6.00609321e-05 2.49964031e-04
6.40992845e+01 -6.00609321e-05 2.50065594e-04
6.41395479e+01 -6.00609321e-05 2.50168153e-04
6.41798113e+01 -6.00609321e-05 2.50271656e-04
6.42200746e+01 -6.00609321e-05 2.50376049e-04
6.42603380e+01 -6.00609321e-05 2.50481280e-04
6.43006014e+01 -6.00609321e-05 2.50587296e-04
6.43408648e+01 -6.00609321e-05 2.50694047e-04
6.43811281e+01 -6.00609321e-05 2.50801484e-04
6.44213915e+01 -6.00609321e-05 2.50909557e-04
6.44616549e+01 -6.00609321e-05 2.51018218e-04
6.45019182e+01 -6.00609321e-05 2.51127419e-04
6.45421816e+01 -6.00609321e-05 2.51237114e-04
6.45824450e+01 -6.00609321e-05 2.51347258e-04
6.46227083e+01 -6.00609321e-05 2.51457804e-04
6.46629717e+01 -6.00609321e-05 2.51568711e-04
6.47032351e+01 -6.00609321e-05 2.51679933e-04
6.47434985e+01 -6.00609321e-05 2.51791429e-04
6.47837618e+01 -6.00609321e-05 2.51903157e-04
6.48240252e+01 -6.00609321e-05 2.52015077e-04
6.48642886e+01 -6.00609321e-05 2.52127148e-04
6.49045519e+01 -6.00609321e-05 2.52239332e-04
6.49448153e+01 -6.00609321e-05 2.52351590e-04
6.49850787e+01 -6.00609321e-05 2.52463884e-04
6.50253420e+01 -6.00609321e-05 2.52576179e-04
6.50656054e+01 -6.00609321e-05 2.52688438e-04
6.51058688e+01 -6.00609321e-05 2.52800626e-04
6.51461321e+01 -6.00609321e-05 2.52912710e-04
6.51863955e+01 -6.00609321e-05 2.53024655e-04
6.52266589e+01 -6.00609321e-05 2.53136430e-04
6.52669223e+01 -6.00609321e-05 2.53248003e-04
6.53071856e+01 -6.00609321e-05 2.53359342e-04
6.53474490e+01 -6.00609321e-05 2.53470419e-04
6.53877124e+01 -6.00609321e-05 2.53581203e-04
6.54279757e+01 -6.00609321e-05 2.53691666e-04
6.54682391e+01 -6.00609321e-05 2.53801780e-04
6.55085025e+01 -6.00609321e-05 2.53911519e-04
6.55487658e+01 -6.00609321e-05 2.54020857e-04
6.55890292e+01 -6.00609321e-05 2.54129769e-04
6.56292926e+01 -6.00609321e-05 2.54238230e-04
6.56695560e+01 -6.00609321e-05 2.54346216e-04
6.57098193e+01 -6.00609321e-05 2.54453706e-04
6.57500827e+01 -6.00609321e-05 2.54560676e-04
6.57903461e+01 -6.00609321e-05 2.54667107e-04
6.58306094e+01 -6.00609321e-05 2.54772977e-04
6.58708728e+01 -6.00609321e-05 2.54878268e-04
6.59111362e+01 -6.00609321e-05 2.54982959e-04
6.59513995e+01 -6.00609321e-05 2.55087035e-04
6.59916629e+01 -6.00609321e-05 2.55190477e-04
6.60319263e+01 -6.00609321e-05 2.55293270e-04
6.60721897e+01 -6.00609321e-05 2.55395397e-04
6.61124530e+01 -6.00609321e-05 2.55496845e-04
6.61527164e+01 -6.00609321e-05 2.55597599e-04
6.61929798e+01 -6.00609321e-05 2.55697646e-04
6.62332431e+01 -6.00609321e-05 2.55796974e-04
6.62735065e+01 -6.00609321e-05 2.55895573e-04
6.63137699e+01 -6.00609321e-05 2.55993430e-04
6.63540332e+01 -6.00609321e-05 2.56090536e-04
6.63942966e+01 -6.00609321e-05 2.56186883e-04
6.64345600e+01 -6.00609321e-05 2.56282462e-04
6.64748233e+01 -6.00609321e-05 2.56377265e-04
6.65150867e+01 -6.00609321e-05 2.56471286e-04
6.65553501e+01 -6.00609321e-05 2.56564520e-04
6.65956135e+01 -6.00609321e-05 2.56656960e-04
6.66358768e+01 -6.00609321e-05 2.56748603e-04
6.66761402e+01 -6.00609321e-05 2.56839446e-04
6.67164036e+01 -6.00609321e-05 2.56929486e-04
6.67566669e+01 -6.00609321e-05 2.57018720e-04
6.67969303e+01 -6.00609321e-05 2.57107148e-04
6.68371937e+01 -6.00609321e-05 2.57194770e-04
6.68774570e+01 -6.00609321e-05 2.57281585e-04
6.69177204e+01 -6.00609321e-05 2.57367597e-04
6.69579838e+01 -6.00609321e-05 2.57452805e-04
6.69982472e+01 -6.00609321e-05 2.57537214e-04
6.70385105e+01 -6.00609321e-05 2.57620827e-04
6.70787739e+01 -6.00609321e-05 2.57703648e-04
6.71190373e+01 -6.00609321e-05 2.57785683e-04
6.71593006e+01 -6.00609321e-05 2.57866938e-04
6.71995640e+01 -6.00609321e-05 2.57947419e-04
6.72398274e+01 -6.00609321e-05 2.58027135e-04
6.72800907e+01 -6.00609321e-05 2.58106092e-04
6.73203541e+01 -6.00609321e-05 2.58184302e-04
6.73606175e+01 -6.00609321e-05 2.58261772e-04
6.74008809e+01 -6.00609321e-05 2.58338515e-04
6.74411442e+01 -6.00609321e-05 2.58414542e-04
6.74814076e+01 -6.00609321e-05 2.58489864e-04
6.75216710e+01 -6.00609321e-05 2.58564496e-04
6.75619343e+01 -6.00609321e-05 2.58638450e-04
6.76021977e+01 -6.00609321e-05 2.58711741e-04
6.76424611e+01 -6.00609321e-05 2.58784385e-04
6.76827244e+01 -6.00609321e-05 2.58856397e-04
6.77229878e+01 -6.00609321e-05 2.58927795e-04
6.77632512e+01 -6.00609321e-05 2.58998597e-04
6.78035145e+01 -6.00609321e-05 2.59068819e-04
6.78437779e+01 -6.00609321e-05 2.59138482e-04
6.78840413e+01 -6.00609321e-05 2.59207606e-04
6.79243047e+01 -6.00609321e-05 2.59276211e-04
6.79645680e+01 -6.00609321e-05 2.59344319e-04
6.80048314e+01 -6.00609321e-05 2.59411952e-04
6.80450948e+01 -6.00609321e-05 2.59479132e-04
6.80853581e+01 -6.00609321e-05 2.59545884e-04
6.81256215e+01 -6.00609321e-05 2.59612232e-04
6.81658849e+01 -6.00609321e-05 2.59678201e-04
6.82061482e+01 -6.00609321e-05 2.59743818e-04
6.82464116e+01 -6.00609321e-05 2.59809108e-04
6.82866750e+01 -6.00609321e-05 2.59874099e-04
6.83269384e+01 -6.00609321e-05 2.59938820e-04
6.83672017e+01 -6.00609321e-05 2.60003300e-04
6.84074651e+01 -6.00609321e-05 2.60067568e-04
6.84477285e+01 -6.00609321e-05 2.60131654e-04
6.84879918e+01 -6.00609321e-05 2.60195590e-04
6.85282552e+01 -6.00609321e-05 2.60259408e-04
6.85685186e+01 -6.00609321e-05 2.60323140e-04
6.86087819e+01 -6.00609321e-05 2.60386821e-04
6.86490453e+01 -6.00609321e-05 2.60450483e-04
6.86893087e+01 -6.00609321e-05 2.60514162e-04
6.87295720e+01 -6.00609321e-05 2.60577894e-04
6.87698354e+01 -6.00609321e-05 2.60641715e-04
6.88100988e+01 -6.00609321e-05 2.60705661e-04
6.88503622e+01 -6.00609321e-05 2.60769772e-04
6.88906255e+01 -6.00609321e-05 2.60834085e-04
6.89308889e+01 -6.00609321e-05 2.60898639e-04
6.89711523e+01 -6.00609321e-05 2.60963476e-04
6.90114156e+01 -6.00609321e-05 2.61028635e-04
6.90516790e+01 -6.00609321e-05 2.61094158e-04
6.90919424e+01 -6.00609321e-05 2.61160087e-04
6.91322057e+01 -6.00609321e-05 2.61226465e-04
6.91724691e+01 -6.00609321e-05 2.61293337e-04
6.92127325e+01 -6.00609321e-05 2.61360745e-04
6.92529959e+01 -6.00609321e-05 2.61428737e-04
6.92932592e+01 -6.00609321e-05 2.61497356e-04
6.93335226e+01 -6.00609321e-05 2.61566650e-04
6.93737860e+01 -6.00609321e-05 2.61636667e-04
6.94140493e+01 -6.00609321e-05 2.61707454e-04
6.94543127e+01 -6.00609321e-05 2.61779060e-04
6.94945761e+01 -6.00609321e-05 2.61851534e-04
6.95348394e+01 -6.00609321e-05 2.61924928e-04
6.95751028e+01 -6.00609321e-05 2.61999291e-04
6.96153662e+01 -6.00609321e-05 2.62074675e-04
6.96556296e+01 -6.00609321e-05 2.62151133e-04
6.96958929e+01 -6.00609321e-05 2.62228718e-04
6.97361563e+01 -6.00609321e-05 2.62307484e-04
6.97764197e+01 -6.00609321e-05 2.62387485e-04
6.98166830e+01 -6.00609321e-05 2.62468777e-04
6.98569464e+01 -6.00609321e-05 2.62551416e-04
6.98972098e+01 -6.00609321e-05 2.62635458e-04
6.99374731e+01 -6.00609321e-05 2.62720950e-04
6.99777365e+01 -6.00609321e-05 2.62807868e-04
7.00179999e+01 -6.00609321e-05 2.62896165e-04
7.00582632e+01 -6.00609321e-05 2.62985789e-04
7.00985266e+01 -6.00609321e-05 2.63076694e-04
7.01387900e+01 -6.00609321e-05 2.63168832e-04
7.01790534e+01 -6.00609321e-05 2.63262155e-04
7.02193167e+01 -6.00609321e-05 2.63356617e-04
7.02595801e+01 -6.00609321e-05 2.63452173e-04
7.02998435e+01 -6.00609321e-05 2.63548776e-04
7.03401068e+01 -6.00609321e-05 2.63646382e-04
7.03803702e+01 -6.00609321e-05 2.63744947e-04
7.04206336e+01 -6.00609321e-05 2.63844427e-04
7.04608969e+01 -6.00609321e-05 2.63944781e-04
7.05011603e+01 -6.00609321e-05 2.64045964e-04
7.05414237e+01 -6.00609321e-05 2.64147936e-04
7.05816871e+01 -6.00609321e-05 2.64250655e-04
7.06219504e+01 -6.00609321e-05 2.64354081e-04
7.06622138e+01 -6.00609321e-05 2.64458173e-04
7.07024772e+01 -6.00609321e-05 2.64562893e-04
7.07427405e+01 -6.00609321e-05 2.64668202e-04
7.07830039e+01 -6.00609321e-05 2.64774061e-04
7.08232673e+01 -6.00609321e-05 2.64880432e-04
7.08635306e+01 -6.00609321e-05 2.64987279e-04
7.09037940e+01 -6.00609321e-05 2.65094565e-04
7.09440574e+01 -6.00609321e-05 2.65202254e-04
7.09843208e+01 -6.00609321e-05 2.65310310e-04
7.10245841e+01 -6.00609321e-05 2.65418700e-04
7.10648475e+01 -6.00609321e-05 2.65527388e-04
7.11051109e+01 -6.00609321e-05 2.65636342e-04
7.11453742e+01 -6.00609321e-05 2.65745528e-04
7.11856376e+01 -6.00609321e-05 2.65854913e-04
7.12259010e+01 -6.00609321e-05 2.65964466e-04
7.12661643e+01 -6.00609321e-05 2.66074156e-04
7.13064277e+01 -6.00609321e-05 2.66183951e-04
7.13466911e+01 -6.00609321e-05 2.66293822e-04
7.13869544e+01 -6.00609321e-05 2.66403738e-04
7.14272178e+01 -6.00609321e-05 2.66513672e-04
7.14674812e+01 -6.00609321e-05 2.66623593e-04
7.15077446e+01 -6.00609321e-05 2.66733475e-04
7.15480079e+01 -6.00609321e-05 2.66843290e-04
7.15882713e+01 -6.00609321e-05 2.66953012e-04
7.16285347e+01 -6.00609321e-05 2.67062614e-04
7.16687980e+01 -6.00609321e-05 2.67172070e-04
7.17090614e+01 -6.00609321e-05 2.67281355e-04
7.17493248e+01 -6.00609321e-05 2.67390445e-04
7.17895881e+01 -6.00609321e-05 2.67499317e-04
7.18298515e+01 -6.00609321e-05 2.67607946e-04
7.18701149e+01 -6.00609321e-05 2.67716309e-04
7.19103783e+01 -6.00609321e-05 2.67824386e-04
7.19506416e+01 -6.00609321e-05 2.67932153e-04
7.19909050e+01 -6.00609321e-05 2.68039590e-04
7.20311684e+01 -6.00609321e-05 2.68146676e-04
7.20714317e+01 -6.00609321e-05 2.68253391e-04
7.21116951e+01 -6.00609321e-05 2.68359716e-04
7.21519585e+01 -6.00609321e-05 2.68465632e-04
7.21922218e+01 -6.00609321e-05 2.68571120e-04
7.22324852e+01 -6.00609321e-05 2.68676163e-04
7.22727486e+01 -6.00609321e-05 2.68780744e-04
7.23130120e+01 -6.00609321e-05 2.68884846e-04
7.23532753e+01 -6.00609321e-05 2.68988453e-04
7.23935387e+01 -6.00609321e-05 2.69091549e-04
7.24338021e+01 -6.00609321e-05 2.69194120e-04
7.24740654e+01 -6.00609321e-05 2.69296151e-04
7.25143288e+01 -6.00609321e-05 2.69397629e-04
7.25545922e+01 -6.00609321e-05 2.69498539e-04
7.25948555e+01 -6.00609321e-05 2.69598870e-04
7.26351189e+01 -6.00609321e-05 2.69698608e-04
7.26753823e+01 -6.00609321e-05 2.69797744e-04
7.27156456e+01 -6.00609321e-05 2.69896264e-04
7.27559090e+01 -6.00609321e-05 2.69994160e-04
7.27961724e+01 -6.00609321e-05 2.70091421e-04
7.28364358e+01 -6.00609321e-05 2.70188038e-04
7.28766991e+01 -6.00609321e-05 2.70284001e-04
7.29169625e+01 -6.00609321e-05 2.70379304e-04
7.29572259e+01 -6.00609321e-05 2.70473937e-04
7.29974892e+01 -6.00609321e-05 2.70567893e-04
7.30377526e+01 -6.00609321e-05 2.70661167e-04
7.30780160e+01 -6.00609321e-05 2.70753752e-04
7.31182793e+01 -6.00609321e-05 2.70845643e-04
7.31585427e+01 -6.00609321e-05 2.70936834e-04
7.31988061e+01 -6.00609321e-05 2.71027321e-04
7.32390695e+01 -6.00609321e-05 2.71117100e-04
7.32793328e+01 -6.00609321e-05 2.71206169e-04
7.33195962e+01 -6.00609321e-05 2.71294523e-04
7.33598596e+01 -6.00609321e-05 2.71382162e-04
7.34001229e+01 -6.00609321e-05 2.71469083e-04
7.34403863e+01 -6.00609321e-05 2.71555286e-04
7.34806497e+01 -6.00609321e-05 2.71640769e-04
7.35209130e+01 -6.00609321e-05 2.71725532e-04
7.35611764e+01 -6.00609321e-05 2.71809577e-04
7.36014398e+01 -6.00609321e-05 2.71892904e-04
7.36417032e+01 -6.00609321e-05 2.71975515e-04
7.36819665e+01 -6.00609321e-05 2.72057411e-04
7.37222299e+01 -6.00609321e-05 2.72138597e-04
7.37624933e+01 -6.00609321e-05 2.72219074e-04
7.38027566e+01 -6.00609321e-05 2.72298847e-04
7.38430200e+01 -6.00609321e-05 2.72377920e-04
7.38832834e+01 -6.00609321e-05 2.72456297e-04
7.39235467e+01 -6.00609321e-05 2.72533985e-04
7.39638101e+01 -6.00609321e-05 2.72610989e-04
7.40040735e+01 -6.00609321e-05 2.72687316e-04
7.40443368e+01 -6.00609321e-05 2.72762972e-04
7.40846002e+01 -6.00609321e-05 2.72837966e-04
7.41248636e+01 -6.00609321e-05 2.72912304e-04
7.41651270e+01 -6.00609321e-05 2.72985997e-04
7.42053903e+01 -6.00609321e-05 2.73059052e-04
7.42456537e+01 -6.00609321e-05 2.73131480e-04
7.42859171e+01 -6.00609321e-05 2.73203291e-04
7.43261804e+01 -6.00609321e-05 2.73274496e-04
7.43664438e+01 -6.00609321e-05 2.73345105e-04
7.44067072e+01 -6.00609321e-05 2.73415131e-04
7.44469705e+01 -6.00609321e-05 2.73484586e-04
7.44872339e+01 -6.00609321e-05 2.73553483e-04
7.45274973e+01 -6.00609321e-05 2.73621836e-04
7.45677607e+01 -6.00609321e-05 2.73689657e-04
7.46080240e+01 -6.00609321e-05 2.73756962e-04
7.46482874e+01 -6.00609321e-05 2.73823766e-04
7.46885508e+01 -6.00609321e-05 2.73890084e-04
7.47288141e+01 -6.00609321e-05 2.73955932e-04
7.47690775e+01 -6.00609321e-05 2.74021327e-04
7.48093409e+01 -6.00609321e-05 2.74086285e-04
7.48496042e+01 -6.00609321e-05 2.74150825e-04
7.48898676e+01 -6.00609321e-05 2.74214964e-04
7.49301310e+01 -6.00609321e-05 2.74278721e-04
7.49703944e+01 -6.00609321e-05 2.74342115e-04
7.50106577e+01 -6.00609321e-05 2.74405166e-04
7.50509211e+01 -6.00609321e-05 2.74467895e-04
7.50911845e+01 -6.00609321e-05 2.74530321e-04
7.51314478e+01 -6.00609321e-05 2.74592465e-04
7.51717112e+01 -6.00609321e-05 2.74654351e-04
7.52119746e+01 -6.00609321e-05 2.74716000e-04
7.52522379e+01 -6.00609321e-05 2.74777434e-04
7.52925013e+01 -6.00609321e-05 2.74838677e-04
7.53327647e+01 -6.00609321e-05 2.74899753e-04
7.53730280e+01 -6.00609321e-05 2.74960686e-04
7.54132914e+01 -6.00609321e-05 2.75021501e-04
7.54535548e+01 -6.00609321e-05 2.75082223e-04
7.54938182e+01 -6.00609321e-05 2.75142878e-04
7.55340815e+01 -6.00609321e-05 2.75203492e-04
7.55743449e+01 -6.00609321e-05 2.75264093e-04
7.56146083e+01 -6.00609321e-05 2.75324707e-04
7.56548716e+01 -6.00609321e-05 2.75385362e-04
7.56951350e+01 -6.00609321e-05 2.75446088e-04
7.57353984e+01 -6.00609321e-05 2.75506912e-04
7.57756617e+01 -6.00609321e-05 2.75567864e-04
7.58159251e+01 -6.00609321e-05 2.75628974e-04
7.58561885e+01 -6.00609321e-05 2.75690272e-04
7.58964519e+01 -6.00609321e-05 2.75751790e-04
7.59367152e+01 -6.00609321e-05 2.75813558e-04
7.59769786e+01 -6.00609321e-05 2.75875609e-04
7.60172420e+01 -6.00609321e-05 2.75937974e-04
7.60575053e+01 -6.00609321e-05 2.76000688e-04
7.60977687e+01 -6.00609321e-05 2.76063783e-04
7.61380321e+01 -6.00609321e-05 2.76127292e-04
7.61782954e+01 -6.00609321e-05 2.76191252e-04
7.62185588e+01 -6.00609321e-05 2.76255696e-04
7.62588222e+01 -6.00609321e-05 2.76320659e-04
7.62990856e+01 -6.00609321e-05 2.76386179e-04
7.63393489e+01 -6.00609321e-05 2.76452290e-04
7.63796123e+01 -6.00609321e-05 2.76519031e-04
7.64198757e+01 -6.00609321e-05 2.76586438e-04
7.64601390e+01 -6.00609321e-05 2.76654550e-04
7.65004024e+01 -6.00609321e-05 2.76723404e-04
7.65406658e+01 -6.00609321e-05 2.76793040e-04
7.65809291e+01 -6.00609321e-05 2.76863498e-04
7.66211925e+01 -6.00609321e-05 2.76934816e-04
7.66614559e+01 -6.00609321e-05 2.77007035e-04
7.67017192e+01 -6.00609321e-05 2.77080197e-04
7.67419826e+01 -6.00609321e-05 2.77154342e-04
7.67822460e+01 -6.00609321e-05 2.77229514e-04
7.68225094e+01 -6.00609321e-05 2.77305752e-04
7.68627727e+01 -6.00609321e-05 2.77383102e-04
7.69030361e+01 -6.00609321e-05 2.77461606e-04
7.69432995e+01 -6.00609321e-05 2.77541308e-04
7.69835628e+01 -6.00609321e-05 2.77622253e-04
7.70238262e+01 -6.00609321e-05 2.77704483e-04
7.70640896e+01 -6.00609321e-05 2.77787999e-04
7.71043529e+01 -6.00609321e-05 2.77872763e-04
7.71446163e+01 -6.00609321e-05 2.77958737e-04
7.71848797e+01 -6.00609321e-05 2.78045883e-04
7.72251431e+01 -6.00609321e-05 2.78134164e-04
7.72654064e+01 -6.00609321e-05 2.78223543e-04
7.73056698e+01 -6.00609321e-05 2.78313982e-04
7.73459332e+01 -6.00609321e-05 2.78405445e-04
7.73861965e+01 -6.00609321e-05 2.78497897e-04
7.74264599e+01 -6.00609321e-05 2.78591301e-04
7.74667233e+01 -6.00609321e-05 2.78685624e-04
7.75069866e+01 -6.00609321e-05 2.78780829e-04
7.75472500e+01 -6.00609321e-05 2.78876884e-04
7.75875134e+01 -6.00609321e-05 2.78973753e-04
7.76277767e+01 -6.00609321e-05 2.79071404e-04
7.76680401e+01 -6.00609321e-05 2.79169803e-04
7.77083035e+01 -6.00609321e-05 2.79268917e-04
7.77485669e+01 -6.00609321e-05 2.79368716e-04
7.77888302e+01 -6.00609321e-05 2.79469165e-04
7.78290936e+01 -6.00609321e-05 2.79570235e-04
7.78693570e+01 -6.00609321e-05 2.79671894e-04
7.79096203e+01 -6.00609321e-05 2.79774111e-04
7.79498837e+01 -6.00609321e-05 2.79876857e-04
7.79901471e+01 -6.00609321e-05 2.79980100e-04
7.80304104e+01 -6.00609321e-05 2.80083813e-04
7.80706738e+01 -6.00609321e-05 2.80187964e-04
7.81109372e+01 -6.00609321e-05 2.80292527e-04
7.81512006e+01 -6.00609321e-05 2.80397473e-04
7.81914639e+01 -6.00609321e-05 2.80502773e-04
7.82317273e+01 -6.00609321e-05 2.80608401e-04
7.82719907e+01 -6.00609321e-05 2.80714329e-04
7.83122540e+01 -6.00609321e-05 2.80820530e-04
7.83525174e+01 -6.00609321e-05 2.80926978e-04
7.83927808e+01 -6.00609321e-05 2.81033648e-04
7.84330441e+01 -6.00609321e-05 2.81140513e-04
7.84733075e+01 -6.00609321e-05 2.81247549e-04
7.85135709e+01 -6.00609321e-05 2.81354730e-04
7.85538343e+01 -6.00609321e-05 2.81462033e-04
7.85940976e+01 -6.00609321e-05 2.81569434e-04
7.86343610e+01 -6.00609321e-05 2.81676908e-04
7.86746244e+01 -6.00609321e-05 2.81784433e-04
7.87148877e+01 -6.00609321e-05 2.81891986e-04
7.87551511e+01 -6.00609321e-05 2.81999544e-04
7.87954145e+01 -6.00609321e-05 2.82107086e-04
7.88356778e+01 -6.00609321e-05 2.82214590e-04
7.88759412e+01 -6.00609321e-05 2.82322034e-04
7.89162046e+01 -6.00609321e-05 2.82429398e-04
7.89564679e+01 -6.00609321e-05 2.82536661e-04
7.89967313e+01 -6.00609321e-05 2.82643803e-04
7.90369947e+01 -6.00609321e-05 2.82750804e-04
7.90772581e+01 -6.00609321e-05 2.82857646e-04
7.91175214e+01 -6.00609321e-05 2.82964309e-04
7.91577848e+01 -6.00609321e-05 2.83070775e-04
7.91980482e+01 -6.00609321e-05 2.83177025e-04
7.92383115e+01 -6.00609321e-05 2.83283042e-04
7.92785749e+01 -6.00609321e-05 2.83388808e-04
7.93188383e+01 -6.00609321e-05 2.83494307e-04
7.93591016e+01 -6.00609321e-05 2.83599521e-04
7.93993650e+01 -6.00609321e-05 2.83704435e-04
7.94396284e+01 -6.00609321e-05 2.83809032e-04
7.94798918e+01 -6.00609321e-05 2.83913298e-04
7.95201551e+01 -6.00609321e-05 2.84017217e-04
7.95604185e+01 -6.00609321e-05 2.84120774e-04
7.96006819e+01 -6.00609321e-05 2.84223955e-04
7.96409452e+01 -6.00609321e-05 2.84326747e-04
7.96812086e+01 -6.00609321e-05 2.84429135e-04
7.97214720e+01 -6.00609321e-05 2.84531107e-04
7.97617353e+01 -6.00609321e-05 2.84632649e-04
7.98019987e+01 -6.00609321e-05 2.84733750e-04
7.98422621e+01 -6.00609321e-05 2.84834397e-04
7.98825255e+01 -6.00609321e-05 2.84934579e-04
7.99227888e+01 -6.00609321e-05 2.85034284e-04
7.99630522e+01 -6.00609321e-05 2.85133501e-04
8.00033156e+01 -6.00609321e-05 2.85232221e-04
