#	Time	Error_of_Energy	Error_of_Position
4.02633697e-02 1.98400495e-03 1.31776418e-03
8.05267394e-02 6.52163137e-03 2.35810709e-03
1.20790109e-01 1.10932873e-02 3.01471035e-03
1.61053479e-01 1.43361052e-02 3.35042071e-03
2.01316848e-01 1.61850983e-02 3.49397242e-03
2.41580218e-01 1.70680714e-02 3.56079372e-03
2.81843588e-01 1.73994703e-02 3.62560544e-03
3.22106957e-01 1.74520406e-02 3.72456816e-03
3.62370327e-01 1.73786850e-02 3.86731662e-03
4.02633697e-01 1.72578412e-02 4.04934266e-03
4.42897067e-01 1.71271184e-02 4.26092346e-03
4.83160436e-01 1.70031455e-02 4.49204028e-03
5.23423806e-01 1.68922309e-02 4.73437208e-03
5.63687176e-01 1.67958259e-02 4.98170217e-03
6.03950545e-01 1.67132448e-02 5.22967287e-03
6.44213915e-01 1.66429862e-02 5.47536754e-03
6.84477285e-01 1.65833516e-02 5.71691447e-03
7.24740654e-01 1.65327187e-02 5.95317353e-03
7.65004024e-01 1.64896456e-02 6.18350537e-03
8.05267394e-01 1.64528966e-02 6.40760777e-03
8.45530763e-01 1.64214337e-02 6.62540093e-03
8.85794133e-01 1.63943936e-02 6.83694993e-03
9.26057503e-01 1.63710625e-02 7.04241090e-03
9.66320872e-01 1.63508507e-02 7.24199622e-03
1.00658424e+00 1.63332713e-02 7.43594691e-03
1.04684761e+00 1.63179217e-02 7.62452280e-03
1.08711098e+00 1.63044678e-02 7.80798325e-03
1.12737435e+00 1.62926322e-02 7.98658756e-03
1.16763772e+00 1.62821831e-02 8.16058704e-03
1.20790109e+00 1.62729264e-02 8.33022254e-03
1.24816446e+00 1.62646992e-02 8.49572288e-03
1.28842783e+00 1.62573640e-02 8.65730379e-03
1.32869120e+00 1.62508043e-02 8.81517149e-03
1.36895457e+00 1.62449212e-02 8.96951762e-03
1.40921794e+00 1.62396302e-02 9.12052006e-03
1.44948131e+00 1.62348592e-02 9.26835026e-03
1.48974468e+00 1.62305462e-02 9.41316407e-03
1.53000805e+00 1.62266378e-02 9.55510834e-03
1.57027142e+00 1.62230877e-02 9.69432407e-03
1.61053479e+00 1.62198559e-02 9.83093884e-03
1.65079816e+00 1.62169077e-02 9.96507204e-03
1.69106153e+00 1.62142125e-02 1.00968380e-02
1.73132490e+00 1.62117438e-02 1.02263435e-02
1.77158827e+00 1.62094784e-02 1.03536880e-02
1.81185164e+00 1.62073957e-02 1.04789646e-02
1.85211501e+00 1.62054776e-02 1.06022612e-02
1.89237838e+00 1.62037081e-02 1.07236601e-02
1.93264174e+00 1.62020731e-02 1.08432391e-02
1.97290511e+00 1.62005601e-02 1.09610713e-02
2.01316848e+00 1.61991578e-02 1.10772257e-02
2.05343185e+00 1.61978562e-02 1.11917663e-02
2.09369522e+00 1.61966465e-02 1.13047531e-02
2.13395859e+00 1.61955206e-02 1.14162453e-02
2.17422196e+00 1.61944713e-02 1.15262997e-02
2.21448533e+00 1.61934923e-02 1.16349686e-02
2.25474870e+00 1.61925777e-02 1.17422969e-02
2.29501207e+00 1.61917222e-02 1.18483306e-02
2.33527544e+00 1.61909212e-02 1.19531197e-02
2.37553881e+00 1.61901703e-02 1.20567046e-02
2.41580218e+00 1.61894657e-02 1.21591177e-02
2.45606555e+00 1.61888038e-02 1.22604062e-02
2.49632892e+00 1.61881815e-02 1.23606045e-02
2.53659229e+00 1.61875957e-02 1.24597384e-02
2.57685566e+00 1.61870438e-02 1.25578539e-02
2.61711903e+00 1.61865235e-02 1.26549712e-02
2.65738240e+00 1.61860323e-02 1.27511244e-02
2.69764577e+00 1.61855684e-02 1.28463457e-02
2.73790914e+00 1.61851298e-02 1.29406512e-02
2.77817251e+00 1.61847149e-02 1.30340830e-02
2.81843588e+00 1.61843220e-02 1.31266468e-02
2.85869925e+00 1.61839496e-02 1.32183868e-02
2.89896262e+00 1.61835965e-02 1.33093050e-02
2.93922599e+00 1.61832614e-02 1.33994443e-02
2.97948936e+00 1.61829431e-02 1.34888041e-02
3.01975273e+00 1.61826407e-02 1.35774268e-02
3.06001610e+00 1.61823531e-02 1.36653083e-02
3.10027947e+00 1.61820794e-02 1.37524914e-02
3.14054284e+00 1.61818187e-02 1.38389697e-02
3.18080621e+00 1.61815704e-02 1.39247824e-02
3.22106957e+00 1.61813337e-02 1.40099287e-02
3.26133294e+00 1.61811078e-02 1.40944343e-02
3.30159631e+00 1.61808922e-02 1.41783149e-02
3.34185968e+00 1.61806864e-02 1.42615733e-02
3.38212305e+00 1.61804896e-02 1.43442451e-02
3.42238642e+00 1.61803015e-02 1.44263180e-02
3.46264979e+00 1.61801216e-02 1.45078267e-02
3.50291316e+00 1.61799494e-02 1.45887765e-02
3.54317653e+00 1.61797845e-02 1.46691696e-02
3.58343990e+00 1.61796265e-02 1.47490407e-02
3.62370327e+00 1.61794751e-02 1.48283768e-02
3.66396664e+00 1.61793299e-02 1.49072010e-02
3.70423001e+00 1.61791906e-02 1.49855336e-02
3.74449338e+00 1.61790569e-02 1.50633592e-02
3.78475675e+00 1.61789286e-02 1.51407100e-02
3.82502012e+00 1.61788052e-02 1.52175961e-02
3.86528349e+00 1.61786867e-02 1.52940040e-02
3.90554686e+00 1.61785728e-02 1.53699668e-02
3.94581023e+00 1.61784631e-02 1.54454922e-02
3.98607360e+00 1.61783577e-02 1.55205655e-02
4.02633697e+00 1.61782562e-02 1.55952178e-02
4.06660034e+00 1.61781584e-02 1.56694601e-02
4.10686371e+00 1.61780642e-02 1.57432755e-02
4.14712708e+00 1.61779735e-02 1.58166879e-02
4.18739045e+00 1.61778860e-02 1.58897162e-02
4.22765382e+00 1.61778016e-02 1.59623458e-02
4.26791719e+00 1.61777202e-02 1.60345842e-02
4.30818056e+00 1.61776417e-02 1.61064590e-02
4.34844393e+00 1.61775658e-02 1.61779678e-02
4.38870730e+00 1.61774926e-02 1.62490970e-02
4.42897067e+00 1.61774219e-02 1.63198738e-02
4.46923403e+00 1.61773535e-02 1.63903121e-02
4.50949740e+00 1.61772875e-02 1.64603987e-02
4.54976077e+00 1.61772236e-02 1.65301339e-02
4.59002414e+00 1.61771618e-02 1.65995450e-02
4.63028751e+00 1.61771021e-02 1.66686377e-02
4.67055088e+00 1.61770442e-02 1.67373961e-02
4.71081425e+00 1.61769883e-02 1.68058280e-02
4.75107762e+00 1.61769340e-02 1.68739577e-02
4.79134099e+00 1.61768815e-02 1.69417887e-02
4.83160436e+00 1.61768307e-02 1.70093051e-02
4.87186773e+00 1.61767814e-02 1.70765135e-02
4.91213110e+00 1.61767336e-02 1.71434375e-02
4.95239447e+00 1.61766873e-02 1.72100825e-02
4.99265784e+00 1.61766424e-02 1.72764352e-02
5.03292121e+00 1.61765988e-02 1.73424931e-02
5.07318458e+00 1.61765565e-02 1.74082799e-02
5.11344795e+00 1.61765155e-02 1.74738059e-02
5.15371132e+00 1.61764756e-02 1.75390645e-02
5.19397469e+00 1.61764369e-02 1.76040418e-02
5.23423806e+00 1.61763994e-02 1.76687549e-02
5.27450143e+00 1.61763629e-02 1.77332208e-02
5.31476480e+00 1.61763274e-02 1.77974422e-02
5.35502817e+00 1.61762930e-02 1.78614068e-02
5.39529154e+00 1.61762595e-02 1.79251091e-02
5.43555491e+00 1.61762269e-02 1.79885700e-02
5.47581828e+00 1.61761952e-02 1.80518016e-02
5.51608165e+00 1.61761644e-02 1.81148035e-02
5.55634502e+00 1.61761345e-02 1.81775627e-02
5.59660839e+00 1.61761053e-02 1.82400768e-02
5.63687176e+00 1.61760769e-02 1.83023655e-02
5.67713513e+00 1.61760493e-02 1.83644399e-02
5.71739850e+00 1.61760224e-02 1.84263002e-02
5.75766186e+00 1.61759962e-02 1.84879352e-02
5.79792523e+00 1.61759707e-02 1.85493379e-02
5.83818860e+00 1.61759458e-02 1.86105260e-02
5.87845197e+00 1.61759216e-02 1.86715122e-02
5.91871534e+00 1.61758980e-02 1.87322997e-02
5.95897871e+00 1.61758750e-02 1.87928818e-02
5.99924208e+00 1.61758526e-02 1.88532457e-02
6.03950545e+00 1.61758307e-02 1.89133998e-02
6.07976882e+00 1.61758094e-02 1.89733601e-02
6.12003219e+00 1.61757886e-02 1.90331346e-02
6.16029556e+00 1.61757683e-02 1.90927224e-02
6.20055893e+00 1.61757485e-02 1.91521146e-02
6.24082230e+00 1.61757292e-02 1.92113013e-02
6.28108567e+00 1.61757103e-02 1.92702955e-02
6.32134904e+00 1.61756919e-02 1.93291106e-02
6.36161241e+00 1.61756740e-02 1.93877528e-02
6.40187578e+00 1.61756564e-02 1.94462207e-02
6.44213915e+00 1.61756393e-02 1.95045062e-02
6.48240252e+00 1.61756225e-02 1.95625989e-02
6.52266589e+00 1.61756062e-02 1.96205099e-02
6.56292926e+00 1.61755902e-02 1.96782523e-02
6.60319263e+00 1.61755746e-02 1.97358330e-02
6.64345600e+00 1.61755593e-02 1.97932524e-02
6.68371937e+00 1.61755444e-02 1.98505050e-02
6.72398274e+00 1.61755299e-02 1.99075795e-02
6.76424611e+00 1.61755156e-02 1.99644776e-02
6.80450948e+00 1.61755017e-02 2.00212132e-02
6.84477285e+00 1.61754880e-02 2.00777954e-02
6.88503622e+00 1.61754747e-02 2.01342281e-02
6.92529959e+00 1.61754617e-02 2.01905095e-02
6.96556296e+00 1.61754489e-02 2.02466326e-02
7.00582632e+00 1.61754364e-02 2.03025874e-02
7.04608969e+00 1.61754242e-02 2.03583797e-02
7.08635306e+00 1.61754122e-02 2.04140220e-02
7.12661643e+00 1.61754005e-02 2.04695221e-02
7.16687980e+00 1.61753891e-02 2.05248831e-02
7.20714317e+00 1.61753778e-02 2.05801036e-02
7.24740654e+00 1.61753669e-02 2.06351775e-02
7.28766991e+00 1.61753561e-02 2.06900949e-02
7.32793328e+00 1.61753456e-02 2.07448582e-02
7.36819665e+00 1.61753352e-02 2.07994790e-02
7.40846002e+00 1.61753251e-02 2.08539659e-02
7.44872339e+00 1.61753152e-02 2.09083229e-02
7.48898676e+00 1.61753055e-02 2.09625505e-02
7.52925013e+00 1.61752960e-02 2.10166450e-02
7.56951350e+00 1.61752867e-02 2.10705988e-02
7.60977687e+00 1.61752775e-02 2.11244047e-02
7.65004024e+00 1.61752685e-02 2.11780708e-02
7.69030361e+00 1.61752598e-02 2.12316071e-02
7.73056698e+00 1.61752511e-02 2.12850202e-02
7.77083035e+00 1.61752427e-02 2.13383132e-02
7.81109372e+00 1.61752344e-02 2.13914857e-02
7.85135709e+00 1.61752263e-02 2.14445342e-02
7.89162046e+00 1.61752183e-02 2.14974516e-02
7.93188383e+00 1.61752105e-02 2.15502308e-02
7.97214720e+00 1.61752028e-02 2.16028786e-02
8.01241057e+00 1.61751953e-02 2.16554044e-02
8.05267394e+00 1.61751879e-02 2.17078147e-02
8.09293731e+00 1.61751807e-02 2.17601132e-02
8.13320068e+00 1.61751735e-02 2.18123003e-02
8.17346405e+00 1.61751666e-02 2.18643741e-02
8.21372742e+00 1.61751597e-02 2.19163293e-02
8.25399079e+00 1.61751530e-02 2.19681582e-02
8.29425415e+00 1.61751464e-02 2.20198594e-02
8.33451752e+00 1.61751399e-02 2.20714420e-02
8.37478089e+00 1.61751335e-02 2.21229135e-02
8.41504426e+00 1.61751272e-02 2.21742790e-02
8.45530763e+00 1.61751211e-02 2.22255411e-02
8.49557100e+00 1.61751150e-02 2.22767001e-02
8.53583437e+00 1.61751091e-02 2.23277535e-02
8.57609774e+00 1.61751033e-02 2.23786966e-02
8.61636111e+00 1.61750976e-02 2.24295225e-02
8.65662448e+00 1.61750919e-02 2.24802286e-02
8.69688785e+00 1.61750864e-02 2.25308232e-02
8.73715122e+00 1.61750810e-02 2.25813133e-02
8.77741459e+00 1.61750756e-02 2.26317041e-02
8.81767796e+00 1.61750704e-02 2.26819987e-02
8.85794133e+00 1.61750652e-02 2.27321979e-02
8.89820470e+00 1.61750601e-02 2.27823007e-02
8.93846807e+00 1.61750551e-02 2.28323037e-02
8.97873144e+00 1.61750502e-02 2.28822016e-02
9.01899481e+00 1.61750454e-02 2.29319881e-02
9.05925818e+00 1.61750407e-02 2.29816650e-02
9.09952155e+00 1.61750360e-02 2.30312402e-02
9.13978492e+00 1.61750314e-02 2.30807196e-02
9.18004829e+00 1.61750269e-02 2.31301075e-02
9.22031166e+00 1.61750225e-02 2.31794065e-02
9.26057503e+00 1.61750181e-02 2.32286172e-02
9.30083840e+00 1.61750138e-02 2.32777388e-02
9.34110177e+00 1.61750096e-02 2.33267684e-02
9.38136514e+00 1.61750054e-02 2.33757015e-02
9.42162851e+00 1.61750013e-02 2.34245321e-02
9.46189188e+00 1.61749973e-02 2.34732589e-02
9.50215525e+00 1.61749933e-02 2.35218888e-02
9.54241862e+00 1.61749894e-02 2.35704278e-02
9.58268198e+00 1.61749856e-02 2.36188804e-02
9.62294535e+00 1.61749818e-02 2.36672497e-02
9.66320872e+00 1.61749781e-02 2.37155372e-02
9.70347209e+00 1.61749744e-02 2.37637431e-02
9.74373546e+00 1.61749708e-02 2.38118660e-02
9.78399883e+00 1.61749673e-02 2.38599029e-02
9.82426220e+00 1.61749638e-02 2.39078496e-02
9.86452557e+00 1.61749603e-02 2.39557004e-02
9.90478894e+00 1.61749569e-02 2.40034548e-02
9.94505231e+00 1.61749536e-02 2.40511191e-02
9.98531568e+00 1.61749503e-02 2.40986986e-02
1.00255791e+01 1.61749471e-02 2.41461977e-02
1.00658424e+01 1.61749439e-02 2.41936194e-02
1.01061058e+01 1.61749407e-02 2.42409652e-02
1.01463692e+01 1.61749376e-02 2.42882358e-02
1.01866325e+01 1.61749346e-02 2.43354303e-02
1.02268959e+01 1.61749316e-02 2.43825468e-02
1.02671593e+01 1.61749286e-02 2.44295821e-02
1.03074226e+01 1.61749257e-02 2.44765316e-02
1.03476860e+01 1.61749228e-02 2.45233907e-02
1.03879494e+01 1.61749200e-02 2.45701617e-02
1.04282127e+01 1.61749172e-02 2.46168504e-02
1.04684761e+01 1.61749144e-02 2.46634613e-02
1.05087395e+01 1.61749117e-02 2.47099982e-02
1.05490029e+01 1.61749090e-02 2.47564636e-02
1.05892662e+01 1.61749064e-02 2.48028590e-02
1.06295296e+01 1.61749038e-02 2.48491851e-02
1.06697930e+01 1.61749012e-02 2.48954411e-02
1.07100563e+01 1.61748987e-02 2.49416256e-02
1.07503197e+01 1.61748962e-02 2.49877359e-02
1.07905831e+01 1.61748937e-02 2.50337684e-02
1.08308464e+01 1.61748913e-02 2.50797186e-02
1.08711098e+01 1.61748889e-02 2.51255849e-02
1.09113732e+01 1.61748865e-02 2.51713719e-02
1.09516366e+01 1.61748842e-02 2.52170846e-02
1.09918999e+01 1.61748819e-02 2.52627266e-02
1.10321633e+01 1.61748797e-02 2.53083010e-02
1.10724267e+01 1.61748774e-02 2.53538098e-02
1.11126900e+01 1.61748752e-02 2.53992542e-02
1.11529534e+01 1.61748731e-02 2.54446347e-02
1.11932168e+01 1.61748709e-02 2.54899506e-02
1.12334801e+01 1.61748688e-02 2.55352006e-02
1.12737435e+01 1.61748667e-02 2.55803825e-02
1.13140069e+01 1.61748646e-02 2.56254932e-02
1.13542703e+01 1.61748626e-02 2.56705287e-02
1.13945336e+01 1.61748606e-02 2.57154858e-02
1.14347970e+01 1.61748586e-02 2.57603676e-02
1.14750604e+01 1.61748567e-02 2.58051787e-02
1.15153237e+01 1.61748547e-02 2.58499228e-02
1.15555871e+01 1.61748528e-02 2.58946030e-02
1.15958505e+01 1.61748510e-02 2.59392216e-02
1.16361138e+01 1.61748491e-02 2.59837802e-02
1.16763772e+01 1.61748473e-02 2.60282797e-02
1.17166406e+01 1.61748455e-02 2.60727203e-02
1.17569039e+01 1.61748437e-02 2.61171013e-02
1.17971673e+01 1.61748419e-02 2.61614215e-02
1.18374307e+01 1.61748402e-02 2.62056789e-02
1.18776941e+01 1.61748385e-02 2.62498709e-02
1.19179574e+01 1.61748368e-02 2.62939941e-02
1.19582208e+01 1.61748351e-02 2.63380448e-02
1.19984842e+01 1.61748335e-02 2.63820244e-02
1.20387475e+01 1.61748318e-02 2.64259371e-02
1.20790109e+01 1.61748302e-02 2.64697864e-02
1.21192743e+01 1.61748286e-02 2.65135755e-02
1.21595376e+01 1.61748271e-02 2.65573067e-02
1.21998010e+01 1.61748255e-02 2.66009817e-02
1.22400644e+01 1.61748240e-02 2.66446019e-02
1.22803278e+01 1.61748225e-02 2.66881678e-02
1.23205911e+01 1.61748210e-02 2.67316793e-02
1.23608545e+01 1.61748195e-02 2.67751361e-02
1.24011179e+01 1.61748180e-02 2.68185368e-02
1.24413812e+01 1.61748166e-02 2.68618797e-02
1.24816446e+01 1.61748151e-02 2.69051625e-02
1.25219080e+01 1.61748137e-02 2.69483823e-02
1.25621713e+01 1.61748123e-02 2.69915356e-02
1.26024347e+01 1.61748110e-02 2.70346220e-02
1.26426981e+01 1.61748096e-02 2.70776451e-02
1.26829615e+01 1.61748083e-02 2.71206084e-02
1.27232248e+01 1.61748069e-02 2.71635147e-02
1.27634882e+01 1.61748056e-02 2.72063664e-02
1.28037516e+01 1.61748043e-02 2.72491655e-02
1.28440149e+01 1.61748031e-02 2.72919134e-02
1.28842783e+01 1.61748018e-02 2.73346109e-02
1.29245417e+01 1.61748005e-02 2.73772587e-02
1.29648050e+01 1.61747993e-02 2.74198565e-02
1.30050684e+01 1.61747981e-02 2.74624039e-02
1.30453318e+01 1.61747969e-02 2.75048998e-02
1.30855951e+01 1.61747957e-02 2.75473427e-02
1.31258585e+01 1.61747945e-02 2.75897307e-02
1.31661219e+01 1.61747933e-02 2.76320612e-02
1.32063853e+01 1.61747922e-02 2.76743313e-02
1.32466486e+01 1.61747910e-02 2.77165389e-02
1.32869120e+01 1.61747899e-02 2.77586864e-02
1.33271754e+01 1.61747888e-02 2.78007770e-02
1.33674387e+01 1.61747877e-02 2.78428134e-02
1.34077021e+01 1.61747866e-02 2.78847982e-02
1.34479655e+01 1.61747855e-02 2.79267333e-02
1.34882288e+01 1.61747845e-02 2.79686203e-02
1.35284922e+01 1.61747834e-02 2.80104604e-02
1.35687556e+01 1.61747824e-02 2.80522543e-02
1.36090190e+01 1.61747813e-02 2.80940025e-02
1.36492823e+01 1.61747803e-02 2.81357048e-02
1.36895457e+01 1.61747793e-02 2.81773610e-02
1.37298091e+01 1.61747783e-02 2.82189701e-02
1.37700724e+01 1.61747773e-02 2.82605310e-02
1.38103358e+01 1.61747763e-02 2.83020419e-02
1.38505992e+01 1.61747754e-02 2.83435010e-02
1.38908625e+01 1.61747744e-02 2.83849058e-02
1.39311259e+01 1.61747735e-02 2.84262535e-02
1.39713893e+01 1.61747725e-02 2.84675438e-02
1.40116526e+01 1.61747716e-02 2.85087795e-02
1.40519160e+01 1.61747707e-02 2.85499633e-02
1.40921794e+01 1.61747698e-02 2.85910976e-02
1.41324428e+01 1.61747689e-02 2.86321845e-02
1.41727061e+01 1.61747680e-02 2.86732258e-02
1.42129695e+01 1.61747671e-02 2.87142229e-02
1.42532329e+01 1.61747663e-02 2.87551767e-02
1.42934962e+01 1.61747654e-02 2.87960881e-02
1.43337596e+01 1.61747646e-02 2.88369575e-02
1.43740230e+01 1.61747637e-02 2.88777850e-02
1.44142863e+01 1.61747629e-02 2.89185703e-02
1.44545497e+01 1.61747621e-02 2.89593128e-02
1.44948131e+01 1.61747613e-02 2.90000116e-02
1.45350765e+01 1.61747604e-02 2.90406656e-02
1.45753398e+01 1.61747596e-02 2.90812732e-02
1.46156032e+01 1.61747589e-02 2.91218325e-02
1.46558666e+01 1.61747581e-02 2.91623414e-02
1.46961299e+01 1.61747573e-02 2.92027974e-02
1.47363933e+01 1.61747565e-02 2.92432004e-02
1.47766567e+01 1.61747558e-02 2.92835528e-02
1.48169200e+01 1.61747550e-02 2.93238571e-02
1.48571834e+01 1.61747543e-02 2.93641155e-02
1.48974468e+01 1.61747535e-02 2.94043299e-02
1.49377102e+01 1.61747528e-02 2.94445018e-02
1.49779735e+01 1.61747521e-02 2.94846327e-02
1.50182369e+01 1.61747514e-02 2.95247235e-02
1.50585003e+01 1.61747507e-02 2.95647750e-02
1.50987636e+01 1.61747500e-02 2.96047879e-02
1.51390270e+01 1.61747493e-02 2.96447623e-02
1.51792904e+01 1.61747486e-02 2.96846983e-02
1.52195537e+01 1.61747479e-02 2.97245956e-02
1.52598171e+01 1.61747472e-02 2.97644536e-02
1.53000805e+01 1.61747466e-02 2.98042716e-02
1.53403438e+01 1.61747459e-02 2.98440485e-02
1.53806072e+01 1.61747453e-02 2.98837829e-02
1.54208706e+01 1.61747446e-02 2.99234733e-02
1.54611340e+01 1.61747440e-02 2.99631178e-02
1.55013973e+01 1.61747434e-02 3.00027144e-02
1.55416607e+01 1.61747427e-02 3.00422615e-02
1.55819241e+01 1.61747421e-02 3.00817608e-02
1.56221874e+01 1.61747415e-02 3.01212146e-02
1.56624508e+01 1.61747409e-02 3.01606250e-02
1.57027142e+01 1.61747403e-02 3.01999936e-02
1.57429775e+01 1.61747397e-02 3.02393222e-02
1.57832409e+01 1.61747391e-02 3.02786120e-02
1.58235043e+01 1.61747385e-02 3.03178643e-02
1.58637677e+01 1.61747379e-02 3.03570799e-02
1.59040310e+01 1.61747373e-02 3.03962595e-02
1.59442944e+01 1.61747368e-02 3.04354036e-02
1.59845578e+01 1.61747362e-02 3.04745126e-02
1.60248211e+01 1.61747356e-02 3.05135864e-02
1.60650845e+01 1.61747351e-02 3.05526249e-02
1.61053479e+01 1.61747345e-02 3.05916278e-02
1.61456112e+01 1.61747340e-02 3.06305943e-02
1.61858746e+01 1.61747335e-02 3.06695238e-02
1.62261380e+01 1.61747329e-02 3.07084152e-02
1.62664014e+01 1.61747324e-02 3.07472672e-02
1.63066647e+01 1.61747319e-02 3.07860785e-02
1.63469281e+01 1.61747313e-02 3.08248474e-02
1.63871915e+01 1.61747308e-02 3.08635720e-02
1.64274548e+01 1.61747303e-02 3.09022510e-02
1.64677182e+01 1.61747298e-02 3.09408857e-02
1.65079816e+01 1.61747293e-02 3.09794783e-02
1.65482449e+01 1.61747288e-02 3.10180304e-02
1.65885083e+01 1.61747283e-02 3.10565437e-02
1.66287717e+01 1.61747278e-02 3.10950197e-02
1.66690350e+01 1.61747273e-02 3.11334597e-02
1.67092984e+01 1.61747269e-02 3.11718646e-02
1.67495618e+01 1.61747264e-02 3.12102355e-02
1.67898252e+01 1.61747259e-02 3.12485731e-02
1.68300885e+01 1.61747255e-02 3.12868780e-02
1.68703519e+01 1.61747250e-02 3.13251504e-02
1.69106153e+01 1.61747245e-02 3.13633908e-02
1.69508786e+01 1.61747241e-02 3.14015990e-02
1.69911420e+01 1.61747236e-02 3.14397749e-02
1.70314054e+01 1.61747232e-02 3.14779183e-02
1.70716687e+01 1.61747227e-02 3.15160287e-02
1.71119321e+01 1.61747223e-02 3.15541053e-02
1.71521955e+01 1.61747219e-02 3.15921474e-02
1.71924589e+01 1.61747214e-02 3.16301540e-02
1.72327222e+01 1.61747210e-02 3.16681239e-02
1.72729856e+01 1.61747206e-02 3.17060558e-02
1.73132490e+01 1.61747202e-02 3.17439482e-02
1.73535123e+01 1.61747198e-02 3.17817993e-02
1.73937757e+01 1.61747193e-02 3.18196085e-02
1.74340391e+01 1.61747189e-02 3.18573772e-02
1.74743024e+01 1.61747185e-02 3.18951072e-02
1.75145658e+01 1.61747181e-02 3.19328000e-02
1.75548292e+01 1.61747177e-02 3.19704570e-02
1.75950926e+01 1.61747173e-02 3.20080796e-02
1.76353559e+01 1.61747169e-02 3.20456688e-02
1.76756193e+01 1.61747166e-02 3.20832258e-02
1.77158827e+01 1.61747162e-02 3.21207512e-02
1.77561460e+01 1.61747158e-02 3.21582459e-02
1.77964094e+01 1.61747154e-02 3.21957104e-02
1.78366728e+01 1.61747150e-02 3.22331451e-02
1.78769361e+01 1.61747147e-02 3.22705504e-02
1.79171995e+01 1.61747143e-02 3.23079263e-02
1.79574629e+01 1.61747139e-02 3.23452729e-02
1.79977262e+01 1.61747136e-02 3.23825901e-02
1.80379896e+01 1.61747132e-02 3.24198775e-02
1.80782530e+01 1.61747128e-02 3.24571348e-02
1.81185164e+01 1.61747125e-02 3.24943615e-02
1.81587797e+01 1.61747121e-02 3.25315567e-02
1.81990431e+01 1.61747118e-02 3.25687198e-02
1.82393065e+01 1.61747114e-02 3.26058498e-02
1.82795698e+01 1.61747111e-02 3.26429455e-02
1.83198332e+01 1.61747108e-02 3.26800057e-02
1.83600966e+01 1.61747104e-02 3.27170291e-02
1.84003599e+01 1.61747101e-02 3.27540142e-02
1.84406233e+01 1.61747098e-02 3.27909608e-02
1.84808867e+01 1.61747094e-02 3.28278705e-02
1.85211501e+01 1.61747091e-02 3.28647447e-02
1.85614134e+01 1.61747088e-02 3.29015848e-02
1.86016768e+01 1.61747085e-02 3.29383920e-02
1.86419402e+01 1.61747081e-02 3.29751675e-02
1.86822035e+01 1.61747078e-02 3.30119122e-02
1.87224669e+01 1.61747075e-02 3.30486270e-02
1.87627303e+01 1.61747072e-02 3.30853128e-02
1.88029936e+01 1.61747069e-02 3.31219702e-02
1.88432570e+01 1.61747066e-02 3.31585998e-02
1.88835204e+01 1.61747063e-02 3.31952020e-02
1.89237838e+01 1.61747060e-02 3.32317772e-02
1.89640471e+01 1.61747057e-02 3.32683255e-02
1.90043105e+01 1.61747054e-02 3.33048471e-02
1.90445739e+01 1.61747051e-02 3.33413420e-02
1.90848372e+01 1.61747048e-02 3.33778100e-02
1.91251006e+01 1.61747045e-02 3.34142510e-02
1.91653640e+01 1.61747042e-02 3.34506645e-02
1.92056273e+01 1.61747039e-02 3.34870502e-02
1.92458907e+01 1.61747037e-02 3.35234075e-02
1.92861541e+01 1.61747034e-02 3.35597357e-02
1.93264174e+01 1.61747031e-02 3.35960341e-02
1.93666808e+01 1.61747028e-02 3.36323017e-02
1.94069442e+01 1.61747025e-02 3.36685376e-02
1.94472076e+01 1.61747023e-02 3.37047406e-02
1.94874709e+01 1.61747020e-02 3.37409096e-02
1.95277343e+01 1.61747017e-02 3.37770433e-02
1.95679977e+01 1.61747015e-02 3.38131418e-02
1.96082610e+01 1.61747012e-02 3.38492062e-02
1.96485244e+01 1.61747009e-02 3.38852380e-02
1.96887878e+01 1.61747007e-02 3.39212382e-02
1.97290511e+01 1.61747004e-02 3.39572080e-02
1.97693145e+01 1.61747002e-02 3.39931485e-02
1.98095779e+01 1.61746999e-02 3.40290604e-02
1.98498413e+01 1.61746997e-02 3.40649447e-02
1.98901046e+01 1.61746994e-02 3.41008020e-02
1.99303680e+01 1.61746992e-02 3.41366331e-02
1.99706314e+01 1.61746989e-02 3.41724384e-02
2.00108947e+01 1.61746987e-02 3.42082184e-02
2.00511581e+01 1.61746984e-02 3.42439735e-02
2.00914215e+01 1.61746982e-02 3.42797040e-02
2.01316848e+01 1.61746979e-02 3.43154100e-02
2.01719482e+01 1.61746977e-02 3.43510918e-02
2.02122116e+01 1.61746975e-02 3.43867491e-02
2.02524750e+01 1.61746972e-02 3.44223821e-02
2.02927383e+01 1.61746970e-02 3.44579906e-02
2.03330017e+01 1.61746968e-02 3.44935742e-02
2.03732651e+01 1.61746965e-02 3.45291327e-02
2.04135284e+01 1.61746963e-02 3.45646656e-02
2.04537918e+01 1.61746961e-02 3.46001724e-02
2.04940552e+01 1.61746959e-02 3.46356526e-02
2.05343185e+01 1.61746957e-02 3.46711053e-02
2.05745819e+01 1.61746954e-02 3.47065300e-02
2.06148453e+01 1.61746952e-02 3.47419256e-02
2.06551086e+01 1.61746950e-02 3.47772913e-02
2.06953720e+01 1.61746948e-02 3.48126260e-02
2.07356354e+01 1.61746946e-02 3.48479286e-02
2.07758988e+01 1.61746944e-02 3.48831986e-02
2.08161621e+01 1.61746941e-02 3.49184370e-02
2.08564255e+01 1.61746939e-02 3.49536448e-02
2.08966889e+01 1.61746937e-02 3.49888231e-02
2.09369522e+01 1.61746935e-02 3.50239730e-02
2.09772156e+01 1.61746933e-02 3.50590954e-02
2.10174790e+01 1.61746931e-02 3.50941910e-02
2.10577423e+01 1.61746929e-02 3.51292607e-02
2.10980057e+01 1.61746927e-02 3.51643052e-02
2.11382691e+01 1.61746925e-02 3.51993251e-02
2.11785325e+01 1.61746923e-02 3.52343210e-02
2.12187958e+01 1.61746921e-02 3.52692933e-02
2.12590592e+01 1.61746919e-02 3.53042425e-02
2.12993226e+01 1.61746917e-02 3.53391689e-02
2.13395859e+01 1.61746915e-02 3.53740728e-02
2.13798493e+01 1.61746913e-02 3.54089544e-02
2.14201127e+01 1.61746911e-02 3.54438138e-02
2.14603760e+01 1.61746910e-02 3.54786511e-02
2.15006394e+01 1.61746908e-02 3.55134663e-02
2.15409028e+01 1.61746906e-02 3.55482593e-02
2.15811662e+01 1.61746904e-02 3.55830300e-02
2.16214295e+01 1.61746902e-02 3.56177781e-02
2.16616929e+01 1.61746900e-02 3.56525033e-02
2.17019563e+01 1.61746899e-02 3.56872054e-02
2.17422196e+01 1.61746897e-02 3.57218838e-02
2.17824830e+01 1.61746895e-02 3.57565382e-02
2.18227464e+01 1.61746893e-02 3.57911678e-02
2.18630097e+01 1.61746891e-02 3.58257722e-02
2.19032731e+01 1.61746890e-02 3.58603506e-02
2.19435365e+01 1.61746888e-02 3.58949022e-02
2.19837998e+01 1.61746886e-02 3.59294263e-02
2.20240632e+01 1.61746884e-02 3.59639218e-02
2.20643266e+01 1.61746883e-02 3.59983879e-02
2.21045900e+01 1.61746881e-02 3.60328241e-02
2.21448533e+01 1.61746879e-02 3.60672312e-02
2.21851167e+01 1.61746878e-02 3.61016102e-02
2.22253801e+01 1.61746876e-02 3.61359621e-02
2.22656434e+01 1.61746874e-02 3.61702876e-02
2.23059068e+01 1.61746873e-02 3.62045876e-02
2.23461702e+01 1.61746871e-02 3.62388629e-02
2.23864335e+01 1.61746870e-02 3.62731142e-02
2.24266969e+01 1.61746868e-02 3.63073420e-02
2.24669603e+01 1.61746866e-02 3.63415471e-02
2.25072237e+01 1.61746865e-02 3.63757298e-02
2.25474870e+01 1.61746863e-02 3.64098908e-02
2.25877504e+01 1.61746862e-02 3.64440303e-02
2.26280138e+01 1.61746860e-02 3.64781488e-02
2.26682771e+01 1.61746859e-02 3.65122465e-02
2.27085405e+01 1.61746857e-02 3.65463237e-02
2.27488039e+01 1.61746856e-02 3.65803807e-02
2.27890672e+01 1.61746854e-02 3.66144174e-02
2.28293306e+01 1.61746853e-02 3.66484341e-02
2.28695940e+01 1.61746851e-02 3.66824307e-02
2.29098573e+01 1.61746850e-02 3.67164072e-02
2.29501207e+01 1.61746848e-02 3.67503635e-02
2.29903841e+01 1.61746847e-02 3.67842995e-02
2.30306475e+01 1.61746845e-02 3.68182151e-02
2.30709108e+01 1.61746844e-02 3.68521098e-02
2.31111742e+01 1.61746842e-02 3.68859835e-02
2.31514376e+01 1.61746841e-02 3.69198358e-02
2.31917009e+01 1.61746839e-02 3.69536662e-02
2.32319643e+01 1.61746838e-02 3.69874744e-02
2.32722277e+01 1.61746837e-02 3.70212597e-02
2.33124910e+01 1.61746835e-02 3.70550217e-02
2.33527544e+01 1.61746834e-02 3.70887597e-02
2.33930178e+01 1.61746833e-02 3.71224730e-02
2.34332812e+01 1.61746831e-02 3.71561609e-02
2.34735445e+01 1.61746830e-02 3.71898227e-02
2.35138079e+01 1.61746829e-02 3.72234574e-02
2.35540713e+01 1.61746827e-02 3.72570647e-02
2.35943346e+01 1.61746826e-02 3.72906454e-02
2.36345980e+01 1.61746825e-02 3.73242003e-02
2.36748614e+01 1.61746823e-02 3.73577302e-02
2.37151247e+01 1.61746822e-02 3.73912358e-02
2.37553881e+01 1.61746821e-02 3.74247180e-02
2.37956515e+01 1.61746819e-02 3.74581772e-02
2.38359149e+01 1.61746818e-02 3.74916142e-02
2.38761782e+01 1.61746817e-02 3.75250296e-02
2.39164416e+01 1.61746816e-02 3.75584237e-02
2.39567050e+01 1.61746814e-02 3.75917973e-02
2.39969683e+01 1.61746813e-02 3.76251506e-02
2.40372317e+01 1.61746812e-02 3.76584841e-02
2.40774951e+01 1.61746811e-02 3.76917982e-02
2.41177584e+01 1.61746809e-02 3.77250931e-02
2.41580218e+01 1.61746808e-02 3.77583691e-02
2.41982852e+01 1.61746807e-02 3.77916265e-02
2.42385485e+01 1.61746806e-02 3.78248654e-02
2.42788119e+01 1.61746805e-02 3.78580859e-02
2.43190753e+01 1.61746803e-02 3.78912882e-02
2.43593387e+01 1.61746802e-02 3.79244723e-02
2.43996020e+01 1.61746801e-02 3.79576382e-02
2.44398654e+01 1.61746800e-02 3.79907859e-02
2.44801288e+01 1.61746799e-02 3.80239153e-02
2.45203921e+01 1.61746798e-02 3.80570263e-02
2.45606555e+01 1.61746796e-02 3.80901187e-02
2.46009189e+01 1.61746795e-02 3.81231923e-02
2.46411822e+01 1.61746794e-02 3.81562469e-02
2.46814456e+01 1.61746793e-02 3.81892821e-02
2.47217090e+01 1.61746792e-02 3.82222977e-02
2.47619724e+01 1.61746791e-02 3.82552932e-02
2.48022357e+01 1.61746790e-02 3.82882683e-02
2.48424991e+01 1.61746789e-02 3.83212225e-02
2.48827625e+01 1.61746788e-02 3.83541553e-02
2.49230258e+01 1.61746786e-02 3.83870662e-02
2.49632892e+01 1.61746785e-02 3.84199545e-02
2.50035526e+01 1.61746784e-02 3.84528197e-02
2.50438159e+01 1.61746783e-02 3.84856610e-02
2.50840793e+01 1.61746782e-02 3.85184779e-02
2.51243427e+01 1.61746781e-02 3.85512696e-02
2.51646061e+01 1.61746780e-02 3.85840368e-02
2.52048694e+01 1.61746779e-02 3.86167802e-02
2.52451328e+01 1.61746778e-02 3.86495003e-02
2.52853962e+01 1.61746777e-02 3.86821980e-02
2.53256595e+01 1.61746776e-02 3.87148737e-02
2.53659229e+01 1.61746775e-02 3.87475282e-02
2.54061863e+01 1.61746774e-02 3.87801620e-02
2.54464496e+01 1.61746773e-02 3.88127755e-02
2.54867130e+01 1.61746772e-02 3.88453693e-02
2.55269764e+01 1.61746771e-02 3.88779439e-02
2.55672397e+01 1.61746770e-02 3.89104996e-02
2.56075031e+01 1.61746769e-02 3.89430369e-02
2.56477665e+01 1.61746768e-02 3.89755561e-02
2.56880299e+01 1.61746767e-02 3.90080575e-02
2.57282932e+01 1.61746766e-02 3.90405413e-02
2.57685566e+01 1.61746765e-02 3.90730079e-02
2.58088200e+01 1.61746764e-02 3.91054575e-02
2.58490833e+01 1.61746763e-02 3.91378902e-02
2.58893467e+01 1.61746762e-02 3.91703062e-02
2.59296101e+01 1.61746761e-02 3.92027056e-02
2.59698734e+01 1.61746760e-02 3.92350885e-02
2.60101368e+01 1.61746760e-02 3.92674549e-02
2.60504002e+01 1.61746759e-02 3.92998049e-02
2.60906636e+01 1.61746758e-02 3.93321384e-02
2.61309269e+01 1.61746757e-02 3.93644553e-02
2.61711903e+01 1.61746756e-02 3.93967557e-02
2.62114537e+01 1.61746755e-02 3.94290393e-02
2.62517170e+01 1.61746754e-02 3.94613060e-02
2.62919804e+01 1.61746753e-02 3.94935556e-02
2.63322438e+01 1.61746752e-02 3.95257880e-02
2.63725071e+01 1.61746751e-02 3.95580028e-02
2.64127705e+01 1.61746751e-02 3.95901998e-02
2.64530339e+01 1.61746750e-02 3.96223787e-02
2.64932973e+01 1.61746749e-02 3.96545391e-02
2.65335606e+01 1.61746748e-02 3.96866807e-02
2.65738240e+01 1.61746747e-02 3.97188029e-02
2.66140874e+01 1.61746746e-02 3.97509055e-02
2.66543507e+01 1.61746745e-02 3.97829878e-02
2.66946141e+01 1.61746745e-02 3.98150495e-02
2.67348775e+01 1.61746744e-02 3.98470899e-02
2.67751408e+01 1.61746743e-02 3.98791085e-02
2.68154042e+01 1.61746742e-02 3.99111047e-02
2.68556676e+01 1.61746741e-02 3.99430780e-02
2.68959309e+01 1.61746741e-02 3.99750288e-02
2.69361943e+01 1.61746740e-02 4.00069579e-02
2.69764577e+01 1.61746739e-02 4.00388656e-02
2.70167211e+01 1.61746738e-02 4.00707527e-02
2.70569844e+01 1.61746737e-02 4.01026197e-02
2.70972478e+01 1.61746736e-02 4.01344671e-02
2.71375112e+01 1.61746736e-02 4.01662953e-02
2.71777745e+01 1.61746735e-02 4.01981049e-02
2.72180379e+01 1.61746734e-02 4.02298962e-02
2.72583013e+01 1.61746733e-02 4.02616698e-02
2.72985646e+01 1.61746733e-02 4.02934258e-02
2.73388280e+01 1.61746732e-02 4.03251648e-02
2.73790914e+01 1.61746731e-02 4.03568870e-02
2.74193548e+01 1.61746730e-02 4.03885928e-02
2.74596181e+01 1.61746730e-02 4.04202824e-02
2.74998815e+01 1.61746729e-02 4.04519560e-02
2.75401449e+01 1.61746728e-02 4.04836139e-02
2.75804082e+01 1.61746727e-02 4.05152564e-02
2.76206716e+01 1.61746727e-02 4.05468834e-02
2.76609350e+01 1.61746726e-02 4.05784953e-02
2.77011983e+01 1.61746725e-02 4.06100921e-02
2.77414617e+01 1.61746724e-02 4.06416739e-02
2.77817251e+01 1.61746724e-02 4.06732408e-02
2.78219885e+01 1.61746723e-02 4.07047927e-02
2.78622518e+01 1.61746722e-02 4.07363299e-02
2.79025152e+01 1.61746722e-02 4.07678521e-02
2.79427786e+01 1.61746721e-02 4.07993595e-02
2.79830419e+01 1.61746720e-02 4.08308518e-02
2.80233053e+01 1.61746719e-02 4.08623291e-02
2.80635687e+01 1.61746719e-02 4.08937912e-02
2.81038320e+01 1.61746718e-02 4.09252380e-02
2.81440954e+01 1.61746717e-02 4.09566694e-02
2.81843588e+01 1.61746717e-02 4.09880851e-02
2.82246221e+01 1.61746716e-02 4.10194849e-02
2.82648855e+01 1.61746715e-02 4.10508685e-02
2.83051489e+01 1.61746715e-02 4.10822358e-02
2.83454123e+01 1.61746714e-02 4.11135865e-02
2.83856756e+01 1.61746713e-02 4.11449201e-02
2.84259390e+01 1.61746713e-02 4.11762365e-02
2.84662024e+01 1.61746712e-02 4.12075351e-02
2.85064657e+01 1.61746711e-02 4.12388157e-02
2.85467291e+01 1.61746711e-02 4.12700778e-02
2.85869925e+01 1.61746710e-02 4.13013210e-02
2.86272558e+01 1.61746709e-02 4.13325448e-02
2.86675192e+01 1.61746709e-02 4.13637487e-02
2.87077826e+01 1.61746708e-02 4.13949323e-02
2.87480460e+01 1.61746707e-02 4.14260950e-02
2.87883093e+01 1.61746707e-02 4.14572372e-02
2.88285727e+01 1.61746706e-02 4.14883593e-02
2.88688361e+01 1.61746706e-02 4.15194620e-02
2.89090994e+01 1.61746705e-02 4.15505456e-02
2.89493628e+01 1.61746704e-02 4.15816107e-02
2.89896262e+01 1.61746704e-02 4.16126577e-02
2.90298895e+01 1.61746703e-02 4.16436870e-02
2.90701529e+01 1.61746702e-02 4.16746990e-02
2.91104163e+01 1.61746702e-02 4.17056941e-02
2.91506797e+01 1.61746701e-02 4.17366727e-02
2.91909430e+01 1.61746701e-02 4.17676351e-02
2.92312064e+01 1.61746700e-02 4.17985817e-02
2.92714698e+01 1.61746699e-02 4.18295127e-02
2.93117331e+01 1.61746699e-02 4.18604284e-02
2.93519965e+01 1.61746698e-02 4.18913291e-02
2.93922599e+01 1.61746698e-02 4.19222151e-02
2.94325232e+01 1.61746697e-02 4.19530865e-02
2.94727866e+01 1.61746697e-02 4.19839436e-02
2.95130500e+01 1.61746696e-02 4.20147865e-02
2.95533133e+01 1.61746695e-02 4.20456155e-02
2.95935767e+01 1.61746695e-02 4.20764306e-02
2.96338401e+01 1.61746694e-02 4.21072319e-02
2.96741035e+01 1.61746694e-02 4.21380197e-02
2.97143668e+01 1.61746693e-02 4.21687939e-02
2.97546302e+01 1.61746693e-02 4.21995546e-02
2.97948936e+01 1.61746692e-02 4.22303018e-02
2.98351569e+01 1.61746691e-02 4.22610357e-02
2.98754203e+01 1.61746691e-02 4.22917562e-02
2.99156837e+01 1.61746690e-02 4.23224632e-02
2.99559470e+01 1.61746690e-02 4.23531568e-02
2.99962104e+01 1.61746689e-02 4.23838368e-02
3.00364738e+01 1.61746689e-02 4.24145033e-02
3.00767372e+01 1.61746688e-02 4.24451561e-02
3.01170005e+01 1.61746688e-02 4.24757951e-02
3.01572639e+01 1.61746687e-02 4.25064202e-02
3.01975273e+01 1.61746687e-02 4.25370312e-02
3.02377906e+01 1.61746686e-02 4.25676279e-02
3.02780540e+01 1.61746686e-02 4.25982102e-02
3.03183174e+01 1.61746685e-02 4.26287779e-02
3.03585807e+01 1.61746684e-02 4.26593306e-02
3.03988441e+01 1.61746684e-02 4.26898683e-02
3.04391075e+01 1.61746683e-02 4.27203905e-02
3.04793709e+01 1.61746683e-02 4.27508971e-02
3.05196342e+01 1.61746682e-02 4.27813877e-02
3.05598976e+01 1.61746682e-02 4.28118620e-02
3.06001610e+01 1.61746681e-02 4.28423196e-02
3.06404243e+01 1.61746681e-02 4.28727602e-02
3.06806877e+01 1.61746680e-02 4.29031834e-02
3.07209511e+01 1.61746680e-02 4.29335889e-02
3.07612144e+01 1.61746679e-02 4.29639761e-02
3.08014778e+01 1.61746679e-02 4.29943447e-02
3.08417412e+01 1.61746678e-02 4.30246943e-02
3.08820045e+01 1.61746678e-02 4.30550254e-02
3.09222679e+01 1.61746677e-02 4.30853382e-02
3.09625313e+01 1.61746677e-02 4.31156334e-02
3.10027947e+01 1.61746676e-02 4.31459112e-02
3.10430580e+01 1.61746676e-02 4.31761720e-02
3.10833214e+01 1.61746676e-02 4.32064164e-02
3.11235848e+01 1.61746675e-02 4.32366445e-02
3.11638481e+01 1.61746675e-02 4.32668568e-02
3.12041115e+01 1.61746674e-02 4.32970536e-02
3.12443749e+01 1.61746674e-02 4.33272352e-02
3.12846382e+01 1.61746673e-02 4.33574019e-02
3.13249016e+01 1.61746673e-02 4.33875540e-02
3.13651650e+01 1.61746672e-02 4.34176918e-02
3.14054284e+01 1.61746672e-02 4.34478155e-02
3.14456917e+01 1.61746671e-02 4.34779253e-02
3.14859551e+01 1.61746671e-02 4.35080216e-02
3.15262185e+01 1.61746670e-02 4.35381045e-02
3.15664818e+01 1.61746670e-02 4.35681741e-02
3.16067452e+01 1.61746670e-02 4.35982308e-02
3.16470086e+01 1.61746669e-02 4.36282745e-02
3.16872719e+01 1.61746669e-02 4.36583056e-02
3.17275353e+01 1.61746668e-02 4.36883240e-02
3.17677987e+01 1.61746668e-02 4.37183300e-02
3.18080621e+01 1.61746667e-02 4.37483236e-02
3.18483254e+01 1.61746667e-02 4.37783050e-02
3.18885888e+01 1.61746666e-02 4.38082741e-02
3.19288522e+01 1.61746666e-02 4.38382311e-02
3.19691155e+01 1.61746666e-02 4.38681760e-02
3.20093789e+01 1.61746665e-02 4.38981088e-02
3.20496423e+01 1.61746665e-02 4.39280295e-02
3.20899056e+01 1.61746664e-02 4.39579382e-02
3.21301690e+01 1.61746664e-02 4.39878348e-02
3.21704324e+01 1.61746663e-02 4.40177192e-02
3.22106957e+01 1.61746663e-02 4.40475915e-02
3.22509591e+01 1.61746663e-02 4.40774515e-02
3.22912225e+01 1.61746662e-02 4.41072993e-02
3.23314859e+01 1.61746662e-02 4.41371346e-02
3.23717492e+01 1.61746661e-02 4.41669574e-02
3.24120126e+01 1.61746661e-02 4.41967676e-02
3.24522760e+01 1.61746661e-02 4.42265650e-02
3.24925393e+01 1.61746660e-02 4.42563495e-02
3.25328027e+01 1.61746660e-02 4.42861210e-02
3.25730661e+01 1.61746659e-02 4.43158791e-02
3.26133294e+01 1.61746659e-02 4.43456238e-02
3.26535928e+01 1.61746659e-02 4.43753549e-02
3.26938562e+01 1.61746658e-02 4.44050720e-02
3.27341196e+01 1.61746658e-02 4.44347750e-02
3.27743829e+01 1.61746657e-02 4.44644637e-02
3.28146463e+01 1.61746657e-02 4.44941377e-02
3.28549097e+01 1.61746657e-02 4.45237967e-02
3.28951730e+01 1.61746656e-02 4.45534406e-02
3.29354364e+01 1.61746656e-02 4.45830689e-02
3.29756998e+01 1.61746655e-02 4.46126814e-02
3.30159631e+01 1.61746655e-02 4.46422776e-02
3.30562265e+01 1.61746655e-02 4.46718573e-02
3.30964899e+01 1.61746654e-02 4.47014202e-02
3.31367532e+01 1.61746654e-02 4.47309658e-02
3.31770166e+01 1.61746654e-02 4.47604945e-02
3.32172800e+01 1.61746653e-02 4.47900066e-02
3.32575434e+01 1.61746653e-02 4.48195026e-02
3.32978067e+01 1.61746652e-02 4.48489827e-02
3.33380701e+01 1.61746652e-02 4.48784472e-02
3.33783335e+01 1.61746652e-02 4.49078966e-02
3.34185968e+01 1.61746651e-02 4.49373311e-02
3.34588602e+01 1.61746651e-02 4.49667511e-02
3.34991236e+01 1.61746651e-02 4.49961567e-02
3.35393869e+01 1.61746650e-02 4.50255483e-02
3.35796503e+01 1.61746650e-02 4.50549262e-02
3.36199137e+01 1.61746650e-02 4.50842906e-02
3.36601771e+01 1.61746649e-02 4.51136418e-02
3.37004404e+01 1.61746649e-02 4.51429799e-02
3.37407038e+01 1.61746649e-02 4.51723053e-02
3.37809672e+01 1.61746648e-02 4.52016180e-02
3.38212305e+01 1.61746648e-02 4.52309183e-02
3.38614939e+01 1.61746647e-02 4.52602065e-02
3.39017573e+01 1.61746647e-02 4.52894826e-02
3.39420206e+01 1.61746647e-02 4.53187468e-02
3.39822840e+01 1.61746646e-02 4.53479993e-02
3.40225474e+01 1.61746646e-02 4.53772401e-02
3.40628108e+01 1.61746646e-02 4.54064695e-02
3.41030741e+01 1.61746645e-02 4.54356876e-02
3.41433375e+01 1.61746645e-02 4.54648944e-02
3.41836009e+01 1.61746645e-02 4.54940900e-02
3.42238642e+01 1.61746644e-02 4.55232746e-02
3.42641276e+01 1.61746644e-02 4.55524481e-02
3.43043910e+01 1.61746644e-02 4.55816107e-02
3.43446543e+01 1.61746643e-02 4.56107624e-02
3.43849177e+01 1.61746643e-02 4.56399032e-02
3.44251811e+01 1.61746643e-02 4.56690331e-02
3.44654444e+01 1.61746642e-02 4.56981522e-02
3.45057078e+01 1.61746642e-02 4.57272604e-02
3.45459712e+01 1.61746642e-02 4.57563578e-02
3.45862346e+01 1.61746642e-02 4.57854443e-02
3.46264979e+01 1.61746641e-02 4.58145199e-02
3.46667613e+01 1.61746641e-02 4.58435846e-02
3.47070247e+01 1.61746641e-02 4.58726382e-02
3.47472880e+01 1.61746640e-02 4.59016808e-02
3.47875514e+01 1.61746640e-02 4.59307122e-02
3.48278148e+01 1.61746640e-02 4.59597324e-02
3.48680781e+01 1.61746639e-02 4.59887412e-02
3.49083415e+01 1.61746639e-02 4.60177385e-02
3.49486049e+01 1.61746639e-02 4.60467243e-02
3.49888683e+01 1.61746638e-02 4.60756984e-02
3.50291316e+01 1.61746638e-02 4.61046606e-02
3.50693950e+01 1.61746638e-02 4.61336108e-02
3.51096584e+01 1.61746637e-02 4.61625488e-02
3.51499217e+01 1.61746637e-02 4.61914745e-02
3.51901851e+01 1.61746637e-02 4.62203876e-02
3.52304485e+01 1.61746637e-02 4.62492880e-02
3.52707118e+01 1.61746636e-02 4.62781754e-02
3.53109752e+01 1.61746636e-02 4.63070497e-02
3.53512386e+01 1.61746636e-02 4.63359106e-02
3.53915020e+01 1.61746635e-02 4.63647578e-02
3.54317653e+01 1.61746635e-02 4.63935911e-02
3.54720287e+01 1.61746635e-02 4.64224103e-02
3.55122921e+01 1.61746634e-02 4.64512150e-02
3.55525554e+01 1.61746634e-02 4.64800050e-02
3.55928188e+01 1.61746634e-02 4.65087800e-02
3.56330822e+01 1.61746634e-02 4.65375396e-02
3.56733455e+01 1.61746633e-02 4.65662837e-02
3.57136089e+01 1.61746633e-02 4.65950125e-02
3.57538723e+01 1.61746633e-02 4.66237262e-02
3.57941356e+01 1.61746632e-02 4.66524251e-02
3.58343990e+01 1.61746632e-02 4.66811097e-02
3.58746624e+01 1.61746632e-02 4.67097800e-02
3.59149258e+01 1.61746632e-02 4.67384365e-02
3.59551891e+01 1.61746631e-02 4.67670793e-02
3.59954525e+01 1.61746631e-02 4.67957088e-02
3.60357159e+01 1.61746631e-02 4.68243251e-02
3.60759792e+01 1.61746631e-02 4.68529286e-02
3.61162426e+01 1.61746630e-02 4.68815194e-02
3.61565060e+01 1.61746630e-02 4.69100977e-02
3.61967693e+01 1.61746630e-02 4.69386639e-02
3.62370327e+01 1.61746629e-02 4.69672181e-02
3.62772961e+01 1.61746629e-02 4.69957604e-02
3.63175595e+01 1.61746629e-02 4.70242911e-02
3.63578228e+01 1.61746629e-02 4.70528104e-02
3.63980862e+01 1.61746628e-02 4.70813184e-02
3.64383496e+01 1.61746628e-02 4.71098152e-02
3.64786129e+01 1.61746628e-02 4.71383011e-02
3.65188763e+01 1.61746628e-02 4.71667761e-02
3.65591397e+01 1.61746627e-02 4.71952405e-02
3.65994030e+01 1.61746627e-02 4.72236943e-02
3.66396664e+01 1.61746627e-02 4.72521376e-02
3.66799298e+01 1.61746627e-02 4.72805706e-02
3.67201932e+01 1.61746626e-02 4.73089933e-02
3.67604565e+01 1.61746626e-02 4.73374059e-02
3.68007199e+01 1.61746626e-02 4.73658084e-02
3.68409833e+01 1.61746626e-02 4.73942009e-02
3.68812466e+01 1.61746625e-02 4.74225835e-02
3.69215100e+01 1.61746625e-02 4.74509561e-02
3.69617734e+01 1.61746625e-02 4.74793190e-02
3.70020367e+01 1.61746625e-02 4.75076721e-02
3.70423001e+01 1.61746624e-02 4.75360153e-02
3.70825635e+01 1.61746624e-02 4.75643489e-02
3.71228268e+01 1.61746624e-02 4.75926727e-02
3.71630902e+01 1.61746624e-02 4.76209868e-02
3.72033536e+01 1.61746623e-02 4.76492912e-02
3.72436170e+01 1.61746623e-02 4.76775859e-02
3.72838803e+01 1.61746623e-02 4.77058708e-02
3.73241437e+01 1.61746623e-02 4.77341459e-02
3.73644071e+01 1.61746622e-02 4.77624112e-02
3.74046704e+01 1.61746622e-02 4.77906666e-02
3.74449338e+01 1.61746622e-02 4.78189121e-02
3.74851972e+01 1.61746622e-02 4.78471477e-02
3.75254605e+01 1.61746621e-02 4.78753731e-02
3.75657239e+01 1.61746621e-02 4.79035885e-02
3.76059873e+01 1.61746621e-02 4.79317936e-02
3.76462507e+01 1.61746621e-02 4.79599884e-02
3.76865140e+01 1.61746620e-02 4.79881729e-02
3.77267774e+01 1.61746620e-02 4.80163468e-02
3.77670408e+01 1.61746620e-02 4.80445100e-02
3.78073041e+01 1.61746620e-02 4.80726625e-02
3.78475675e+01 1.61746620e-02 4.81008040e-02
3.78878309e+01 1.61746619e-02 4.81289346e-02
3.79280942e+01 1.61746619e-02 4.81570539e-02
3.79683576e+01 1.61746619e-02 4.81851618e-02
3.80086210e+01 1.61746619e-02 4.82132583e-02
3.80488844e+01 1.61746618e-02 4.82413430e-02
3.80891477e+01 1.61746618e-02 4.82694158e-02
3.81294111e+01 1.61746618e-02 4.82974765e-02
3.81696745e+01 1.61746618e-02 4.83255250e-02
3.82099378e+01 1.61746617e-02 4.83535609e-02
3.82502012e+01 1.61746617e-02 4.83815842e-02
3.82904646e+01 1.61746617e-02 4.84095945e-02
3.83307279e+01 1.61746617e-02 4.84375916e-02
3.83709913e+01 1.61746617e-02 4.84655753e-02
3.84112547e+01 1.61746616e-02 4.84935454e-02
3.84515180e+01 1.61746616e-02 4.85215015e-02
3.84917814e+01 1.61746616e-02 4.85494436e-02
3.85320448e+01 1.61746616e-02 4.85773719e-02
3.85723082e+01 1.61746616e-02 4.86052866e-02
3.86125715e+01 1.61746615e-02 4.86331880e-02
3.86528349e+01 1.61746615e-02 4.86610763e-02
3.86930983e+01 1.61746615e-02 4.86889518e-02
3.87333616e+01 1.61746615e-02 4.87168146e-02
3.87736250e+01 1.61746614e-02 4.87446650e-02
3.88138884e+01 1.61746614e-02 4.87725033e-02
3.88541517e+01 1.61746614e-02 4.88003296e-02
3.88944151e+01 1.61746614e-02 4.88281442e-02
3.89346785e+01 1.61746614e-02 4.88559471e-02
3.89749419e+01 1.61746613e-02 4.88837387e-02
3.90152052e+01 1.61746613e-02 4.89115191e-02
3.90554686e+01 1.61746613e-02 4.89392885e-02
3.90957320e+01 1.61746613e-02 4.89670471e-02
3.91359953e+01 1.61746613e-02 4.89947949e-02
3.91762587e+01 1.61746612e-02 4.90225322e-02
3.92165221e+01 1.61746612e-02 4.90502592e-02
3.92567854e+01 1.61746612e-02 4.90779759e-02
3.92970488e+01 1.61746612e-02 4.91056826e-02
3.93373122e+01 1.61746612e-02 4.91333792e-02
3.93775756e+01 1.61746611e-02 4.91610660e-02
3.94178389e+01 1.61746611e-02 4.91887431e-02
3.94581023e+01 1.61746611e-02 4.92164106e-02
3.94983657e+01 1.61746611e-02 4.92440686e-02
3.95386290e+01 1.61746611e-02 4.92717172e-02
3.95788924e+01 1.61746610e-02 4.92993564e-02
3.96191558e+01 1.61746610e-02 4.93269865e-02
3.96594191e+01 1.61746610e-02 4.93546074e-02
3.96996825e+01 1.61746610e-02 4.93822192e-02
3.97399459e+01 1.61746610e-02 4.94098220e-02
3.97802092e+01 1.61746609e-02 4.94374158e-02
3.98204726e+01 1.61746609e-02 4.94650007e-02
3.98607360e+01 1.61746609e-02 4.94925768e-02
3.99009994e+01 1.61746609e-02 4.95201441e-02
3.99412627e+01 1.61746609e-02 4.95477026e-02
3.99815261e+01 1.61746609e-02 4.95752524e-02
4.00217895e+01 1.61746608e-02 4.96027934e-02
4.00620528e+01 1.61746608e-02 4.96303258e-02
4.01023162e+01 1.61746608e-02 4.96578494e-02
4.01425796e+01 1.61746608e-02 4.96853643e-02
4.01828429e+01 1.61746608e-02 4.97128706e-02
4.02231063e+01 1.61746607e-02 4.97403681e-02
4.02633697e+01 1.61746607e-02 4.97678569e-02
4.03036331e+01 1.61746607e-02 4.97953370e-02
4.03438964e+01 1.61746607e-02 4.98228082e-02
4.03841598e+01 1.61746607e-02 4.98502707e-02
4.04244232e+01 1.61746607e-02 4.98777244e-02
4.04646865e+01 1.61746606e-02 4.99051691e-02
4.05049499e+01 1.61746606e-02 4.99326049e-02
4.05452133e+01 1.61746606e-02 4.99600317e-02
4.05854766e+01 1.61746606e-02 4.99874494e-02
4.06257400e+01 1.61746606e-02 5.00148579e-02
4.06660034e+01 1.61746605e-02 5.00422573e-02
4.07062668e+01 1.61746605e-02 5.00696473e-02
4.07465301e+01 1.61746605e-02 5.00970280e-02
4.07867935e+01 1.61746605e-02 5.01243991e-02
4.08270569e+01 1.61746605e-02 5.01517607e-02
4.08673202e+01 1.61746605e-02 5.01791126e-02
4.09075836e+01 1.61746604e-02 5.02064547e-02
4.09478470e+01 1.61746604e-02 5.02337868e-02
4.09881103e+01 1.61746604e-02 5.02611089e-02
4.10283737e+01 1.61746604e-02 5.02884207e-02
4.10686371e+01 1.61746604e-02 5.03157223e-02
4.11089004e+01 1.61746604e-02 5.03430134e-02
4.11491638e+01 1.61746603e-02 5.03702938e-02
4.11894272e+01 1.61746603e-02 5.03975635e-02
4.12296906e+01 1.61746603e-02 5.04248223e-02
4.12699539e+01 1.61746603e-02 5.04520699e-02
4.13102173e+01 1.61746603e-02 5.04793063e-02
4.13504807e+01 1.61746603e-02 5.05065312e-02
4.13907440e+01 1.61746602e-02 5.05337444e-02
4.14310074e+01 1.61746602e-02 5.05609458e-02
4.14712708e+01 1.61746602e-02 5.05881352e-02
4.15115341e+01 1.61746602e-02 5.06153123e-02
4.15517975e+01 1.61746602e-02 5.06424770e-02
4.15920609e+01 1.61746602e-02 5.06696290e-02
4.16323243e+01 1.61746601e-02 5.06967685e-02
4.16725876e+01 1.61746601e-02 5.07238956e-02
4.17128510e+01 1.61746601e-02 5.07510105e-02
4.17531144e+01 1.61746601e-02 5.07781135e-02
4.17933777e+01 1.61746601e-02 5.08052047e-02
4.18336411e+01 1.61746601e-02 5.08322843e-02
4.18739045e+01 1.61746600e-02 5.08593526e-02
4.19141678e+01 1.61746600e-02 5.08864097e-02
4.19544312e+01 1.61746600e-02 5.09134558e-02
4.19946946e+01 1.61746600e-02 5.09404910e-02
4.20349579e+01 1.61746600e-02 5.09675156e-02
4.20752213e+01 1.61746600e-02 5.09945296e-02
4.21154847e+01 1.61746600e-02 5.10215334e-02
4.21557481e+01 1.61746599e-02 5.10485269e-02
4.21960114e+01 1.61746599e-02 5.10755104e-02
4.22362748e+01 1.61746599e-02 5.11024840e-02
4.22765382e+01 1.61746599e-02 5.11294479e-02
4.23168015e+01 1.61746599e-02 5.11564021e-02
4.23570649e+01 1.61746599e-02 5.11833468e-02
4.23973283e+01 1.61746598e-02 5.12102822e-02
4.24375916e+01 1.61746598e-02 5.12372084e-02
4.24778550e+01 1.61746598e-02 5.12641254e-02
4.25181184e+01 1.61746598e-02 5.12910334e-02
4.25583818e+01 1.61746598e-02 5.13179325e-02
4.25986451e+01 1.61746598e-02 5.13448228e-02
4.26389085e+01 1.61746598e-02 5.13717044e-02
4.26791719e+01 1.61746597e-02 5.13985774e-02
4.27194352e+01 1.61746597e-02 5.14254418e-02
4.27596986e+01 1.61746597e-02 5.14522978e-02
4.27999620e+01 1.61746597e-02 5.14791454e-02
4.28402253e+01 1.61746597e-02 5.15059848e-02
4.28804887e+01 1.61746597e-02 5.15328159e-02
4.29207521e+01 1.61746597e-02 5.15596388e-02
4.29610155e+01 1.61746596e-02 5.15864537e-02
4.30012788e+01 1.61746596e-02 5.16132605e-02
4.30415422e+01 1.61746596e-02 5.16400593e-02
4.30818056e+01 1.61746596e-02 5.16668501e-02
4.31220689e+01 1.61746596e-02 5.16936330e-02
4.31623323e+01 1.61746596e-02 5.17204081e-02
4.32025957e+01 1.61746596e-02 5.17471753e-02
4.32428590e+01 1.61746595e-02 5.17739346e-02
4.32831224e+01 1.61746595e-02 5.18006862e-02
4.33233858e+01 1.61746595e-02 5.18274300e-02
4.33636491e+01 1.61746595e-02 5.18541660e-02
4.34039125e+01 1.61746595e-02 5.18808943e-02
4.34441759e+01 1.61746595e-02 5.19076148e-02
4.34844393e+01 1.61746595e-02 5.19343275e-02
4.35247026e+01 1.61746594e-02 5.19610324e-02
4.35649660e+01 1.61746594e-02 5.19877296e-02
4.36052294e+01 1.61746594e-02 5.20144190e-02
4.36454927e+01 1.61746594e-02 5.20411006e-02
4.36857561e+01 1.61746594e-02 5.20677743e-02
4.37260195e+01 1.61746594e-02 5.20944402e-02
4.37662828e+01 1.61746594e-02 5.21210982e-02
4.38065462e+01 1.61746593e-02 5.21477482e-02
4.38468096e+01 1.61746593e-02 5.21743902e-02
4.38870730e+01 1.61746593e-02 5.22010242e-02
4.39273363e+01 1.61746593e-02 5.22276502e-02
4.39675997e+01 1.61746593e-02 5.22542680e-02
4.40078631e+01 1.61746593e-02 5.22808776e-02
4.40481264e+01 1.61746593e-02 5.23074789e-02
4.40883898e+01 1.61746593e-02 5.23340719e-02
4.41286532e+01 1.61746592e-02 5.23606565e-02
4.41689165e+01 1.61746592e-02 5.23872326e-02
4.42091799e+01 1.61746592e-02 5.24138001e-02
4.42494433e+01 1.61746592e-02 5.24403590e-02
4.42897067e+01 1.61746592e-02 5.24669091e-02
4.43299700e+01 1.61746592e-02 5.24934504e-02
4.43702334e+01 1.61746592e-02 5.25199827e-02
4.44104968e+01 1.61746592e-02 5.25465060e-02
4.44507601e+01 1.61746591e-02 5.25730201e-02
4.44910235e+01 1.61746591e-02 5.25995250e-02
4.45312869e+01 1.61746591e-02 5.26260204e-02
4.45715502e+01 1.61746591e-02 5.26525063e-02
4.46118136e+01 1.61746591e-02 5.26789826e-02
4.46520770e+01 1.61746591e-02 5.27054491e-02
4.46923403e+01 1.61746591e-02 5.27319057e-02
4.47326037e+01 1.61746591e-02 5.27583522e-02
4.47728671e+01 1.61746590e-02 5.27847886e-02
4.48131305e+01 1.61746590e-02 5.28112146e-02
4.48533938e+01 1.61746590e-02 5.28376300e-02
4.48936572e+01 1.61746590e-02 5.28640349e-02
4.49339206e+01 1.61746590e-02 5.28904288e-02
4.49741839e+01 1.61746590e-02 5.29168118e-02
4.50144473e+01 1.61746590e-02 5.29431837e-02
4.50547107e+01 1.61746590e-02 5.29695442e-02
4.50949740e+01 1.61746589e-02 5.29958933e-02
4.51352374e+01 1.61746589e-02 5.30222313e-02
4.51755008e+01 1.61746589e-02 5.30485583e-02
4.52157642e+01 1.61746589e-02 5.30748744e-02
4.52560275e+01 1.61746589e-02 5.31011798e-02
4.52962909e+01 1.61746589e-02 5.31274747e-02
4.53365543e+01 1.61746589e-02 5.31537592e-02
4.53768176e+01 1.61746589e-02 5.31800336e-02
4.54170810e+01 1.61746588e-02 5.32062978e-02
4.54573444e+01 1.61746588e-02 5.32325522e-02
4.54976077e+01 1.61746588e-02 5.32587968e-02
4.55378711e+01 1.61746588e-02 5.32850318e-02
4.55781345e+01 1.61746588e-02 5.33112572e-02
4.56183979e+01 1.61746588e-02 5.33374733e-02
4.56586612e+01 1.61746588e-02 5.33636802e-02
4.56989246e+01 1.61746588e-02 5.33898780e-02
4.57391880e+01 1.61746588e-02 5.34160668e-02
4.57794513e+01 1.61746587e-02 5.34422468e-02
4.58197147e+01 1.61746587e-02 5.34684180e-02
4.58599781e+01 1.61746587e-02 5.34945805e-02
4.59002414e+01 1.61746587e-02 5.35207345e-02
4.59405048e+01 1.61746587e-02 5.35468801e-02
4.59807682e+01 1.61746587e-02 5.35730174e-02
4.60210315e+01 1.61746587e-02 5.35991465e-02
4.60612949e+01 1.61746587e-02 5.36252674e-02
4.61015583e+01 1.61746587e-02 5.36513803e-02
4.61418217e+01 1.61746586e-02 5.36774852e-02
4.61820850e+01 1.61746586e-02 5.37035822e-02
4.62223484e+01 1.61746586e-02 5.37296715e-02
4.62626118e+01 1.61746586e-02 5.37557530e-02
4.63028751e+01 1.61746586e-02 5.37818269e-02
4.63431385e+01 1.61746586e-02 5.38078932e-02
4.63834019e+01 1.61746586e-02 5.38339521e-02
4.64236652e+01 1.61746586e-02 5.38600034e-02
4.64639286e+01 1.61746586e-02 5.38860474e-02
4.65041920e+01 1.61746585e-02 5.39120841e-02
4.65444554e+01 1.61746585e-02 5.39381134e-02
4.65847187e+01 1.61746585e-02 5.39641356e-02
4.66249821e+01 1.61746585e-02 5.39901505e-02
4.66652455e+01 1.61746585e-02 5.40161583e-02
4.67055088e+01 1.61746585e-02 5.40421590e-02
4.67457722e+01 1.61746585e-02 5.40681527e-02
4.67860356e+01 1.61746585e-02 5.40941393e-02
4.68262989e+01 1.61746585e-02 5.41201188e-02
4.68665623e+01 1.61746585e-02 5.41460914e-02
4.69068257e+01 1.61746584e-02 5.41720571e-02
4.69470891e+01 1.61746584e-02 5.41980157e-02
4.69873524e+01 1.61746584e-02 5.42239675e-02
4.70276158e+01 1.61746584e-02 5.42499123e-02
4.70678792e+01 1.61746584e-02 5.42758502e-02
4.71081425e+01 1.61746584e-02 5.43017812e-02
4.71484059e+01 1.61746584e-02 5.43277053e-02
4.71886693e+01 1.61746584e-02 5.43536225e-02
4.72289326e+01 1.61746584e-02 5.43795328e-02
4.72691960e+01 1.61746584e-02 5.44054361e-02
4.73094594e+01 1.61746583e-02 5.44313325e-02
4.73497227e+01 1.61746583e-02 5.44572219e-02
4.73899861e+01 1.61746583e-02 5.44831044e-02
4.74302495e+01 1.61746583e-02 5.45089799e-02
4.74705129e+01 1.61746583e-02 5.45348483e-02
4.75107762e+01 1.61746583e-02 5.45607097e-02
4.75510396e+01 1.61746583e-02 5.45865641e-02
4.75913030e+01 1.61746583e-02 5.46124113e-02
4.76315663e+01 1.61746583e-02 5.46382513e-02
4.76718297e+01 1.61746583e-02 5.46640841e-02
4.77120931e+01 1.61746582e-02 5.46899097e-02
4.77523564e+01 1.61746582e-02 5.47157281e-02
4.77926198e+01 1.61746582e-02 5.47415390e-02
4.78328832e+01 1.61746582e-02 5.47673426e-02
4.78731466e+01 1.61746582e-02 5.47931387e-02
4.79134099e+01 1.61746582e-02 5.48189272e-02
4.79536733e+01 1.61746582e-02 5.48447082e-02
4.79939367e+01 1.61746582e-02 5.48704815e-02
4.80342000e+01 1.61746582e-02 5.48962471e-02
4.80744634e+01 1.61746582e-02 5.49220049e-02
4.81147268e+01 1.61746581e-02 5.49477549e-02
4.81549901e+01 1.61746581e-02 5.49734968e-02
4.81952535e+01 1.61746581e-02 5.49992307e-02
4.82355169e+01 1.61746581e-02 5.50249565e-02
4.82757803e+01 1.61746581e-02 5.50506740e-02
4.83160436e+01 1.61746581e-02 5.50763833e-02
4.83563070e+01 1.61746581e-02 5.51020841e-02
4.83965704e+01 1.61746581e-02 5.51277764e-02
4.84368337e+01 1.61746581e-02 5.51534600e-02
4.84770971e+01 1.61746581e-02 5.51791350e-02
4.85173605e+01 1.61746581e-02 5.52048011e-02
4.85576238e+01 1.61746580e-02 5.52304582e-02
4.85978872e+01 1.61746580e-02 5.52561063e-02
4.86381506e+01 1.61746580e-02 5.52817452e-02
4.86784139e+01 1.61746580e-02 5.53073747e-02
4.87186773e+01 1.61746580e-02 5.53329948e-02
4.87589407e+01 1.61746580e-02 5.53586054e-02
4.87992041e+01 1.61746580e-02 5.53842063e-02
4.88394674e+01 1.61746580e-02 5.54097973e-02
4.88797308e+01 1.61746580e-02 5.54353783e-02
4.89199942e+01 1.61746580e-02 5.54609492e-02
4.89602575e+01 1.61746580e-02 5.54865100e-02
4.90005209e+01 1.61746579e-02 5.55120606e-02
4.90407843e+01 1.61746579e-02 5.55376013e-02
4.90810476e+01 1.61746579e-02 5.55631321e-02
4.91213110e+01 1.61746579e-02 5.55886533e-02
4.91615744e+01 1.61746579e-02 5.56141649e-02
4.92018378e+01 1.61746579e-02 5.56396672e-02
4.92421011e+01 1.61746579e-02 5.56651601e-02
4.92823645e+01 1.61746579e-02 5.56906439e-02
4.93226279e+01 1.61746579e-02 5.57161186e-02
4.93628912e+01 1.61746579e-02 5.57415844e-02
4.94031546e+01 1.61746579e-02 5.57670415e-02
4.94434180e+01 1.61746578e-02 5.57924898e-02
4.94836813e+01 1.61746578e-02 5.58179296e-02
4.95239447e+01 1.61746578e-02 5.58433609e-02
4.95642081e+01 1.61746578e-02 5.58687838e-02
4.96044715e+01 1.61746578e-02 5.58941985e-02
4.96447348e+01 1.61746578e-02 5.59196050e-02
4.96849982e+01 1.61746578e-02 5.59450036e-02
4.97252616e+01 1.61746578e-02 5.59703941e-02
4.97655249e+01 1.61746578e-02 5.59957768e-02
4.98057883e+01 1.61746578e-02 5.60211517e-02
4.98460517e+01 1.61746578e-02 5.60465190e-02
4.98863150e+01 1.61746578e-02 5.60718786e-02
4.99265784e+01 1.61746577e-02 5.60972308e-02
4.99668418e+01 1.61746577e-02 5.61225755e-02
5.00071051e+01 1.61746577e-02 5.61479129e-02
5.00473685e+01 1.61746577e-02 5.61732431e-02
5.00876319e+01 1.61746577e-02 5.61985660e-02
5.01278953e+01 1.61746577e-02 5.62238818e-02
5.01681586e+01 1.61746577e-02 5.62491906e-02
5.02084220e+01 1.61746577e-02 5.62744923e-02
5.02486854e+01 1.61746577e-02 5.62997872e-02
5.02889487e+01 1.61746577e-02 5.63250752e-02
5.03292121e+01 1.61746577e-02 5.63503564e-02
5.03694755e+01 1.61746577e-02 5.63756308e-02
5.04097388e+01 1.61746577e-02 5.64008986e-02
5.04500022e+01 1.61746576e-02 5.64261597e-02
5.04902656e+01 1.61746576e-02 5.64514142e-02
5.05305290e+01 1.61746576e-02 5.64766622e-02
5.05707923e+01 1.61746576e-02 5.65019036e-02
5.06110557e+01 1.61746576e-02 5.65271387e-02
5.06513191e+01 1.61746576e-02 5.65523672e-02
5.06915824e+01 1.61746576e-02 5.65775894e-02
5.07318458e+01 1.61746576e-02 5.66028053e-02
5.07721092e+01 1.61746576e-02 5.66280148e-02
5.08123725e+01 1.61746576e-02 5.66532181e-02
5.08526359e+01 1.61746576e-02 5.66784151e-02
5.08928993e+01 1.61746576e-02 5.67036058e-02
5.09331626e+01 1.61746576e-02 5.67287903e-02
5.09734260e+01 1.61746575e-02 5.67539686e-02
5.10136894e+01 1.61746575e-02 5.67791408e-02
5.10539528e+01 1.61746575e-02 5.68043068e-02
5.10942161e+01 1.61746575e-02 5.68294666e-02
5.11344795e+01 1.61746575e-02 5.68546202e-02
5.11747429e+01 1.61746575e-02 5.68797678e-02
5.12150062e+01 1.61746575e-02 5.69049091e-02
5.12552696e+01 1.61746575e-02 5.69300444e-02
5.12955330e+01 1.61746575e-02 5.69551735e-02
5.13357963e+01 1.61746575e-02 5.69802965e-02
5.13760597e+01 1.61746575e-02 5.70054133e-02
5.14163231e+01 1.61746575e-02 5.70305240e-02
5.14565865e+01 1.61746575e-02 5.70556286e-02
5.14968498e+01 1.61746574e-02 5.70807269e-02
5.15371132e+01 1.61746574e-02 5.71058191e-02
5.15773766e+01 1.61746574e-02 5.71309050e-02
5.16176399e+01 1.61746574e-02 5.71559848e-02
5.16579033e+01 1.61746574e-02 5.71810583e-02
5.16981667e+01 1.61746574e-02 5.72061255e-02
5.17384300e+01 1.61746574e-02 5.72311864e-02
5.17786934e+01 1.61746574e-02 5.72562410e-02
5.18189568e+01 1.61746574e-02 5.72812892e-02
5.18592202e+01 1.61746574e-02 5.73063311e-02
5.18994835e+01 1.61746574e-02 5.73313665e-02
5.19397469e+01 1.61746574e-02 5.73563954e-02
5.19800103e+01 1.61746574e-02 5.73814178e-02
5.20202736e+01 1.61746574e-02 5.74064337e-02
5.20605370e+01 1.61746573e-02 5.74314430e-02
5.21008004e+01 1.61746573e-02 5.74564456e-02
5.21410637e+01 1.61746573e-02 5.74814415e-02
5.21813271e+01 1.61746573e-02 5.75064307e-02
5.22215905e+01 1.61746573e-02 5.75314131e-02
5.22618538e+01 1.61746573e-02 5.75563886e-02
5.23021172e+01 1.61746573e-02 5.75813571e-02
5.23423806e+01 1.61746573e-02 5.76063187e-02
5.23826440e+01 1.61746573e-02 5.76312733e-02
5.24229073e+01 1.61746573e-02 5.76562207e-02
5.24631707e+01 1.61746573e-02 5.76811609e-02
5.25034341e+01 1.61746573e-02 5.77060939e-02
5.25436974e+01 1.61746573e-02 5.77310195e-02
5.25839608e+01 1.61746573e-02 5.77559378e-02
5.26242242e+01 1.61746572e-02 5.77808485e-02
5.26644875e+01 1.61746572e-02 5.78057517e-02
5.27047509e+01 1.61746572e-02 5.78306472e-02
5.27450143e+01 1.61746572e-02 5.78555350e-02
5.27852777e+01 1.61746572e-02 5.78804149e-02
5.28255410e+01 1.61746572e-02 5.79052870e-02
5.28658044e+01 1.61746572e-02 5.79301510e-02
5.29060678e+01 1.61746572e-02 5.79550069e-02
5.29463311e+01 1.61746572e-02 5.79798547e-02
5.29865945e+01 1.61746572e-02 5.80046941e-02
5.30268579e+01 1.61746572e-02 5.80295251e-02
5.30671212e+01 1.61746572e-02 5.80543476e-02
5.31073846e+01 1.61746572e-02 5.80791615e-02
5.31476480e+01 1.61746572e-02 5.81039667e-02
5.31879114e+01 1.61746572e-02 5.81287631e-02
5.32281747e+01 1.61746571e-02 5.81535505e-02
5.32684381e+01 1.61746571e-02 5.81783288e-02
5.33087015e+01 1.61746571e-02 5.82030981e-02
5.33489648e+01 1.61746571e-02 5.82278583e-02
5.33892282e+01 1.61746571e-02 5.82526096e-02
5.34294916e+01 1.61746571e-02 5.82773521e-02
5.34697549e+01 1.61746571e-02 5.83020859e-02
5.35100183e+01 1.61746571e-02 5.83268111e-02
5.35502817e+01 1.61746571e-02 5.83515279e-02
5.35905450e+01 1.61746571e-02 5.83762363e-02
5.36308084e+01 1.61746571e-02 5.84009364e-02
5.36710718e+01 1.61746571e-02 5.84256283e-02
5.37113352e+01 1.61746571e-02 5.84503122e-02
5.37515985e+01 1.61746571e-02 5.84749881e-02
5.37918619e+01 1.61746571e-02 5.84996562e-02
5.38321253e+01 1.61746571e-02 5.85243164e-02
5.38723886e+01 1.61746570e-02 5.85489690e-02
5.39126520e+01 1.61746570e-02 5.85736140e-02
5.39529154e+01 1.61746570e-02 5.85982514e-02
5.39931787e+01 1.61746570e-02 5.86228815e-02
5.40334421e+01 1.61746570e-02 5.86475042e-02
5.40737055e+01 1.61746570e-02 5.86721196e-02
5.41139689e+01 1.61746570e-02 5.86967279e-02
5.41542322e+01 1.61746570e-02 5.87213290e-02
5.41944956e+01 1.61746570e-02 5.87459232e-02
5.42347590e+01 1.61746570e-02 5.87705103e-02
5.42750223e+01 1.61746570e-02 5.87950907e-02
5.43152857e+01 1.61746570e-02 5.88196642e-02
5.43555491e+01 1.61746570e-02 5.88442309e-02
5.43958124e+01 1.61746570e-02 5.88687910e-02
5.44360758e+01 1.61746570e-02 5.88933445e-02
5.44763392e+01 1.61746570e-02 5.89178915e-02
5.45166026e+01 1.61746569e-02 5.89424320e-02
5.45568659e+01 1.61746569e-02 5.89669661e-02
5.45971293e+01 1.61746569e-02 5.89914938e-02
5.46373927e+01 1.61746569e-02 5.90160152e-02
5.46776560e+01 1.61746569e-02 5.90405304e-02
5.47179194e+01 1.61746569e-02 5.90650393e-02
5.47581828e+01 1.61746569e-02 5.90895422e-02
5.47984461e+01 1.61746569e-02 5.91140389e-02
5.48387095e+01 1.61746569e-02 5.91385296e-02
5.48789729e+01 1.61746569e-02 5.91630143e-02
5.49192362e+01 1.61746569e-02 5.91874931e-02
5.49594996e+01 1.61746569e-02 5.92119659e-02
5.49997630e+01 1.61746569e-02 5.92364329e-02
5.50400264e+01 1.61746569e-02 5.92608940e-02
5.50802897e+01 1.61746569e-02 5.92853494e-02
5.51205531e+01 1.61746569e-02 5.93097990e-02
5.51608165e+01 1.61746569e-02 5.93342428e-02
5.52010798e+01 1.61746569e-02 5.93586810e-02
5.52413432e+01 1.61746568e-02 5.93831134e-02
5.52816066e+01 1.61746568e-02 5.94075403e-02
5.53218699e+01 1.61746568e-02 5.94319615e-02
5.53621333e+01 1.61746568e-02 5.94563772e-02
5.54023967e+01 1.61746568e-02 5.94807873e-02
5.54426601e+01 1.61746568e-02 5.95051918e-02
5.54829234e+01 1.61746568e-02 5.95295908e-02
5.55231868e+01 1.61746568e-02 5.95539843e-02
5.55634502e+01 1.61746568e-02 5.95783723e-02
5.56037135e+01 1.61746568e-02 5.96027549e-02
5.56439769e+01 1.61746568e-02 5.96271319e-02
5.56842403e+01 1.61746568e-02 5.96515035e-02
5.57245036e+01 1.61746568e-02 5.96758697e-02
5.57647670e+01 1.61746568e-02 5.97002304e-02
5.58050304e+01 1.61746568e-02 5.97245857e-02
5.58452938e+01 1.61746568e-02 5.97489356e-02
5.58855571e+01 1.61746568e-02 5.97732800e-02
5.59258205e+01 1.61746568e-02 5.97976190e-02
5.59660839e+01 1.61746567e-02 5.98219525e-02
5.60063472e+01 1.61746567e-02 5.98462807e-02
5.60466106e+01 1.61746567e-02 5.98706033e-02
5.60868740e+01 1.61746567e-02 5.98949206e-02
5.61271373e+01 1.61746567e-02 5.99192323e-02
5.61674007e+01 1.61746567e-02 5.99435386e-02
5.62076641e+01 1.61746567e-02 5.99678395e-02
5.62479274e+01 1.61746567e-02 5.99921348e-02
5.62881908e+01 1.61746567e-02 6.00164246e-02
5.63284542e+01 1.61746567e-02 6.00407089e-02
5.63687176e+01 1.61746567e-02 6.00649877e-02
5.64089809e+01 1.61746567e-02 6.00892608e-02
5.64492443e+01 1.61746567e-02 6.01135284e-02
5.64895077e+01 1.61746567e-02 6.01377904e-02
5.65297710e+01 1.61746567e-02 6.01620467e-02
5.65700344e+01 1.61746567e-02 6.01862974e-02
5.66102978e+01 1.61746567e-02 6.02105424e-02
5.66505611e+01 1.61746567e-02 6.02347816e-02
5.66908245e+01 1.61746566e-02 6.02590151e-02
5.67310879e+01 1.61746566e-02 6.02832428e-02
5.67713513e+01 1.61746566e-02 6.03074646e-02
5.68116146e+01 1.61746566e-02 6.03316806e-02
5.68518780e+01 1.61746566e-02 6.03558907e-02
5.68921414e+01 1.61746566e-02 6.03800948e-02
5.69324047e+01 1.61746566e-02 6.04042930e-02
5.69726681e+01 1.61746566e-02 6.04284851e-02
5.70129315e+01 1.61746566e-02 6.04526711e-02
5.70531948e+01 1.61746566e-02 6.04768510e-02
5.70934582e+01 1.61746566e-02 6.05010247e-02
5.71337216e+01 1.61746566e-02 6.05251922e-02
5.71739850e+01 1.61746566e-02 6.05493533e-02
5.72142483e+01 1.61746566e-02 6.05735082e-02
5.72545117e+01 1.61746566e-02 6.05976567e-02
5.72947751e+01 1.61746566e-02 6.06217987e-02
5.73350384e+01 1.61746566e-02 6.06459342e-02
5.73753018e+01 1.61746566e-02 6.06700631e-02
5.74155652e+01 1.61746566e-02 6.06941854e-02
5.74558285e+01 1.61746566e-02 6.07183009e-02
5.74960919e+01 1.61746565e-02 6.07424098e-02
5.75363553e+01 1.61746565e-02 6.07665118e-02
5.75766186e+01 1.61746565e-02 6.07906068e-02
5.76168820e+01 1.61746565e-02 6.08146949e-02
5.76571454e+01 1.61746565e-02 6.08387760e-02
5.76974088e+01 1.61746565e-02 6.08628499e-02
5.77376721e+01 1.61746565e-02 6.08869167e-02
5.77779355e+01 1.61746565e-02 6.09109761e-02
5.78181989e+01 1.61746565e-02 6.09350283e-02
5.78584622e+01 1.61746565e-02 6.09590729e-02
5.78987256e+01 1.61746565e-02 6.09831101e-02
5.79389890e+01 1.61746565e-02 6.10071396e-02
5.79792523e+01 1.61746565e-02 6.10311615e-02
5.80195157e+01 1.61746565e-02 6.10551756e-02
5.80597791e+01 1.61746565e-02 6.10791818e-02
5.81000425e+01 1.61746565e-02 6.11031801e-02
5.81403058e+01 1.61746565e-02 6.11271704e-02
5.81805692e+01 1.61746565e-02 6.11511525e-02
5.82208326e+01 1.61746565e-02 6.11751265e-02
5.82610959e+01 1.61746565e-02 6.11990925e-02
5.83013593e+01 1.61746565e-02 6.12230507e-02
5.83416227e+01 1.61746564e-02 6.12470010e-02
5.83818860e+01 1.61746564e-02 6.12709436e-02
5.84221494e+01 1.61746564e-02 6.12948786e-02
5.84624128e+01 1.61746564e-02 6.13188060e-02
5.85026762e+01 1.61746564e-02 6.13427259e-02
5.85429395e+01 1.61746564e-02 6.13666385e-02
5.85832029e+01 1.61746564e-02 6.13905437e-02
5.86234663e+01 1.61746564e-02 6.14144418e-02
5.86637296e+01 1.61746564e-02 6.14383326e-02
5.87039930e+01 1.61746564e-02 6.14622165e-02
5.87442564e+01 1.61746564e-02 6.14860933e-02
5.87845197e+01 1.61746564e-02 6.15099632e-02
5.88247831e+01 1.61746564e-02 6.15338263e-02
5.88650465e+01 1.61746564e-02 6.15576826e-02
5.89053098e+01 1.61746564e-02 6.15815322e-02
5.89455732e+01 1.61746564e-02 6.16053752e-02
5.89858366e+01 1.61746564e-02 6.16292116e-02
5.90261000e+01 1.61746564e-02 6.16530415e-02
5.90663633e+01 1.61746564e-02 6.16768649e-02
5.91066267e+01 1.61746564e-02 6.17006821e-02
5.91468901e+01 1.61746564e-02 6.17244929e-02
5.91871534e+01 1.61746564e-02 6.17482974e-02
5.92274168e+01 1.61746564e-02 6.17720958e-02
5.92676802e+01 1.61746563e-02 6.17958881e-02
5.93079435e+01 1.61746563e-02 6.18196743e-02
5.93482069e+01 1.61746563e-02 6.18434545e-02
5.93884703e+01 1.61746563e-02 6.18672287e-02
5.94287337e+01 1.61746563e-02 6.18909970e-02
5.94689970e+01 1.61746563e-02 6.19147595e-02
5.95092604e+01 1.61746563e-02 6.19385162e-02
5.95495238e+01 1.61746563e-02 6.19622672e-02
5.95897871e+01 1.61746563e-02 6.19860124e-02
5.96300505e+01 1.61746563e-02 6.20097520e-02
5.96703139e+01 1.61746563e-02 6.20334860e-02
5.97105772e+01 1.61746563e-02 6.20572144e-02
5.97508406e+01 1.61746563e-02 6.20809373e-02
5.97911040e+01 1.61746563e-02 6.21046548e-02
5.98313673e+01 1.61746563e-02 6.21283668e-02
5.98716307e+01 1.61746563e-02 6.21520734e-02
5.99118941e+01 1.61746563e-02 6.21757746e-02
5.99521575e+01 1.61746563e-02 6.21994706e-02
5.99924208e+01 1.61746563e-02 6.22231612e-02
6.00326842e+01 1.61746563e-02 6.22468466e-02
6.00729476e+01 1.61746563e-02 6.22705268e-02
6.01132109e+01 1.61746563e-02 6.22942018e-02
6.01534743e+01 1.61746563e-02 6.23178717e-02
6.01937377e+01 1.61746562e-02 6.23415364e-02
6.02340010e+01 1.61746562e-02 6.23651960e-02
6.02742644e+01 1.61746562e-02 6.23888506e-02
6.03145278e+01 1.61746562e-02 6.24125001e-02
6.03547912e+01 1.61746562e-02 6.24361446e-02
6.03950545e+01 1.61746562e-02 6.24597841e-02
6.04353179e+01 1.61746562e-02 6.24834186e-02
6.04755813e+01 1.61746562e-02 6.25070482e-02
6.05158446e+01 1.61746562e-02 6.25306729e-02
6.05561080e+01 1.61746562e-02 6.25542926e-02
6.05963714e+01 1.61746562e-02 6.25779074e-02
6.06366347e+01 1.61746562e-02 6.26015174e-02
6.06768981e+01 1.61746562e-02 6.26251224e-02
6.07171615e+01 1.61746562e-02 6.26487227e-02
6.07574249e+01 1.61746562e-02 6.26723180e-02
6.07976882e+01 1.61746562e-02 6.26959086e-02
6.08379516e+01 1.61746562e-02 6.27194943e-02
6.08782150e+01 1.61746562e-02 6.27430752e-02
6.09184783e+01 1.61746562e-02 6.27666513e-02
6.09587417e+01 1.61746562e-02 6.27902226e-02
6.09990051e+01 1.61746562e-02 6.28137891e-02
6.10392684e+01 1.61746562e-02 6.28373508e-02
6.10795318e+01 1.61746562e-02 6.28609077e-02
6.11197952e+01 1.61746562e-02 6.28844598e-02
6.11600585e+01 1.61746562e-02 6.29080071e-02
6.12003219e+01 1.61746561e-02 6.29315496e-02
6.12405853e+01 1.61746561e-02 6.29550873e-02
6.12808487e+01 1.61746561e-02 6.29786203e-02
6.13211120e+01 1.61746561e-02 6.30021484e-02
6.13613754e+01 1.61746561e-02 6.30256717e-02
6.14016388e+01 1.61746561e-02 6.30491901e-02
6.14419021e+01 1.61746561e-02 6.30727038e-02
6.14821655e+01 1.61746561e-02 6.30962126e-02
6.15224289e+01 1.61746561e-02 6.31197165e-02
6.15626922e+01 1.61746561e-02 6.31432156e-02
6.16029556e+01 1.61746561e-02 6.31667098e-02
6.16432190e+01 1.61746561e-02 6.31901991e-02
6.16834824e+01 1.61746561e-02 6.32136835e-02
6.17237457e+01 1.61746561e-02 6.32371630e-02
6.17640091e+01 1.61746561e-02 6.32606375e-02
6.18042725e+01 1.61746561e-02 6.32841070e-02
6.18445358e+01 1.61746561e-02 6.33075716e-02
6.18847992e+01 1.61746561e-02 6.33310311e-02
6.19250626e+01 1.61746561e-02 6.33544856e-02
6.19653259e+01 1.61746561e-02 6.33779351e-02
6.20055893e+01 1.61746561e-02 6.34013795e-02
6.20458527e+01 1.61746561e-02 6.34248187e-02
6.20861161e+01 1.61746561e-02 6.34482528e-02
6.21263794e+01 1.61746561e-02 6.34716818e-02
6.21666428e+01 1.61746561e-02 6.34951055e-02
6.22069062e+01 1.61746561e-02 6.35185240e-02
6.22471695e+01 1.61746561e-02 6.35419373e-02
6.22874329e+01 1.61746560e-02 6.35653452e-02
6.23276963e+01 1.61746560e-02 6.35887478e-02
6.23679596e+01 1.61746560e-02 6.36121451e-02
6.24082230e+01 1.61746560e-02 6.36355369e-02
6.24484864e+01 1.61746560e-02 6.36589233e-02
6.24887497e+01 1.61746560e-02 6.36823041e-02
6.25290131e+01 1.61746560e-02 6.37056795e-02
6.25692765e+01 1.61746560e-02 6.37290493e-02
6.26095399e+01 1.61746560e-02 6.37524135e-02
6.26498032e+01 1.61746560e-02 6.37757720e-02
6.26900666e+01 1.61746560e-02 6.37991247e-02
6.27303300e+01 1.61746560e-02 6.38224718e-02
6.27705933e+01 1.61746560e-02 6.38458130e-02
6.28108567e+01 1.61746560e-02 6.38691484e-02
6.28511201e+01 1.61746560e-02 6.38924779e-02
6.28913834e+01 1.61746560e-02 6.39158014e-02
6.29316468e+01 1.61746560e-02 6.39391189e-02
6.29719102e+01 1.61746560e-02 6.39624304e-02
6.30121736e+01 1.61746560e-02 6.39857357e-02
6.30524369e+01 1.61746560e-02 6.40090349e-02
6.30927003e+01 1.61746560e-02 6.40323278e-02
6.31329637e+01 1.61746560e-02 6.40556144e-02
6.31732270e+01 1.61746560e-02 6.40788947e-02
6.32134904e+01 1.61746560e-02 6.41021686e-02
6.32537538e+01 1.61746560e-02 6.41254360e-02
6.32940171e+01 1.61746560e-02 6.41486968e-02
6.33342805e+01 1.61746560e-02 6.41719511e-02
6.33745439e+01 1.61746560e-02 6.41951987e-02
6.34148073e+01 1.61746559e-02 6.42184395e-02
6.34550706e+01 1.61746559e-02 6.42416736e-02
6.34953340e+01 1.61746559e-02 6.42649008e-02
6.35355974e+01 1.61746559e-02 6.42881210e-02
6.35758607e+01 1.61746559e-02 6.43113342e-02
6.36161241e+01 1.61746559e-02 6.43345403e-02
6.36563875e+01 1.61746559e-02 6.43577393e-02
6.36966508e+01 1.61746559e-02 6.43809311e-02
6.37369142e+01 1.61746559e-02 6.44041156e-02
6.37771776e+01 1.61746559e-02 6.44272931e-02
6.38174409e+01 1.61746559e-02 6.44504636e-02
6.38577043e+01 1.61746559e-02 6.44736270e-02
6.38979677e+01 1.61746559e-02 6.44967836e-02
6.39382311e+01 1.61746559e-02 6.45199334e-02
6.39784944e+01 1.61746559e-02 6.45430764e-02
6.40187578e+01 1.61746559e-02 6.45662128e-02
6.40590212e+01 1.61746559e-02 6.45893425e-02
6.40992845e+01 1.61746559e-02 6.46124656e-02
6.41395479e+01 1.61746559e-02 6.46355823e-02
6.41798113e+01 1.61746559e-02 6.46586926e-02
6.42200746e+01 1.61746559e-02 6.46817965e-02
6.42603380e+01 1.61746559e-02 6.47048941e-02
6.43006014e+01 1.61746559e-02 6.47279854e-02
6.43408648e+01 1.61746559e-02 6.47510706e-02
6.43811281e+01 1.61746559e-02 6.47741497e-02
6.44213915e+01 1.61746559e-02 6.47972227e-02
6.44616549e+01 1.61746559e-02 6.48202897e-02
6.45019182e+01 1.61746559e-02 6.48433507e-02
6.45421816e+01 1.61746559e-02 6.48664059e-02
6.45824450e+01 1.61746559e-02 6.48894552e-02
6.46227083e+01 1.61746558e-02 6.49124988e-02
6.46629717e+01 1.61746558e-02 6.49355366e-02
6.47032351e+01 1.61746558e-02 6.49585687e-02
6.47434985e+01 1.61746558e-02 6.49815952e-02
6.47837618e+01 1.61746558e-02 6.50046161e-02
6.48240252e+01 1.61746558e-02 6.50276315e-02
6.48642886e+01 1.61746558e-02 6.50506414e-02
6.49045519e+01 1.61746558e-02 6.50736459e-02
6.49448153e+01 1.61746558e-02 6.50966450e-02
6.49850787e+01 1.61746558e-02 6.51196388e-02
6.50253420e+01 1.61746558e-02 6.51426272e-02
6.50656054e+01 1.61746558e-02 6.51656104e-02
6.51058688e+01 1.61746558e-02 6.51885884e-02
6.51461321e+01 1.61746558e-02 6.52115612e-02
6.51863955e+01 1.61746558e-02 6.52345289e-02
6.52266589e+01 1.61746558e-02 6.52574915e-02
6.52669223e+01 1.61746558e-02 6.52804491e-02
6.53071856e+01 1.61746558e-02 6.53034016e-02
6.53474490e+01 1.61746558e-02 6.53263492e-02
6.53877124e+01 1.61746558e-02 6.53492918e-02
6.54279757e+01 1.61746558e-02 6.53722295e-02
6.54682391e+01 1.61746558e-02 6.53951623e-02
6.55085025e+01 1.61746558e-02 6.54180904e-02
6.55487658e+01 1.61746558e-02 6.54410136e-02
6.55890292e+01 1.61746558e-02 6.54639320e-02
6.56292926e+01 1.61746558e-02 6.54868457e-02
6.56695560e+01 1.61746558e-02 6.55097547e-02
6.57098193e+01 1.61746558e-02 6.55326590e-02
6.57500827e+01 1.61746558e-02 6.55555586e-02
6.57903461e+01 1.61746558e-02 6.55784537e-02
6.58306094e+01 1.61746558e-02 6.56013441e-02
6.58708728e+01 1.61746558e-02 6.56242299e-02
6.59111362e+01 1.61746558e-02 6.56471112e-02
6.59513995e+01 1.61746557e-02 6.56699880e-02
6.59916629e+01 1.61746557e-02 6.56928603e-02
6.60319263e+01 1.61746557e-02 6.57157281e-02
6.60721897e+01 1.61746557e-02 6.57385914e-02
6.61124530e+01 1.61746557e-02 6.57614503e-02
6.61527164e+01 1.61746557e-02 6.57843047e-02
6.61929798e+01 1.61746557e-02 6.58071548e-02
6.62332431e+01 1.61746557e-02 6.58300005e-02
6.62735065e+01 1.61746557e-02 6.58528418e-02
6.63137699e+01 1.61746557e-02 6.58756788e-02
6.63540332e+01 1.61746557e-02 6.58985114e-02
6.63942966e+01 1.61746557e-02 6.59213397e-02
6.64345600e+01 1.61746557e-02 6.59441637e-02
6.64748233e+01 1.61746557e-02 6.59669834e-02
6.65150867e+01 1.61746557e-02 6.59897988e-02
6.65553501e+01 1.61746557e-02 6.60126099e-02
6.65956135e+01 1.61746557e-02 6.60354168e-02
6.66358768e+01 1.61746557e-02 6.60582194e-02
6.66761402e+01 1.61746557e-02 6.60810177e-02
6.67164036e+01 1.61746557e-02 6.61038119e-02
6.67566669e+01 1.61746557e-02 6.61266017e-02
6.67969303e+01 1.61746557e-02 6.61493874e-02
6.68371937e+01 1.61746557e-02 6.61721688e-02
6.68774570e+01 1.61746557e-02 6.61949460e-02
6.69177204e+01 1.61746557e-02 6.62177190e-02
6.69579838e+01 1.61746557e-02 6.62404878e-02
6.69982472e+01 1.61746557e-02 6.62632523e-02
6.70385105e+01 1.61746557e-02 6.62860126e-02
6.70787739e+01 1.61746557e-02 6.63087687e-02
6.71190373e+01 1.61746557e-02 6.63315206e-02
6.71593006e+01 1.61746557e-02 6.63542683e-02
6.71995640e+01 1.61746557e-02 6.63770117e-02
6.72398274e+01 1.61746557e-02 6.63997510e-02
6.72800907e+01 1.61746557e-02 6.64224859e-02
6.73203541e+01 1.61746557e-02 6.64452167e-02
6.73606175e+01 1.61746556e-02 6.64679432e-02
6.74008809e+01 1.61746556e-02 6.64906654e-02
6.74411442e+01 1.61746556e-02 6.65133834e-02
6.74814076e+01 1.61746556e-02 6.65360971e-02
6.75216710e+01 1.61746556e-02 6.65588066e-02
6.75619343e+01 1.61746556e-02 6.65815117e-02
6.76021977e+01 1.61746556e-02 6.66042125e-02
6.76424611e+01 1.61746556e-02 6.66269091e-02
6.76827244e+01 1.61746556e-02 6.66496012e-02
6.77229878e+01 1.61746556e-02 6.66722891e-02
6.77632512e+01 1.61746556e-02 6.66949726e-02
6.78035145e+01 1.61746556e-02 6.67176517e-02
6.78437779e+01 1.61746556e-02 6.67403264e-02
6.78840413e+01 1.61746556e-02 6.67629967e-02
6.79243047e+01 1.61746556e-02 6.67856626e-02
6.79645680e+01 1.61746556e-02 6.68083240e-02
6.80048314e+01 1.61746556e-02 6.68309810e-02
6.80450948e+01 1.61746556e-02 6.68536334e-02
6.80853581e+01 1.61746556e-02 6.68762814e-02
6.81256215e+01 1.61746556e-02 6.68989248e-02
6.81658849e+01 1.61746556e-02 6.69215637e-02
6.82061482e+01 1.61746556e-02 6.69441980e-02
6.82464116e+01 1.61746556e-02 6.69668277e-02
6.82866750e+01 1.61746556e-02 6.69894528e-02
6.83269384e+01 1.61746556e-02 6.70120732e-02
6.83672017e+01 1.61746556e-02 6.70346889e-02
6.84074651e+01 1.61746556e-02 6.70572999e-02
6.84477285e+01 1.61746556e-02 6.70799061e-02
6.84879918e+01 1.61746556e-02 6.71025076e-02
6.85282552e+01 1.61746556e-02 6.71251043e-02
6.85685186e+01 1.61746556e-02 6.71476961e-02
6.86087819e+01 1.61746556e-02 6.71702831e-02
6.86490453e+01 1.61746556e-02 6.71928651e-02
6.86893087e+01 1.61746556e-02 6.72154422e-02
6.87295720e+01 1.61746556e-02 6.72380144e-02
6.87698354e+01 1.61746556e-02 6.72605815e-02
6.88100988e+01 1.61746556e-02 6.72831436e-02
6.88503622e+01 1.61746556e-02 6.73057007e-02
6.88906255e+01 1.61746555e-02 6.73282526e-02
6.89308889e+01 1.61746555e-02 6.73507993e-02
6.89711523e+01 1.61746555e-02 6.73733408e-02
6.90114156e+01 1.61746555e-02 6.73958771e-02
6.90516790e+01 1.61746555e-02 6.74184081e-02
6.90919424e+01 1.61746555e-02 6.74409338e-02
6.91322057e+01 1.61746555e-02 6.74634542e-02
6.91724691e+01 1.61746555e-02 6.74859691e-02
6.92127325e+01 1.61746555e-02 6.75084785e-02
6.92529959e+01 1.61746555e-02 6.75309825e-02
6.92932592e+01 1.61746555e-02 6.75534809e-02
6.93335226e+01 1.61746555e-02 6.75759737e-02
6.93737860e+01 1.61746555e-02 6.75984609e-02
6.94140493e+01 1.61746555e-02 6.76209424e-02
6.94543127e+01 1.61746555e-02 6.76434181e-02
6.94945761e+01 1.61746555e-02 6.76658880e-02
6.95348394e+01 1.61746555e-02 6.76883521e-02
6.95751028e+01 1.61746555e-02 6.77108104e-02
6.96153662e+01 1.61746555e-02 6.77332626e-02
6.96556296e+01 1.61746555e-02 6.77557089e-02
6.96958929e+01 1.61746555e-02 6.77781491e-02
6.97361563e+01 1.61746555e-02 6.78005832e-02
6.97764197e+01 1.61746555e-02 6.78230111e-02
6.98166830e+01 1.61746555e-02 6.78454328e-02
6.98569464e+01 1.61746555e-02 6.78678482e-02
6.98972098e+01 1.61746555e-02 6.78902573e-02
6.99374731e+01 1.61746555e-02 6.79126600e-02
6.99777365e+01 1.61746555e-02 6.79350563e-02
7.00179999e+01 1.61746555e-02 6.79574463e-02
7.00582632e+01 1.61746555e-02 6.79798301e-02
7.00985266e+01 1.61746555e-02 6.80022077e-02
7.01387900e+01 1.61746555e-02 6.80245792e-02
7.01790534e+01 1.61746555e-02 6.80469446e-02
7.02193167e+01 1.61746555e-02 6.80693039e-02
7.02595801e+01 1.61746555e-02 6.80916573e-02
7.02998435e+01 1.61746555e-02 6.81140048e-02
7.03401068e+01 1.61746555e-02 6.81363465e-02
7.03803702e+01 1.61746555e-02 6.81586823e-02
7.04206336e+01 1.61746555e-02 6.81810123e-02
7.04608969e+01 1.61746555e-02 6.82033367e-02
7.05011603e+01 1.61746555e-02 6.82256554e-02
7.05414237e+01 1.61746555e-02 6.82479685e-02
7.05816871e+01 1.61746554e-02 6.82702760e-02
7.06219504e+01 1.61746554e-02 6.82925780e-02
7.06622138e+01 1.61746554e-02 6.83148746e-02
7.07024772e+01 1.61746554e-02 6.83371657e-02
7.07427405e+01 1.61746554e-02 6.83594515e-02
7.07830039e+01 1.61746554e-02 6.83817319e-02
7.08232673e+01 1.61746554e-02 6.84040071e-02
7.08635306e+01 1.61746554e-02 6.84262770e-02
7.09037940e+01 1.61746554e-02 6.84485417e-02
7.09440574e+01 1.61746554e-02 6.84708013e-02
7.09843208e+01 1.61746554e-02 6.84930557e-02
7.10245841e+01 1.61746554e-02 6.85153051e-02
7.10648475e+01 1.61746554e-02 6.85375495e-02
7.11051109e+01 1.61746554e-02 6.85597889e-02
7.11453742e+01 1.61746554e-02 6.85820233e-02
7.11856376e+01 1.61746554e-02 6.86042529e-02
7.12259010e+01 1.61746554e-02 6.86264776e-02
7.12661643e+01 1.61746554e-02 6.86486974e-02
7.13064277e+01 1.61746554e-02 6.86709124e-02
7.13466911e+01 1.61746554e-02 6.86931227e-02
7.13869544e+01 1.61746554e-02 6.87153283e-02
7.14272178e+01 1.61746554e-02 6.87375292e-02
7.14674812e+01 1.61746554e-02 6.87597254e-02
7.15077446e+01 1.61746554e-02 6.87819171e-02
7.15480079e+01 1.61746554e-02 6.88041041e-02
7.15882713e+01 1.61746554e-02 6.88262866e-02
7.16285347e+01 1.61746554e-02 6.88484645e-02
7.16687980e+01 1.61746554e-02 6.88706380e-02
7.17090614e+01 1.61746554e-02 6.88928070e-02
7.17493248e+01 1.61746554e-02 6.89149716e-02
7.17895881e+01 1.61746554e-02 6.89371319e-02
7.18298515e+01 1.61746554e-02 6.89592877e-02
7.18701149e+01 1.61746554e-02 6.89814392e-02
7.19103783e+01 1.61746554e-02 6.90035864e-02
7.19506416e+01 1.61746554e-02 6.90257293e-02
7.19909050e+01 1.61746554e-02 6.90478679e-02
7.20311684e+01 1.61746554e-02 6.90700023e-02
7.20714317e+01 1.61746554e-02 6.90921326e-02
7.21116951e+01 1.61746554e-02 6.91142586e-02
7.21519585e+01 1.61746554e-02 6.91363805e-02
7.21922218e+01 1.61746554e-02 6.91584982e-02
7.22324852e+01 1.61746554e-02 6.91806118e-02
7.22727486e+01 1.61746554e-02 6.92027214e-02
7.23130120e+01 1.61746554e-02 6.92248268e-02
7.23532753e+01 1.61746554e-02 6.92469282e-02
7.23935387e+01 1.61746553e-02 6.92690256e-02
7.24338021e+01 1.61746553e-02 6.92911190e-02
7.24740654e+01 1.61746553e-02 6.93132084e-02
7.25143288e+01 1.61746553e-02 6.93352939e-02
7.25545922e+01 1.61746553e-02 6.93573754e-02
7.25948555e+01 1.61746553e-02 6.93794529e-02
7.26351189e+01 1.61746553e-02 6.94015265e-02
7.26753823e+01 1.61746553e-02 6.94235963e-02
7.27156456e+01 1.61746553e-02 6.94456621e-02
7.27559090e+01 1.61746553e-02 6.94677241e-02
7.27961724e+01 1.61746553e-02 6.94897822e-02
7.28364358e+01 1.61746553e-02 6.95118365e-02
7.28766991e+01 1.61746553e-02 6.95338869e-02
7.29169625e+01 1.61746553e-02 6.95559336e-02
7.29572259e+01 1.61746553e-02 6.95779764e-02
7.29974892e+01 1.61746553e-02 6.96000154e-02
7.30377526e+01 1.61746553e-02 6.96220507e-02
7.30780160e+01 1.61746553e-02 6.96440821e-02
7.31182793e+01 1.61746553e-02 6.96661098e-02
7.31585427e+01 1.61746553e-02 6.96881338e-02
7.31988061e+01 1.61746553e-02 6.97101540e-02
7.32390695e+01 1.61746553e-02 6.97321705e-02
7.32793328e+01 1.61746553e-02 6.97541832e-02
7.33195962e+01 1.61746553e-02 6.97761922e-02
7.33598596e+01 1.61746553e-02 6.97981975e-02
7.34001229e+01 1.61746553e-02 6.98201990e-02
7.34403863e+01 1.61746553e-02 6.98421969e-02
7.34806497e+01 1.61746553e-02 6.98641910e-02
7.35209130e+01 1.61746553e-02 6.98861815e-02
7.35611764e+01 1.61746553e-02 6.99081682e-02
7.36014398e+01 1.61746553e-02 6.99301512e-02
7.36417032e+01 1.61746553e-02 6.99521306e-02
7.36819665e+01 1.61746553e-02 6.99741062e-02
7.37222299e+01 1.61746553e-02 6.99960782e-02
7.37624933e+01 1.61746553e-02 7.00180464e-02
7.38027566e+01 1.61746553e-02 7.00400110e-02
7.38430200e+01 1.61746553e-02 7.00619718e-02
7.38832834e+01 1.61746553e-02 7.00839290e-02
7.39235467e+01 1.61746553e-02 7.01058825e-02
7.39638101e+01 1.61746553e-02 7.01278322e-02
7.40040735e+01 1.61746553e-02 7.01497782e-02
7.40443368e+01 1.61746553e-02 7.01717206e-02
7.40846002e+01 1.61746553e-02 7.01936592e-02
7.41248636e+01 1.61746553e-02 7.02155940e-02
7.41651270e+01 1.61746553e-02 7.02375252e-02
7.42053903e+01 1.61746553e-02 7.02594526e-02
7.42456537e+01 1.61746553e-02 7.02813763e-02
7.42859171e+01 1.61746553e-02 7.03032962e-02
7.43261804e+01 1.61746553e-02 7.03252123e-02
7.43664438e+01 1.61746553e-02 7.03471247e-02
7.44067072e+01 1.61746553e-02 7.03690333e-02
7.44469705e+01 1.61746552e-02 7.03909381e-02
7.44872339e+01 1.61746552e-02 7.04128391e-02
7.45274973e+01 1.61746552e-02 7.04347363e-02
7.45677607e+01 1.61746552e-02 7.04566297e-02
7.46080240e+01 1.61746552e-02 7.04785192e-02
7.46482874e+01 1.61746552e-02 7.05004049e-02
7.46885508e+01 1.61746552e-02 7.05222867e-02
7.47288141e+01 1.61746552e-02 7.05441647e-02
7.47690775e+01 1.61746552e-02 7.05660387e-02
7.48093409e+01 1.61746552e-02 7.05879089e-02
7.48496042e+01 1.61746552e-02 7.06097751e-02
7.48898676e+01 1.61746552e-02 7.06316374e-02
7.49301310e+01 1.61746552e-02 7.06534957e-02
7.49703944e+01 1.61746552e-02 7.06753501e-02
7.50106577e+01 1.61746552e-02 7.06972004e-02
7.50509211e+01 1.61746552e-02 7.07190468e-02
7.50911845e+01 1.61746552e-02 7.07408891e-02
7.51314478e+01 1.61746552e-02 7.07627273e-02
7.51717112e+01 1.61746552e-02 7.07845615e-02
7.52119746e+01 1.61746552e-02 7.08063916e-02
7.52522379e+01 1.61746552e-02 7.08282176e-02
7.52925013e+01 1.61746552e-02 7.08500394e-02
7.53327647e+01 1.61746552e-02 7.08718571e-02
7.53730280e+01 1.61746552e-02 7.08936706e-02
7.54132914e+01 1.61746552e-02 7.09154799e-02
7.54535548e+01 1.61746552e-02 7.09372849e-02
7.54938182e+01 1.61746552e-02 7.09590857e-02
7.55340815e+01 1.61746552e-02 7.09808823e-02
7.55743449e+01 1.61746552e-02 7.10026745e-02
7.56146083e+01 1.61746552e-02 7.10244623e-02
7.56548716e+01 1.61746552e-02 7.10462458e-02
7.56951350e+01 1.61746552e-02 7.10680250e-02
7.57353984e+01 1.61746552e-02 7.10897996e-02
7.57756617e+01 1.61746552e-02 7.11115699e-02
7.58159251e+01 1.61746552e-02 7.11333357e-02
7.58561885e+01 1.61746552e-02 7.11550969e-02
7.58964519e+01 1.61746552e-02 7.11768536e-02
7.59367152e+01 1.61746552e-02 7.11986058e-02
7.59769786e+01 1.61746552e-02 7.12203533e-02
7.60172420e+01 1.61746552e-02 7.12420962e-02
7.60575053e+01 1.61746552e-02 7.12638345e-02
7.60977687e+01 1.61746552e-02 7.12855680e-02
7.61380321e+01 1.61746552e-02 7.13072968e-02
7.61782954e+01 1.61746552e-02 7.13290209e-02
7.62185588e+01 1.61746552e-02 7.13507401e-02
7.62588222e+01 1.61746552e-02 7.13724545e-02
7.62990856e+01 1.61746552e-02 7.13941640e-02
7.63393489e+01 1.61746552e-02 7.14158686e-02
7.63796123e+01 1.61746552e-02 7.14375682e-02
7.64198757e+01 1.61746552e-02 7.14592629e-02
7.64601390e+01 1.61746552e-02 7.14809525e-02
7.65004024e+01 1.61746552e-02 7.15026370e-02
7.65406658e+01 1.61746552e-02 7.15243165e-02
7.65809291e+01 1.61746552e-02 7.15459908e-02
7.66211925e+01 1.61746552e-02 7.15676599e-02
7.66614559e+01 1.61746552e-02 7.15893238e-02
7.67017192e+01 1.61746551e-02 7.16109824e-02
7.67419826e+01 1.61746551e-02 7.16326357e-02
7.67822460e+01 1.61746551e-02 7.16542836e-02
7.68225094e+01 1.61746551e-02 7.16759262e-02
7.68627727e+01 1.61746551e-02 7.16975632e-02
7.69030361e+01 1.61746551e-02 7.17191948e-02
7.69432995e+01 1.61746551e-02 7.17408209e-02
7.69835628e+01 1.61746551e-02 7.17624414e-02
7.70238262e+01 1.61746551e-02 7.17840563e-02
7.70640896e+01 1.61746551e-02 7.18056655e-02
7.71043529e+01 1.61746551e-02 7.18272692e-02
7.71446163e+01 1.61746551e-02 7.18488673e-02
7.71848797e+01 1.61746551e-02 7.18704600e-02
7.72251431e+01 1.61746551e-02 7.18920472e-02
7.72654064e+01 1.61746551e-02 7.19136290e-02
7.73056698e+01 1.61746551e-02 7.19352054e-02
7.73459332e+01 1.61746551e-02 7.19567765e-02
7.73861965e+01 1.61746551e-02 7.19783424e-02
7.74264599e+01 1.61746551e-02 7.19999030e-02
7.74667233e+01 1.61746551e-02 7.20214584e-02
7.75069866e+01 1.61746551e-02 7.20430087e-02
7.75472500e+01 1.61746551e-02 7.20645539e-02
7.75875134e+01 1.61746551e-02 7.20860940e-02
7.76277767e+01 1.61746551e-02 7.21076291e-02
7.76680401e+01 1.61746551e-02 7.21291592e-02
7.77083035e+01 1.61746551e-02 7.21506843e-02
7.77485669e+01 1.61746551e-02 7.21722046e-02
7.77888302e+01 1.61746551e-02 7.21937199e-02
7.78290936e+01 1.61746551e-02 7.22152304e-02
7.78693570e+01 1.61746551e-02 7.22367361e-02
7.79096203e+01 1.61746551e-02 7.22582371e-02
7.79498837e+01 1.61746551e-02 7.22797333e-02
7.79901471e+01 1.61746551e-02 7.23012249e-02
7.80304104e+01 1.61746551e-02 7.23227117e-02
7.80706738e+01 1.61746551e-02 7.23441940e-02
7.81109372e+01 1.61746551e-02 7.23656717e-02
7.81512006e+01 1.61746551e-02 7.23871448e-02
7.81914639e+01 1.61746551e-02 7.24086134e-02
7.82317273e+01 1.61746551e-02 7.24300775e-02
7.82719907e+01 1.61746551e-02 7.24515371e-02
7.83122540e+01 1.61746551e-02 7.24729924e-02
7.83525174e+01 1.61746551e-02 7.24944432e-02
7.83927808e+01 1.61746551e-02 7.25158897e-02
7.84330441e+01 1.61746551e-02 7.25373318e-02
7.84733075e+01 1.61746551e-02 7.25587697e-02
7.85135709e+01 1.61746551e-02 7.25802033e-02
7.85538343e+01 1.61746551e-02 7.26016326e-02
7.85940976e+01 1.61746551e-02 7.26230577e-02
7.86343610e+01 1.61746551e-02 7.26444787e-02
7.86746244e+01 1.61746551e-02 7.26658955e-02
7.87148877e+01 1.61746551e-02 7.26873082e-02
7.87551511e+01 1.61746551e-02 7.27087167e-02
7.87954145e+01 1.61746551e-02 7.27301212e-02
7.88356778e+01 1.61746551e-02 7.27515217e-02
7.88759412e+01 1.61746551e-02 7.27729181e-02
7.89162046e+01 1.61746551e-02 7.27943106e-02
7.89564679e+01 1.61746551e-02 7.28156991e-02
7.89967313e+01 1.61746551e-02 7.28370836e-02
7.90369947e+01 1.61746551e-02 7.28584642e-02
7.90772581e+01 1.61746551e-02 7.28798409e-02
7.91175214e+01 1.61746551e-02 7.29012138e-02
7.91577848e+01 1.61746551e-02 7.29225828e-02
7.91980482e+01 1.61746550e-02 7.29439480e-02
7.92383115e+01 1.61746550e-02 7.29653093e-02
7.92785749e+01 1.61746550e-02 7.29866669e-02
7.93188383e+01 1.61746550e-02 7.30080207e-02
7.93591016e+01 1.61746550e-02 7.30293708e-02
7.93993650e+01 1.61746550e-02 7.30507172e-02
7.94396284e+01 1.61746550e-02 7.30720599e-02
7.94798918e+01 1.61746550e-02 7.30933988e-02
7.95201551e+01 1.61746550e-02 7.31147342e-02
7.95604185e+01 1.61746550e-02 7.31360659e-02
7.96006819e+01 1.61746550e-02 7.31573939e-02
7.96409452e+01 1.61746550e-02 7.31787184e-02
7.96812086e+01 1.61746550e-02 7.32000392e-02
7.97214720e+01 1.61746550e-02 7.32213565e-02
7.97617353e+01 1.61746550e-02 7.32426703e-02
7.98019987e+01 1.61746550e-02 7.32639805e-02
7.98422621e+01 1.61746550e-02 7.32852872e-02
7.98825255e+01 1.61746550e-02 7.33065904e-02
7.99227888e+01 1.61746550e-02 7.33278900e-02
7.99630522e+01 1.61746550e-02 7.33491862e-02
8.00033156e+01 1.61746550e-02 7.33704790e-02
