#	Time	Error_of_Energy	Error_of_Position
4.22285784e-02 -5.42043886e-05 6.10130589e-06
8.44571568e-02 -1.23136142e-04 9.70301265e-06
1.26685735e-01 -1.62021942e-04 1.07709929e-05
1.68914314e-01 -1.75128470e-04 1.11402768e-05
2.11142892e-01 -1.78176469e-04 1.20163133e-05
2.53371470e-01 -1.78883992e-04 1.34675337e-05
2.95600049e-01 -1.79343493e-04 1.51797695e-05
3.37828627e-01 -1.79837622e-04 1.69258016e-05
3.80057205e-01 -1.80311653e-04 1.86016589e-05
4.22285784e-01 -1.80715095e-04 2.01717242e-05
4.64514362e-01 -1.81035204e-04 2.16281653e-05
5.06742941e-01 -1.81279859e-04 2.29767759e-05
5.48971519e-01 -1.81463457e-04 2.42250737e-05
5.91200097e-01 -1.81600268e-04 2.53856079e-05
6.33428676e-01 -1.81702171e-04 2.64638322e-05
6.75657254e-01 -1.81778342e-04 2.74752929e-05
7.17885832e-01 -1.81835612e-04 2.84176555e-05
7.60114411e-01 -1.81878981e-04 2.93051015e-05
8.02342989e-01 -1.81912082e-04 3.01430143e-05
8.44571568e-01 -1.81937552e-04 3.09383831e-05
8.86800146e-01 -1.81957311e-04 3.16877420e-05
9.29028724e-01 -1.81972764e-04 3.23992498e-05
9.71257303e-01 -1.81984945e-04 3.30777987e-05
1.01348588e+00 -1.81994619e-04 3.37314163e-05
1.05571446e+00 -1.82002359e-04 3.43474422e-05
1.09794304e+00 -1.82008595e-04 3.49360461e-05
1.14017162e+00 -1.82013652e-04 3.55036062e-05
1.18240019e+00 -1.82017780e-04 3.60506469e-05
1.22462877e+00 -1.82021169e-04 3.65777869e-05
1.26685735e+00 -1.82023968e-04 3.70887067e-05
1.30908593e+00 -1.82026293e-04 3.75869636e-05
1.35131451e+00 -1.82028233e-04 3.80696871e-05
1.39354309e+00 -1.82029861e-04 3.85262717e-05
1.43577166e+00 -1.82031233e-04 3.89545128e-05
1.47800024e+00 -1.82032395e-04 3.93943338e-05
1.52022882e+00 -1.82033382e-04 3.98300887e-05
1.56245740e+00 -1.82034226e-04 4.02131014e-05
1.60468598e+00 -1.82034949e-04 4.06223928e-05
1.64691456e+00 -1.82035570e-04 4.10162770e-05
1.68914314e+00 -1.82036107e-04 4.13658472e-05
1.73137171e+00 -1.82036573e-04 4.17683086e-05
1.77360029e+00 -1.82036977e-04 4.20828159e-05
1.81582887e+00 -1.82037329e-04 4.24787867e-05
1.85805745e+00 -1.82037638e-04 4.27699237e-05
1.90028603e+00 -1.82037908e-04 4.31557140e-05
1.94251461e+00 -1.82038146e-04 4.34324695e-05
1.98474318e+00 -1.82038356e-04 4.37942298e-05
2.02697176e+00 -1.82038541e-04 4.40872984e-05
2.06920034e+00 -1.82038705e-04 4.43821529e-05
2.11142892e+00 -1.82038851e-04 4.47276738e-05
2.15365750e+00 -1.82038981e-04 4.49497676e-05
2.19588608e+00 -1.82039097e-04 4.53005335e-05
2.23811465e+00 -1.82039201e-04 4.55800862e-05
2.28034323e+00 -1.82039294e-04 4.57938071e-05
2.32257181e+00 -1.82039377e-04 4.61504579e-05
2.36480039e+00 -1.82039452e-04 4.63985301e-05
2.40702897e+00 -1.82039520e-04 4.65911585e-05
2.44925755e+00 -1.82039581e-04 4.69402678e-05
2.49148612e+00 -1.82039636e-04 4.72007924e-05
2.53371470e+00 -1.82039686e-04 4.73534044e-05
2.57594328e+00 -1.82039732e-04 4.76573941e-05
2.61817186e+00 -1.82039773e-04 4.79728176e-05
2.66040044e+00 -1.82039811e-04 4.81385952e-05
2.70262902e+00 -1.82039845e-04 4.83059803e-05
2.74485759e+00 -1.82039876e-04 4.86456060e-05
2.78708617e+00 -1.82039904e-04 4.89225677e-05
2.82931475e+00 -1.82039931e-04 4.90519872e-05
2.87154333e+00 -1.82039955e-04 4.92039375e-05
2.91377191e+00 -1.82039976e-04 4.95375040e-05
2.95600049e+00 -1.82039997e-04 4.98304751e-05
2.99822907e+00 -1.82040015e-04 4.99715490e-05
3.04045764e+00 -1.82040032e-04 5.00562652e-05
3.08268622e+00 -1.82040048e-04 5.03170288e-05
3.12491480e+00 -1.82040063e-04 5.06589267e-05
3.16714338e+00 -1.82040076e-04 5.08899706e-05
3.20937196e+00 -1.82040088e-04 5.09762319e-05
3.25160054e+00 -1.82040100e-04 5.10487884e-05
3.29382911e+00 -1.82040111e-04 5.13170001e-05
3.33605769e+00 -1.82040120e-04 5.16629007e-05
3.37828627e+00 -1.82040130e-04 5.19100016e-05
3.42051485e+00 -1.82040138e-04 5.20061165e-05
3.46274343e+00 -1.82040146e-04 5.20309083e-05
3.50497201e+00 -1.82040154e-04 5.21814438e-05
3.54720058e+00 -1.82040160e-04 5.25156152e-05
3.58942916e+00 -1.82040167e-04 5.28459029e-05
3.63165774e+00 -1.82040173e-04 5.30510879e-05
3.67388632e+00 -1.82040178e-04 5.31101939e-05
3.71611490e+00 -1.82040184e-04 5.31055559e-05
3.75834348e+00 -1.82040189e-04 5.32130335e-05
3.80057205e+00 -1.82040193e-04 5.35263051e-05
3.84280063e+00 -1.82040197e-04 5.38833239e-05
3.88502921e+00 -1.82040201e-04 5.41516692e-05
3.92725779e+00 -1.82040205e-04 5.42726907e-05
3.96948637e+00 -1.82040209e-04 5.42685134e-05
4.01171495e+00 -1.82040212e-04 5.42392920e-05
4.05394352e+00 -1.82040215e-04 5.43526885e-05
4.09617210e+00 -1.82040218e-04 5.46699085e-05
4.13840068e+00 -1.82040221e-04 5.50413290e-05
4.18062926e+00 -1.82040224e-04 5.53446690e-05
4.22285784e+00 -1.82040226e-04 5.55118998e-05
4.26508642e+00 -1.82040228e-04 5.55361167e-05
4.30731499e+00 -1.82040231e-04 5.54723630e-05
4.34954357e+00 -1.82040233e-04 5.54319610e-05
4.39177215e+00 -1.82040235e-04 5.55697570e-05
4.43400073e+00 -1.82040236e-04 5.59007738e-05
4.47622931e+00 -1.82040238e-04 5.62884455e-05
4.51845789e+00 -1.82040240e-04 5.66240382e-05
4.56068647e+00 -1.82040241e-04 5.68380584e-05
4.60291504e+00 -1.82040243e-04 5.69061247e-05
4.64514362e+00 -1.82040244e-04 5.68515514e-05
4.68737220e+00 -1.82040246e-04 5.67428280e-05
4.72960078e+00 -1.82040247e-04 5.66882447e-05
4.77182936e+00 -1.82040248e-04 5.68248111e-05
4.81405794e+00 -1.82040249e-04 5.71559833e-05
4.85628651e+00 -1.82040250e-04 5.75620461e-05
4.89851509e+00 -1.82040251e-04 5.79439356e-05
4.94074367e+00 -1.82040252e-04 5.82296600e-05
4.98297225e+00 -1.82040253e-04 5.83788727e-05
5.02520083e+00 -1.82040254e-04 5.83864464e-05
5.06742941e+00 -1.82040255e-04 5.82828923e-05
5.10965798e+00 -1.82040256e-04 5.81315449e-05
5.15188656e+00 -1.82040257e-04 5.80242998e-05
5.19411514e+00 -1.82040257e-04 5.80790915e-05
5.23634372e+00 -1.82040258e-04 5.83542583e-05
5.27857230e+00 -1.82040259e-04 5.87566151e-05
5.32080088e+00 -1.82040259e-04 5.91918576e-05
5.36302945e+00 -1.82040260e-04 5.95833114e-05
5.40525803e+00 -1.82040260e-04 5.98741898e-05
5.44748661e+00 -1.82040261e-04 6.00311589e-05
5.48971519e+00 -1.82040262e-04 6.00469103e-05
5.53194377e+00 -1.82040262e-04 5.99406932e-05
5.57417235e+00 -1.82040262e-04 5.97566935e-05
5.61640092e+00 -1.82040263e-04 5.95609531e-05
5.65862950e+00 -1.82040263e-04 5.94384466e-05
5.70085808e+00 -1.82040264e-04 5.94920605e-05
5.74308666e+00 -1.82040264e-04 5.97648714e-05
5.78531524e+00 -1.82040265e-04 6.01760609e-05
5.82754382e+00 -1.82040265e-04 6.06447274e-05
5.86977239e+00 -1.82040265e-04 6.11016259e-05
5.91200097e+00 -1.82040266e-04 6.14900468e-05
5.95422955e+00 -1.82040266e-04 6.17683097e-05
5.99645813e+00 -1.82040266e-04 6.19122618e-05
6.03868671e+00 -1.82040267e-04 6.19168665e-05
6.08091529e+00 -1.82040267e-04 6.17964872e-05
6.12314387e+00 -1.82040267e-04 6.15838411e-05
6.16537244e+00 -1.82040267e-04 6.13279220e-05
6.20760102e+00 -1.82040268e-04 6.10915750e-05
6.24982960e+00 -1.82040268e-04 6.09498957e-05
6.29205818e+00 -1.82040268e-04 6.09904411e-05
6.33428676e+00 -1.82040268e-04 6.12503819e-05
6.37651534e+00 -1.82040269e-04 6.16628468e-05
6.41874391e+00 -1.82040269e-04 6.21593552e-05
6.46097249e+00 -1.82040269e-04 6.26790849e-05
6.50320107e+00 -1.82040269e-04 6.31686350e-05
6.54542965e+00 -1.82040269e-04 6.35833981e-05
6.58765823e+00 -1.82040270e-04 6.38894634e-05
6.62988681e+00 -1.82040270e-04 6.40653447e-05
6.67211538e+00 -1.82040270e-04 6.41031328e-05
6.71434396e+00 -1.82040270e-04 6.40088907e-05
6.75657254e+00 -1.82040270e-04 6.38022553e-05
6.79880112e+00 -1.82040270e-04 6.35153247e-05
6.84102970e+00 -1.82040271e-04 6.31910394e-05
6.88325828e+00 -1.82040271e-04 6.28814432e-05
6.92548685e+00 -1.82040271e-04 6.26464459e-05
6.96771543e+00 -1.82040271e-04 6.25539908e-05
7.00994401e+00 -1.82040271e-04 6.26739099e-05
7.05217259e+00 -1.82040271e-04 6.29941230e-05
7.09440117e+00 -1.82040271e-04 6.34546028e-05
7.13662975e+00 -1.82040271e-04 6.40010815e-05
7.17885832e+00 -1.82040272e-04 6.45838213e-05
7.22108690e+00 -1.82040272e-04 6.51573392e-05
7.26331548e+00 -1.82040272e-04 6.56812061e-05
7.30554406e+00 -1.82040272e-04 6.61213191e-05
7.34777264e+00 -1.82040272e-04 6.64512220e-05
7.39000122e+00 -1.82040272e-04 6.66532111e-05
7.43222980e+00 -1.82040272e-04 6.67190830e-05
7.47445837e+00 -1.82040272e-04 6.66504574e-05
7.51668695e+00 -1.82040272e-04 6.64586635e-05
7.55891553e+00 -1.82040272e-04 6.61642060e-05
7.60114411e+00 -1.82040272e-04 6.57958687e-05
7.64337269e+00 -1.82040273e-04 6.53895615e-05
7.68560127e+00 -1.82040273e-04 6.49870984e-05
7.72782984e+00 -1.82040273e-04 6.46352019e-05
7.77005842e+00 -1.82040273e-04 6.43851590e-05
7.81228700e+00 -1.82040273e-04 6.42936762e-05
7.85451558e+00 -1.82040273e-04 6.44159759e-05
7.89674416e+00 -1.82040273e-04 6.47368185e-05
7.93897274e+00 -1.82040273e-04 6.52081645e-05
7.98120131e+00 -1.82040273e-04 6.57864145e-05
8.02342989e+00 -1.82040273e-04 6.64308002e-05
8.06565847e+00 -1.82040273e-04 6.71026983e-05
8.10788705e+00 -1.82040273e-04 6.77657952e-05
8.15011563e+00 -1.82040273e-04 6.83867494e-05
8.19234421e+00 -1.82040273e-04 6.89360718e-05
8.23457278e+00 -1.82040273e-04 6.93890252e-05
8.27680136e+00 -1.82040273e-04 6.97264182e-05
8.31902994e+00 -1.82040273e-04 6.99352215e-05
8.36125852e+00 -1.82040273e-04 7.00089746e-05
8.40348710e+00 -1.82040274e-04 6.99479685e-05
8.44571568e+00 -1.82040274e-04 6.97592069e-05
8.48794425e+00 -1.82040274e-04 6.94561492e-05
8.53017283e+00 -1.82040274e-04 6.90582511e-05
8.57240141e+00 -1.82040274e-04 6.85903245e-05
8.61462999e+00 -1.82040274e-04 6.80817651e-05
8.65685857e+00 -1.82040274e-04 6.75657232e-05
8.69908715e+00 -1.82040274e-04 6.70783462e-05
8.74131572e+00 -1.82040274e-04 6.66582747e-05
8.78354430e+00 -1.82040274e-04 6.63466371e-05
8.82577288e+00 -1.82040274e-04 6.61878335e-05
8.86800146e+00 -1.82040274e-04 6.62297595e-05
8.91023004e+00 -1.82040274e-04 6.64811022e-05
8.95245862e+00 -1.82040274e-04 6.69052166e-05
8.99468720e+00 -1.82040274e-04 6.74670756e-05
9.03691577e+00 -1.82040274e-04 6.81340509e-05
9.07914435e+00 -1.82040274e-04 6.88747772e-05
9.12137293e+00 -1.82040274e-04 6.96587045e-05
9.16360151e+00 -1.82040274e-04 7.04561471e-05
9.20583009e+00 -1.82040274e-04 7.12386527e-05
9.24805867e+00 -1.82040274e-04 7.19795424e-05
9.29028724e+00 -1.82040274e-04 7.26545080e-05
9.33251582e+00 -1.82040274e-04 7.32421897e-05
9.37474440e+00 -1.82040274e-04 7.37246863e-05
9.41697298e+00 -1.82040274e-04 7.40879731e-05
9.45920156e+00 -1.82040274e-04 7.43222152e-05
9.50143014e+00 -1.82040274e-04 7.44219748e-05
9.54365871e+00 -1.82040274e-04 7.43863144e-05
9.58588729e+00 -1.82040274e-04 7.42187980e-05
9.62811587e+00 -1.82040274e-04 7.39273934e-05
9.67034445e+00 -1.82040274e-04 7.35242762e-05
9.71257303e+00 -1.82040274e-04 7.30255397e-05
9.75480161e+00 -1.82040274e-04 7.24508127e-05
9.79703018e+00 -1.82040274e-04 7.18227991e-05
9.83925876e+00 -1.82040274e-04 7.11667588e-05
9.88148734e+00 -1.82040274e-04 7.05099697e-05
9.92371592e+00 -1.82040274e-04 6.98812298e-05
9.96594450e+00 -1.82040275e-04 6.93104868e-05
1.00081731e+01 -1.82040275e-04 6.88287094e-05
1.00504017e+01 -1.82040275e-04 6.84681374e-05
1.00926302e+01 -1.82040275e-04 6.82630566e-05
1.01348588e+01 -1.82040275e-04 6.82509676e-05
1.01770874e+01 -1.82040275e-04 6.84485264e-05
1.02193160e+01 -1.82040275e-04 6.88299992e-05
1.02615445e+01 -1.82040275e-04 6.93683778e-05
1.03037731e+01 -1.82040275e-04 7.00388582e-05
1.03460017e+01 -1.82040275e-04 7.08176841e-05
1.03882303e+01 -1.82040275e-04 7.16814457e-05
1.04304589e+01 -1.82040275e-04 7.26067610e-05
1.04726874e+01 -1.82040275e-04 7.35702495e-05
1.05149160e+01 -1.82040275e-04 7.45487102e-05
1.05571446e+01 -1.82040275e-04 7.55194263e-05
1.05993732e+01 -1.82040275e-04 7.64605314e-05
1.06416018e+01 -1.82040275e-04 7.73513919e-05
1.06838303e+01 -1.82040275e-04 7.81729712e-05
1.07260589e+01 -1.82040275e-04 7.89081575e-05
1.07682875e+01 -1.82040275e-04 7.95420445e-05
1.08105161e+01 -1.82040275e-04 8.00621607e-05
1.08527446e+01 -1.82040275e-04 8.04586490e-05
1.08949732e+01 -1.82040275e-04 8.07243982e-05
1.09372018e+01 -1.82040275e-04 8.08551305e-05
1.09794304e+01 -1.82040275e-04 8.08494472e-05
1.10216590e+01 -1.82040275e-04 8.07088358e-05
1.10638875e+01 -1.82040275e-04 8.04376392e-05
1.11061161e+01 -1.82040275e-04 8.00429872e-05
1.11483447e+01 -1.82040275e-04 7.95346894e-05
1.11905733e+01 -1.82040275e-04 7.89250878e-05
1.12328018e+01 -1.82040275e-04 7.82288679e-05
1.12750304e+01 -1.82040275e-04 7.74628271e-05
1.13172590e+01 -1.82040275e-04 7.66456025e-05
1.13594876e+01 -1.82040275e-04 7.57973627e-05
1.14017162e+01 -1.82040275e-04 7.49394758e-05
1.14439447e+01 -1.82040275e-04 7.40941723e-05
1.14861733e+01 -1.82040275e-04 7.32842330e-05
1.15284019e+01 -1.82040275e-04 7.25327434e-05
1.15706305e+01 -1.82040275e-04 7.18629693e-05
1.16128591e+01 -1.82040275e-04 7.12984166e-05
1.16550876e+01 -1.82040275e-04 7.08631464e-05
1.16973162e+01 -1.82040275e-04 7.05824126e-05
1.17395448e+01 -1.82040275e-04 7.04836742e-05
1.17817734e+01 -1.82040275e-04 7.05902946e-05
1.18240019e+01 -1.82040275e-04 7.08906800e-05
1.18662305e+01 -1.82040275e-04 7.13642154e-05
1.19084591e+01 -1.82040275e-04 7.19925973e-05
1.19506877e+01 -1.82040275e-04 7.27588015e-05
1.19929163e+01 -1.82040275e-04 7.36463046e-05
1.20351448e+01 -1.82040275e-04 7.46385567e-05
1.20773734e+01 -1.82040275e-04 7.57186784e-05
1.21196020e+01 -1.82040275e-04 7.68693449e-05
1.21618306e+01 -1.82040275e-04 7.80728137e-05
1.22040592e+01 -1.82040275e-04 7.93110548e-05
1.22462877e+01 -1.82040275e-04 8.05659462e-05
1.22885163e+01 -1.82040275e-04 8.18195034e-05
1.23307449e+01 -1.82040275e-04 8.30541194e-05
1.23729735e+01 -1.82040275e-04 8.42527983e-05
1.24152020e+01 -1.82040275e-04 8.53993708e-05
1.24574306e+01 -1.82040275e-04 8.64786866e-05
1.24996592e+01 -1.82040275e-04 8.74767803e-05
1.25418878e+01 -1.82040275e-04 8.83810104e-05
1.25841164e+01 -1.82040275e-04 8.91801734e-05
1.26263449e+01 -1.82040275e-04 8.98645960e-05
1.26685735e+01 -1.82040275e-04 9.04262053e-05
1.27108021e+01 -1.82040275e-04 9.08585831e-05
1.27530307e+01 -1.82040275e-04 9.11570036e-05
1.27952592e+01 -1.82040275e-04 9.13184586e-05
1.28374878e+01 -1.82040275e-04 9.13416700e-05
1.28797164e+01 -1.82040275e-04 9.12270918e-05
1.29219450e+01 -1.82040275e-04 9.09769017e-05
1.29641736e+01 -1.82040275e-04 9.05949819e-05
1.30064021e+01 -1.82040275e-04 9.00868890e-05
1.30486307e+01 -1.82040275e-04 8.94598128e-05
1.30908593e+01 -1.82040275e-04 8.87225208e-05
1.31330879e+01 -1.82040275e-04 8.78852889e-05
1.31753165e+01 -1.82040275e-04 8.69598148e-05
1.32175450e+01 -1.82040275e-04 8.59591131e-05
1.32597736e+01 -1.82040275e-04 8.48973905e-05
1.33020022e+01 -1.82040275e-04 8.37898990e-05
1.33442308e+01 -1.82040275e-04 8.26527684e-05
1.33864593e+01 -1.82040275e-04 8.15028199e-05
1.34286879e+01 -1.82040275e-04 8.03573643e-05
1.34709165e+01 -1.82040275e-04 7.92339942e-05
1.35131451e+01 -1.82040275e-04 7.81503816e-05
1.35553737e+01 -1.82040275e-04 7.71240998e-05
1.35976022e+01 -1.82040275e-04 7.61724908e-05
1.36398308e+01 -1.82040275e-04 7.53126084e-05
1.36820594e+01 -1.82040275e-04 7.45612672e-05
1.37242880e+01 -1.82040275e-04 7.39352325e-05
1.37665166e+01 -1.82040275e-04 7.34515805e-05
1.38087451e+01 -1.82040275e-04 7.31282555e-05
1.38509737e+01 -1.82040275e-04 7.29848336e-05
1.38932023e+01 -1.82040275e-04 7.30400122e-05
1.39354309e+01 -1.82040275e-04 7.32887941e-05
1.39776594e+01 -1.82040275e-04 7.37164569e-05
1.40198880e+01 -1.82040275e-04 7.43103265e-05
1.40621166e+01 -1.82040275e-04 7.50590851e-05
1.41043452e+01 -1.82040275e-04 7.59521210e-05
1.41465738e+01 -1.82040275e-04 7.69790112e-05
1.41888023e+01 -1.82040275e-04 7.81291376e-05
1.42310309e+01 -1.82040275e-04 7.93914330e-05
1.42732595e+01 -1.82040275e-04 8.07542403e-05
1.43154881e+01 -1.82040275e-04 8.22052683e-05
1.43577166e+01 -1.82040275e-04 8.37316226e-05
1.43999452e+01 -1.82040275e-04 8.53198917e-05
1.44421738e+01 -1.82040275e-04 8.69562695e-05
1.44844024e+01 -1.82040275e-04 8.86266987e-05
1.45266310e+01 -1.82040275e-04 9.03170219e-05
1.45688595e+01 -1.82040275e-04 9.20131315e-05
1.46110881e+01 -1.82040275e-04 9.37011106e-05
1.46533167e+01 -1.82040275e-04 9.53673630e-05
1.46955453e+01 -1.82040275e-04 9.69987269e-05
1.47377739e+01 -1.82040275e-04 9.85825749e-05
1.47800024e+01 -1.82040275e-04 1.00106898e-04
1.48222310e+01 -1.82040275e-04 1.01560377e-04
1.48644596e+01 -1.82040275e-04 1.02932439e-04
1.49066882e+01 -1.82040275e-04 1.04213307e-04
1.49489167e+01 -1.82040275e-04 1.05394035e-04
1.49911453e+01 -1.82040275e-04 1.06466539e-04
1.50333739e+01 -1.82040275e-04 1.07423620e-04
1.50756025e+01 -1.82040275e-04 1.08258981e-04
1.51178311e+01 -1.82040275e-04 1.08967239e-04
1.51600596e+01 -1.82040275e-04 1.09543937e-04
1.52022882e+01 -1.82040275e-04 1.09985548e-04
1.52445168e+01 -1.82040275e-04 1.10289479e-04
1.52867454e+01 -1.82040275e-04 1.10454075e-04
1.53289740e+01 -1.82040275e-04 1.10478616e-04
1.53712025e+01 -1.82040275e-04 1.10363318e-04
1.54134311e+01 -1.82040275e-04 1.10109330e-04
1.54556597e+01 -1.82040275e-04 1.09718728e-04
1.54978883e+01 -1.82040275e-04 1.09194512e-04
1.55401168e+01 -1.82040275e-04 1.08540596e-04
1.55823454e+01 -1.82040275e-04 1.07761799e-04
1.56245740e+01 -1.82040275e-04 1.06863833e-04
1.56668026e+01 -1.82040275e-04 1.05853288e-04
1.57090312e+01 -1.82040275e-04 1.04737613e-04
1.57512597e+01 -1.82040275e-04 1.03525093e-04
1.57934883e+01 -1.82040275e-04 1.02224820e-04
1.58357169e+01 -1.82040275e-04 1.00846656e-04
1.58779455e+01 -1.82040275e-04 9.94011957e-05
1.59201740e+01 -1.82040275e-04 9.78997087e-05
1.59624026e+01 -1.82040275e-04 9.63540834e-05
1.60046312e+01 -1.82040275e-04 9.47767526e-05
1.60468598e+01 -1.82040275e-04 9.31806103e-05
1.60890884e+01 -1.82040275e-04 9.15789159e-05
1.61313169e+01 -1.82040275e-04 8.99851862e-05
1.61735455e+01 -1.82040275e-04 8.84130780e-05
1.62157741e+01 -1.82040275e-04 8.68762621e-05
1.62580027e+01 -1.82040275e-04 8.53882953e-05
1.63002313e+01 -1.82040275e-04 8.39624953e-05
1.63424598e+01 -1.82040275e-04 8.26118286e-05
1.63846884e+01 -1.82040275e-04 8.13488225e-05
1.64269170e+01 -1.82040275e-04 8.01855151e-05
1.64691456e+01 -1.82040275e-04 7.91334584e-05
1.65113741e+01 -1.82040275e-04 7.82037909e-05
1.65536027e+01 -1.82040275e-04 7.74073952e-05
1.65958313e+01 -1.82040275e-04 7.67551532e-05
1.66380599e+01 -1.82040275e-04 7.62583089e-05
1.66802885e+01 -1.82040275e-04 7.59289382e-05
1.67225170e+01 -1.82040275e-04 7.57805212e-05
1.67647456e+01 -1.82040275e-04 7.58258273e-05
1.68069742e+01 -1.82040275e-04 7.60610031e-05
1.68492028e+01 -1.82040275e-04 7.64764014e-05
1.68914314e+01 -1.82040275e-04 7.70641422e-05
1.69336599e+01 -1.82040275e-04 7.78176283e-05
1.69758885e+01 -1.82040275e-04 7.87310686e-05
1.70181171e+01 -1.82040275e-04 7.97990550e-05
1.70603457e+01 -1.82040275e-04 8.10162066e-05
1.71025742e+01 -1.82040275e-04 8.23768888e-05
1.71448028e+01 -1.82040275e-04 8.38750050e-05
1.71870314e+01 -1.82040275e-04 8.55038602e-05
1.72292600e+01 -1.82040275e-04 8.72560888e-05
1.72714886e+01 -1.82040275e-04 8.91236353e-05
1.73137171e+01 -1.82040275e-04 9.10977798e-05
1.73559457e+01 -1.82040275e-04 9.31691960e-05
1.73981743e+01 -1.82040275e-04 9.53280316e-05
1.74404029e+01 -1.82040275e-04 9.75640027e-05
1.74826314e+01 -1.82040275e-04 9.98664949e-05
1.75248600e+01 -1.82040275e-04 1.02224664e-04
1.75670886e+01 -1.82040275e-04 1.04627533e-04
1.76093172e+01 -1.82040275e-04 1.07064084e-04
1.76515458e+01 -1.82040275e-04 1.09523338e-04
1.76937743e+01 -1.82040275e-04 1.11994429e-04
1.77360029e+01 -1.82040275e-04 1.14466666e-04
1.77782315e+01 -1.82040275e-04 1.16929588e-04
1.78204601e+01 -1.82040275e-04 1.19373009e-04
1.78626887e+01 -1.82040275e-04 1.21787054e-04
1.79049172e+01 -1.82040275e-04 1.24162192e-04
1.79471458e+01 -1.82040275e-04 1.26489259e-04
1.79893744e+01 -1.82040275e-04 1.28759480e-04
1.80316030e+01 -1.82040275e-04 1.30964480e-04
1.80738315e+01 -1.82040275e-04 1.33096302e-04
1.81160601e+01 -1.82040275e-04 1.35147412e-04
1.81582887e+01 -1.82040275e-04 1.37110705e-04
1.82005173e+01 -1.82040275e-04 1.38979513e-04
1.82427459e+01 -1.82040275e-04 1.40747605e-04
1.82849744e+01 -1.82040275e-04 1.42409192e-04
1.83272030e+01 -1.82040275e-04 1.43958925e-04
1.83694316e+01 -1.82040275e-04 1.45391898e-04
1.84116602e+01 -1.82040275e-04 1.46703644e-04
1.84538888e+01 -1.82040275e-04 1.47890141e-04
1.84961173e+01 -1.82040275e-04 1.48947803e-04
1.85383459e+01 -1.82040275e-04 1.49873485e-04
1.85805745e+01 -1.82040275e-04 1.50664480e-04
1.86228031e+01 -1.82040275e-04 1.51318518e-04
1.86650316e+01 -1.82040275e-04 1.51833764e-04
1.87072602e+01 -1.82040275e-04 1.52208816e-04
1.87494888e+01 -1.82040275e-04 1.52442708e-04
1.87917174e+01 -1.82040275e-04 1.52534906e-04
1.88339460e+01 -1.82040275e-04 1.52485305e-04
1.88761745e+01 -1.82040275e-04 1.52294234e-04
1.89184031e+01 -1.82040275e-04 1.51962449e-04
1.89606317e+01 -1.82040275e-04 1.51491137e-04
1.90028603e+01 -1.82040275e-04 1.50881913e-04
1.90450888e+01 -1.82040275e-04 1.50136821e-04
1.90873174e+01 -1.82040275e-04 1.49258333e-04
1.91295460e+01 -1.82040275e-04 1.48249347e-04
1.91717746e+01 -1.82040275e-04 1.47113188e-04
1.92140032e+01 -1.82040275e-04 1.45853610e-04
1.92562317e+01 -1.82040275e-04 1.44474790e-04
1.92984603e+01 -1.82040275e-04 1.42981330e-04
1.93406889e+01 -1.82040275e-04 1.41378256e-04
1.93829175e+01 -1.82040275e-04 1.39671016e-04
1.94251461e+01 -1.82040275e-04 1.37865476e-04
1.94673746e+01 -1.82040275e-04 1.35967921e-04
1.95096032e+01 -1.82040275e-04 1.33985045e-04
1.95518318e+01 -1.82040275e-04 1.31923952e-04
1.95940604e+01 -1.82040275e-04 1.29792144e-04
1.96362889e+01 -1.82040275e-04 1.27597515e-04
1.96785175e+01 -1.82040275e-04 1.25348340e-04
1.97207461e+01 -1.82040275e-04 1.23053260e-04
1.97629747e+01 -1.82040275e-04 1.20721265e-04
1.98052033e+01 -1.82040275e-04 1.18361674e-04
1.98474318e+01 -1.82040275e-04 1.15984108e-04
1.98896604e+01 -1.82040275e-04 1.13598457e-04
1.99318890e+01 -1.82040275e-04 1.11214850e-04
1.99741176e+01 -1.82040275e-04 1.08843603e-04
2.00163462e+01 -1.82040275e-04 1.06495173e-04
2.00585747e+01 -1.82040275e-04 1.04180099e-04
2.01008033e+01 -1.82040275e-04 1.01908936e-04
2.01430319e+01 -1.82040275e-04 9.96921804e-05
2.01852605e+01 -1.82040275e-04 9.75401957e-05
2.02274890e+01 -1.82040275e-04 9.54631252e-05
2.02697176e+01 -1.82040275e-04 9.34708098e-05
2.03119462e+01 -1.82040275e-04 9.15727061e-05
2.03541748e+01 -1.82040275e-04 8.97778121e-05
2.03964034e+01 -1.82040275e-04 8.80946077e-05
2.04386319e+01 -1.82040275e-04 8.65310158e-05
2.04808605e+01 -1.82040275e-04 8.50943938e-05
2.05230891e+01 -1.82040275e-04 8.37915623e-05
2.05653177e+01 -1.82040275e-04 8.26288807e-05
2.06075463e+01 -1.82040275e-04 8.16123754e-05
2.06497748e+01 -1.82040275e-04 8.07479264e-05
2.06920034e+01 -1.82040275e-04 8.00415138e-05
2.07342320e+01 -1.82040275e-04 7.94995226e-05
2.07764606e+01 -1.82040275e-04 7.91291006e-05
2.08186891e+01 -1.82040275e-04 7.89385544e-05
2.08609177e+01 -1.82040275e-04 7.89336446e-05
2.09031463e+01 -1.82040275e-04 7.91090607e-05
2.09453749e+01 -1.82040275e-04 7.94587178e-05
2.09876035e+01 -1.82040275e-04 7.99780105e-05
2.10298320e+01 -1.82040275e-04 8.06635148e-05
2.10720606e+01 -1.82040275e-04 8.15126837e-05
2.11142892e+01 -1.82040275e-04 8.25235522e-05
2.11565178e+01 -1.82040275e-04 8.36944617e-05
2.11987463e+01 -1.82040275e-04 8.50238139e-05
2.12409749e+01 -1.82040275e-04 8.65098608e-05
2.12832035e+01 -1.82040275e-04 8.81505348e-05
2.13254321e+01 -1.82040275e-04 8.99433190e-05
2.13676607e+01 -1.82040275e-04 9.18851589e-05
2.14098892e+01 -1.82040275e-04 9.39724104e-05
2.14521178e+01 -1.82040275e-04 9.62008205e-05
2.14943464e+01 -1.82040275e-04 9.85655360e-05
2.15365750e+01 -1.82040275e-04 1.01061134e-04
2.15788036e+01 -1.82040275e-04 1.03681668e-04
2.16210321e+01 -1.82040275e-04 1.06420724e-04
2.16632607e+01 -1.82040275e-04 1.09271489e-04
2.17054893e+01 -1.82040275e-04 1.12226812e-04
2.17477179e+01 -1.82040275e-04 1.15279273e-04
2.17899464e+01 -1.82040275e-04 1.18421244e-04
2.18321750e+01 -1.82040275e-04 1.21644952e-04
2.18744036e+01 -1.82040275e-04 1.24942529e-04
2.19166322e+01 -1.82040275e-04 1.28306063e-04
2.19588608e+01 -1.82040275e-04 1.31727637e-04
2.20010893e+01 -1.82040275e-04 1.35199369e-04
2.20433179e+01 -1.82040275e-04 1.38713440e-04
2.20855465e+01 -1.82040275e-04 1.42262124e-04
2.21277751e+01 -1.82040275e-04 1.45837808e-04
2.21700037e+01 -1.82040275e-04 1.49433007e-04
2.22122322e+01 -1.82040275e-04 1.53040386e-04
2.22544608e+01 -1.82040275e-04 1.56652765e-04
2.22966894e+01 -1.82040275e-04 1.60263131e-04
2.23389180e+01 -1.82040275e-04 1.63864645e-04
2.23811465e+01 -1.82040275e-04 1.67450647e-04
2.24233751e+01 -1.82040275e-04 1.71014661e-04
2.24656037e+01 -1.82040275e-04 1.74550397e-04
2.25078323e+01 -1.82040275e-04 1.78051753e-04
2.25500609e+01 -1.82040275e-04 1.81512816e-04
2.25922894e+01 -1.82040275e-04 1.84927862e-04
2.26345180e+01 -1.82040275e-04 1.88291357e-04
2.26767466e+01 -1.82040275e-04 1.91597957e-04
2.27189752e+01 -1.82040275e-04 1.94842507e-04
2.27612037e+01 -1.82040275e-04 1.98020038e-04
2.28034323e+01 -1.82040275e-04 2.01125769e-04
2.28456609e+01 -1.82040275e-04 2.04155106e-04
2.28878895e+01 -1.82040275e-04 2.07103637e-04
2.29301181e+01 -1.82040275e-04 2.09967135e-04
2.29723466e+01 -1.82040275e-04 2.12741556e-04
2.30145752e+01 -1.82040275e-04 2.15423034e-04
2.30568038e+01 -1.82040275e-04 2.18007887e-04
2.30990324e+01 -1.82040275e-04 2.20492609e-04
2.31412610e+01 -1.82040275e-04 2.22873871e-04
2.31834895e+01 -1.82040275e-04 2.25148523e-04
2.32257181e+01 -1.82040275e-04 2.27313588e-04
2.32679467e+01 -1.82040275e-04 2.29366264e-04
2.33101753e+01 -1.82040275e-04 2.31303925e-04
2.33524038e+01 -1.82040275e-04 2.33124115e-04
2.33946324e+01 -1.82040275e-04 2.34824550e-04
2.34368610e+01 -1.82040275e-04 2.36403118e-04
2.34790896e+01 -1.82040275e-04 2.37857877e-04
2.35213182e+01 -1.82040275e-04 2.39187055e-04
2.35635467e+01 -1.82040275e-04 2.40389048e-04
2.36057753e+01 -1.82040275e-04 2.41462421e-04
2.36480039e+01 -1.82040275e-04 2.42405908e-04
2.36902325e+01 -1.82040275e-04 2.43218410e-04
2.37324611e+01 -1.82040275e-04 2.43898993e-04
2.37746896e+01 -1.82040275e-04 2.44446892e-04
2.38169182e+01 -1.82040275e-04 2.44861506e-04
2.38591468e+01 -1.82040275e-04 2.45142403e-04
2.39013754e+01 -1.82040275e-04 2.45289314e-04
2.39436039e+01 -1.82040275e-04 2.45302135e-04
2.39858325e+01 -1.82040275e-04 2.45180930e-04
2.40280611e+01 -1.82040275e-04 2.44925925e-04
2.40702897e+01 -1.82040275e-04 2.44537512e-04
2.41125183e+01 -1.82040275e-04 2.44016248e-04
2.41547468e+01 -1.82040275e-04 2.43362855e-04
2.41969754e+01 -1.82040275e-04 2.42578218e-04
2.42392040e+01 -1.82040275e-04 2.41663388e-04
2.42814326e+01 -1.82040275e-04 2.40619581e-04
2.43236611e+01 -1.82040275e-04 2.39448176e-04
2.43658897e+01 -1.82040275e-04 2.38150720e-04
2.44081183e+01 -1.82040275e-04 2.36728923e-04
2.44503469e+01 -1.82040275e-04 2.35184660e-04
2.44925755e+01 -1.82040275e-04 2.33519972e-04
2.45348040e+01 -1.82040275e-04 2.31737068e-04
2.45770326e+01 -1.82040275e-04 2.29838320e-04
2.46192612e+01 -1.82040275e-04 2.27826269e-04
2.46614898e+01 -1.82040275e-04 2.25703622e-04
2.47037184e+01 -1.82040275e-04 2.23473253e-04
2.47459469e+01 -1.82040275e-04 2.21138207e-04
2.47881755e+01 -1.82040275e-04 2.18701693e-04
2.48304041e+01 -1.82040275e-04 2.16167093e-04
2.48726327e+01 -1.82040275e-04 2.13537956e-04
2.49148612e+01 -1.82040275e-04 2.10818004e-04
2.49570898e+01 -1.82040275e-04 2.08011128e-04
2.49993184e+01 -1.82040275e-04 2.05121392e-04
2.50415470e+01 -1.82040275e-04 2.02153030e-04
2.50837756e+01 -1.82040275e-04 1.99110453e-04
2.51260041e+01 -1.82040275e-04 1.95998242e-04
2.51682327e+01 -1.82040275e-04 1.92821152e-04
2.52104613e+01 -1.82040275e-04 1.89584116e-04
2.52526899e+01 -1.82040275e-04 1.86292238e-04
2.52949185e+01 -1.82040275e-04 1.82950800e-04
2.53371470e+01 -1.82040275e-04 1.79565255e-04
2.53793756e+01 -1.82040275e-04 1.76141233e-04
2.54216042e+01 -1.82040275e-04 1.72684537e-04
2.54638328e+01 -1.82040275e-04 1.69201143e-04
2.55060613e+01 -1.82040275e-04 1.65697194e-04
2.55482899e+01 -1.82040275e-04 1.62179002e-04
2.55905185e+01 -1.82040275e-04 1.58653045e-04
2.56327471e+01 -1.82040275e-04 1.55125957e-04
2.56749757e+01 -1.82040275e-04 1.51604524e-04
2.57172042e+01 -1.82040275e-04 1.48095680e-04
2.57594328e+01 -1.82040275e-04 1.44606492e-04
2.58016614e+01 -1.82040275e-04 1.41144151e-04
2.58438900e+01 -1.82040275e-04 1.37715958e-04
2.58861185e+01 -1.82040275e-04 1.34329302e-04
2.59283471e+01 -1.82040275e-04 1.30991647e-04
2.59705757e+01 -1.82040275e-04 1.27710499e-04
2.60128043e+01 -1.82040275e-04 1.24493386e-04
2.60550329e+01 -1.82040275e-04 1.21347815e-04
2.60972614e+01 -1.82040275e-04 1.18281246e-04
2.61394900e+01 -1.82040275e-04 1.15301040e-04
2.61817186e+01 -1.82040275e-04 1.12414420e-04
2.62239472e+01 -1.82040275e-04 1.09628416e-04
2.62661758e+01 -1.82040275e-04 1.06949816e-04
2.63084043e+01 -1.82040275e-04 1.04385111e-04
2.63506329e+01 -1.82040275e-04 1.01940440e-04
2.63928615e+01 -1.82040275e-04 9.96215425e-05
2.64350901e+01 -1.82040275e-04 9.74337107e-05
2.64773186e+01 -1.82040275e-04 9.53817589e-05
2.65195472e+01 -1.82040275e-04 9.34700015e-05
2.65617758e+01 -1.82040275e-04 9.17022511e-05
2.66040044e+01 -1.82040275e-04 9.00818392e-05
2.66462330e+01 -1.82040275e-04 8.86116642e-05
2.66884615e+01 -1.82040275e-04 8.72942678e-05
2.67306901e+01 -1.82040275e-04 8.61319451e-05
2.67729187e+01 -1.82040275e-04 8.51268864e-05
2.68151473e+01 -1.82040275e-04 8.42813511e-05
2.68573759e+01 -1.82040275e-04 8.35978701e-05
2.68996044e+01 -1.82040275e-04 8.30794716e-05
2.69418330e+01 -1.82040275e-04 8.27299228e-05
2.69840616e+01 -1.82040275e-04 8.25539782e-05
2.70262902e+01 -1.82040275e-04 8.25576235e-05
2.70685187e+01 -1.82040275e-04 8.27479101e-05
2.71107473e+01 -1.82040275e-04 8.31271294e-05
2.71529759e+01 -1.82040275e-04 8.36938821e-05
2.71952045e+01 -1.82040275e-04 8.44478516e-05
2.72374331e+01 -1.82040275e-04 8.53897150e-05
2.72796616e+01 -1.82040275e-04 8.65208928e-05
2.73218902e+01 -1.82040275e-04 8.78432948e-05
2.73641188e+01 -1.82040275e-04 8.93590760e-05
2.74063474e+01 -1.82040275e-04 9.10704100e-05
2.74485759e+01 -1.82040275e-04 9.29792889e-05
2.74908045e+01 -1.82040275e-04 9.50873541e-05
2.75330331e+01 -1.82040275e-04 9.73957631e-05
2.75752617e+01 -1.82040275e-04 9.99050910e-05
2.76174903e+01 -1.82040275e-04 1.02615269e-04
2.76597188e+01 -1.82040275e-04 1.05525550e-04
2.77019474e+01 -1.82040275e-04 1.08634512e-04
2.77441760e+01 -1.82040275e-04 1.11940071e-04
2.77864046e+01 -1.82040275e-04 1.15439524e-04
2.78286332e+01 -1.82040275e-04 1.19129597e-04
2.78708617e+01 -1.82040275e-04 1.23006505e-04
2.79130903e+01 -1.82040275e-04 1.27066015e-04
2.79553189e+01 -1.82040275e-04 1.31303510e-04
2.79975475e+01 -1.82040275e-04 1.35714052e-04
2.80397760e+01 -1.82040275e-04 1.40292438e-04
2.80820046e+01 -1.82040275e-04 1.45033258e-04
2.81242332e+01 -1.82040275e-04 1.49930942e-04
2.81664618e+01 -1.82040275e-04 1.54979801e-04
2.82086904e+01 -1.82040275e-04 1.60174070e-04
2.82509189e+01 -1.82040275e-04 1.65507934e-04
2.82931475e+01 -1.82040275e-04 1.70975559e-04
2.83353761e+01 -1.82040275e-04 1.76571115e-04
2.83776047e+01 -1.82040275e-04 1.82288791e-04
2.84198333e+01 -1.82040275e-04 1.88122815e-04
2.84620618e+01 -1.82040275e-04 1.94067463e-04
2.85042904e+01 -1.82040275e-04 2.00117069e-04
2.85465190e+01 -1.82040275e-04 2.06266033e-04
2.85887476e+01 -1.82040275e-04 2.12508828e-04
2.86309761e+01 -1.82040275e-04 2.18840000e-04
2.86732047e+01 -1.82040275e-04 2.25254177e-04
2.87154333e+01 -1.82040275e-04 2.31746065e-04
2.87576619e+01 -1.82040275e-04 2.38310452e-04
2.87998905e+01 -1.82040275e-04 2.44942209e-04
2.88421190e+01 -1.82040275e-04 2.51636288e-04
2.88843476e+01 -1.82040275e-04 2.58387725e-04
2.89265762e+01 -1.82040275e-04 2.65191634e-04
2.89688048e+01 -1.82040275e-04 2.72043211e-04
2.90110333e+01 -1.82040275e-04 2.78937732e-04
2.90532619e+01 -1.82040275e-04 2.85870550e-04
2.90954905e+01 -1.82040275e-04 2.92837095e-04
2.91377191e+01 -1.82040275e-04 2.99832873e-04
2.91799477e+01 -1.82040275e-04 3.06853464e-04
2.92221762e+01 -1.82040275e-04 3.13894520e-04
2.92644048e+01 -1.82040275e-04 3.20951768e-04
2.93066334e+01 -1.82040275e-04 3.28021004e-04
2.93488620e+01 -1.82040275e-04 3.35098093e-04
2.93910906e+01 -1.82040275e-04 3.42178969e-04
2.94333191e+01 -1.82040275e-04 3.49259634e-04
2.94755477e+01 -1.82040275e-04 3.56336157e-04
2.95177763e+01 -1.82040275e-04 3.63404670e-04
2.95600049e+01 -1.82040275e-04 3.70461372e-04
2.96022334e+01 -1.82040275e-04 3.77502525e-04
2.96444620e+01 -1.82040275e-04 3.84524453e-04
2.96866906e+01 -1.82040275e-04 3.91523544e-04
2.97289192e+01 -1.82040275e-04 3.98496246e-04
2.97711478e+01 -1.82040275e-04 4.05439067e-04
2.98133763e+01 -1.82040275e-04 4.12348578e-04
2.98556049e+01 -1.82040275e-04 4.19221406e-04
2.98978335e+01 -1.82040275e-04 4.26054239e-04
2.99400621e+01 -1.82040275e-04 4.32843823e-04
2.99822907e+01 -1.82040275e-04 4.39586962e-04
3.00245192e+01 -1.82040275e-04 4.46280518e-04
3.00667478e+01 -1.82040275e-04 4.52921407e-04
3.01089764e+01 -1.82040275e-04 4.59506606e-04
3.01512050e+01 -1.82040275e-04 4.66033144e-04
3.01934335e+01 -1.82040275e-04 4.72498110e-04
3.02356621e+01 -1.82040275e-04 4.78898644e-04
3.02778907e+01 -1.82040275e-04 4.85231944e-04
3.03201193e+01 -1.82040275e-04 4.91495263e-04
3.03623479e+01 -1.82040275e-04 4.97685906e-04
3.04045764e+01 -1.82040275e-04 5.03801235e-04
3.04468050e+01 -1.82040275e-04 5.09838665e-04
3.04890336e+01 -1.82040275e-04 5.15795664e-04
3.05312622e+01 -1.82040275e-04 5.21669755e-04
3.05734907e+01 -1.82040275e-04 5.27458513e-04
3.06157193e+01 -1.82040275e-04 5.33159566e-04
3.06579479e+01 -1.82040275e-04 5.38770596e-04
3.07001765e+01 -1.82040275e-04 5.44289337e-04
3.07424051e+01 -1.82040275e-04 5.49713576e-04
3.07846336e+01 -1.82040275e-04 5.55041153e-04
3.08268622e+01 -1.82040275e-04 5.60269958e-04
3.08690908e+01 -1.82040275e-04 5.65397934e-04
3.09113194e+01 -1.82040275e-04 5.70423078e-04
3.09535480e+01 -1.82040275e-04 5.75343437e-04
3.09957765e+01 -1.82040275e-04 5.80157108e-04
3.10380051e+01 -1.82040275e-04 5.84862244e-04
3.10802337e+01 -1.82040275e-04 5.89457045e-04
3.11224623e+01 -1.82040275e-04 5.93939764e-04
3.11646908e+01 -1.82040275e-04 5.98308706e-04
3.12069194e+01 -1.82040275e-04 6.02562227e-04
3.12491480e+01 -1.82040275e-04 6.06698732e-04
3.12913766e+01 -1.82040275e-04 6.10716679e-04
3.13336052e+01 -1.82040275e-04 6.14614577e-04
3.13758337e+01 -1.82040275e-04 6.18390984e-04
3.14180623e+01 -1.82040275e-04 6.22044510e-04
3.14602909e+01 -1.82040275e-04 6.25573814e-04
3.15025195e+01 -1.82040275e-04 6.28977608e-04
3.15447481e+01 -1.82040275e-04 6.32254653e-04
3.15869766e+01 -1.82040275e-04 6.35403759e-04
3.16292052e+01 -1.82040275e-04 6.38423789e-04
3.16714338e+01 -1.82040275e-04 6.41313655e-04
3.17136624e+01 -1.82040275e-04 6.44072318e-04
3.17558909e+01 -1.82040275e-04 6.46698791e-04
3.17981195e+01 -1.82040275e-04 6.49192136e-04
3.18403481e+01 -1.82040275e-04 6.51551465e-04
3.18825767e+01 -1.82040275e-04 6.53775940e-04
3.19248053e+01 -1.82040275e-04 6.55864772e-04
3.19670338e+01 -1.82040275e-04 6.57817225e-04
3.20092624e+01 -1.82040275e-04 6.59632609e-04
3.20514910e+01 -1.82040275e-04 6.61310286e-04
3.20937196e+01 -1.82040275e-04 6.62849666e-04
3.21359481e+01 -1.82040275e-04 6.64250210e-04
3.21781767e+01 -1.82040275e-04 6.65511428e-04
3.22204053e+01 -1.82040275e-04 6.66632880e-04
3.22626339e+01 -1.82040275e-04 6.67614174e-04
3.23048625e+01 -1.82040275e-04 6.68454971e-04
3.23470910e+01 -1.82040275e-04 6.69154977e-04
3.23893196e+01 -1.82040275e-04 6.69713950e-04
3.24315482e+01 -1.82040275e-04 6.70131696e-04
3.24737768e+01 -1.82040275e-04 6.70408073e-04
3.25160054e+01 -1.82040275e-04 6.70542985e-04
3.25582339e+01 -1.82040275e-04 6.70536387e-04
3.26004625e+01 -1.82040275e-04 6.70388284e-04
3.26426911e+01 -1.82040275e-04 6.70098727e-04
3.26849197e+01 -1.82040275e-04 6.69667819e-04
3.27271482e+01 -1.82040275e-04 6.69095713e-04
3.27693768e+01 -1.82040275e-04 6.68382607e-04
3.28116054e+01 -1.82040275e-04 6.67528753e-04
3.28538340e+01 -1.82040275e-04 6.66534448e-04
3.28960626e+01 -1.82040275e-04 6.65400041e-04
3.29382911e+01 -1.82040275e-04 6.64125928e-04
3.29805197e+01 -1.82040275e-04 6.62712555e-04
3.30227483e+01 -1.82040275e-04 6.61160417e-04
3.30649769e+01 -1.82040275e-04 6.59470058e-04
3.31072055e+01 -1.82040275e-04 6.57642071e-04
3.31494340e+01 -1.82040275e-04 6.55677098e-04
3.31916626e+01 -1.82040275e-04 6.53575828e-04
3.32338912e+01 -1.82040275e-04 6.51339003e-04
3.32761198e+01 -1.82040275e-04 6.48967410e-04
3.33183483e+01 -1.82040275e-04 6.46461887e-04
3.33605769e+01 -1.82040275e-04 6.43823321e-04
3.34028055e+01 -1.82040275e-04 6.41052648e-04
3.34450341e+01 -1.82040275e-04 6.38150850e-04
3.34872627e+01 -1.82040275e-04 6.35118963e-04
3.35294912e+01 -1.82040275e-04 6.31958068e-04
3.35717198e+01 -1.82040275e-04 6.28669296e-04
3.36139484e+01 -1.82040275e-04 6.25253828e-04
3.36561770e+01 -1.82040275e-04 6.21712892e-04
3.36984055e+01 -1.82040275e-04 6.18047767e-04
3.37406341e+01 -1.82040275e-04 6.14259781e-04
3.37828627e+01 -1.82040275e-04 6.10350308e-04
3.38250913e+01 -1.82040275e-04 6.06320774e-04
3.38673199e+01 -1.82040275e-04 6.02172655e-04
3.39095484e+01 -1.82040275e-04 5.97907472e-04
3.39517770e+01 -1.82040275e-04 5.93526799e-04
3.39940056e+01 -1.82040275e-04 5.89032258e-04
3.40362342e+01 -1.82040275e-04 5.84425519e-04
3.40784628e+01 -1.82040275e-04 5.79708302e-04
3.41206913e+01 -1.82040275e-04 5.74882379e-04
3.41629199e+01 -1.82040275e-04 5.69949566e-04
3.42051485e+01 -1.82040275e-04 5.64911734e-04
3.42473771e+01 -1.82040275e-04 5.59770799e-04
3.42896056e+01 -1.82040275e-04 5.54528730e-04
3.43318342e+01 -1.82040275e-04 5.49187545e-04
3.43740628e+01 -1.82040275e-04 5.43749309e-04
3.44162914e+01 -1.82040275e-04 5.38216141e-04
3.44585200e+01 -1.82040275e-04 5.32590206e-04
3.45007485e+01 -1.82040275e-04 5.26873724e-04
3.45429771e+01 -1.82040275e-04 5.21068960e-04
3.45852057e+01 -1.82040275e-04 5.15178233e-04
3.46274343e+01 -1.82040275e-04 5.09203911e-04
3.46696629e+01 -1.82040275e-04 5.03148414e-04
3.47118914e+01 -1.82040275e-04 4.97014211e-04
3.47541200e+01 -1.82040275e-04 4.90803823e-04
3.47963486e+01 -1.82040275e-04 4.84519824e-04
3.48385772e+01 -1.82040275e-04 4.78164836e-04
3.48808057e+01 -1.82040275e-04 4.71741535e-04
3.49230343e+01 -1.82040275e-04 4.65252650e-04
3.49652629e+01 -1.82040275e-04 4.58700961e-04
3.50074915e+01 -1.82040275e-04 4.52089299e-04
3.50497201e+01 -1.82040275e-04 4.45420551e-04
3.50919486e+01 -1.82040275e-04 4.38697656e-04
3.51341772e+01 -1.82040275e-04 4.31923607e-04
3.51764058e+01 -1.82040275e-04 4.25101449e-04
3.52186344e+01 -1.82040275e-04 4.18234286e-04
3.52608629e+01 -1.82040275e-04 4.11325273e-04
3.53030915e+01 -1.82040275e-04 4.04377623e-04
3.53453201e+01 -1.82040275e-04 3.97394605e-04
3.53875487e+01 -1.82040275e-04 3.90379543e-04
3.54297773e+01 -1.82040275e-04 3.83335820e-04
3.54720058e+01 -1.82040275e-04 3.76266877e-04
3.55142344e+01 -1.82040275e-04 3.69176215e-04
3.55564630e+01 -1.82040275e-04 3.62067394e-04
3.55986916e+01 -1.82040275e-04 3.54944034e-04
3.56409202e+01 -1.82040275e-04 3.47809819e-04
3.56831487e+01 -1.82040275e-04 3.40668493e-04
3.57253773e+01 -1.82040275e-04 3.33523867e-04
3.57676059e+01 -1.82040275e-04 3.26379815e-04
3.58098345e+01 -1.82040275e-04 3.19240280e-04
3.58520630e+01 -1.82040275e-04 3.12109270e-04
3.58942916e+01 -1.82040275e-04 3.04990866e-04
3.59365202e+01 -1.82040275e-04 2.97889219e-04
3.59787488e+01 -1.82040275e-04 2.90808552e-04
3.60209774e+01 -1.82040275e-04 2.83753164e-04
3.60632059e+01 -1.82040275e-04 2.76727432e-04
3.61054345e+01 -1.82040275e-04 2.69735812e-04
3.61476631e+01 -1.82040275e-04 2.62782839e-04
3.61898917e+01 -1.82040275e-04 2.55873136e-04
3.62321203e+01 -1.82040275e-04 2.49011409e-04
3.62743488e+01 -1.82040275e-04 2.42202455e-04
3.63165774e+01 -1.82040275e-04 2.35451161e-04
3.63588060e+01 -1.82040275e-04 2.28762510e-04
3.64010346e+01 -1.82040275e-04 2.22141581e-04
3.64432631e+01 -1.82040275e-04 2.15593552e-04
3.64854917e+01 -1.82040275e-04 2.09123703e-04
3.65277203e+01 -1.82040275e-04 2.02737418e-04
3.65699489e+01 -1.82040275e-04 1.96440186e-04
3.66121775e+01 -1.82040275e-04 1.90237602e-04
3.66544060e+01 -1.82040275e-04 1.84135368e-04
3.66966346e+01 -1.82040275e-04 1.78139291e-04
3.67388632e+01 -1.82040275e-04 1.72255279e-04
3.67810918e+01 -1.82040275e-04 1.66489340e-04
3.68233203e+01 -1.82040275e-04 1.60847571e-04
3.68655489e+01 -1.82040275e-04 1.55336151e-04
3.69077775e+01 -1.82040275e-04 1.49961326e-04
3.69500061e+01 -1.82040275e-04 1.44729388e-04
3.69922347e+01 -1.82040275e-04 1.39646654e-04
3.70344632e+01 -1.82040275e-04 1.34719431e-04
3.70766918e+01 -1.82040275e-04 1.29953982e-04
3.71189204e+01 -1.82040275e-04 1.25356474e-04
3.71611490e+01 -1.82040275e-04 1.20932923e-04
3.72033776e+01 -1.82040275e-04 1.16689123e-04
3.72456061e+01 -1.82040275e-04 1.12630568e-04
3.72878347e+01 -1.82040275e-04 1.08762363e-04
3.73300633e+01 -1.82040275e-04 1.05089120e-04
3.73722919e+01 -1.82040275e-04 1.01614848e-04
3.74145204e+01 -1.82040275e-04 9.83428430e-05
3.74567490e+01 -1.82040275e-04 9.52755702e-05
3.74989776e+01 -1.82040275e-04 9.24145552e-05
3.75412062e+01 -1.82040275e-04 8.97602884e-05
3.75834348e+01 -1.82040275e-04 8.73121507e-05
3.76256633e+01 -1.82040275e-04 8.50677841e-05
3.76678919e+01 -1.82040275e-04 8.30201270e-05
3.77101205e+01 -1.82040275e-04 8.11601208e-05
3.77523491e+01 -1.82040275e-04 7.94783259e-05
3.77945777e+01 -1.82040275e-04 7.79650319e-05
3.78368062e+01 -1.82040275e-04 7.66103768e-05
3.78790348e+01 -1.82040275e-04 7.54044768e-05
3.79212634e+01 -1.82040275e-04 7.43375595e-05
3.79634920e+01 -1.82040275e-04 7.34000962e-05
3.80057205e+01 -1.82040275e-04 7.25829289e-05
3.80479491e+01 -1.82040275e-04 7.18773868e-05
3.80901777e+01 -1.82040275e-04 7.12753895e-05
3.81324063e+01 -1.82040275e-04 7.07695353e-05
3.81746349e+01 -1.82040275e-04 7.03531714e-05
3.82168634e+01 -1.82040275e-04 7.00204471e-05
3.82590920e+01 -1.82040275e-04 6.97663492e-05
3.83013206e+01 -1.82040275e-04 6.95867205e-05
3.83435492e+01 -1.82040275e-04 6.94782629e-05
3.83857777e+01 -1.82040275e-04 6.94385256e-05
3.84280063e+01 -1.82040275e-04 6.94658806e-05
3.84702349e+01 -1.82040275e-04 6.95594865e-05
3.85124635e+01 -1.82040275e-04 6.97192417e-05
3.85546921e+01 -1.82040275e-04 6.99457287e-05
3.85969206e+01 -1.82040275e-04 7.02401508e-05
3.86391492e+01 -1.82040275e-04 7.06042617e-05
3.86813778e+01 -1.82040275e-04 7.10402901e-05
3.87236064e+01 -1.82040275e-04 7.15508599e-05
3.87658350e+01 -1.82040275e-04 7.21389075e-05
3.88080635e+01 -1.82040275e-04 7.28075977e-05
3.88502921e+01 -1.82040275e-04 7.35602396e-05
3.88925207e+01 -1.82040275e-04 7.44002043e-05
3.89347493e+01 -1.82040275e-04 7.53308455e-05
3.89769778e+01 -1.82040275e-04 7.63554257e-05
3.90192064e+01 -1.82040275e-04 7.74770475e-05
3.90614350e+01 -1.82040275e-04 7.86985939e-05
3.91036636e+01 -1.82040275e-04 8.00226762e-05
3.91458922e+01 -1.82040275e-04 8.14515922e-05
3.91881207e+01 -1.82040275e-04 8.29872937e-05
3.92303493e+01 -1.82040275e-04 8.46313641e-05
3.92725779e+01 -1.82040275e-04 8.63850058e-05
3.93148065e+01 -1.82040275e-04 8.82490362e-05
3.93570351e+01 -1.82040275e-04 9.02238920e-05
3.93992636e+01 -1.82040275e-04 9.23096407e-05
3.94414922e+01 -1.82040275e-04 9.45059974e-05
3.94837208e+01 -1.82040275e-04 9.68123469e-05
3.95259494e+01 -1.82040275e-04 9.92277686e-05
3.95681779e+01 -1.82040275e-04 1.01751063e-04
3.96104065e+01 -1.82040275e-04 1.04380783e-04
3.96526351e+01 -1.82040275e-04 1.07115258e-04
3.96948637e+01 -1.82040275e-04 1.09952625e-04
3.97370923e+01 -1.82040275e-04 1.12890857e-04
3.97793208e+01 -1.82040275e-04 1.15927785e-04
3.98215494e+01 -1.82040275e-04 1.19061124e-04
3.98637780e+01 -1.82040275e-04 1.22288497e-04
3.99060066e+01 -1.82040275e-04 1.25607448e-04
3.99482351e+01 -1.82040275e-04 1.29015467e-04
3.99904637e+01 -1.82040275e-04 1.32510001e-04
4.00326923e+01 -1.82040275e-04 1.36088469e-04
