#	Time	Error_of_Energy	Error_of_Position
4.22285784e-02 -1.86367173e-03 7.00628969e-04
8.44571568e-02 -5.61926734e-03 1.31863403e-03
1.26685735e-01 -8.46134977e-03 1.80996693e-03
1.68914314e-01 -9.50977028e-03 2.17389411e-03
2.11142892e-01 -9.28859424e-03 2.43321875e-03
2.53371470e-01 -8.49907835e-03 2.61525458e-03
2.95600049e-01 -7.57873156e-03 2.74294942e-03
3.37828627e-01 -6.72483044e-03 2.83310594e-03
3.80057205e-01 -6.00106416e-03 2.89733341e-03
4.22285784e-01 -5.41192400e-03 2.94349205e-03
4.64514362e-01 -4.94065550e-03 2.97689270e-03
5.06742941e-01 -4.56579377e-03 3.00115690e-03
5.48971519e-01 -4.26740449e-03 3.01878027e-03
5.91200097e-01 -4.02889318e-03 3.03151727e-03
6.33428676e-01 -3.83709077e-03 3.04060364e-03
6.75657254e-01 -3.68177295e-03 3.04694998e-03
7.17885832e-01 -3.55507287e-03 3.05119245e-03
7.60114411e-01 -3.45094977e-03 3.05383205e-03
8.02342989e-01 -3.36475599e-03 3.05523238e-03
8.44571568e-01 -3.29290041e-03 3.05567345e-03
8.86800146e-01 -3.23259276e-03 3.05535134e-03
9.29028724e-01 -3.18165128e-03 3.05443820e-03
9.71257303e-01 -3.13835865e-03 3.05306438e-03
1.01348588e+00 -3.10135394e-03 3.05133920e-03
1.05571446e+00 -3.06955132e-03 3.04931349e-03
1.09794304e+00 -3.04207874e-03 3.04706505e-03
1.14017162e+00 -3.01823128e-03 3.04465185e-03
1.18240019e+00 -2.99743561e-03 3.04211178e-03
1.22462877e+00 -2.97922258e-03 3.03947553e-03
1.26685735e+00 -2.96320610e-03 3.03677305e-03
1.30908593e+00 -2.94906670e-03 3.03402903e-03
1.35131451e+00 -2.93653860e-03 3.03125396e-03
1.39354309e+00 -2.92539962e-03 3.02844394e-03
1.43577166e+00 -2.91546309e-03 3.02560658e-03
1.47800024e+00 -2.90657147e-03 3.02281063e-03
1.52022882e+00 -2.89859125e-03 3.02003746e-03
1.56245740e+00 -2.89140875e-03 3.01722186e-03
1.60468598e+00 -2.88492684e-03 3.01448233e-03
1.64691456e+00 -2.87906218e-03 3.01176148e-03
1.68914314e+00 -2.87374301e-03 3.00902284e-03
1.73137171e+00 -2.86890735e-03 3.00640069e-03
1.77360029e+00 -2.86450143e-03 3.00370685e-03
1.81582887e+00 -2.86047850e-03 3.00116679e-03
1.85805745e+00 -2.85679777e-03 2.99853801e-03
1.90028603e+00 -2.85342355e-03 2.99607710e-03
1.94251461e+00 -2.85032452e-03 2.99352639e-03
1.98474318e+00 -2.84747312e-03 2.99112789e-03
2.02697176e+00 -2.84484503e-03 2.98869185e-03
2.06920034e+00 -2.84241875e-03 2.98630452e-03
2.11142892e+00 -2.84017521e-03 2.98402213e-03
2.15365750e+00 -2.83809746e-03 2.98164087e-03
2.19588608e+00 -2.83617041e-03 2.97945252e-03
2.23811465e+00 -2.83438059e-03 2.97722564e-03
2.28034323e+00 -2.83271595e-03 2.97496828e-03
2.32257181e+00 -2.83116568e-03 2.97291143e-03
2.36480039e+00 -2.82972008e-03 2.97077585e-03
2.40702897e+00 -2.82837043e-03 2.96862133e-03
2.44925755e+00 -2.82710886e-03 2.96667399e-03
2.49148612e+00 -2.82592825e-03 2.96467019e-03
2.53371470e+00 -2.82482219e-03 2.96259219e-03
2.57594328e+00 -2.82378485e-03 2.96070882e-03
2.61817186e+00 -2.82281095e-03 2.95887139e-03
2.66040044e+00 -2.82189568e-03 2.95691828e-03
2.70262902e+00 -2.82103467e-03 2.95500215e-03
2.74485759e+00 -2.82022393e-03 2.95329130e-03
2.78708617e+00 -2.81945983e-03 2.95154979e-03
2.82931475e+00 -2.81873903e-03 2.94969794e-03
2.87154333e+00 -2.81805851e-03 2.94790015e-03
2.91377191e+00 -2.81741545e-03 2.94630753e-03
2.95600049e+00 -2.81680731e-03 2.94470409e-03
2.99822907e+00 -2.81623173e-03 2.94298839e-03
3.04045764e+00 -2.81568655e-03 2.94124962e-03
3.08268622e+00 -2.81516976e-03 2.93970322e-03
3.12491480e+00 -2.81467954e-03 2.93825669e-03
3.16714338e+00 -2.81421419e-03 2.93673517e-03
3.20937196e+00 -2.81377213e-03 2.93511093e-03
3.25160054e+00 -2.81335192e-03 2.93350051e-03
3.29382911e+00 -2.81295222e-03 2.93209079e-03
3.33605769e+00 -2.81257177e-03 2.93077187e-03
3.37828627e+00 -2.81220943e-03 2.92938902e-03
3.42051485e+00 -2.81186412e-03 2.92790022e-03
3.46274343e+00 -2.81153485e-03 2.92637341e-03
3.50497201e+00 -2.81122069e-03 2.92497804e-03
3.54720058e+00 -2.81092077e-03 2.92376149e-03
3.58942916e+00 -2.81063430e-03 2.92255991e-03
3.63165774e+00 -2.81036051e-03 2.92127415e-03
3.67388632e+00 -2.81009872e-03 2.91988913e-03
3.71611490e+00 -2.80984826e-03 2.91847172e-03
3.75834348e+00 -2.80960852e-03 2.91716744e-03
3.80057205e+00 -2.80937893e-03 2.91605259e-03
3.84280063e+00 -2.80915896e-03 2.91498910e-03
3.88502921e+00 -2.80894811e-03 2.91387061e-03
3.92725779e+00 -2.80874589e-03 2.91265353e-03
3.96948637e+00 -2.80855188e-03 2.91135571e-03
4.01171495e+00 -2.80836565e-03 2.91005510e-03
4.05394352e+00 -2.80818681e-03 2.90888587e-03
4.09617210e+00 -2.80801501e-03 2.90789536e-03
4.13840068e+00 -2.80784988e-03 2.90696045e-03
4.18062926e+00 -2.80769112e-03 2.90598608e-03
4.22285784e+00 -2.80753841e-03 2.90492322e-03
4.26508642e+00 -2.80739147e-03 2.90376802e-03
4.30731499e+00 -2.80725002e-03 2.90256102e-03
4.34954357e+00 -2.80711380e-03 2.90138612e-03
4.39177215e+00 -2.80698258e-03 2.90036338e-03
4.43400073e+00 -2.80685613e-03 2.89950230e-03
4.47622931e+00 -2.80673422e-03 2.89869445e-03
4.51845789e+00 -2.80661666e-03 2.89785829e-03
4.56068647e+00 -2.80650326e-03 2.89694544e-03
4.60291504e+00 -2.80639382e-03 2.89594027e-03
4.64514362e+00 -2.80628817e-03 2.89485932e-03
4.68737220e+00 -2.80618615e-03 2.89375081e-03
4.72960078e+00 -2.80608761e-03 2.89269391e-03
4.77182936e+00 -2.80599240e-03 2.89179147e-03
4.81405794e+00 -2.80590037e-03 2.89104411e-03
4.85628651e+00 -2.80581139e-03 2.89035959e-03
4.89851509e+00 -2.80572534e-03 2.88966542e-03
4.94074367e+00 -2.80564209e-03 2.88891268e-03
4.98297225e+00 -2.80556153e-03 2.88807578e-03
5.02520083e+00 -2.80548356e-03 2.88715216e-03
5.06742941e+00 -2.80540806e-03 2.88616200e-03
5.10965798e+00 -2.80533495e-03 2.88514781e-03
5.15188656e+00 -2.80526412e-03 2.88417406e-03
5.19411514e+00 -2.80519549e-03 2.88332633e-03
5.23634372e+00 -2.80512896e-03 2.88264611e-03
5.27857230e+00 -2.80506447e-03 2.88206308e-03
5.32080088e+00 -2.80500193e-03 2.88150830e-03
5.36302945e+00 -2.80494127e-03 2.88092933e-03
5.40525803e+00 -2.80488242e-03 2.88029006e-03
5.44748661e+00 -2.80482530e-03 2.87957062e-03
5.48971519e+00 -2.80476986e-03 2.87876717e-03
5.53194377e+00 -2.80471604e-03 2.87789178e-03
5.57417235e+00 -2.80466377e-03 2.87697218e-03
5.61640092e+00 -2.80461300e-03 2.87605147e-03
5.65862950e+00 -2.80456368e-03 2.87518795e-03
5.70085808e+00 -2.80451575e-03 2.87445422e-03
5.74308666e+00 -2.80446916e-03 2.87387978e-03
5.78531524e+00 -2.80442387e-03 2.87340543e-03
5.82754382e+00 -2.80437983e-03 2.87297322e-03
5.86977239e+00 -2.80433700e-03 2.87253647e-03
5.91200097e+00 -2.80429534e-03 2.87205966e-03
5.95422955e+00 -2.80425480e-03 2.87151839e-03
5.99645813e+00 -2.80421536e-03 2.87089928e-03
6.03868671e+00 -2.80417696e-03 2.87019992e-03
6.08091529e+00 -2.80413958e-03 2.86942876e-03
6.12314387e+00 -2.80410319e-03 2.86860500e-03
6.16537244e+00 -2.80406774e-03 2.86775838e-03
6.20760102e+00 -2.80403322e-03 2.86692910e-03
6.24982960e+00 -2.80399958e-03 2.86616760e-03
6.29205818e+00 -2.80396681e-03 2.86553407e-03
6.33428676e+00 -2.80393487e-03 2.86505324e-03
6.37651534e+00 -2.80390374e-03 2.86467746e-03
6.41874391e+00 -2.80387338e-03 2.86435843e-03
6.46097249e+00 -2.80384379e-03 2.86405536e-03
6.50320107e+00 -2.80381492e-03 2.86373491e-03
6.54542965e+00 -2.80378677e-03 2.86337115e-03
6.58765823e+00 -2.80375930e-03 2.86294554e-03
6.62988681e+00 -2.80373251e-03 2.86244689e-03
6.67211538e+00 -2.80370636e-03 2.86187137e-03
6.71434396e+00 -2.80368083e-03 2.86122242e-03
6.75657254e+00 -2.80365592e-03 2.86051071e-03
6.79880112e+00 -2.80363159e-03 2.85975404e-03
6.84102970e+00 -2.80360784e-03 2.85897726e-03
6.88325828e+00 -2.80358464e-03 2.85821213e-03
6.92548685e+00 -2.80356198e-03 2.85749728e-03
6.96771543e+00 -2.80353985e-03 2.85687814e-03
7.00994401e+00 -2.80351822e-03 2.85640131e-03
7.05217259e+00 -2.80349709e-03 2.85605779e-03
7.09440117e+00 -2.80347644e-03 2.85580579e-03
7.13662975e+00 -2.80345625e-03 2.85560789e-03
7.17885832e+00 -2.80343652e-03 2.85543154e-03
7.22108690e+00 -2.80341722e-03 2.85524903e-03
7.26331548e+00 -2.80339836e-03 2.85503740e-03
7.30554406e+00 -2.80337991e-03 2.85477852e-03
7.34777264e+00 -2.80336186e-03 2.85445900e-03
7.39000122e+00 -2.80334421e-03 2.85407029e-03
7.43222980e+00 -2.80332694e-03 2.85360860e-03
7.47445837e+00 -2.80331004e-03 2.85307490e-03
7.51668695e+00 -2.80329350e-03 2.85247491e-03
7.55891553e+00 -2.80327732e-03 2.85181901e-03
7.60114411e+00 -2.80326148e-03 2.85112222e-03
7.64337269e+00 -2.80324597e-03 2.85040414e-03
7.68560127e+00 -2.80323079e-03 2.84968885e-03
7.72782984e+00 -2.80321592e-03 2.84900489e-03
7.77005842e+00 -2.80320136e-03 2.84838522e-03
7.81228700e+00 -2.80318710e-03 2.84786722e-03
7.85451558e+00 -2.80317314e-03 2.84748681e-03
7.89674416e+00 -2.80315945e-03 2.84723336e-03
7.93897274e+00 -2.80314605e-03 2.84707401e-03
7.98120131e+00 -2.80313292e-03 2.84697882e-03
8.02342989e+00 -2.80312005e-03 2.84692093e-03
8.06565847e+00 -2.80310743e-03 2.84687647e-03
8.10788705e+00 -2.80309507e-03 2.84682461e-03
8.15011563e+00 -2.80308295e-03 2.84674747e-03
8.19234421e+00 -2.80307107e-03 2.84663020e-03
8.23457278e+00 -2.80305942e-03 2.84646096e-03
8.27680136e+00 -2.80304800e-03 2.84623091e-03
8.31902994e+00 -2.80303680e-03 2.84593425e-03
8.36125852e+00 -2.80302581e-03 2.84556822e-03
8.40348710e+00 -2.80301504e-03 2.84513305e-03
8.44571568e+00 -2.80300447e-03 2.84463200e-03
8.48794425e+00 -2.80299410e-03 2.84407132e-03
8.53017283e+00 -2.80298392e-03 2.84346017e-03
8.57240141e+00 -2.80297394e-03 2.84281068e-03
8.61462999e+00 -2.80296415e-03 2.84213780e-03
8.65685857e+00 -2.80295453e-03 2.84145936e-03
8.69908715e+00 -2.80294510e-03 2.84079598e-03
8.74131572e+00 -2.80293583e-03 2.84017104e-03
8.78354430e+00 -2.80292674e-03 2.83961071e-03
8.82577288e+00 -2.80291781e-03 2.83914395e-03
8.86800146e+00 -2.80290905e-03 2.83880155e-03
8.91023004e+00 -2.80290044e-03 2.83858867e-03
8.95245862e+00 -2.80289199e-03 2.83848094e-03
8.99468720e+00 -2.80288369e-03 2.83845425e-03
9.03691577e+00 -2.80287554e-03 2.83848636e-03
9.07914435e+00 -2.80286753e-03 2.83855690e-03
9.12137293e+00 -2.80285966e-03 2.83864728e-03
9.16360151e+00 -2.80285194e-03 2.83874072e-03
9.20583009e+00 -2.80284434e-03 2.83882224e-03
9.24805867e+00 -2.80283688e-03 2.83887864e-03
9.29028724e+00 -2.80282955e-03 2.83889854e-03
9.33251582e+00 -2.80282234e-03 2.83887240e-03
9.37474440e+00 -2.80281526e-03 2.83879249e-03
9.41697298e+00 -2.80280830e-03 2.83865291e-03
9.45920156e+00 -2.80280146e-03 2.83844965e-03
9.50143014e+00 -2.80279473e-03 2.83818051e-03
9.54365871e+00 -2.80278812e-03 2.83784519e-03
9.58588729e+00 -2.80278162e-03 2.83744519e-03
9.62811587e+00 -2.80277522e-03 2.83698389e-03
9.67034445e+00 -2.80276893e-03 2.83646645e-03
9.71257303e+00 -2.80276275e-03 2.83589987e-03
9.75480161e+00 -2.80275667e-03 2.83529290e-03
9.79703018e+00 -2.80275069e-03 2.83465606e-03
9.83925876e+00 -2.80274481e-03 2.83400162e-03
9.88148734e+00 -2.80273902e-03 2.83334351e-03
9.92371592e+00 -2.80273333e-03 2.83269739e-03
9.96594450e+00 -2.80272772e-03 2.83208059e-03
1.00081731e+01 -2.80272221e-03 2.83151210e-03
1.00504017e+01 -2.80271679e-03 2.83101258e-03
1.00926302e+01 -2.80271145e-03 2.83060441e-03
1.01348588e+01 -2.80270620e-03 2.83031153e-03
1.01770874e+01 -2.80270103e-03 2.83014418e-03
1.02193160e+01 -2.80269594e-03 2.83008568e-03
1.02615445e+01 -2.80269093e-03 2.83011752e-03
1.03037731e+01 -2.80268600e-03 2.83022230e-03
1.03460017e+01 -2.80268115e-03 2.83038371e-03
1.03882303e+01 -2.80267637e-03 2.83058648e-03
1.04304589e+01 -2.80267167e-03 2.83081638e-03
1.04726874e+01 -2.80266704e-03 2.83106020e-03
1.05149160e+01 -2.80266248e-03 2.83130574e-03
1.05571446e+01 -2.80265798e-03 2.83154184e-03
1.05993732e+01 -2.80265356e-03 2.83175835e-03
1.06416018e+01 -2.80264920e-03 2.83194617e-03
1.06838303e+01 -2.80264491e-03 2.83209723e-03
1.07260589e+01 -2.80264069e-03 2.83220452e-03
1.07682875e+01 -2.80263652e-03 2.83226210e-03
1.08105161e+01 -2.80263242e-03 2.83226510e-03
1.08527446e+01 -2.80262838e-03 2.83220973e-03
1.08949732e+01 -2.80262440e-03 2.83209329e-03
1.09372018e+01 -2.80262048e-03 2.83191418e-03
1.09794304e+01 -2.80261661e-03 2.83167188e-03
1.10216590e+01 -2.80261281e-03 2.83136698e-03
1.10638875e+01 -2.80260905e-03 2.83100113e-03
1.11061161e+01 -2.80260535e-03 2.83057709e-03
1.11483447e+01 -2.80260171e-03 2.83009867e-03
1.11905733e+01 -2.80259812e-03 2.82957076e-03
1.12328018e+01 -2.80259457e-03 2.82899928e-03
1.12750304e+01 -2.80259108e-03 2.82839119e-03
1.13172590e+01 -2.80258764e-03 2.82775446e-03
1.13594876e+01 -2.80258425e-03 2.82709808e-03
1.14017162e+01 -2.80258090e-03 2.82643201e-03
1.14439447e+01 -2.80257761e-03 2.82576719e-03
1.14861733e+01 -2.80257436e-03 2.82511553e-03
1.15284019e+01 -2.80257115e-03 2.82448990e-03
1.15706305e+01 -2.80256799e-03 2.82390411e-03
1.16128591e+01 -2.80256487e-03 2.82337295e-03
1.16550876e+01 -2.80256180e-03 2.82291217e-03
1.16973162e+01 -2.80255876e-03 2.82253852e-03
1.17395448e+01 -2.80255577e-03 2.82226976e-03
1.17817734e+01 -2.80255282e-03 2.82212032e-03
1.18240019e+01 -2.80254991e-03 2.82208292e-03
1.18662305e+01 -2.80254704e-03 2.82214377e-03
1.19084591e+01 -2.80254421e-03 2.82228973e-03
1.19506877e+01 -2.80254142e-03 2.82250825e-03
1.19929163e+01 -2.80253866e-03 2.82278741e-03
1.20351448e+01 -2.80253594e-03 2.82311583e-03
1.20773734e+01 -2.80253326e-03 2.82348271e-03
1.21196020e+01 -2.80253061e-03 2.82387779e-03
1.21618306e+01 -2.80252800e-03 2.82429134e-03
1.22040592e+01 -2.80252542e-03 2.82471419e-03
1.22462877e+01 -2.80252288e-03 2.82513768e-03
1.22885163e+01 -2.80252037e-03 2.82555372e-03
1.23307449e+01 -2.80251789e-03 2.82595476e-03
1.23729735e+01 -2.80251544e-03 2.82633378e-03
1.24152020e+01 -2.80251303e-03 2.82668436e-03
1.24574306e+01 -2.80251065e-03 2.82700062e-03
1.24996592e+01 -2.80250829e-03 2.82727727e-03
1.25418878e+01 -2.80250597e-03 2.82750958e-03
1.25841164e+01 -2.80250368e-03 2.82769343e-03
1.26263449e+01 -2.80250142e-03 2.82782531e-03
1.26685735e+01 -2.80249918e-03 2.82790228e-03
1.27108021e+01 -2.80249698e-03 2.82792203e-03
1.27530307e+01 -2.80249480e-03 2.82788287e-03
1.27952592e+01 -2.80249265e-03 2.82778371e-03
1.28374878e+01 -2.80249052e-03 2.82762408e-03
1.28797164e+01 -2.80248842e-03 2.82740413e-03
1.29219450e+01 -2.80248635e-03 2.82712462e-03
1.29641736e+01 -2.80248431e-03 2.82678693e-03
1.30064021e+01 -2.80248229e-03 2.82639304e-03
1.30486307e+01 -2.80248029e-03 2.82594555e-03
1.30908593e+01 -2.80247832e-03 2.82544763e-03
1.31330879e+01 -2.80247637e-03 2.82490307e-03
1.31753165e+01 -2.80247445e-03 2.82431621e-03
1.32175450e+01 -2.80247255e-03 2.82369200e-03
1.32597736e+01 -2.80247068e-03 2.82303591e-03
1.33020022e+01 -2.80246882e-03 2.82235400e-03
1.33442308e+01 -2.80246699e-03 2.82165286e-03
1.33864593e+01 -2.80246518e-03 2.82093961e-03
1.34286879e+01 -2.80246339e-03 2.82022190e-03
1.34709165e+01 -2.80246163e-03 2.81950792e-03
1.35131451e+01 -2.80245988e-03 2.81880634e-03
1.35553737e+01 -2.80245816e-03 2.81812638e-03
1.35976022e+01 -2.80245645e-03 2.81747773e-03
1.36398308e+01 -2.80245477e-03 2.81687063e-03
1.36820594e+01 -2.80245310e-03 2.81631581e-03
1.37242880e+01 -2.80245146e-03 2.81582455e-03
1.37665166e+01 -2.80244983e-03 2.81540865e-03
1.38087451e+01 -2.80244823e-03 2.81508048e-03
1.38509737e+01 -2.80244664e-03 2.81485299e-03
1.38932023e+01 -2.80244507e-03 2.81473782e-03
1.39354309e+01 -2.80244352e-03 2.81473196e-03
1.39776594e+01 -2.80244198e-03 2.81482575e-03
1.40198880e+01 -2.80244047e-03 2.81500981e-03
1.40621166e+01 -2.80243897e-03 2.81527514e-03
1.41043452e+01 -2.80243749e-03 2.81561305e-03
1.41465738e+01 -2.80243602e-03 2.81601515e-03
1.41888023e+01 -2.80243457e-03 2.81647336e-03
1.42310309e+01 -2.80243314e-03 2.81697985e-03
1.42732595e+01 -2.80243173e-03 2.81752709e-03
1.43154881e+01 -2.80243033e-03 2.81810780e-03
1.43577166e+01 -2.80242894e-03 2.81871497e-03
1.43999452e+01 -2.80242757e-03 2.81934184e-03
1.44421738e+01 -2.80242622e-03 2.81998190e-03
1.44844024e+01 -2.80242488e-03 2.82062891e-03
1.45266310e+01 -2.80242356e-03 2.82127689e-03
1.45688595e+01 -2.80242225e-03 2.82192009e-03
1.46110881e+01 -2.80242096e-03 2.82255306e-03
1.46533167e+01 -2.80241968e-03 2.82317060e-03
1.46955453e+01 -2.80241841e-03 2.82376779e-03
1.47377739e+01 -2.80241716e-03 2.82433998e-03
1.47800024e+01 -2.80241592e-03 2.82488280e-03
1.48222310e+01 -2.80241469e-03 2.82539217e-03
1.48644596e+01 -2.80241348e-03 2.82586432e-03
1.49066882e+01 -2.80241228e-03 2.82629574e-03
1.49489167e+01 -2.80241110e-03 2.82668327e-03
1.49911453e+01 -2.80240992e-03 2.82702403e-03
1.50333739e+01 -2.80240876e-03 2.82731545e-03
1.50756025e+01 -2.80240761e-03 2.82755529e-03
1.51178311e+01 -2.80240648e-03 2.82774163e-03
1.51600596e+01 -2.80240535e-03 2.82787286e-03
1.52022882e+01 -2.80240424e-03 2.82794772e-03
1.52445168e+01 -2.80240314e-03 2.82796525e-03
1.52867454e+01 -2.80240205e-03 2.82792485e-03
1.53289740e+01 -2.80240097e-03 2.82782622e-03
1.53712025e+01 -2.80239991e-03 2.82766942e-03
1.54134311e+01 -2.80239885e-03 2.82745482e-03
1.54556597e+01 -2.80239781e-03 2.82718313e-03
1.54978883e+01 -2.80239678e-03 2.82685539e-03
1.55401168e+01 -2.80239575e-03 2.82647295e-03
1.55823454e+01 -2.80239474e-03 2.82603750e-03
1.56245740e+01 -2.80239374e-03 2.82555103e-03
1.56668026e+01 -2.80239275e-03 2.82501588e-03
1.57090312e+01 -2.80239177e-03 2.82443465e-03
1.57512597e+01 -2.80239080e-03 2.82381030e-03
1.57934883e+01 -2.80238983e-03 2.82314605e-03
1.58357169e+01 -2.80238888e-03 2.82244544e-03
1.58779455e+01 -2.80238794e-03 2.82171229e-03
1.59201740e+01 -2.80238701e-03 2.82095069e-03
1.59624026e+01 -2.80238609e-03 2.82016505e-03
1.60046312e+01 -2.80238517e-03 2.81936000e-03
1.60468598e+01 -2.80238427e-03 2.81854049e-03
1.60890884e+01 -2.80238337e-03 2.81771168e-03
1.61313169e+01 -2.80238249e-03 2.81687904e-03
1.61735455e+01 -2.80238161e-03 2.81604826e-03
1.62157741e+01 -2.80238074e-03 2.81522528e-03
1.62580027e+01 -2.80237988e-03 2.81441631e-03
1.63002313e+01 -2.80237903e-03 2.81362778e-03
1.63424598e+01 -2.80237818e-03 2.81286639e-03
1.63846884e+01 -2.80237735e-03 2.81213908e-03
1.64269170e+01 -2.80237652e-03 2.81145302e-03
1.64691456e+01 -2.80237570e-03 2.81081567e-03
1.65113741e+01 -2.80237489e-03 2.81023473e-03
1.65536027e+01 -2.80237409e-03 2.80971816e-03
1.65958313e+01 -2.80237329e-03 2.80927421e-03
1.66380599e+01 -2.80237251e-03 2.80891144e-03
1.66802885e+01 -2.80237173e-03 2.80863868e-03
1.67225170e+01 -2.80237095e-03 2.80846513e-03
1.67647456e+01 -2.80237019e-03 2.80839878e-03
1.68069742e+01 -2.80236943e-03 2.80843740e-03
1.68492028e+01 -2.80236868e-03 2.80857454e-03
1.68914314e+01 -2.80236794e-03 2.80880391e-03
1.69336599e+01 -2.80236720e-03 2.80911945e-03
1.69758885e+01 -2.80236647e-03 2.80951522e-03
1.70181171e+01 -2.80236575e-03 2.80998550e-03
1.70603457e+01 -2.80236503e-03 2.81052468e-03
1.71025742e+01 -2.80236432e-03 2.81112730e-03
1.71448028e+01 -2.80236362e-03 2.81178806e-03
1.71870314e+01 -2.80236293e-03 2.81250174e-03
1.72292600e+01 -2.80236224e-03 2.81326326e-03
1.72714886e+01 -2.80236155e-03 2.81406767e-03
1.73137171e+01 -2.80236088e-03 2.81491011e-03
1.73559457e+01 -2.80236021e-03 2.81578581e-03
1.73981743e+01 -2.80235954e-03 2.81669013e-03
1.74404029e+01 -2.80235889e-03 2.81761854e-03
1.74826314e+01 -2.80235824e-03 2.81856656e-03
1.75248600e+01 -2.80235759e-03 2.81952987e-03
1.75670886e+01 -2.80235695e-03 2.82050422e-03
1.76093172e+01 -2.80235632e-03 2.82148545e-03
1.76515458e+01 -2.80235569e-03 2.82246953e-03
1.76937743e+01 -2.80235507e-03 2.82345251e-03
1.77360029e+01 -2.80235445e-03 2.82443057e-03
1.77782315e+01 -2.80235384e-03 2.82539998e-03
1.78204601e+01 -2.80235323e-03 2.82635713e-03
1.78626887e+01 -2.80235263e-03 2.82729852e-03
1.79049172e+01 -2.80235204e-03 2.82822077e-03
1.79471458e+01 -2.80235145e-03 2.82912062e-03
1.79893744e+01 -2.80235086e-03 2.82999493e-03
1.80316030e+01 -2.80235028e-03 2.83084069e-03
1.80738315e+01 -2.80234971e-03 2.83165502e-03
1.81160601e+01 -2.80234914e-03 2.83243517e-03
1.81582887e+01 -2.80234858e-03 2.83317855e-03
1.82005173e+01 -2.80234802e-03 2.83388267e-03
1.82427459e+01 -2.80234746e-03 2.83454522e-03
1.82849744e+01 -2.80234692e-03 2.83516401e-03
1.83272030e+01 -2.80234637e-03 2.83573702e-03
1.83694316e+01 -2.80234583e-03 2.83626237e-03
1.84116602e+01 -2.80234530e-03 2.83673834e-03
1.84538888e+01 -2.80234477e-03 2.83716336e-03
1.84961173e+01 -2.80234424e-03 2.83753603e-03
1.85383459e+01 -2.80234372e-03 2.83785511e-03
1.85805745e+01 -2.80234320e-03 2.83811952e-03
1.86228031e+01 -2.80234269e-03 2.83832834e-03
1.86650316e+01 -2.80234219e-03 2.83848083e-03
1.87072602e+01 -2.80234168e-03 2.83857639e-03
1.87494888e+01 -2.80234118e-03 2.83861463e-03
1.87917174e+01 -2.80234069e-03 2.83859528e-03
1.88339460e+01 -2.80234020e-03 2.83851829e-03
1.88761745e+01 -2.80233971e-03 2.83838373e-03
1.89184031e+01 -2.80233923e-03 2.83819188e-03
1.89606317e+01 -2.80233875e-03 2.83794315e-03
1.90028603e+01 -2.80233828e-03 2.83763815e-03
1.90450888e+01 -2.80233781e-03 2.83727763e-03
1.90873174e+01 -2.80233734e-03 2.83686253e-03
1.91295460e+01 -2.80233688e-03 2.83639394e-03
1.91717746e+01 -2.80233642e-03 2.83587310e-03
1.92140032e+01 -2.80233597e-03 2.83530142e-03
1.92562317e+01 -2.80233552e-03 2.83468049e-03
1.92984603e+01 -2.80233507e-03 2.83401201e-03
1.93406889e+01 -2.80233463e-03 2.83329787e-03
1.93829175e+01 -2.80233419e-03 2.83254009e-03
1.94251461e+01 -2.80233375e-03 2.83174085e-03
1.94673746e+01 -2.80233332e-03 2.83090245e-03
1.95096032e+01 -2.80233289e-03 2.83002736e-03
1.95518318e+01 -2.80233247e-03 2.82911817e-03
1.95940604e+01 -2.80233205e-03 2.82817761e-03
1.96362889e+01 -2.80233163e-03 2.82720854e-03
1.96785175e+01 -2.80233122e-03 2.82621394e-03
1.97207461e+01 -2.80233080e-03 2.82519692e-03
1.97629747e+01 -2.80233040e-03 2.82416072e-03
1.98052033e+01 -2.80232999e-03 2.82310868e-03
1.98474318e+01 -2.80232959e-03 2.82204427e-03
1.98896604e+01 -2.80232919e-03 2.82097106e-03
1.99318890e+01 -2.80232880e-03 2.81989273e-03
1.99741176e+01 -2.80232841e-03 2.81881308e-03
2.00163462e+01 -2.80232802e-03 2.81773600e-03
2.00585747e+01 -2.80232763e-03 2.81666547e-03
2.01008033e+01 -2.80232725e-03 2.81560561e-03
2.01430319e+01 -2.80232687e-03 2.81456061e-03
2.01852605e+01 -2.80232650e-03 2.81353475e-03
2.02274890e+01 -2.80232612e-03 2.81253244e-03
2.02697176e+01 -2.80232575e-03 2.81155816e-03
2.03119462e+01 -2.80232539e-03 2.81061652e-03
2.03541748e+01 -2.80232502e-03 2.80971219e-03
2.03964034e+01 -2.80232466e-03 2.80884998e-03
2.04386319e+01 -2.80232430e-03 2.80803479e-03
2.04808605e+01 -2.80232394e-03 2.80727164e-03
2.05230891e+01 -2.80232359e-03 2.80656566e-03
2.05653177e+01 -2.80232324e-03 2.80592210e-03
2.06075463e+01 -2.80232289e-03 2.80534635e-03
2.06497748e+01 -2.80232255e-03 2.80484392e-03
2.06920034e+01 -2.80232221e-03 2.80442048e-03
2.07342320e+01 -2.80232187e-03 2.80408184e-03
2.07764606e+01 -2.80232153e-03 2.80383400e-03
2.08186891e+01 -2.80232120e-03 2.80368313e-03
2.08609177e+01 -2.80232087e-03 2.80363334e-03
2.09031463e+01 -2.80232054e-03 2.80368189e-03
2.09453749e+01 -2.80232021e-03 2.80382477e-03
2.09876035e+01 -2.80231989e-03 2.80405813e-03
2.10298320e+01 -2.80231956e-03 2.80437818e-03
2.10720606e+01 -2.80231924e-03 2.80478128e-03
2.11142892e+01 -2.80231893e-03 2.80526384e-03
2.11565178e+01 -2.80231861e-03 2.80582236e-03
2.11987463e+01 -2.80231830e-03 2.80645345e-03
2.12409749e+01 -2.80231799e-03 2.80715375e-03
2.12832035e+01 -2.80231769e-03 2.80792000e-03
2.13254321e+01 -2.80231738e-03 2.80874896e-03
2.13676607e+01 -2.80231708e-03 2.80963748e-03
2.14098892e+01 -2.80231678e-03 2.81058244e-03
2.14521178e+01 -2.80231648e-03 2.81158077e-03
2.14943464e+01 -2.80231618e-03 2.81262944e-03
2.15365750e+01 -2.80231589e-03 2.81372548e-03
2.15788036e+01 -2.80231560e-03 2.81486592e-03
2.16210321e+01 -2.80231531e-03 2.81604785e-03
2.16632607e+01 -2.80231502e-03 2.81726838e-03
2.17054893e+01 -2.80231474e-03 2.81852466e-03
2.17477179e+01 -2.80231446e-03 2.81981386e-03
2.17899464e+01 -2.80231417e-03 2.82113317e-03
2.18321750e+01 -2.80231390e-03 2.82247982e-03
2.18744036e+01 -2.80231362e-03 2.82385106e-03
2.19166322e+01 -2.80231334e-03 2.82524417e-03
2.19588608e+01 -2.80231307e-03 2.82665645e-03
2.20010893e+01 -2.80231280e-03 2.82808522e-03
2.20433179e+01 -2.80231253e-03 2.82952784e-03
2.20855465e+01 -2.80231227e-03 2.83098168e-03
2.21277751e+01 -2.80231200e-03 2.83244416e-03
2.21700037e+01 -2.80231174e-03 2.83391270e-03
2.22122322e+01 -2.80231148e-03 2.83538476e-03
2.22544608e+01 -2.80231122e-03 2.83685784e-03
2.22966894e+01 -2.80231096e-03 2.83832945e-03
2.23389180e+01 -2.80231071e-03 2.83979716e-03
2.23811465e+01 -2.80231045e-03 2.84125854e-03
2.24233751e+01 -2.80231020e-03 2.84271122e-03
2.24656037e+01 -2.80230995e-03 2.84415287e-03
2.25078323e+01 -2.80230970e-03 2.84558118e-03
2.25500609e+01 -2.80230946e-03 2.84699388e-03
2.25922894e+01 -2.80230921e-03 2.84838876e-03
2.26345180e+01 -2.80230897e-03 2.84976364e-03
2.26767466e+01 -2.80230873e-03 2.85111639e-03
2.27189752e+01 -2.80230849e-03 2.85244492e-03
2.27612037e+01 -2.80230825e-03 2.85374721e-03
2.28034323e+01 -2.80230802e-03 2.85502126e-03
2.28456609e+01 -2.80230778e-03 2.85626514e-03
2.28878895e+01 -2.80230755e-03 2.85747699e-03
2.29301181e+01 -2.80230732e-03 2.85865496e-03
2.29723466e+01 -2.80230709e-03 2.85979731e-03
2.30145752e+01 -2.80230686e-03 2.86090233e-03
2.30568038e+01 -2.80230664e-03 2.86196837e-03
2.30990324e+01 -2.80230641e-03 2.86299386e-03
2.31412610e+01 -2.80230619e-03 2.86397728e-03
2.31834895e+01 -2.80230597e-03 2.86491718e-03
2.32257181e+01 -2.80230575e-03 2.86581218e-03
2.32679467e+01 -2.80230553e-03 2.86666096e-03
2.33101753e+01 -2.80230531e-03 2.86746228e-03
2.33524038e+01 -2.80230510e-03 2.86821497e-03
2.33946324e+01 -2.80230488e-03 2.86891793e-03
2.34368610e+01 -2.80230467e-03 2.86957014e-03
2.34790896e+01 -2.80230446e-03 2.87017064e-03
2.35213182e+01 -2.80230425e-03 2.87071855e-03
2.35635467e+01 -2.80230404e-03 2.87121308e-03
2.36057753e+01 -2.80230383e-03 2.87165351e-03
2.36480039e+01 -2.80230363e-03 2.87203920e-03
2.36902325e+01 -2.80230342e-03 2.87236957e-03
2.37324611e+01 -2.80230322e-03 2.87264415e-03
2.37746896e+01 -2.80230302e-03 2.87286253e-03
2.38169182e+01 -2.80230282e-03 2.87302439e-03
2.38591468e+01 -2.80230262e-03 2.87312947e-03
2.39013754e+01 -2.80230243e-03 2.87317763e-03
2.39436039e+01 -2.80230223e-03 2.87316876e-03
2.39858325e+01 -2.80230204e-03 2.87310289e-03
2.40280611e+01 -2.80230184e-03 2.87298007e-03
2.40702897e+01 -2.80230165e-03 2.87280048e-03
2.41125183e+01 -2.80230146e-03 2.87256435e-03
2.41547468e+01 -2.80230127e-03 2.87227201e-03
2.41969754e+01 -2.80230108e-03 2.87192385e-03
2.42392040e+01 -2.80230090e-03 2.87152035e-03
2.42814326e+01 -2.80230071e-03 2.87106208e-03
2.43236611e+01 -2.80230053e-03 2.87054967e-03
2.43658897e+01 -2.80230034e-03 2.86998384e-03
2.44081183e+01 -2.80230016e-03 2.86936538e-03
2.44503469e+01 -2.80229998e-03 2.86869515e-03
2.44925755e+01 -2.80229980e-03 2.86797409e-03
2.45348040e+01 -2.80229962e-03 2.86720323e-03
2.45770326e+01 -2.80229945e-03 2.86638364e-03
2.46192612e+01 -2.80229927e-03 2.86551650e-03
2.46614898e+01 -2.80229909e-03 2.86460302e-03
2.47037184e+01 -2.80229892e-03 2.86364452e-03
2.47459469e+01 -2.80229875e-03 2.86264234e-03
2.47881755e+01 -2.80229858e-03 2.86159794e-03
2.48304041e+01 -2.80229841e-03 2.86051280e-03
2.48726327e+01 -2.80229824e-03 2.85938849e-03
2.49148612e+01 -2.80229807e-03 2.85822663e-03
2.49570898e+01 -2.80229790e-03 2.85702889e-03
2.49993184e+01 -2.80229774e-03 2.85579703e-03
2.50415470e+01 -2.80229757e-03 2.85453284e-03
2.50837756e+01 -2.80229741e-03 2.85323817e-03
2.51260041e+01 -2.80229724e-03 2.85191493e-03
2.51682327e+01 -2.80229708e-03 2.85056507e-03
2.52104613e+01 -2.80229692e-03 2.84919061e-03
2.52526899e+01 -2.80229676e-03 2.84779359e-03
2.52949185e+01 -2.80229660e-03 2.84637612e-03
2.53371470e+01 -2.80229645e-03 2.84494035e-03
2.53793756e+01 -2.80229629e-03 2.84348847e-03
2.54216042e+01 -2.80229613e-03 2.84202271e-03
2.54638328e+01 -2.80229598e-03 2.84054533e-03
2.55060613e+01 -2.80229583e-03 2.83905865e-03
2.55482899e+01 -2.80229567e-03 2.83756502e-03
2.55905185e+01 -2.80229552e-03 2.83606681e-03
2.56327471e+01 -2.80229537e-03 2.83456643e-03
2.56749757e+01 -2.80229522e-03 2.83306635e-03
2.57172042e+01 -2.80229507e-03 2.83156903e-03
2.57594328e+01 -2.80229492e-03 2.83007698e-03
2.58016614e+01 -2.80229478e-03 2.82859274e-03
2.58438900e+01 -2.80229463e-03 2.82711888e-03
2.58861185e+01 -2.80229448e-03 2.82565800e-03
2.59283471e+01 -2.80229434e-03 2.82421270e-03
2.59705757e+01 -2.80229420e-03 2.82278565e-03
2.60128043e+01 -2.80229405e-03 2.82137950e-03
2.60550329e+01 -2.80229391e-03 2.81999698e-03
2.60972614e+01 -2.80229377e-03 2.81864080e-03
2.61394900e+01 -2.80229363e-03 2.81731371e-03
2.61817186e+01 -2.80229349e-03 2.81601850e-03
2.62239472e+01 -2.80229335e-03 2.81475798e-03
2.62661758e+01 -2.80229322e-03 2.81353500e-03
2.63084043e+01 -2.80229308e-03 2.81235241e-03
2.63506329e+01 -2.80229294e-03 2.81121313e-03
2.63928615e+01 -2.80229281e-03 2.81012009e-03
2.64350901e+01 -2.80229268e-03 2.80907627e-03
2.64773186e+01 -2.80229254e-03 2.80808469e-03
2.65195472e+01 -2.80229241e-03 2.80714841e-03
2.65617758e+01 -2.80229228e-03 2.80627052e-03
2.66040044e+01 -2.80229215e-03 2.80545419e-03
2.66462330e+01 -2.80229202e-03 2.80470262e-03
2.66884615e+01 -2.80229189e-03 2.80401908e-03
2.67306901e+01 -2.80229176e-03 2.80340690e-03
2.67729187e+01 -2.80229163e-03 2.80286948e-03
2.68151473e+01 -2.80229151e-03 2.80241030e-03
2.68573759e+01 -2.80229138e-03 2.80203290e-03
2.68996044e+01 -2.80229125e-03 2.80174095e-03
2.69418330e+01 -2.80229113e-03 2.80153816e-03
2.69840616e+01 -2.80229101e-03 2.80142839e-03
2.70262902e+01 -2.80229088e-03 2.80141558e-03
2.70685187e+01 -2.80229076e-03 2.80150360e-03
2.71107473e+01 -2.80229064e-03 2.80169300e-03
2.71529759e+01 -2.80229052e-03 2.80198166e-03
2.71952045e+01 -2.80229040e-03 2.80236743e-03
2.72374331e+01 -2.80229028e-03 2.80284827e-03
2.72796616e+01 -2.80229016e-03 2.80342220e-03
2.73218902e+01 -2.80229004e-03 2.80408729e-03
2.73641188e+01 -2.80228992e-03 2.80484168e-03
2.74063474e+01 -2.80228981e-03 2.80568358e-03
2.74485759e+01 -2.80228969e-03 2.80661122e-03
2.74908045e+01 -2.80228957e-03 2.80762291e-03
2.75330331e+01 -2.80228946e-03 2.80871697e-03
2.75752617e+01 -2.80228935e-03 2.80989178e-03
2.76174903e+01 -2.80228923e-03 2.81114576e-03
2.76597188e+01 -2.80228912e-03 2.81247733e-03
2.77019474e+01 -2.80228901e-03 2.81388496e-03
2.77441760e+01 -2.80228890e-03 2.81536715e-03
2.77864046e+01 -2.80228879e-03 2.81692239e-03
2.78286332e+01 -2.80228868e-03 2.81854922e-03
2.78708617e+01 -2.80228857e-03 2.82024618e-03
2.79130903e+01 -2.80228846e-03 2.82201183e-03
2.79553189e+01 -2.80228835e-03 2.82384471e-03
2.79975475e+01 -2.80228824e-03 2.82574340e-03
2.80397760e+01 -2.80228813e-03 2.82770649e-03
2.80820046e+01 -2.80228803e-03 2.82973253e-03
2.81242332e+01 -2.80228792e-03 2.83182011e-03
2.81664618e+01 -2.80228782e-03 2.83396781e-03
2.82086904e+01 -2.80228771e-03 2.83617419e-03
2.82509189e+01 -2.80228761e-03 2.83843783e-03
2.82931475e+01 -2.80228751e-03 2.84075728e-03
2.83353761e+01 -2.80228740e-03 2.84313111e-03
2.83776047e+01 -2.80228730e-03 2.84555786e-03
2.84198333e+01 -2.80228720e-03 2.84803607e-03
2.84620618e+01 -2.80228710e-03 2.85056427e-03
2.85042904e+01 -2.80228700e-03 2.85314096e-03
2.85465190e+01 -2.80228690e-03 2.85576467e-03
2.85887476e+01 -2.80228680e-03 2.85843388e-03
2.86309761e+01 -2.80228670e-03 2.86114707e-03
2.86732047e+01 -2.80228660e-03 2.86390271e-03
2.87154333e+01 -2.80228650e-03 2.86669925e-03
2.87576619e+01 -2.80228641e-03 2.86953513e-03
2.87998905e+01 -2.80228631e-03 2.87240879e-03
2.88421190e+01 -2.80228621e-03 2.87531863e-03
2.88843476e+01 -2.80228612e-03 2.87826305e-03
2.89265762e+01 -2.80228602e-03 2.88124044e-03
2.89688048e+01 -2.80228593e-03 2.88424917e-03
2.90110333e+01 -2.80228583e-03 2.88728759e-03
2.90532619e+01 -2.80228574e-03 2.89035407e-03
2.90954905e+01 -2.80228565e-03 2.89344692e-03
2.91377191e+01 -2.80228556e-03 2.89656448e-03
2.91799477e+01 -2.80228546e-03 2.89970505e-03
2.92221762e+01 -2.80228537e-03 2.90286693e-03
2.92644048e+01 -2.80228528e-03 2.90604841e-03
2.93066334e+01 -2.80228519e-03 2.90924778e-03
2.93488620e+01 -2.80228510e-03 2.91246330e-03
2.93910906e+01 -2.80228501e-03 2.91569323e-03
2.94333191e+01 -2.80228492e-03 2.91893583e-03
2.94755477e+01 -2.80228484e-03 2.92218936e-03
2.95177763e+01 -2.80228475e-03 2.92545204e-03
2.95600049e+01 -2.80228466e-03 2.92872212e-03
2.96022334e+01 -2.80228457e-03 2.93199784e-03
2.96444620e+01 -2.80228449e-03 2.93527741e-03
2.96866906e+01 -2.80228440e-03 2.93855908e-03
2.97289192e+01 -2.80228432e-03 2.94184107e-03
2.97711478e+01 -2.80228423e-03 2.94512159e-03
2.98133763e+01 -2.80228415e-03 2.94839888e-03
2.98556049e+01 -2.80228406e-03 2.95167118e-03
2.98978335e+01 -2.80228398e-03 2.95493669e-03
2.99400621e+01 -2.80228389e-03 2.95819367e-03
2.99822907e+01 -2.80228381e-03 2.96144034e-03
3.00245192e+01 -2.80228373e-03 2.96467496e-03
3.00667478e+01 -2.80228365e-03 2.96789576e-03
3.01089764e+01 -2.80228357e-03 2.97110102e-03
3.01512050e+01 -2.80228348e-03 2.97428899e-03
3.01934335e+01 -2.80228340e-03 2.97745795e-03
3.02356621e+01 -2.80228332e-03 2.98060618e-03
3.02778907e+01 -2.80228324e-03 2.98373198e-03
3.03201193e+01 -2.80228317e-03 2.98683366e-03
3.03623479e+01 -2.80228309e-03 2.98990954e-03
3.04045764e+01 -2.80228301e-03 2.99295796e-03
3.04468050e+01 -2.80228293e-03 2.99597727e-03
3.04890336e+01 -2.80228285e-03 2.99896584e-03
3.05312622e+01 -2.80228277e-03 3.00192204e-03
3.05734907e+01 -2.80228270e-03 3.00484430e-03
3.06157193e+01 -2.80228262e-03 3.00773101e-03
3.06579479e+01 -2.80228255e-03 3.01058064e-03
3.07001765e+01 -2.80228247e-03 3.01339163e-03
3.07424051e+01 -2.80228239e-03 3.01616248e-03
3.07846336e+01 -2.80228232e-03 3.01889168e-03
3.08268622e+01 -2.80228225e-03 3.02157777e-03
3.08690908e+01 -2.80228217e-03 3.02421930e-03
3.09113194e+01 -2.80228210e-03 3.02681485e-03
3.09535480e+01 -2.80228202e-03 3.02936301e-03
3.09957765e+01 -2.80228195e-03 3.03186242e-03
3.10380051e+01 -2.80228188e-03 3.03431173e-03
3.10802337e+01 -2.80228181e-03 3.03670963e-03
3.11224623e+01 -2.80228174e-03 3.03905483e-03
3.11646908e+01 -2.80228166e-03 3.04134606e-03
3.12069194e+01 -2.80228159e-03 3.04358211e-03
3.12491480e+01 -2.80228152e-03 3.04576176e-03
3.12913766e+01 -2.80228145e-03 3.04788385e-03
3.13336052e+01 -2.80228138e-03 3.04994725e-03
3.13758337e+01 -2.80228131e-03 3.05195085e-03
3.14180623e+01 -2.80228124e-03 3.05389357e-03
3.14602909e+01 -2.80228117e-03 3.05577438e-03
3.15025195e+01 -2.80228111e-03 3.05759227e-03
3.15447481e+01 -2.80228104e-03 3.05934628e-03
3.15869766e+01 -2.80228097e-03 3.06103545e-03
3.16292052e+01 -2.80228090e-03 3.06265890e-03
3.16714338e+01 -2.80228084e-03 3.06421575e-03
3.17136624e+01 -2.80228077e-03 3.06570518e-03
3.17558909e+01 -2.80228070e-03 3.06712639e-03
3.17981195e+01 -2.80228064e-03 3.06847863e-03
3.18403481e+01 -2.80228057e-03 3.06976117e-03
3.18825767e+01 -2.80228050e-03 3.07097333e-03
3.19248053e+01 -2.80228044e-03 3.07211447e-03
3.19670338e+01 -2.80228037e-03 3.07318397e-03
3.20092624e+01 -2.80228031e-03 3.07418128e-03
3.20514910e+01 -2.80228025e-03 3.07510586e-03
3.20937196e+01 -2.80228018e-03 3.07595721e-03
3.21359481e+01 -2.80228012e-03 3.07673489e-03
3.21781767e+01 -2.80228006e-03 3.07743848e-03
3.22204053e+01 -2.80227999e-03 3.07806762e-03
3.22626339e+01 -2.80227993e-03 3.07862195e-03
3.23048625e+01 -2.80227987e-03 3.07910120e-03
3.23470910e+01 -2.80227981e-03 3.07950509e-03
3.23893196e+01 -2.80227974e-03 3.07983343e-03
3.24315482e+01 -2.80227968e-03 3.08008603e-03
3.24737768e+01 -2.80227962e-03 3.08026276e-03
3.25160054e+01 -2.80227956e-03 3.08036352e-03
3.25582339e+01 -2.80227950e-03 3.08038825e-03
3.26004625e+01 -2.80227944e-03 3.08033695e-03
3.26426911e+01 -2.80227938e-03 3.08020964e-03
3.26849197e+01 -2.80227932e-03 3.08000638e-03
3.27271482e+01 -2.80227926e-03 3.07972727e-03
3.27693768e+01 -2.80227920e-03 3.07937247e-03
3.28116054e+01 -2.80227915e-03 3.07894215e-03
3.28538340e+01 -2.80227909e-03 3.07843655e-03
3.28960626e+01 -2.80227903e-03 3.07785591e-03
3.29382911e+01 -2.80227897e-03 3.07720056e-03
3.29805197e+01 -2.80227891e-03 3.07647083e-03
3.30227483e+01 -2.80227886e-03 3.07566711e-03
3.30649769e+01 -2.80227880e-03 3.07478980e-03
3.31072055e+01 -2.80227874e-03 3.07383939e-03
3.31494340e+01 -2.80227869e-03 3.07281635e-03
3.31916626e+01 -2.80227863e-03 3.07172123e-03
3.32338912e+01 -2.80227858e-03 3.07055461e-03
3.32761198e+01 -2.80227852e-03 3.06931709e-03
3.33183483e+01 -2.80227846e-03 3.06800932e-03
3.33605769e+01 -2.80227841e-03 3.06663200e-03
3.34028055e+01 -2.80227835e-03 3.06518584e-03
3.34450341e+01 -2.80227830e-03 3.06367160e-03
3.34872627e+01 -2.80227825e-03 3.06209008e-03
3.35294912e+01 -2.80227819e-03 3.06044211e-03
3.35717198e+01 -2.80227814e-03 3.05872856e-03
3.36139484e+01 -2.80227808e-03 3.05695032e-03
3.36561770e+01 -2.80227803e-03 3.05510833e-03
3.36984055e+01 -2.80227798e-03 3.05320355e-03
3.37406341e+01 -2.80227793e-03 3.05123700e-03
3.37828627e+01 -2.80227787e-03 3.04920970e-03
3.38250913e+01 -2.80227782e-03 3.04712273e-03
3.38673199e+01 -2.80227777e-03 3.04497717e-03
3.39095484e+01 -2.80227772e-03 3.04277416e-03
3.39517770e+01 -2.80227767e-03 3.04051486e-03
3.39940056e+01 -2.80227762e-03 3.03820046e-03
3.40362342e+01 -2.80227756e-03 3.03583217e-03
3.40784628e+01 -2.80227751e-03 3.03341125e-03
3.41206913e+01 -2.80227746e-03 3.03093896e-03
3.41629199e+01 -2.80227741e-03 3.02841662e-03
3.42051485e+01 -2.80227736e-03 3.02584555e-03
3.42473771e+01 -2.80227731e-03 3.02322710e-03
3.42896056e+01 -2.80227726e-03 3.02056266e-03
3.43318342e+01 -2.80227721e-03 3.01785363e-03
3.43740628e+01 -2.80227717e-03 3.01510143e-03
3.44162914e+01 -2.80227712e-03 3.01230753e-03
3.44585200e+01 -2.80227707e-03 3.00947338e-03
3.45007485e+01 -2.80227702e-03 3.00660049e-03
3.45429771e+01 -2.80227697e-03 3.00369037e-03
3.45852057e+01 -2.80227692e-03 3.00074456e-03
3.46274343e+01 -2.80227688e-03 2.99776460e-03
3.46696629e+01 -2.80227683e-03 2.99475207e-03
3.47118914e+01 -2.80227678e-03 2.99170855e-03
3.47541200e+01 -2.80227673e-03 2.98863565e-03
3.47963486e+01 -2.80227669e-03 2.98553499e-03
3.48385772e+01 -2.80227664e-03 2.98240820e-03
3.48808057e+01 -2.80227659e-03 2.97925692e-03
3.49230343e+01 -2.80227655e-03 2.97608282e-03
3.49652629e+01 -2.80227650e-03 2.97288757e-03
3.50074915e+01 -2.80227646e-03 2.96967285e-03
3.50497201e+01 -2.80227641e-03 2.96644034e-03
3.50919486e+01 -2.80227637e-03 2.96319175e-03
3.51341772e+01 -2.80227632e-03 2.95992879e-03
3.51764058e+01 -2.80227628e-03 2.95665317e-03
3.52186344e+01 -2.80227623e-03 2.95336660e-03
3.52608629e+01 -2.80227619e-03 2.95007082e-03
3.53030915e+01 -2.80227614e-03 2.94676755e-03
3.53453201e+01 -2.80227610e-03 2.94345853e-03
3.53875487e+01 -2.80227605e-03 2.94014549e-03
3.54297773e+01 -2.80227601e-03 2.93683016e-03
3.54720058e+01 -2.80227597e-03 2.93351427e-03
3.55142344e+01 -2.80227592e-03 2.93019958e-03
3.55564630e+01 -2.80227588e-03 2.92688780e-03
3.55986916e+01 -2.80227584e-03 2.92358067e-03
3.56409202e+01 -2.80227580e-03 2.92027991e-03
3.56831487e+01 -2.80227575e-03 2.91698726e-03
3.57253773e+01 -2.80227571e-03 2.91370442e-03
3.57676059e+01 -2.80227567e-03 2.91043312e-03
3.58098345e+01 -2.80227563e-03 2.90717505e-03
3.58520630e+01 -2.80227558e-03 2.90393193e-03
3.58942916e+01 -2.80227554e-03 2.90070543e-03
3.59365202e+01 -2.80227550e-03 2.89749724e-03
3.59787488e+01 -2.80227546e-03 2.89430905e-03
3.60209774e+01 -2.80227542e-03 2.89114250e-03
3.60632059e+01 -2.80227538e-03 2.88799925e-03
3.61054345e+01 -2.80227534e-03 2.88488096e-03
3.61476631e+01 -2.80227530e-03 2.88178924e-03
3.61898917e+01 -2.80227526e-03 2.87872572e-03
3.62321203e+01 -2.80227522e-03 2.87569201e-03
3.62743488e+01 -2.80227518e-03 2.87268970e-03
3.63165774e+01 -2.80227514e-03 2.86972038e-03
3.63588060e+01 -2.80227510e-03 2.86678561e-03
3.64010346e+01 -2.80227506e-03 2.86388695e-03
3.64432631e+01 -2.80227502e-03 2.86102595e-03
3.64854917e+01 -2.80227498e-03 2.85820414e-03
3.65277203e+01 -2.80227494e-03 2.85542304e-03
3.65699489e+01 -2.80227490e-03 2.85268415e-03
3.66121775e+01 -2.80227486e-03 2.84998897e-03
3.66544060e+01 -2.80227483e-03 2.84733898e-03
3.66966346e+01 -2.80227479e-03 2.84473565e-03
3.67388632e+01 -2.80227475e-03 2.84218044e-03
3.67810918e+01 -2.80227471e-03 2.83967480e-03
3.68233203e+01 -2.80227467e-03 2.83722016e-03
3.68655489e+01 -2.80227464e-03 2.83481797e-03
3.69077775e+01 -2.80227460e-03 2.83246963e-03
3.69500061e+01 -2.80227456e-03 2.83017657e-03
3.69922347e+01 -2.80227453e-03 2.82794020e-03
3.70344632e+01 -2.80227449e-03 2.82576192e-03
3.70766918e+01 -2.80227445e-03 2.82364314e-03
3.71189204e+01 -2.80227442e-03 2.82158525e-03
3.71611490e+01 -2.80227438e-03 2.81958966e-03
3.72033776e+01 -2.80227434e-03 2.81765777e-03
3.72456061e+01 -2.80227431e-03 2.81579098e-03
3.72878347e+01 -2.80227427e-03 2.81399072e-03
3.73300633e+01 -2.80227424e-03 2.81225839e-03
3.73722919e+01 -2.80227420e-03 2.81059544e-03
3.74145204e+01 -2.80227416e-03 2.80900329e-03
3.74567490e+01 -2.80227413e-03 2.80748342e-03
3.74989776e+01 -2.80227409e-03 2.80603729e-03
3.75412062e+01 -2.80227406e-03 2.80466640e-03
3.75834348e+01 -2.80227402e-03 2.80337228e-03
3.76256633e+01 -2.80227399e-03 2.80215614e-03
3.76678919e+01 -2.80227395e-03 2.80101719e-03
3.77101205e+01 -2.80227392e-03 2.79995388e-03
3.77523491e+01 -2.80227389e-03 2.79896472e-03
3.77945777e+01 -2.80227385e-03 2.79804825e-03
3.78368062e+01 -2.80227382e-03 2.79720306e-03
3.78790348e+01 -2.80227378e-03 2.79642778e-03
3.79212634e+01 -2.80227375e-03 2.79572110e-03
3.79634920e+01 -2.80227372e-03 2.79508173e-03
3.80057205e+01 -2.80227368e-03 2.79450842e-03
3.80479491e+01 -2.80227365e-03 2.79399998e-03
3.80901777e+01 -2.80227362e-03 2.79355523e-03
3.81324063e+01 -2.80227358e-03 2.79317305e-03
3.81746349e+01 -2.80227355e-03 2.79285234e-03
3.82168634e+01 -2.80227352e-03 2.79259202e-03
3.82590920e+01 -2.80227349e-03 2.79239108e-03
3.83013206e+01 -2.80227345e-03 2.79224849e-03
3.83435492e+01 -2.80227342e-03 2.79216330e-03
3.83857777e+01 -2.80227339e-03 2.79213455e-03
3.84280063e+01 -2.80227336e-03 2.79216133e-03
3.84702349e+01 -2.80227333e-03 2.79224273e-03
3.85124635e+01 -2.80227329e-03 2.79237789e-03
3.85546921e+01 -2.80227326e-03 2.79256597e-03
3.85969206e+01 -2.80227323e-03 2.79280613e-03
3.86391492e+01 -2.80227320e-03 2.79309758e-03
3.86813778e+01 -2.80227317e-03 2.79343953e-03
3.87236064e+01 -2.80227314e-03 2.79383121e-03
3.87658350e+01 -2.80227311e-03 2.79427189e-03
3.88080635e+01 -2.80227308e-03 2.79476082e-03
3.88502921e+01 -2.80227305e-03 2.79529730e-03
3.88925207e+01 -2.80227301e-03 2.79588062e-03
3.89347493e+01 -2.80227298e-03 2.79651011e-03
3.89769778e+01 -2.80227295e-03 2.79718509e-03
3.90192064e+01 -2.80227292e-03 2.79790489e-03
3.90614350e+01 -2.80227289e-03 2.79866889e-03
3.91036636e+01 -2.80227286e-03 2.79947642e-03
3.91458922e+01 -2.80227283e-03 2.80032688e-03
3.91881207e+01 -2.80227280e-03 2.80121964e-03
3.92303493e+01 -2.80227277e-03 2.80215410e-03
3.92725779e+01 -2.80227275e-03 2.80312964e-03
3.93148065e+01 -2.80227272e-03 2.80414569e-03
3.93570351e+01 -2.80227269e-03 2.80520164e-03
3.93992636e+01 -2.80227266e-03 2.80629692e-03
3.94414922e+01 -2.80227263e-03 2.80743095e-03
3.94837208e+01 -2.80227260e-03 2.80860316e-03
3.95259494e+01 -2.80227257e-03 2.80981297e-03
3.95681779e+01 -2.80227254e-03 2.81105983e-03
3.96104065e+01 -2.80227251e-03 2.81234316e-03
3.96526351e+01 -2.80227249e-03 2.81366242e-03
3.96948637e+01 -2.80227246e-03 2.81501704e-03
3.97370923e+01 -2.80227243e-03 2.81640646e-03
3.97793208e+01 -2.80227240e-03 2.81783013e-03
3.98215494e+01 -2.80227237e-03 2.81928750e-03
3.98637780e+01 -2.80227235e-03 2.82077800e-03
3.99060066e+01 -2.80227232e-03 2.82230108e-03
3.99482351e+01 -2.80227229e-03 2.82385619e-03
3.99904637e+01 -2.80227226e-03 2.82544277e-03
4.00326923e+01 -2.80227224e-03 2.82706025e-03
