#	Time	Error_of_Energy	Error_of_Position
2.11142892e-02 -1.22648685e-04 8.82305259e-05
4.22285784e-02 -4.55069880e-04 1.73731182e-04
6.33428676e-02 -9.08174040e-04 2.54123936e-04
8.44571568e-02 -1.37886679e-03 3.27648837e-04
1.05571446e-01 -1.78591078e-03 3.93282614e-04
1.26685735e-01 -2.08581698e-03 4.50707277e-04
1.47800024e-01 -2.26966912e-03 5.00164676e-04
1.68914314e-01 -2.35081041e-03 5.42269190e-04
1.90028603e-01 -2.35231155e-03 5.77831004e-04
2.11142892e-01 -2.29831558e-03 6.07720748e-04
2.32257181e-01 -2.20959556e-03 6.32780962e-04
2.53371470e-01 -2.10209608e-03 6.53778099e-04
2.74485759e-01 -1.98710060e-03 6.71381837e-04
2.95600049e-01 -1.87206301e-03 6.86163165e-04
3.16714338e-01 -1.76156835e-03 6.98600771e-04
3.37828627e-01 -1.65818325e-03 7.09090340e-04
3.58942916e-01 -1.56312284e-03 7.17960333e-04
3.80057205e-01 -1.47673765e-03 7.25478113e-04
4.01171495e-01 -1.39885255e-03 7.31866381e-04
4.22285784e-01 -1.32899413e-03 7.37305334e-04
4.43400073e-01 -1.26653852e-03 7.41945475e-04
4.64514362e-01 -1.21080431e-03 7.45907908e-04
4.85628651e-01 -1.16110887e-03 7.49297242e-04
5.06742941e-01 -1.11680054e-03 7.52199052e-04
5.27857230e-01 -1.07727549e-03 7.54683314e-04
5.48971519e-01 -1.04198499e-03 7.56805628e-04
5.70085808e-01 -1.01043681e-03 7.58622694e-04
5.91200097e-01 -9.82193328e-04 7.60173733e-04
6.12314387e-01 -9.56867804e-04 7.61493388e-04
6.33428676e-01 -9.34119818e-04 7.62609389e-04
6.54542965e-01 -9.13650497e-04 7.63559218e-04
6.75657254e-01 -8.95197830e-04 7.64352701e-04
6.96771543e-01 -8.78532271e-04 7.65009522e-04
7.17885832e-01 -8.63452736e-04 7.65549701e-04
7.39000122e-01 -8.49783001e-04 7.65988692e-04
7.60114411e-01 -8.37368516e-04 7.66338246e-04
7.81228700e-01 -8.26073598e-04 7.66608620e-04
8.02342989e-01 -8.15778990e-04 7.66809749e-04
8.23457278e-01 -8.06379723e-04 7.66950688e-04
8.44571568e-01 -7.97783268e-04 7.67037939e-04
8.65685857e-01 -7.89907939e-04 7.67074355e-04
8.86800146e-01 -7.82681499e-04 7.67061054e-04
9.07914435e-01 -7.76039965e-04 7.67005301e-04
9.29028724e-01 -7.69926567e-04 7.66929210e-04
9.50143014e-01 -7.64290851e-04 7.66825726e-04
9.71257303e-01 -7.59087898e-04 7.66677746e-04
9.92371592e-01 -7.54277653e-04 7.66512004e-04
1.01348588e+00 -7.49824331e-04 7.66341380e-04
1.03460017e+00 -7.45695916e-04 7.66124587e-04
1.05571446e+00 -7.41863713e-04 7.65912204e-04
1.07682875e+00 -7.38301962e-04 7.65681106e-04
1.09794304e+00 -7.34987501e-04 7.65421148e-04
1.11905733e+00 -7.31899474e-04 7.65179425e-04
1.14017162e+00 -7.29019068e-04 7.64888788e-04
1.16128591e+00 -7.26329290e-04 7.64633251e-04
1.18240019e+00 -7.23814768e-04 7.64323018e-04
1.20351448e+00 -7.21461574e-04 7.64054784e-04
1.22462877e+00 -7.19257075e-04 7.63730401e-04
1.24574306e+00 -7.17189792e-04 7.63451062e-04
1.26685735e+00 -7.15249284e-04 7.63121339e-04
1.28797164e+00 -7.13426037e-04 7.62824234e-04
1.30908593e+00 -7.11711376e-04 7.62504699e-04
1.33020022e+00 -7.10097378e-04 7.62175975e-04
1.35131451e+00 -7.08576797e-04 7.61878181e-04
1.37242880e+00 -7.07142999e-04 7.61524482e-04
1.39354309e+00 -7.05789904e-04 7.61227577e-04
1.41465738e+00 -7.04511933e-04 7.60898045e-04
1.43577166e+00 -7.03303961e-04 7.60552071e-04
1.45688595e+00 -7.02161271e-04 7.60259948e-04
1.47800024e+00 -7.01079524e-04 7.59913087e-04
1.49911453e+00 -7.00054719e-04 7.59579424e-04
1.52022882e+00 -6.99083165e-04 7.59286601e-04
1.54134311e+00 -6.98161452e-04 7.58937253e-04
1.56245740e+00 -6.97286429e-04 7.58603423e-04
1.58357169e+00 -6.96455179e-04 7.58316601e-04
1.60468598e+00 -6.95665000e-04 7.57977549e-04
1.62580027e+00 -6.94913388e-04 7.57629935e-04
1.64691456e+00 -6.94198019e-04 7.57349132e-04
1.66802885e+00 -6.93516733e-04 7.57036111e-04
1.68914314e+00 -6.92867526e-04 7.56679712e-04
1.71025742e+00 -6.92248528e-04 7.56378660e-04
1.73137171e+00 -6.91658003e-04 7.56100652e-04
1.75248600e+00 -6.91094329e-04 7.55770702e-04
1.77360029e+00 -6.90555997e-04 7.55423969e-04
1.79471458e+00 -6.90041596e-04 7.55148170e-04
1.81582887e+00 -6.89549809e-04 7.54872125e-04
1.83694316e+00 -6.89079404e-04 7.54543983e-04
1.85805745e+00 -6.88629231e-04 7.54203970e-04
1.87917174e+00 -6.88198209e-04 7.53934825e-04
1.90028603e+00 -6.87785330e-04 7.53673254e-04
1.92140032e+00 -6.87389647e-04 7.53363203e-04
1.94251461e+00 -6.87010271e-04 7.53024295e-04
1.96362889e+00 -6.86646368e-04 7.52738953e-04
1.98474318e+00 -6.86297156e-04 7.52496683e-04
2.00585747e+00 -6.85961898e-04 7.52223016e-04
2.02697176e+00 -6.85639902e-04 7.51902383e-04
2.04808605e+00 -6.85330516e-04 7.51579785e-04
2.06920034e+00 -6.85033128e-04 7.51326899e-04
2.09031463e+00 -6.84747158e-04 7.51094786e-04
2.11142892e+00 -6.84472063e-04 7.50826021e-04
2.13254321e+00 -6.84207328e-04 7.50513327e-04
2.15365750e+00 -6.83952468e-04 7.50198213e-04
2.17477179e+00 -6.83707026e-04 7.49949415e-04
2.19588608e+00 -6.83470567e-04 7.49732562e-04
2.21700037e+00 -6.83242684e-04 7.49489007e-04
2.23811465e+00 -6.83022989e-04 7.49200340e-04
2.25922894e+00 -6.82811117e-04 7.48887669e-04
2.28034323e+00 -6.82606720e-04 7.48609913e-04
2.30145752e+00 -6.82409470e-04 7.48397175e-04
2.32257181e+00 -6.82219057e-04 7.48190199e-04
2.34368610e+00 -6.82035184e-04 7.47948918e-04
2.36480039e+00 -6.81857573e-04 7.47665363e-04
2.38591468e+00 -6.81685957e-04 7.47362895e-04
2.40702897e+00 -6.81520084e-04 7.47095060e-04
2.42814326e+00 -6.81359716e-04 7.46892579e-04
2.44925755e+00 -6.81204623e-04 7.46703314e-04
2.47037184e+00 -6.81054591e-04 7.46487254e-04
2.49148612e+00 -6.80909413e-04 7.46229915e-04
2.51260041e+00 -6.80768893e-04 7.45941810e-04
2.53371470e+00 -6.80632845e-04 7.45657835e-04
2.55482899e+00 -6.80501091e-04 7.45430862e-04
2.57594328e+00 -6.80373463e-04 7.45253277e-04
2.59705757e+00 -6.80249798e-04 7.45076238e-04
2.61817186e+00 -6.80129945e-04 7.44869755e-04
2.63928615e+00 -6.80013755e-04 7.44623820e-04
2.66040044e+00 -6.79901089e-04 7.44348021e-04
2.68151473e+00 -6.79791815e-04 7.44071094e-04
2.70262902e+00 -6.79685803e-04 7.43839485e-04
2.72374331e+00 -6.79582934e-04 7.43667134e-04
2.74485759e+00 -6.79483090e-04 7.43510798e-04
2.76597188e+00 -6.79386160e-04 7.43337361e-04
2.78708617e+00 -6.79292038e-04 7.43129392e-04
2.80820046e+00 -6.79200623e-04 7.42884896e-04
2.82931475e+00 -6.79111817e-04 7.42617026e-04
2.85042904e+00 -6.79025527e-04 7.42353745e-04
2.87154333e+00 -6.78941665e-04 7.42136601e-04
2.89265762e+00 -6.78860144e-04 7.41977272e-04
2.91377191e+00 -6.78780883e-04 7.41837655e-04
2.93488620e+00 -6.78703804e-04 7.41687188e-04
2.95600049e+00 -6.78628832e-04 7.41507455e-04
2.97711478e+00 -6.78555895e-04 7.41292017e-04
2.99822907e+00 -6.78484923e-04 7.41046228e-04
3.01934335e+00 -6.78415850e-04 7.40787007e-04
3.04045764e+00 -6.78348614e-04 7.40542589e-04
3.06157193e+00 -6.78283152e-04 7.40349974e-04
3.08268622e+00 -6.78219407e-04 7.40209434e-04
3.10380051e+00 -6.78157321e-04 7.40086874e-04
3.12491480e+00 -6.78096842e-04 7.39955951e-04
3.14602909e+00 -6.78037916e-04 7.39799609e-04
3.16714338e+00 -6.77980494e-04 7.39609978e-04
3.18825767e+00 -6.77924528e-04 7.39388251e-04
3.20937196e+00 -6.77869972e-04 7.39144540e-04
3.23048625e+00 -6.77816782e-04 7.38897697e-04
3.25160054e+00 -6.77764914e-04 7.38675137e-04
3.27271482e+00 -6.77714327e-04 7.38507776e-04
3.29382911e+00 -6.77664982e-04 7.38386252e-04
3.31494340e+00 -6.77616840e-04 7.38281179e-04
3.33605769e+00 -6.77569866e-04 7.38169991e-04
3.35717198e+00 -6.77524022e-04 7.38037152e-04
3.37828627e+00 -6.77479277e-04 7.37874089e-04
3.39940056e+00 -6.77435595e-04 7.37679126e-04
3.42051485e+00 -6.77392946e-04 7.37457390e-04
3.44162914e+00 -6.77351300e-04 7.37220693e-04
3.46274343e+00 -6.77310626e-04 7.36987402e-04
3.48385772e+00 -6.77270896e-04 7.36782320e-04
3.50497201e+00 -6.77232083e-04 7.36631427e-04
3.52608629e+00 -6.77194160e-04 7.36524527e-04
3.54720058e+00 -6.77157102e-04 7.36436349e-04
3.56831487e+00 -6.77120883e-04 7.36346833e-04
3.58942916e+00 -6.77085481e-04 7.36241182e-04
3.61054345e+00 -6.77050872e-04 7.36109828e-04
3.63165774e+00 -6.77017034e-04 7.35948390e-04
3.65277203e+00 -6.76983945e-04 7.35757629e-04
3.67388632e+00 -6.76951584e-04 7.35543377e-04
3.69500061e+00 -6.76919932e-04 7.35316448e-04
3.71611490e+00 -6.76888968e-04 7.35092550e-04
3.73722919e+00 -6.76858675e-04 7.34892195e-04
3.75834348e+00 -6.76829034e-04 7.34739467e-04
3.77945777e+00 -6.76800027e-04 7.34635761e-04
3.80057205e+00 -6.76771638e-04 7.34559365e-04
3.82168634e+00 -6.76743849e-04 7.34491364e-04
3.84280063e+00 -6.76716645e-04 7.34416757e-04
3.86391492e+00 -6.76690011e-04 7.34324418e-04
3.88502921e+00 -6.76663931e-04 7.34207082e-04
3.90614350e+00 -6.76638392e-04 7.34061317e-04
3.92725779e+00 -6.76613378e-04 7.33887502e-04
3.94837208e+00 -6.76588877e-04 7.33689778e-04
3.96948637e+00 -6.76564875e-04 7.33475992e-04
3.99060066e+00 -6.76541359e-04 7.33257628e-04
4.01171495e+00 -6.76518318e-04 7.33049745e-04
4.03282924e+00 -6.76495739e-04 7.32870925e-04
4.05394352e+00 -6.76473611e-04 7.32740889e-04
4.07505781e+00 -6.76451921e-04 7.32655467e-04
4.09617210e+00 -6.76430660e-04 7.32596104e-04
4.11728639e+00 -6.76409817e-04 7.32546870e-04
4.13840068e+00 -6.76389381e-04 7.32494683e-04
4.15951497e+00 -6.76369342e-04 7.32429293e-04
4.18062926e+00 -6.76349691e-04 7.32343263e-04
4.20174355e+00 -6.76330419e-04 7.32231968e-04
4.22285784e+00 -6.76311515e-04 7.32093580e-04
4.24397213e+00 -6.76292972e-04 7.31929050e-04
4.26508642e+00 -6.76274781e-04 7.31742078e-04
4.28620071e+00 -6.76256933e-04 7.31539068e-04
4.30731499e+00 -6.76239419e-04 7.31329084e-04
4.32842928e+00 -6.76222234e-04 7.31123802e-04
4.34954357e+00 -6.76205367e-04 7.30937474e-04
4.37065786e+00 -6.76188813e-04 7.30786909e-04
4.39177215e+00 -6.76172564e-04 7.30685226e-04
4.41288644e+00 -6.76156613e-04 7.30621906e-04
4.43400073e+00 -6.76140952e-04 7.30581806e-04
4.45511502e+00 -6.76125576e-04 7.30551864e-04
4.47622931e+00 -6.76110478e-04 7.30521062e-04
4.49734360e+00 -6.76095651e-04 7.30480412e-04
4.51845789e+00 -6.76081090e-04 7.30422946e-04
4.53957218e+00 -6.76066788e-04 7.30343722e-04
4.56068647e+00 -6.76052739e-04 7.30239819e-04
4.58180075e+00 -6.76038939e-04 7.30110331e-04
4.60291504e+00 -6.76025381e-04 7.29956353e-04
4.62402933e+00 -6.76012060e-04 7.29780960e-04
4.64514362e+00 -6.75998971e-04 7.29589179e-04
4.66625791e+00 -6.75986109e-04 7.29387958e-04
4.68737220e+00 -6.75973469e-04 7.29186129e-04
4.70848649e+00 -6.75961046e-04 7.28994379e-04
4.72960078e+00 -6.75948835e-04 7.28825235e-04
4.75071507e+00 -6.75936832e-04 7.28693057e-04
4.77182936e+00 -6.75925033e-04 7.28607361e-04
4.79294365e+00 -6.75913433e-04 7.28558258e-04
4.81405794e+00 -6.75902027e-04 7.28533231e-04
4.83517222e+00 -6.75890812e-04 7.28521240e-04
4.85628651e+00 -6.75879784e-04 7.28512690e-04
4.87740080e+00 -6.75868939e-04 7.28499417e-04
4.89851509e+00 -6.75858273e-04 7.28474684e-04
4.91962938e+00 -6.75847782e-04 7.28433184e-04
4.94074367e+00 -6.75837463e-04 7.28371042e-04
4.96185796e+00 -6.75827312e-04 7.28285819e-04
4.98297225e+00 -6.75817326e-04 7.28176505e-04
5.00408654e+00 -6.75807501e-04 7.28043520e-04
5.02520083e+00 -6.75797834e-04 7.27888695e-04
5.04631512e+00 -6.75788322e-04 7.27715258e-04
5.06742941e+00 -6.75778961e-04 7.27527815e-04
5.08854369e+00 -6.75769750e-04 7.27332322e-04
5.10965798e+00 -6.75760684e-04 7.27136065e-04
5.13077227e+00 -6.75751761e-04 7.26947639e-04
5.15188656e+00 -6.75742978e-04 7.26776934e-04
5.17300085e+00 -6.75734333e-04 7.26635133e-04
5.19411514e+00 -6.75725822e-04 7.26534259e-04
5.21522943e+00 -6.75717442e-04 7.26475560e-04
5.23634372e+00 -6.75709193e-04 7.26448664e-04
5.25745801e+00 -6.75701070e-04 7.26443637e-04
5.27857230e+00 -6.75693071e-04 7.26451565e-04
5.29968659e+00 -6.75685195e-04 7.26464531e-04
5.32080088e+00 -6.75677438e-04 7.26475607e-04
5.34191517e+00 -6.75669798e-04 7.26478853e-04
5.36302945e+00 -6.75662274e-04 7.26469317e-04
5.38414374e+00 -6.75654862e-04 7.26443041e-04
5.40525803e+00 -6.75647562e-04 7.26397062e-04
5.42637232e+00 -6.75640370e-04 7.26329420e-04
5.44748661e+00 -6.75633285e-04 7.26239156e-04
5.46860090e+00 -6.75626305e-04 7.26126309e-04
5.48971519e+00 -6.75619427e-04 7.25991910e-04
5.51082948e+00 -6.75612650e-04 7.25837974e-04
5.53194377e+00 -6.75605972e-04 7.25667485e-04
5.55305806e+00 -6.75599392e-04 7.25484380e-04
5.57417235e+00 -6.75592907e-04 7.25293537e-04
5.59528664e+00 -6.75586515e-04 7.25100752e-04
5.61640092e+00 -6.75580216e-04 7.24912731e-04
5.63751521e+00 -6.75574007e-04 7.24737075e-04
5.65862950e+00 -6.75567886e-04 7.24582280e-04
5.67974379e+00 -6.75561853e-04 7.24457742e-04
5.70085808e+00 -6.75555905e-04 7.24373120e-04
5.72197237e+00 -6.75550041e-04 7.24328081e-04
5.74308666e+00 -6.75544259e-04 7.24314079e-04
5.76420095e+00 -6.75538559e-04 7.24323026e-04
5.78531524e+00 -6.75532938e-04 7.24347526e-04
5.80642953e+00 -6.75527396e-04 7.24380866e-04
5.82754382e+00 -6.75521930e-04 7.24416999e-04
5.84865811e+00 -6.75516540e-04 7.24450548e-04
5.86977239e+00 -6.75511224e-04 7.24476798e-04
5.89088668e+00 -6.75505981e-04 7.24491708e-04
5.91200097e+00 -6.75500810e-04 7.24491909e-04
5.93311526e+00 -6.75495709e-04 7.24474712e-04
5.95422955e+00 -6.75490677e-04 7.24438111e-04
5.97534384e+00 -6.75485713e-04 7.24380786e-04
5.99645813e+00 -6.75480816e-04 7.24302105e-04
6.01757242e+00 -6.75475985e-04 7.24202123e-04
6.03868671e+00 -6.75471219e-04 7.24081573e-04
6.05980100e+00 -6.75466516e-04 7.23941870e-04
6.08091529e+00 -6.75461876e-04 7.23785093e-04
6.10202958e+00 -6.75457297e-04 7.23613981e-04
6.12314387e+00 -6.75452778e-04 7.23431920e-04
6.14425815e+00 -6.75448319e-04 7.23242931e-04
6.16537244e+00 -6.75443918e-04 7.23051662e-04
6.18648673e+00 -6.75439575e-04 7.22863372e-04
6.20760102e+00 -6.75435288e-04 7.22683928e-04
6.22871531e+00 -6.75431057e-04 7.22519802e-04
6.24982960e+00 -6.75426881e-04 7.22378072e-04
6.27094389e+00 -6.75422758e-04 7.22266430e-04
6.29205818e+00 -6.75418688e-04 7.22192714e-04
6.31317247e+00 -6.75414671e-04 7.22156834e-04
6.33428676e+00 -6.75410704e-04 7.22151976e-04
6.35540105e+00 -6.75406788e-04 7.22171583e-04
6.37651534e+00 -6.75402922e-04 7.22209569e-04
6.39762962e+00 -6.75399104e-04 7.22260300e-04
6.41874391e+00 -6.75395335e-04 7.22318587e-04
6.43985820e+00 -6.75391612e-04 7.22379678e-04
6.46097249e+00 -6.75387937e-04 7.22439260e-04
6.48208678e+00 -6.75384307e-04 7.22493455e-04
6.50320107e+00 -6.75380722e-04 7.22538829e-04
6.52431536e+00 -6.75377181e-04 7.22572392e-04
6.54542965e+00 -6.75373684e-04 7.22591602e-04
6.56654394e+00 -6.75370231e-04 7.22594371e-04
6.58765823e+00 -6.75366819e-04 7.22579069e-04
6.60877252e+00 -6.75363449e-04 7.22544528e-04
6.62988681e+00 -6.75360121e-04 7.22490038e-04
6.65100110e+00 -6.75356832e-04 7.22415356e-04
6.67211538e+00 -6.75353584e-04 7.22320698e-04
6.69322967e+00 -6.75350375e-04 7.22206739e-04
6.71434396e+00 -6.75347204e-04 7.22074610e-04
6.73545825e+00 -6.75344071e-04 7.21925892e-04
6.75657254e+00 -6.75340976e-04 7.21762606e-04
6.77768683e+00 -6.75337917e-04 7.21587212e-04
6.79880112e+00 -6.75334895e-04 7.21402596e-04
6.81991541e+00 -6.75331909e-04 7.21212063e-04
6.84102970e+00 -6.75328958e-04 7.21019330e-04
6.86214399e+00 -6.75326042e-04 7.20828522e-04
6.88325828e+00 -6.75323160e-04 7.20644158e-04
6.90437257e+00 -6.75320311e-04 7.20471161e-04
6.92548685e+00 -6.75317496e-04 7.20314846e-04
6.94660114e+00 -6.75314714e-04 7.20180934e-04
6.96771543e+00 -6.75311963e-04 7.20075557e-04
6.98882972e+00 -6.75309245e-04 7.20005164e-04
7.00994401e+00 -6.75306558e-04 7.19971533e-04
7.03105830e+00 -6.75303901e-04 7.19969598e-04
7.05217259e+00 -6.75301276e-04 7.19994080e-04
7.07328688e+00 -6.75298680e-04 7.20040014e-04
7.09440117e+00 -6.75296113e-04 7.20102732e-04
7.11551546e+00 -6.75293576e-04 7.20177857e-04
7.13662975e+00 -6.75291067e-04 7.20261294e-04
7.15774404e+00 -6.75288587e-04 7.20349226e-04
7.17885832e+00 -6.75286135e-04 7.20438115e-04
7.19997261e+00 -6.75283710e-04 7.20524698e-04
7.22108690e+00 -6.75281312e-04 7.20605993e-04
7.24220119e+00 -6.75278941e-04 7.20679300e-04
7.26331548e+00 -6.75276596e-04 7.20742206e-04
7.28442977e+00 -6.75274278e-04 7.20792584e-04
7.30554406e+00 -6.75271985e-04 7.20828604e-04
7.32665835e+00 -6.75269717e-04 7.20848729e-04
7.34777264e+00 -6.75267474e-04 7.20851725e-04
7.36888693e+00 -6.75265256e-04 7.20836657e-04
7.39000122e+00 -6.75263061e-04 7.20802897e-04
7.41111551e+00 -6.75260891e-04 7.20750119e-04
7.43222980e+00 -6.75258745e-04 7.20678304e-04
7.45334408e+00 -6.75256621e-04 7.20587736e-04
7.47445837e+00 -6.75254521e-04 7.20479001e-04
7.49557266e+00 -6.75252443e-04 7.20352985e-04
7.51668695e+00 -6.75250387e-04 7.20210870e-04
7.53780124e+00 -6.75248354e-04 7.20054128e-04
7.55891553e+00 -6.75246342e-04 7.19884521e-04
7.58002982e+00 -6.75244351e-04 7.19704089e-04
7.60114411e+00 -6.75242382e-04 7.19515149e-04
7.62225840e+00 -6.75240434e-04 7.19320288e-04
7.64337269e+00 -6.75238506e-04 7.19122360e-04
7.66448698e+00 -6.75236598e-04 7.18924476e-04
7.68560127e+00 -6.75234711e-04 7.18730006e-04
7.70671555e+00 -6.75232843e-04 7.18542571e-04
7.72782984e+00 -6.75230995e-04 7.18366048e-04
7.74894413e+00 -6.75229166e-04 7.18204564e-04
7.77005842e+00 -6.75227356e-04 7.18062505e-04
7.79117271e+00 -6.75225565e-04 7.17944520e-04
7.81228700e+00 -6.75223792e-04 7.17855533e-04
7.83340129e+00 -6.75222037e-04 7.17800528e-04
7.85451558e+00 -6.75220301e-04 7.17779888e-04
7.87562987e+00 -6.75218582e-04 7.17789507e-04
7.89674416e+00 -6.75216881e-04 7.17825302e-04
7.91785845e+00 -6.75215197e-04 7.17883393e-04
7.93897274e+00 -6.75213531e-04 7.17960091e-04
7.96008702e+00 -6.75211881e-04 7.18051888e-04
7.98120131e+00 -6.75210248e-04 7.18155457e-04
8.00231560e+00 -6.75208631e-04 7.18267639e-04
8.02342989e+00 -6.75207031e-04 7.18385447e-04
8.04454418e+00 -6.75205446e-04 7.18506062e-04
8.06565847e+00 -6.75203878e-04 7.18626835e-04
8.08677276e+00 -6.75202325e-04 7.18745283e-04
8.10788705e+00 -6.75200788e-04 7.18859099e-04
8.12900134e+00 -6.75199266e-04 7.18966145e-04
8.15011563e+00 -6.75197759e-04 7.19064462e-04
8.17122992e+00 -6.75196266e-04 7.19152270e-04
8.19234421e+00 -6.75194789e-04 7.19227969e-04
8.21345850e+00 -6.75193326e-04 7.19290145e-04
8.23457278e+00 -6.75191877e-04 7.19337574e-04
8.25568707e+00 -6.75190443e-04 7.19369220e-04
8.27680136e+00 -6.75189022e-04 7.19384238e-04
8.29791565e+00 -6.75187616e-04 7.19381981e-04
8.31902994e+00 -6.75186223e-04 7.19361994e-04
8.34014423e+00 -6.75184843e-04 7.19324021e-04
8.36125852e+00 -6.75183477e-04 7.19268001e-04
8.38237281e+00 -6.75182124e-04 7.19194069e-04
8.40348710e+00 -6.75180784e-04 7.19102557e-04
8.42460139e+00 -6.75179456e-04 7.18993989e-04
8.44571568e+00 -6.75178142e-04 7.18869082e-04
8.46682997e+00 -6.75176840e-04 7.18728742e-04
8.48794425e+00 -6.75175550e-04 7.18574064e-04
8.50905854e+00 -6.75174272e-04 7.18406325e-04
8.53017283e+00 -6.75173007e-04 7.18226980e-04
8.55128712e+00 -6.75171754e-04 7.18037665e-04
8.57240141e+00 -6.75170512e-04 7.17840186e-04
8.59351570e+00 -6.75169282e-04 7.17636517e-04
8.61462999e+00 -6.75168063e-04 7.17428799e-04
8.63574428e+00 -6.75166856e-04 7.17219333e-04
8.65685857e+00 -6.75165660e-04 7.17010581e-04
8.67797286e+00 -6.75164476e-04 7.16805160e-04
8.69908715e+00 -6.75163302e-04 7.16605840e-04
8.72020144e+00 -6.75162139e-04 7.16415548e-04
8.74131572e+00 -6.75160987e-04 7.16237364e-04
8.76243001e+00 -6.75159845e-04 7.16074525e-04
8.78354430e+00 -6.75158714e-04 7.15930427e-04
8.80465859e+00 -6.75157593e-04 7.15808632e-04
8.82577288e+00 -6.75156483e-04 7.15712875e-04
8.84688717e+00 -6.75155382e-04 7.15647072e-04
8.86800146e+00 -6.75154292e-04 7.15614366e-04
8.88911575e+00 -6.75153212e-04 7.15613036e-04
8.91023004e+00 -6.75152141e-04 7.15639884e-04
8.93134433e+00 -6.75151080e-04 7.15691845e-04
8.95245862e+00 -6.75150028e-04 7.15765981e-04
8.97357291e+00 -6.75148986e-04 7.15859474e-04
8.99468720e+00 -6.75147954e-04 7.15969617e-04
9.01580148e+00 -6.75146930e-04 7.16093811e-04
9.03691577e+00 -6.75145916e-04 7.16229560e-04
9.05803006e+00 -6.75144911e-04 7.16374465e-04
9.07914435e+00 -6.75143914e-04 7.16526230e-04
9.10025864e+00 -6.75142927e-04 7.16682650e-04
9.12137293e+00 -6.75141948e-04 7.16841622e-04
9.14248722e+00 -6.75140978e-04 7.17001136e-04
9.16360151e+00 -6.75140016e-04 7.17159281e-04
9.18471580e+00 -6.75139063e-04 7.17314246e-04
9.20583009e+00 -6.75138118e-04 7.17464319e-04
9.22694438e+00 -6.75137182e-04 7.17607890e-04
9.24805867e+00 -6.75136253e-04 7.17743456e-04
9.26917295e+00 -6.75135333e-04 7.17869619e-04
9.29028724e+00 -6.75134421e-04 7.17985089e-04
9.31140153e+00 -6.75133516e-04 7.18088689e-04
9.33251582e+00 -6.75132620e-04 7.18179355e-04
9.35363011e+00 -6.75131731e-04 7.18256138e-04
9.37474440e+00 -6.75130850e-04 7.18318205e-04
9.39585869e+00 -6.75129976e-04 7.18364844e-04
9.41697298e+00 -6.75129110e-04 7.18395463e-04
9.43808727e+00 -6.75128251e-04 7.18409590e-04
9.45920156e+00 -6.75127399e-04 7.18406878e-04
9.48031585e+00 -6.75126555e-04 7.18387102e-04
9.50143014e+00 -6.75125718e-04 7.18350159e-04
9.52254442e+00 -6.75124888e-04 7.18296072e-04
9.54365871e+00 -6.75124065e-04 7.18224986e-04
9.56477300e+00 -6.75123249e-04 7.18137169e-04
9.58588729e+00 -6.75122440e-04 7.18033012e-04
9.60700158e+00 -6.75121638e-04 7.17913025e-04
9.62811587e+00 -6.75120842e-04 7.17777838e-04
9.64923016e+00 -6.75120053e-04 7.17628198e-04
9.67034445e+00 -6.75119270e-04 7.17464969e-04
9.69145874e+00 -6.75118495e-04 7.17289125e-04
9.71257303e+00 -6.75117725e-04 7.17101755e-04
9.73368732e+00 -6.75116962e-04 7.16904053e-04
9.75480161e+00 -6.75116205e-04 7.16697323e-04
9.77591590e+00 -6.75115455e-04 7.16482970e-04
9.79703018e+00 -6.75114710e-04 7.16262499e-04
9.81814447e+00 -6.75113972e-04 7.16037514e-04
9.83925876e+00 -6.75113240e-04 7.15809718e-04
9.86037305e+00 -6.75112513e-04 7.15580903e-04
9.88148734e+00 -6.75111793e-04 7.15352956e-04
9.90260163e+00 -6.75111079e-04 7.15127854e-04
9.92371592e+00 -6.75110370e-04 7.14907664e-04
9.94483021e+00 -6.75109667e-04 7.14694538e-04
9.96594450e+00 -6.75108970e-04 7.14490723e-04
9.98705879e+00 -6.75108278e-04 7.14298549e-04
1.00081731e+01 -6.75107592e-04 7.14120443e-04
1.00292874e+01 -6.75106912e-04 7.13958922e-04
1.00504017e+01 -6.75106237e-04 7.13816602e-04
1.00715159e+01 -6.75105567e-04 7.13696199e-04
1.00926302e+01 -6.75104903e-04 7.13600540e-04
1.01137445e+01 -6.75104244e-04 7.13532564e-04
1.01348588e+01 -6.75103590e-04 7.13495184e-04
1.01559731e+01 -6.75102941e-04 7.13488553e-04
1.01770874e+01 -6.75102298e-04 7.13510353e-04
1.01982017e+01 -6.75101660e-04 7.13558264e-04
1.02193160e+01 -6.75101026e-04 7.13630054e-04
1.02404303e+01 -6.75100398e-04 7.13723566e-04
1.02615445e+01 -6.75099775e-04 7.13836713e-04
1.02826588e+01 -6.75099156e-04 7.13967479e-04
1.03037731e+01 -6.75098542e-04 7.14113907e-04
1.03248874e+01 -6.75097934e-04 7.14274100e-04
1.03460017e+01 -6.75097329e-04 7.14446218e-04
1.03671160e+01 -6.75096730e-04 7.14628475e-04
1.03882303e+01 -6.75096135e-04 7.14819137e-04
1.04093446e+01 -6.75095545e-04 7.15016522e-04
1.04304589e+01 -6.75094959e-04 7.15219000e-04
1.04515731e+01 -6.75094378e-04 7.15424989e-04
1.04726874e+01 -6.75093802e-04 7.15632960e-04
1.04938017e+01 -6.75093230e-04 7.15841436e-04
1.05149160e+01 -6.75092662e-04 7.16048990e-04
1.05360303e+01 -6.75092098e-04 7.16254249e-04
1.05571446e+01 -6.75091539e-04 7.16455896e-04
1.05782589e+01 -6.75090984e-04 7.16652666e-04
1.05993732e+01 -6.75090434e-04 7.16843353e-04
1.06204875e+01 -6.75089887e-04 7.17026810e-04
1.06416018e+01 -6.75089345e-04 7.17201948e-04
1.06627160e+01 -6.75088806e-04 7.17367742e-04
1.06838303e+01 -6.75088272e-04 7.17523228e-04
1.07049446e+01 -6.75087742e-04 7.17667508e-04
1.07260589e+01 -6.75087216e-04 7.17799750e-04
1.07471732e+01 -6.75086694e-04 7.17919189e-04
1.07682875e+01 -6.75086175e-04 7.18025131e-04
1.07894018e+01 -6.75085661e-04 7.18116950e-04
1.08105161e+01 -6.75085150e-04 7.18194094e-04
1.08316304e+01 -6.75084643e-04 7.18256082e-04
1.08527446e+01 -6.75084140e-04 7.18302506e-04
1.08738589e+01 -6.75083641e-04 7.18333035e-04
1.08949732e+01 -6.75083145e-04 7.18347410e-04
1.09160875e+01 -6.75082653e-04 7.18345450e-04
1.09372018e+01 -6.75082165e-04 7.18327048e-04
1.09583161e+01 -6.75081680e-04 7.18292173e-04
1.09794304e+01 -6.75081199e-04 7.18240870e-04
1.10005447e+01 -6.75080721e-04 7.18173261e-04
1.10216590e+01 -6.75080247e-04 7.18089541e-04
1.10427732e+01 -6.75079776e-04 7.17989981e-04
1.10638875e+01 -6.75079309e-04 7.17874927e-04
1.10850018e+01 -6.75078845e-04 7.17744796e-04
1.11061161e+01 -6.75078384e-04 7.17600079e-04
1.11272304e+01 -6.75077927e-04 7.17441337e-04
1.11483447e+01 -6.75077473e-04 7.17269203e-04
1.11694590e+01 -6.75077023e-04 7.17084376e-04
1.11905733e+01 -6.75076575e-04 7.16887623e-04
1.12116876e+01 -6.75076131e-04 7.16679776e-04
1.12328018e+01 -6.75075690e-04 7.16461733e-04
1.12539161e+01 -6.75075252e-04 7.16234453e-04
1.12750304e+01 -6.75074818e-04 7.15998954e-04
1.12961447e+01 -6.75074386e-04 7.15756314e-04
1.13172590e+01 -6.75073957e-04 7.15507669e-04
1.13383733e+01 -6.75073532e-04 7.15254210e-04
1.13594876e+01 -6.75073110e-04 7.14997181e-04
1.13806019e+01 -6.75072690e-04 7.14737879e-04
1.14017162e+01 -6.75072274e-04 7.14477651e-04
1.14228305e+01 -6.75071860e-04 7.14217896e-04
1.14439447e+01 -6.75071449e-04 7.13960059e-04
1.14650590e+01 -6.75071042e-04 7.13705634e-04
1.14861733e+01 -6.75070637e-04 7.13456162e-04
1.15072876e+01 -6.75070235e-04 7.13213232e-04
1.15284019e+01 -6.75069835e-04 7.12978478e-04
1.15495162e+01 -6.75069439e-04 7.12753583e-04
1.15706305e+01 -6.75069045e-04 7.12540277e-04
1.15917448e+01 -6.75068654e-04 7.12340341e-04
1.16128591e+01 -6.75068266e-04 7.12155608e-04
1.16339733e+01 -6.75067880e-04 7.11987962e-04
1.16550876e+01 -6.75067497e-04 7.11839346e-04
1.16762019e+01 -6.75067117e-04 7.11711764e-04
1.16973162e+01 -6.75066740e-04 7.11607283e-04
1.17184305e+01 -6.75066364e-04 7.11528042e-04
1.17395448e+01 -6.75065992e-04 7.11476256e-04
1.17606591e+01 -6.75065622e-04 7.11453817e-04
1.17817734e+01 -6.75065255e-04 7.11460033e-04
1.18028877e+01 -6.75064890e-04 7.11493191e-04
1.18240019e+01 -6.75064527e-04 7.11551634e-04
1.18451162e+01 -6.75064167e-04 7.11633757e-04
1.18662305e+01 -6.75063810e-04 7.11738007e-04
1.18873448e+01 -6.75063455e-04 7.11862875e-04
1.19084591e+01 -6.75063102e-04 7.12006889e-04
1.19295734e+01 -6.75062752e-04 7.12168620e-04
1.19506877e+01 -6.75062404e-04 7.12346670e-04
1.19718020e+01 -6.75062058e-04 7.12539675e-04
1.19929163e+01 -6.75061715e-04 7.12746298e-04
1.20140305e+01 -6.75061374e-04 7.12965233e-04
1.20351448e+01 -6.75061036e-04 7.13195199e-04
1.20562591e+01 -6.75060699e-04 7.13434941e-04
1.20773734e+01 -6.75060365e-04 7.13683228e-04
1.20984877e+01 -6.75060033e-04 7.13938851e-04
1.21196020e+01 -6.75059703e-04 7.14200627e-04
1.21407163e+01 -6.75059376e-04 7.14467395e-04
1.21618306e+01 -6.75059050e-04 7.14738015e-04
1.21829449e+01 -6.75058727e-04 7.15011373e-04
1.22040592e+01 -6.75058406e-04 7.15286377e-04
1.22251734e+01 -6.75058087e-04 7.15561958e-04
1.22462877e+01 -6.75057770e-04 7.15837072e-04
1.22674020e+01 -6.75057455e-04 7.16110702e-04
1.22885163e+01 -6.75057143e-04 7.16381854e-04
1.23096306e+01 -6.75056832e-04 7.16649562e-04
1.23307449e+01 -6.75056523e-04 7.16912888e-04
1.23518592e+01 -6.75056217e-04 7.17170923e-04
1.23729735e+01 -6.75055912e-04 7.17422786e-04
1.23940878e+01 -6.75055609e-04 7.17667628e-04
1.24152020e+01 -6.75055309e-04 7.17904633e-04
1.24363163e+01 -6.75055010e-04 7.18133015e-04
1.24574306e+01 -6.75054713e-04 7.18352023e-04
1.24785449e+01 -6.75054418e-04 7.18560943e-04
1.24996592e+01 -6.75054125e-04 7.18759096e-04
1.25207735e+01 -6.75053834e-04 7.18945838e-04
1.25418878e+01 -6.75053545e-04 7.19120567e-04
1.25630021e+01 -6.75053258e-04 7.19282716e-04
1.25841164e+01 -6.75052972e-04 7.19431761e-04
1.26052306e+01 -6.75052688e-04 7.19567218e-04
1.26263449e+01 -6.75052406e-04 7.19688643e-04
1.26474592e+01 -6.75052126e-04 7.19795637e-04
1.26685735e+01 -6.75051848e-04 7.19887842e-04
1.26896878e+01 -6.75051571e-04 7.19964945e-04
1.27108021e+01 -6.75051296e-04 7.20026675e-04
1.27319164e+01 -6.75051023e-04 7.20072807e-04
1.27530307e+01 -6.75050752e-04 7.20103162e-04
1.27741450e+01 -6.75050482e-04 7.20117604e-04
1.27952592e+01 -6.75050214e-04 7.20116043e-04
1.28163735e+01 -6.75049948e-04 7.20098435e-04
1.28374878e+01 -6.75049684e-04 7.20064782e-04
1.28586021e+01 -6.75049421e-04 7.20015130e-04
1.28797164e+01 -6.75049159e-04 7.19949571e-04
1.29008307e+01 -6.75048900e-04 7.19868244e-04
1.29219450e+01 -6.75048642e-04 7.19771329e-04
1.29430593e+01 -6.75048385e-04 7.19659054e-04
1.29641736e+01 -6.75048130e-04 7.19531689e-04
1.29852879e+01 -6.75047877e-04 7.19389549e-04
1.30064021e+01 -6.75047626e-04 7.19232991e-04
1.30275164e+01 -6.75047375e-04 7.19062415e-04
1.30486307e+01 -6.75047127e-04 7.18878262e-04
1.30697450e+01 -6.75046880e-04 7.18681013e-04
1.30908593e+01 -6.75046634e-04 7.18471190e-04
1.31119736e+01 -6.75046390e-04 7.18249355e-04
1.31330879e+01 -6.75046148e-04 7.18016105e-04
1.31542022e+01 -6.75045907e-04 7.17772077e-04
1.31753165e+01 -6.75045667e-04 7.17517943e-04
1.31964307e+01 -6.75045429e-04 7.17254409e-04
1.32175450e+01 -6.75045192e-04 7.16982216e-04
1.32386593e+01 -6.75044957e-04 7.16702137e-04
1.32597736e+01 -6.75044723e-04 7.16414979e-04
1.32808879e+01 -6.75044491e-04 7.16121576e-04
1.33020022e+01 -6.75044260e-04 7.15822793e-04
1.33231165e+01 -6.75044030e-04 7.15519525e-04
1.33442308e+01 -6.75043802e-04 7.15212692e-04
1.33653451e+01 -6.75043575e-04 7.14903242e-04
1.33864593e+01 -6.75043350e-04 7.14592146e-04
1.34075736e+01 -6.75043126e-04 7.14280404e-04
1.34286879e+01 -6.75042903e-04 7.13969035e-04
1.34498022e+01 -6.75042682e-04 7.13659083e-04
1.34709165e+01 -6.75042462e-04 7.13351615e-04
1.34920308e+01 -6.75042243e-04 7.13047720e-04
1.35131451e+01 -6.75042025e-04 7.12748508e-04
1.35342594e+01 -6.75041809e-04 7.12455109e-04
1.35553737e+01 -6.75041594e-04 7.12168677e-04
1.35764879e+01 -6.75041381e-04 7.11890386e-04
1.35976022e+01 -6.75041168e-04 7.11621433e-04
1.36187165e+01 -6.75040957e-04 7.11363035e-04
1.36398308e+01 -6.75040747e-04 7.11116435e-04
1.36609451e+01 -6.75040539e-04 7.10882899e-04
1.36820594e+01 -6.75040332e-04 7.10663719e-04
1.37031737e+01 -6.75040125e-04 7.10460214e-04
1.37242880e+01 -6.75039920e-04 7.10273732e-04
1.37454023e+01 -6.75039717e-04 7.10105654e-04
1.37665166e+01 -6.75039514e-04 7.09957392e-04
1.37876308e+01 -6.75039313e-04 7.09830397e-04
1.38087451e+01 -6.75039113e-04 7.09726161e-04
1.38298594e+01 -6.75038914e-04 7.09646220e-04
1.38509737e+01 -6.75038716e-04 7.09592155e-04
1.38720880e+01 -6.75038519e-04 7.09565516e-04
1.38932023e+01 -6.75038323e-04 7.09566373e-04
1.39143166e+01 -6.75038129e-04 7.09593566e-04
1.39354309e+01 -6.75037936e-04 7.09645932e-04
1.39565452e+01 -6.75037743e-04 7.09722346e-04
1.39776594e+01 -6.75037552e-04 7.09821719e-04
1.39987737e+01 -6.75037362e-04 7.09942990e-04
1.40198880e+01 -6.75037173e-04 7.10085129e-04
1.40410023e+01 -6.75036986e-04 7.10247130e-04
1.40621166e+01 -6.75036799e-04 7.10428009e-04
1.40832309e+01 -6.75036613e-04 7.10626806e-04
1.41043452e+01 -6.75036428e-04 7.10842575e-04
1.41254595e+01 -6.75036245e-04 7.11074391e-04
1.41465738e+01 -6.75036062e-04 7.11321343e-04
1.41676880e+01 -6.75035881e-04 7.11582532e-04
1.41888023e+01 -6.75035700e-04 7.11857074e-04
1.42099166e+01 -6.75035521e-04 7.12144095e-04
1.42310309e+01 -6.75035343e-04 7.12442732e-04
1.42521452e+01 -6.75035165e-04 7.12752131e-04
1.42732595e+01 -6.75034989e-04 7.13071446e-04
1.42943738e+01 -6.75034813e-04 7.13399842e-04
1.43154881e+01 -6.75034639e-04 7.13736489e-04
1.43366024e+01 -6.75034466e-04 7.14080565e-04
1.43577166e+01 -6.75034293e-04 7.14431257e-04
1.43788309e+01 -6.75034122e-04 7.14787758e-04
1.43999452e+01 -6.75033951e-04 7.15149267e-04
1.44210595e+01 -6.75033781e-04 7.15514991e-04
1.44421738e+01 -6.75033613e-04 7.15884146e-04
1.44632881e+01 -6.75033445e-04 7.16255953e-04
1.44844024e+01 -6.75033278e-04 7.16629643e-04
1.45055167e+01 -6.75033112e-04 7.17004453e-04
1.45266310e+01 -6.75032947e-04 7.17379631e-04
1.45477453e+01 -6.75032783e-04 7.17754432e-04
1.45688595e+01 -6.75032620e-04 7.18128121e-04
1.45899738e+01 -6.75032458e-04 7.18499974e-04
1.46110881e+01 -6.75032297e-04 7.18869277e-04
1.46322024e+01 -6.75032136e-04 7.19235327e-04
1.46533167e+01 -6.75031977e-04 7.19597434e-04
1.46744310e+01 -6.75031818e-04 7.19954920e-04
1.46955453e+01 -6.75031660e-04 7.20307118e-04
1.47166596e+01 -6.75031503e-04 7.20653379e-04
1.47377739e+01 -6.75031347e-04 7.20993065e-04
1.47588881e+01 -6.75031192e-04 7.21325556e-04
1.47800024e+01 -6.75031038e-04 7.21650245e-04
1.48011167e+01 -6.75030884e-04 7.21966545e-04
1.48222310e+01 -6.75030732e-04 7.22273883e-04
1.48433453e+01 -6.75030580e-04 7.22571706e-04
1.48644596e+01 -6.75030429e-04 7.22859479e-04
1.48855739e+01 -6.75030278e-04 7.23136687e-04
1.49066882e+01 -6.75030129e-04 7.23402834e-04
1.49278025e+01 -6.75029980e-04 7.23657445e-04
1.49489167e+01 -6.75029832e-04 7.23900066e-04
1.49700310e+01 -6.75029685e-04 7.24130264e-04
1.49911453e+01 -6.75029539e-04 7.24347630e-04
1.50122596e+01 -6.75029394e-04 7.24551776e-04
1.50333739e+01 -6.75029249e-04 7.24742339e-04
1.50544882e+01 -6.75029105e-04 7.24918978e-04
1.50756025e+01 -6.75028962e-04 7.25081376e-04
1.50967168e+01 -6.75028820e-04 7.25229244e-04
1.51178311e+01 -6.75028678e-04 7.25362313e-04
1.51389453e+01 -6.75028537e-04 7.25480343e-04
1.51600596e+01 -6.75028397e-04 7.25583119e-04
1.51811739e+01 -6.75028258e-04 7.25670450e-04
1.52022882e+01 -6.75028119e-04 7.25742173e-04
1.52234025e+01 -6.75027981e-04 7.25798150e-04
1.52445168e+01 -6.75027844e-04 7.25838272e-04
1.52656311e+01 -6.75027708e-04 7.25862453e-04
1.52867454e+01 -6.75027572e-04 7.25870637e-04
1.53078597e+01 -6.75027437e-04 7.25862793e-04
1.53289740e+01 -6.75027303e-04 7.25838917e-04
1.53500882e+01 -6.75027169e-04 7.25799032e-04
1.53712025e+01 -6.75027036e-04 7.25743187e-04
1.53923168e+01 -6.75026904e-04 7.25671461e-04
1.54134311e+01 -6.75026773e-04 7.25583954e-04
1.54345454e+01 -6.75026642e-04 7.25480797e-04
1.54556597e+01 -6.75026512e-04 7.25362146e-04
1.54767740e+01 -6.75026382e-04 7.25228182e-04
1.54978883e+01 -6.75026253e-04 7.25079111e-04
1.55190026e+01 -6.75026125e-04 7.24915167e-04
1.55401168e+01 -6.75025998e-04 7.24736608e-04
1.55612311e+01 -6.75025871e-04 7.24543716e-04
1.55823454e+01 -6.75025745e-04 7.24336797e-04
1.56034597e+01 -6.75025619e-04 7.24116183e-04
1.56245740e+01 -6.75025495e-04 7.23882227e-04
1.56456883e+01 -6.75025370e-04 7.23635306e-04
1.56668026e+01 -6.75025247e-04 7.23375820e-04
1.56879169e+01 -6.75025124e-04 7.23104191e-04
1.57090312e+01 -6.75025002e-04 7.22820861e-04
1.57301454e+01 -6.75024880e-04 7.22526293e-04
1.57512597e+01 -6.75024759e-04 7.22220971e-04
1.57723740e+01 -6.75024638e-04 7.21905400e-04
1.57934883e+01 -6.75024519e-04 7.21580100e-04
1.58146026e+01 -6.75024399e-04 7.21245613e-04
1.58357169e+01 -6.75024281e-04 7.20902496e-04
1.58568312e+01 -6.75024163e-04 7.20551326e-04
1.58779455e+01 -6.75024046e-04 7.20192692e-04
1.58990598e+01 -6.75023929e-04 7.19827202e-04
1.59201740e+01 -6.75023812e-04 7.19455479e-04
1.59412883e+01 -6.75023697e-04 7.19078158e-04
1.59624026e+01 -6.75023582e-04 7.18695888e-04
1.59835169e+01 -6.75023467e-04 7.18309334e-04
1.60046312e+01 -6.75023354e-04 7.17919168e-04
1.60257455e+01 -6.75023240e-04 7.17526079e-04
1.60468598e+01 -6.75023127e-04 7.17130763e-04
1.60679741e+01 -6.75023015e-04 7.16733928e-04
1.60890884e+01 -6.75022904e-04 7.16336292e-04
1.61102027e+01 -6.75022793e-04 7.15938582e-04
1.61313169e+01 -6.75022682e-04 7.15541534e-04
1.61524312e+01 -6.75022572e-04 7.15145891e-04
1.61735455e+01 -6.75022463e-04 7.14752407e-04
1.61946598e+01 -6.75022354e-04 7.14361840e-04
1.62157741e+01 -6.75022246e-04 7.13974957e-04
1.62368884e+01 -6.75022138e-04 7.13592533e-04
1.62580027e+01 -6.75022031e-04 7.13215347e-04
1.62791170e+01 -6.75021924e-04 7.12844189e-04
1.63002313e+01 -6.75021818e-04 7.12479851e-04
1.63213455e+01 -6.75021712e-04 7.12123136e-04
1.63424598e+01 -6.75021607e-04 7.11774851e-04
1.63635741e+01 -6.75021502e-04 7.11435811e-04
1.63846884e+01 -6.75021398e-04 7.11106841e-04
1.64058027e+01 -6.75021295e-04 7.10788770e-04
1.64269170e+01 -6.75021191e-04 7.10482438e-04
1.64480313e+01 -6.75021089e-04 7.10188694e-04
1.64691456e+01 -6.75020987e-04 7.09908398e-04
1.64902599e+01 -6.75020885e-04 7.09642420e-04
1.65113741e+01 -6.75020784e-04 7.09391643e-04
1.65324884e+01 -6.75020684e-04 7.09156963e-04
1.65536027e+01 -6.75020583e-04 7.08939291e-04
1.65747170e+01 -6.75020484e-04 7.08739556e-04
1.65958313e+01 -6.75020385e-04 7.08558703e-04
1.66169456e+01 -6.75020286e-04 7.08397699e-04
1.66380599e+01 -6.75020188e-04 7.08257534e-04
1.66591742e+01 -6.75020090e-04 7.08139220e-04
1.66802885e+01 -6.75019993e-04 7.08043799e-04
1.67014027e+01 -6.75019896e-04 7.07972341e-04
1.67225170e+01 -6.75019800e-04 7.07925950e-04
1.67436313e+01 -6.75019704e-04 7.07905678e-04
1.67647456e+01 -6.75019609e-04 7.07911490e-04
1.67858599e+01 -6.75019514e-04 7.07942608e-04
1.68069742e+01 -6.75019419e-04 7.07998266e-04
1.68280885e+01 -6.75019325e-04 7.08077727e-04
1.68492028e+01 -6.75019232e-04 7.08180276e-04
1.68703171e+01 -6.75019139e-04 7.08305223e-04
1.68914314e+01 -6.75019046e-04 7.08451897e-04
1.69125456e+01 -6.75018954e-04 7.08619647e-04
1.69336599e+01 -6.75018862e-04 7.08807838e-04
1.69547742e+01 -6.75018771e-04 7.09015851e-04
1.69758885e+01 -6.75018680e-04 7.09243081e-04
1.69970028e+01 -6.75018589e-04 7.09488934e-04
1.70181171e+01 -6.75018499e-04 7.09752828e-04
1.70392314e+01 -6.75018409e-04 7.10034190e-04
1.70603457e+01 -6.75018320e-04 7.10332457e-04
1.70814600e+01 -6.75018231e-04 7.10647071e-04
1.71025742e+01 -6.75018143e-04 7.10977481e-04
1.71236885e+01 -6.75018055e-04 7.11323143e-04
1.71448028e+01 -6.75017968e-04 7.11683516e-04
1.71659171e+01 -6.75017880e-04 7.12058061e-04
1.71870314e+01 -6.75017794e-04 7.12446245e-04
1.72081457e+01 -6.75017707e-04 7.12847534e-04
1.72292600e+01 -6.75017621e-04 7.13261400e-04
1.72503743e+01 -6.75017536e-04 7.13687310e-04
1.72714886e+01 -6.75017451e-04 7.14124738e-04
1.72926028e+01 -6.75017366e-04 7.14573153e-04
1.73137171e+01 -6.75017282e-04 7.15032026e-04
1.73348314e+01 -6.75017198e-04 7.15500829e-04
1.73559457e+01 -6.75017114e-04 7.15979030e-04
1.73770600e+01 -6.75017031e-04 7.16466098e-04
1.73981743e+01 -6.75016948e-04 7.16961502e-04
1.74192886e+01 -6.75016866e-04 7.17464707e-04
1.74404029e+01 -6.75016784e-04 7.17975180e-04
1.74615172e+01 -6.75016702e-04 7.18492385e-04
1.74826314e+01 -6.75016621e-04 7.19015784e-04
1.75037457e+01 -6.75016540e-04 7.19544840e-04
1.75248600e+01 -6.75016460e-04 7.20079014e-04
1.75459743e+01 -6.75016380e-04 7.20617766e-04
1.75670886e+01 -6.75016300e-04 7.21160555e-04
1.75882029e+01 -6.75016220e-04 7.21706840e-04
1.76093172e+01 -6.75016141e-04 7.22256080e-04
1.76304315e+01 -6.75016063e-04 7.22807734e-04
1.76515458e+01 -6.75015984e-04 7.23361260e-04
1.76726601e+01 -6.75015906e-04 7.23916119e-04
1.76937743e+01 -6.75015829e-04 7.24471769e-04
1.77148886e+01 -6.75015752e-04 7.25027673e-04
1.77360029e+01 -6.75015675e-04 7.25583292e-04
1.77571172e+01 -6.75015598e-04 7.26138093e-04
1.77782315e+01 -6.75015522e-04 7.26691541e-04
1.77993458e+01 -6.75015446e-04 7.27243106e-04
1.78204601e+01 -6.75015371e-04 7.27792261e-04
1.78415744e+01 -6.75015295e-04 7.28338481e-04
1.78626887e+01 -6.75015221e-04 7.28881245e-04
1.78838029e+01 -6.75015146e-04 7.29420038e-04
1.79049172e+01 -6.75015072e-04 7.29954347e-04
1.79260315e+01 -6.75014998e-04 7.30483666e-04
1.79471458e+01 -6.75014925e-04 7.31007492e-04
1.79682601e+01 -6.75014851e-04 7.31525332e-04
1.79893744e+01 -6.75014779e-04 7.32036694e-04
1.80104887e+01 -6.75014706e-04 7.32541096e-04
1.80316030e+01 -6.75014634e-04 7.33038062e-04
1.80527173e+01 -6.75014562e-04 7.33527124e-04
1.80738315e+01 -6.75014490e-04 7.34007822e-04
1.80949458e+01 -6.75014419e-04 7.34479702e-04
1.81160601e+01 -6.75014348e-04 7.34942322e-04
1.81371744e+01 -6.75014278e-04 7.35395246e-04
1.81582887e+01 -6.75014207e-04 7.35838049e-04
1.81794030e+01 -6.75014137e-04 7.36270316e-04
1.82005173e+01 -6.75014068e-04 7.36691641e-04
1.82216316e+01 -6.75013998e-04 7.37101629e-04
1.82427459e+01 -6.75013929e-04 7.37499895e-04
1.82638601e+01 -6.75013861e-04 7.37886067e-04
1.82849744e+01 -6.75013792e-04 7.38259784e-04
1.83060887e+01 -6.75013724e-04 7.38620694e-04
1.83272030e+01 -6.75013656e-04 7.38968461e-04
1.83483173e+01 -6.75013589e-04 7.39302759e-04
1.83694316e+01 -6.75013521e-04 7.39623275e-04
1.83905459e+01 -6.75013454e-04 7.39929710e-04
1.84116602e+01 -6.75013388e-04 7.40221777e-04
1.84327745e+01 -6.75013321e-04 7.40499203e-04
1.84538888e+01 -6.75013255e-04 7.40761728e-04
1.84750030e+01 -6.75013189e-04 7.41009107e-04
1.84961173e+01 -6.75013124e-04 7.41241108e-04
1.85172316e+01 -6.75013059e-04 7.41457514e-04
1.85383459e+01 -6.75012994e-04 7.41658122e-04
1.85594602e+01 -6.75012929e-04 7.41842745e-04
1.85805745e+01 -6.75012865e-04 7.42011208e-04
1.86016888e+01 -6.75012801e-04 7.42163353e-04
1.86228031e+01 -6.75012737e-04 7.42299038e-04
1.86439174e+01 -6.75012673e-04 7.42418134e-04
1.86650316e+01 -6.75012610e-04 7.42520529e-04
1.86861459e+01 -6.75012547e-04 7.42606124e-04
1.87072602e+01 -6.75012484e-04 7.42674839e-04
1.87283745e+01 -6.75012422e-04 7.42726606e-04
1.87494888e+01 -6.75012360e-04 7.42761374e-04
1.87706031e+01 -6.75012298e-04 7.42779109e-04
1.87917174e+01 -6.75012236e-04 7.42779792e-04
1.88128317e+01 -6.75012175e-04 7.42763417e-04
1.88339460e+01 -6.75012114e-04 7.42729997e-04
1.88550602e+01 -6.75012053e-04 7.42679558e-04
1.88761745e+01 -6.75011992e-04 7.42612145e-04
1.88972888e+01 -6.75011932e-04 7.42527815e-04
1.89184031e+01 -6.75011872e-04 7.42426642e-04
1.89395174e+01 -6.75011812e-04 7.42308715e-04
1.89606317e+01 -6.75011752e-04 7.42174140e-04
1.89817460e+01 -6.75011693e-04 7.42023035e-04
1.90028603e+01 -6.75011634e-04 7.41855536e-04
1.90239746e+01 -6.75011575e-04 7.41671794e-04
1.90450888e+01 -6.75011516e-04 7.41471971e-04
1.90662031e+01 -6.75011458e-04 7.41256250e-04
1.90873174e+01 -6.75011400e-04 7.41024822e-04
1.91084317e+01 -6.75011342e-04 7.40777897e-04
1.91295460e+01 -6.75011285e-04 7.40515697e-04
1.91506603e+01 -6.75011227e-04 7.40238458e-04
1.91717746e+01 -6.75011170e-04 7.39946432e-04
1.91928889e+01 -6.75011113e-04 7.39639881e-04
1.92140032e+01 -6.75011057e-04 7.39319083e-04
1.92351175e+01 -6.75011000e-04 7.38984329e-04
1.92562317e+01 -6.75010944e-04 7.38635920e-04
1.92773460e+01 -6.75010888e-04 7.38274172e-04
1.92984603e+01 -6.75010832e-04 7.37899414e-04
1.93195746e+01 -6.75010777e-04 7.37511984e-04
1.93406889e+01 -6.75010722e-04 7.37112234e-04
1.93618032e+01 -6.75010667e-04 7.36700527e-04
1.93829175e+01 -6.75010612e-04 7.36277236e-04
1.94040318e+01 -6.75010557e-04 7.35842745e-04
1.94251461e+01 -6.75010503e-04 7.35397449e-04
1.94462603e+01 -6.75010449e-04 7.34941753e-04
1.94673746e+01 -6.75010395e-04 7.34476070e-04
1.94884889e+01 -6.75010341e-04 7.34000825e-04
1.95096032e+01 -6.75010288e-04 7.33516449e-04
1.95307175e+01 -6.75010235e-04 7.33023384e-04
1.95518318e+01 -6.75010182e-04 7.32522079e-04
1.95729461e+01 -6.75010129e-04 7.32012991e-04
1.95940604e+01 -6.75010077e-04 7.31496583e-04
1.96151747e+01 -6.75010024e-04 7.30973327e-04
1.96362889e+01 -6.75009972e-04 7.30443701e-04
1.96574032e+01 -6.75009920e-04 7.29908189e-04
1.96785175e+01 -6.75009868e-04 7.29367280e-04
1.96996318e+01 -6.75009817e-04 7.28821470e-04
1.97207461e+01 -6.75009766e-04 7.28271259e-04
1.97418604e+01 -6.75009715e-04 7.27717151e-04
1.97629747e+01 -6.75009664e-04 7.27159657e-04
1.97840890e+01 -6.75009613e-04 7.26599287e-04
1.98052033e+01 -6.75009563e-04 7.26036560e-04
1.98263176e+01 -6.75009512e-04 7.25471993e-04
1.98474318e+01 -6.75009462e-04 7.24906110e-04
1.98685461e+01 -6.75009413e-04 7.24339434e-04
1.98896604e+01 -6.75009363e-04 7.23772492e-04
1.99107747e+01 -6.75009314e-04 7.23205811e-04
1.99318890e+01 -6.75009264e-04 7.22639921e-04
1.99530033e+01 -6.75009215e-04 7.22075353e-04
1.99741176e+01 -6.75009166e-04 7.21512637e-04
1.99952319e+01 -6.75009118e-04 7.20952304e-04
2.00163462e+01 -6.75009069e-04 7.20394887e-04
2.00374604e+01 -6.75009021e-04 7.19840916e-04
2.00585747e+01 -6.75008973e-04 7.19290924e-04
2.00796890e+01 -6.75008925e-04 7.18745440e-04
2.01008033e+01 -6.75008878e-04 7.18204995e-04
2.01219176e+01 -6.75008830e-04 7.17670118e-04
2.01430319e+01 -6.75008783e-04 7.17141338e-04
2.01641462e+01 -6.75008736e-04 7.16619182e-04
2.01852605e+01 -6.75008689e-04 7.16104176e-04
2.02063748e+01 -6.75008642e-04 7.15596846e-04
2.02274890e+01 -6.75008596e-04 7.15097717e-04
2.02486033e+01 -6.75008549e-04 7.14607310e-04
2.02697176e+01 -6.75008503e-04 7.14126150e-04
2.02908319e+01 -6.75008457e-04 7.13654759e-04
2.03119462e+01 -6.75008411e-04 7.13193656e-04
2.03330605e+01 -6.75008366e-04 7.12743365e-04
2.03541748e+01 -6.75008320e-04 7.12304405e-04
2.03752891e+01 -6.75008275e-04 7.11877299e-04
2.03964034e+01 -6.75008230e-04 7.11462569e-04
2.04175176e+01 -6.75008185e-04 7.11060739e-04
2.04386319e+01 -6.75008140e-04 7.10672334e-04
2.04597462e+01 -6.75008096e-04 7.10297882e-04
2.04808605e+01 -6.75008051e-04 7.09937913e-04
2.05019748e+01 -6.75008007e-04 7.09592962e-04
2.05230891e+01 -6.75007963e-04 7.09263568e-04
2.05442034e+01 -6.75007919e-04 7.08950276e-04
2.05653177e+01 -6.75007876e-04 7.08653634e-04
2.05864320e+01 -6.75007832e-04 7.08374201e-04
2.06075463e+01 -6.75007789e-04 7.08112541e-04
2.06286605e+01 -6.75007746e-04 7.07869231e-04
2.06497748e+01 -6.75007703e-04 7.07644855e-04
2.06708891e+01 -6.75007660e-04 7.07440011e-04
2.06920034e+01 -6.75007617e-04 7.07255308e-04
2.07131177e+01 -6.75007575e-04 7.07091371e-04
2.07342320e+01 -6.75007532e-04 7.06948843e-04
2.07553463e+01 -6.75007490e-04 7.06828380e-04
2.07764606e+01 -6.75007448e-04 7.06730662e-04
2.07975749e+01 -6.75007406e-04 7.06656388e-04
2.08186891e+01 -6.75007365e-04 7.06606278e-04
2.08398034e+01 -6.75007323e-04 7.06580745e-04
2.08609177e+01 -6.75007282e-04 7.06579401e-04
2.08820320e+01 -6.75007240e-04 7.06601753e-04
2.09031463e+01 -6.75007199e-04 7.06647330e-04
2.09242606e+01 -6.75007159e-04 7.06715682e-04
2.09453749e+01 -6.75007118e-04 7.06806377e-04
2.09664892e+01 -6.75007077e-04 7.06919000e-04
2.09876035e+01 -6.75007037e-04 7.07053153e-04
2.10087177e+01 -6.75006997e-04 7.07208453e-04
2.10298320e+01 -6.75006956e-04 7.07384532e-04
2.10509463e+01 -6.75006917e-04 7.07581033e-04
2.10720606e+01 -6.75006877e-04 7.07797612e-04
2.10931749e+01 -6.75006837e-04 7.08033937e-04
2.11142892e+01 -6.75006798e-04 7.08289686e-04
2.11354035e+01 -6.75006758e-04 7.08564544e-04
2.11565178e+01 -6.75006719e-04 7.08858207e-04
2.11776321e+01 -6.75006680e-04 7.09170376e-04
2.11987463e+01 -6.75006641e-04 7.09500762e-04
2.12198606e+01 -6.75006602e-04 7.09849078e-04
2.12409749e+01 -6.75006564e-04 7.10215044e-04
2.12620892e+01 -6.75006525e-04 7.10598385e-04
2.12832035e+01 -6.75006487e-04 7.10998827e-04
2.13043178e+01 -6.75006449e-04 7.11416104e-04
2.13254321e+01 -6.75006411e-04 7.11849946e-04
2.13465464e+01 -6.75006373e-04 7.12300090e-04
2.13676607e+01 -6.75006335e-04 7.12766273e-04
2.13887750e+01 -6.75006298e-04 7.13248230e-04
2.14098892e+01 -6.75006260e-04 7.13745700e-04
2.14310035e+01 -6.75006223e-04 7.14258420e-04
2.14521178e+01 -6.75006186e-04 7.14786126e-04
2.14732321e+01 -6.75006149e-04 7.15328554e-04
2.14943464e+01 -6.75006112e-04 7.15885437e-04
2.15154607e+01 -6.75006075e-04 7.16456508e-04
2.15365750e+01 -6.75006038e-04 7.17041498e-04
2.15576893e+01 -6.75006002e-04 7.17640133e-04
2.15788036e+01 -6.75005966e-04 7.18252138e-04
2.15999178e+01 -6.75005929e-04 7.18877237e-04
2.16210321e+01 -6.75005893e-04 7.19515146e-04
2.16421464e+01 -6.75005857e-04 7.20165583e-04
2.16632607e+01 -6.75005822e-04 7.20828258e-04
2.16843750e+01 -6.75005786e-04 7.21502880e-04
2.17054893e+01 -6.75005750e-04 7.22189153e-04
2.17266036e+01 -6.75005715e-04 7.22886778e-04
2.17477179e+01 -6.75005680e-04 7.23595450e-04
2.17688322e+01 -6.75005645e-04 7.24314863e-04
2.17899464e+01 -6.75005610e-04 7.25044703e-04
2.18110607e+01 -6.75005575e-04 7.25784654e-04
2.18321750e+01 -6.75005540e-04 7.26534396e-04
2.18532893e+01 -6.75005505e-04 7.27293603e-04
2.18744036e+01 -6.75005471e-04 7.28061947e-04
2.18955179e+01 -6.75005436e-04 7.28839095e-04
2.19166322e+01 -6.75005402e-04 7.29624708e-04
2.19377465e+01 -6.75005368e-04 7.30418444e-04
2.19588608e+01 -6.75005334e-04 7.31219959e-04
2.19799750e+01 -6.75005300e-04 7.32028902e-04
2.20010893e+01 -6.75005266e-04 7.32844918e-04
2.20222036e+01 -6.75005233e-04 7.33667652e-04
2.20433179e+01 -6.75005199e-04 7.34496741e-04
2.20644322e+01 -6.75005166e-04 7.35331821e-04
2.20855465e+01 -6.75005133e-04 7.36172523e-04
2.21066608e+01 -6.75005099e-04 7.37018475e-04
2.21277751e+01 -6.75005066e-04 7.37869303e-04
2.21488894e+01 -6.75005034e-04 7.38724630e-04
2.21700037e+01 -6.75005001e-04 7.39584074e-04
2.21911179e+01 -6.75004968e-04 7.40447253e-04
2.22122322e+01 -6.75004936e-04 7.41313780e-04
2.22333465e+01 -6.75004903e-04 7.42183268e-04
2.22544608e+01 -6.75004871e-04 7.43055326e-04
2.22755751e+01 -6.75004839e-04 7.43929563e-04
2.22966894e+01 -6.75004807e-04 7.44805585e-04
2.23178037e+01 -6.75004775e-04 7.45682996e-04
2.23389180e+01 -6.75004743e-04 7.46561400e-04
2.23600323e+01 -6.75004711e-04 7.47440400e-04
2.23811465e+01 -6.75004680e-04 7.48319596e-04
2.24022608e+01 -6.75004648e-04 7.49198590e-04
2.24233751e+01 -6.75004617e-04 7.50076981e-04
2.24444894e+01 -6.75004585e-04 7.50954370e-04
2.24656037e+01 -6.75004554e-04 7.51830357e-04
2.24867180e+01 -6.75004523e-04 7.52704541e-04
2.25078323e+01 -6.75004492e-04 7.53576525e-04
2.25289466e+01 -6.75004461e-04 7.54445907e-04
2.25500609e+01 -6.75004431e-04 7.55312291e-04
2.25711751e+01 -6.75004400e-04 7.56175280e-04
2.25922894e+01 -6.75004370e-04 7.57034478e-04
2.26134037e+01 -6.75004339e-04 7.57889490e-04
2.26345180e+01 -6.75004309e-04 7.58739924e-04
2.26556323e+01 -6.75004279e-04 7.59585390e-04
2.26767466e+01 -6.75004249e-04 7.60425498e-04
2.26978609e+01 -6.75004219e-04 7.61259863e-04
2.27189752e+01 -6.75004189e-04 7.62088100e-04
2.27400895e+01 -6.75004159e-04 7.62909830e-04
2.27612037e+01 -6.75004130e-04 7.63724672e-04
2.27823180e+01 -6.75004100e-04 7.64532254e-04
2.28034323e+01 -6.75004071e-04 7.65332202e-04
2.28245466e+01 -6.75004041e-04 7.66124149e-04
2.28456609e+01 -6.75004012e-04 7.66907730e-04
2.28667752e+01 -6.75003983e-04 7.67682584e-04
2.28878895e+01 -6.75003954e-04 7.68448356e-04
2.29090038e+01 -6.75003925e-04 7.69204692e-04
2.29301181e+01 -6.75003896e-04 7.69951245e-04
2.29512324e+01 -6.75003867e-04 7.70687671e-04
2.29723466e+01 -6.75003839e-04 7.71413633e-04
2.29934609e+01 -6.75003810e-04 7.72128795e-04
2.30145752e+01 -6.75003782e-04 7.72832831e-04
2.30356895e+01 -6.75003754e-04 7.73525416e-04
2.30568038e+01 -6.75003725e-04 7.74206232e-04
2.30779181e+01 -6.75003697e-04 7.74874967e-04
2.30990324e+01 -6.75003669e-04 7.75531315e-04
2.31201467e+01 -6.75003641e-04 7.76174975e-04
2.31412610e+01 -6.75003614e-04 7.76805652e-04
2.31623752e+01 -6.75003586e-04 7.77423057e-04
2.31834895e+01 -6.75003558e-04 7.78026908e-04
2.32046038e+01 -6.75003531e-04 7.78616928e-04
2.32257181e+01 -6.75003503e-04 7.79192848e-04
2.32468324e+01 -6.75003476e-04 7.79754406e-04
2.32679467e+01 -6.75003449e-04 7.80301344e-04
2.32890610e+01 -6.75003421e-04 7.80833414e-04
2.33101753e+01 -6.75003394e-04 7.81350372e-04
2.33312896e+01 -6.75003367e-04 7.81851985e-04
2.33524038e+01 -6.75003341e-04 7.82338023e-04
2.33735181e+01 -6.75003314e-04 7.82808265e-04
2.33946324e+01 -6.75003287e-04 7.83262498e-04
2.34157467e+01 -6.75003261e-04 7.83700516e-04
2.34368610e+01 -6.75003234e-04 7.84122119e-04
2.34579753e+01 -6.75003208e-04 7.84527118e-04
2.34790896e+01 -6.75003181e-04 7.84915329e-04
2.35002039e+01 -6.75003155e-04 7.85286575e-04
2.35213182e+01 -6.75003129e-04 7.85640690e-04
2.35424324e+01 -6.75003103e-04 7.85977513e-04
2.35635467e+01 -6.75003077e-04 7.86296893e-04
2.35846610e+01 -6.75003051e-04 7.86598685e-04
2.36057753e+01 -6.75003025e-04 7.86882754e-04
2.36268896e+01 -6.75003000e-04 7.87148971e-04
2.36480039e+01 -6.75002974e-04 7.87397219e-04
2.36691182e+01 -6.75002948e-04 7.87627385e-04
2.36902325e+01 -6.75002923e-04 7.87839365e-04
2.37113468e+01 -6.75002898e-04 7.88033066e-04
2.37324611e+01 -6.75002872e-04 7.88208402e-04
2.37535753e+01 -6.75002847e-04 7.88365293e-04
2.37746896e+01 -6.75002822e-04 7.88503670e-04
2.37958039e+01 -6.75002797e-04 7.88623473e-04
2.38169182e+01 -6.75002772e-04 7.88724647e-04
2.38380325e+01 -6.75002747e-04 7.88807150e-04
2.38591468e+01 -6.75002723e-04 7.88870944e-04
2.38802611e+01 -6.75002698e-04 7.88916004e-04
2.39013754e+01 -6.75002673e-04 7.88942309e-04
2.39224897e+01 -6.75002649e-04 7.88949849e-04
2.39436039e+01 -6.75002624e-04 7.88938622e-04
2.39647182e+01 -6.75002600e-04 7.88908636e-04
2.39858325e+01 -6.75002576e-04 7.88859904e-04
2.40069468e+01 -6.75002552e-04 7.88792451e-04
2.40280611e+01 -6.75002528e-04 7.88706308e-04
2.40491754e+01 -6.75002504e-04 7.88601516e-04
2.40702897e+01 -6.75002480e-04 7.88478124e-04
2.40914040e+01 -6.75002456e-04 7.88336189e-04
2.41125183e+01 -6.75002432e-04 7.88175776e-04
2.41336325e+01 -6.75002408e-04 7.87996959e-04
2.41547468e+01 -6.75002385e-04 7.87799822e-04
2.41758611e+01 -6.75002361e-04 7.87584453e-04
2.41969754e+01 -6.75002338e-04 7.87350953e-04
2.42180897e+01 -6.75002314e-04 7.87099427e-04
2.42392040e+01 -6.75002291e-04 7.86829992e-04
2.42603183e+01 -6.75002268e-04 7.86542770e-04
2.42814326e+01 -6.75002245e-04 7.86237892e-04
2.43025469e+01 -6.75002222e-04 7.85915499e-04
2.43236611e+01 -6.75002199e-04 7.85575736e-04
2.43447754e+01 -6.75002176e-04 7.85218759e-04
2.43658897e+01 -6.75002153e-04 7.84844731e-04
2.43870040e+01 -6.75002130e-04 7.84453822e-04
2.44081183e+01 -6.75002107e-04 7.84046210e-04
2.44292326e+01 -6.75002085e-04 7.83622082e-04
2.44503469e+01 -6.75002062e-04 7.83181631e-04
2.44714612e+01 -6.75002040e-04 7.82725056e-04
2.44925755e+01 -6.75002017e-04 7.82252567e-04
2.45136898e+01 -6.75001995e-04 7.81764378e-04
2.45348040e+01 -6.75001973e-04 7.81260711e-04
2.45559183e+01 -6.75001951e-04 7.80741797e-04
2.45770326e+01 -6.75001929e-04 7.80207871e-04
2.45981469e+01 -6.75001907e-04 7.79659176e-04
2.46192612e+01 -6.75001885e-04 7.79095963e-04
2.46403755e+01 -6.75001863e-04 7.78518487e-04
2.46614898e+01 -6.75001841e-04 7.77927012e-04
2.46826041e+01 -6.75001819e-04 7.77321808e-04
2.47037184e+01 -6.75001797e-04 7.76703148e-04
2.47248326e+01 -6.75001776e-04 7.76071316e-04
2.47459469e+01 -6.75001754e-04 7.75426599e-04
2.47670612e+01 -6.75001733e-04 7.74769290e-04
2.47881755e+01 -6.75001711e-04 7.74099689e-04
2.48092898e+01 -6.75001690e-04 7.73418101e-04
2.48304041e+01 -6.75001669e-04 7.72724835e-04
2.48515184e+01 -6.75001648e-04 7.72020207e-04
2.48726327e+01 -6.75001627e-04 7.71304538e-04
2.48937470e+01 -6.75001606e-04 7.70578154e-04
2.49148612e+01 -6.75001585e-04 7.69841384e-04
2.49359755e+01 -6.75001564e-04 7.69094565e-04
2.49570898e+01 -6.75001543e-04 7.68338036e-04
2.49782041e+01 -6.75001522e-04 7.67572140e-04
2.49993184e+01 -6.75001501e-04 7.66797225e-04
2.50204327e+01 -6.75001481e-04 7.66013645e-04
2.50415470e+01 -6.75001460e-04 7.65221754e-04
2.50626613e+01 -6.75001440e-04 7.64421913e-04
2.50837756e+01 -6.75001419e-04 7.63614484e-04
2.51048898e+01 -6.75001399e-04 7.62799833e-04
2.51260041e+01 -6.75001379e-04 7.61978330e-04
2.51471184e+01 -6.75001358e-04 7.61150347e-04
2.51682327e+01 -6.75001338e-04 7.60316258e-04
2.51893470e+01 -6.75001318e-04 7.59476442e-04
2.52104613e+01 -6.75001298e-04 7.58631278e-04
2.52315756e+01 -6.75001278e-04 7.57781148e-04
2.52526899e+01 -6.75001258e-04 7.56926435e-04
2.52738042e+01 -6.75001238e-04 7.56067525e-04
2.52949185e+01 -6.75001218e-04 7.55204804e-04
2.53160327e+01 -6.75001199e-04 7.54338662e-04
2.53371470e+01 -6.75001179e-04 7.53469487e-04
2.53582613e+01 -6.75001159e-04 7.52597670e-04
2.53793756e+01 -6.75001140e-04 7.51723602e-04
2.54004899e+01 -6.75001120e-04 7.50847674e-04
2.54216042e+01 -6.75001101e-04 7.49970277e-04
2.54427185e+01 -6.75001082e-04 7.49091804e-04
2.54638328e+01 -6.75001062e-04 7.48212647e-04
2.54849471e+01 -6.75001043e-04 7.47333196e-04
2.55060613e+01 -6.75001024e-04 7.46453842e-04
2.55271756e+01 -6.75001005e-04 7.45574977e-04
2.55482899e+01 -6.75000986e-04 7.44696988e-04
2.55694042e+01 -6.75000967e-04 7.43820264e-04
2.55905185e+01 -6.75000948e-04 7.42945192e-04
2.56116328e+01 -6.75000929e-04 7.42072157e-04
2.56327471e+01 -6.75000910e-04 7.41201542e-04
2.56538614e+01 -6.75000891e-04 7.40333730e-04
2.56749757e+01 -6.75000873e-04 7.39469100e-04
2.56960899e+01 -6.75000854e-04 7.38608030e-04
2.57172042e+01 -6.75000835e-04 7.37750895e-04
2.57383185e+01 -6.75000817e-04 7.36898067e-04
2.57594328e+01 -6.75000798e-04 7.36049916e-04
2.57805471e+01 -6.75000780e-04 7.35206810e-04
2.58016614e+01 -6.75000762e-04 7.34369112e-04
2.58227757e+01 -6.75000743e-04 7.33537184e-04
2.58438900e+01 -6.75000725e-04 7.32711383e-04
2.58650043e+01 -6.75000707e-04 7.31892064e-04
2.58861185e+01 -6.75000689e-04 7.31079577e-04
2.59072328e+01 -6.75000671e-04 7.30274270e-04
2.59283471e+01 -6.75000653e-04 7.29476487e-04
2.59494614e+01 -6.75000635e-04 7.28686568e-04
2.59705757e+01 -6.75000617e-04 7.27904848e-04
2.59916900e+01 -6.75000599e-04 7.27131660e-04
2.60128043e+01 -6.75000581e-04 7.26367332e-04
2.60339186e+01 -6.75000564e-04 7.25612189e-04
2.60550329e+01 -6.75000546e-04 7.24866552e-04
2.60761472e+01 -6.75000528e-04 7.24130738e-04
2.60972614e+01 -6.75000511e-04 7.23405057e-04
2.61183757e+01 -6.75000493e-04 7.22689821e-04
2.61394900e+01 -6.75000476e-04 7.21985333e-04
2.61606043e+01 -6.75000458e-04 7.21291896e-04
2.61817186e+01 -6.75000441e-04 7.20609805e-04
2.62028329e+01 -6.75000424e-04 7.19939356e-04
2.62239472e+01 -6.75000406e-04 7.19280838e-04
2.62450615e+01 -6.75000389e-04 7.18634538e-04
2.62661758e+01 -6.75000372e-04 7.18000742e-04
2.62872900e+01 -6.75000355e-04 7.17379728e-04
2.63084043e+01 -6.75000338e-04 7.16771775e-04
2.63295186e+01 -6.75000321e-04 7.16177159e-04
2.63506329e+01 -6.75000304e-04 7.15596153e-04
2.63717472e+01 -6.75000287e-04 7.15029026e-04
2.63928615e+01 -6.75000270e-04 7.14476049e-04
2.64139758e+01 -6.75000254e-04 7.13937489e-04
2.64350901e+01 -6.75000237e-04 7.13413612e-04
2.64562044e+01 -6.75000220e-04 7.12904683e-04
2.64773186e+01 -6.75000204e-04 7.12410968e-04
2.64984329e+01 -6.75000187e-04 7.11932731e-04
2.65195472e+01 -6.75000170e-04 7.11470239e-04
2.65406615e+01 -6.75000154e-04 7.11023756e-04
2.65617758e+01 -6.75000138e-04 7.10593551e-04
2.65828901e+01 -6.75000121e-04 7.10179893e-04
2.66040044e+01 -6.75000105e-04 7.09783053e-04
2.66251187e+01 -6.75000089e-04 7.09403307e-04
2.66462330e+01 -6.75000072e-04 7.09040932e-04
2.66673472e+01 -6.75000056e-04 7.08696212e-04
2.66884615e+01 -6.75000040e-04 7.08369433e-04
2.67095758e+01 -6.75000024e-04 7.08060888e-04
2.67306901e+01 -6.75000008e-04 7.07770876e-04
2.67518044e+01 -6.74999992e-04 7.07499704e-04
2.67729187e+01 -6.74999976e-04 7.07247684e-04
2.67940330e+01 -6.74999960e-04 7.07015140e-04
2.68151473e+01 -6.74999944e-04 7.06802403e-04
2.68362616e+01 -6.74999929e-04 7.06609815e-04
2.68573759e+01 -6.74999913e-04 7.06437729e-04
2.68784901e+01 -6.74999897e-04 7.06286510e-04
2.68996044e+01 -6.74999881e-04 7.06156537e-04
2.69207187e+01 -6.74999866e-04 7.06048202e-04
2.69418330e+01 -6.74999850e-04 7.05961912e-04
2.69629473e+01 -6.74999835e-04 7.05898091e-04
2.69840616e+01 -6.74999819e-04 7.05857178e-04
2.70051759e+01 -6.74999804e-04 7.05839633e-04
2.70262902e+01 -6.74999789e-04 7.05845934e-04
2.70474045e+01 -6.74999773e-04 7.05876578e-04
2.70685187e+01 -6.74999758e-04 7.05931884e-04
2.70896330e+01 -6.74999743e-04 7.06011686e-04
2.71107473e+01 -6.74999728e-04 7.06115759e-04
2.71318616e+01 -6.74999712e-04 7.06243896e-04
2.71529759e+01 -6.74999697e-04 7.06395907e-04
2.71740902e+01 -6.74999682e-04 7.06571618e-04
2.71952045e+01 -6.74999667e-04 7.06770871e-04
2.72163188e+01 -6.74999652e-04 7.06993520e-04
2.72374331e+01 -6.74999637e-04 7.07239437e-04
2.72585473e+01 -6.74999622e-04 7.07508504e-04
2.72796616e+01 -6.74999608e-04 7.07800618e-04
2.73007759e+01 -6.74999593e-04 7.08115685e-04
2.73218902e+01 -6.74999578e-04 7.08453624e-04
2.73430045e+01 -6.74999563e-04 7.08814366e-04
2.73641188e+01 -6.74999549e-04 7.09197850e-04
2.73852331e+01 -6.74999534e-04 7.09604024e-04
2.74063474e+01 -6.74999520e-04 7.10032845e-04
2.74274617e+01 -6.74999505e-04 7.10484280e-04
2.74485759e+01 -6.74999491e-04 7.10958300e-04
2.74696902e+01 -6.74999476e-04 7.11454886e-04
2.74908045e+01 -6.74999462e-04 7.11974023e-04
2.75119188e+01 -6.74999447e-04 7.12515703e-04
2.75330331e+01 -6.74999433e-04 7.13079922e-04
2.75541474e+01 -6.74999419e-04 7.13666682e-04
2.75752617e+01 -6.74999405e-04 7.14275988e-04
2.75963760e+01 -6.74999390e-04 7.14907848e-04
2.76174903e+01 -6.74999376e-04 7.15562275e-04
2.76386046e+01 -6.74999362e-04 7.16239282e-04
2.76597188e+01 -6.74999348e-04 7.16938885e-04
2.76808331e+01 -6.74999334e-04 7.17661102e-04
2.77019474e+01 -6.74999320e-04 7.18405953e-04
2.77230617e+01 -6.74999306e-04 7.19173455e-04
2.77441760e+01 -6.74999292e-04 7.19963629e-04
2.77652903e+01 -6.74999278e-04 7.20776493e-04
2.77864046e+01 -6.74999265e-04 7.21612067e-04
2.78075189e+01 -6.74999251e-04 7.22470367e-04
2.78286332e+01 -6.74999237e-04 7.23351410e-04
2.78497474e+01 -6.74999223e-04 7.24255209e-04
2.78708617e+01 -6.74999210e-04 7.25181778e-04
2.78919760e+01 -6.74999196e-04 7.26131124e-04
2.79130903e+01 -6.74999182e-04 7.27103255e-04
2.79342046e+01 -6.74999169e-04 7.28098174e-04
2.79553189e+01 -6.74999155e-04 7.29115881e-04
2.79764332e+01 -6.74999142e-04 7.30156372e-04
2.79975475e+01 -6.74999129e-04 7.31219640e-04
2.80186618e+01 -6.74999115e-04 7.32305671e-04
2.80397760e+01 -6.74999102e-04 7.33414450e-04
2.80608903e+01 -6.74999089e-04 7.34545955e-04
2.80820046e+01 -6.74999075e-04 7.35700159e-04
2.81031189e+01 -6.74999062e-04 7.36877031e-04
2.81242332e+01 -6.74999049e-04 7.38076533e-04
2.81453475e+01 -6.74999036e-04 7.39298622e-04
2.81664618e+01 -6.74999023e-04 7.40543250e-04
2.81875761e+01 -6.74999009e-04 7.41810362e-04
2.82086904e+01 -6.74998996e-04 7.43099898e-04
2.82298046e+01 -6.74998983e-04 7.44411790e-04
2.82509189e+01 -6.74998970e-04 7.45745966e-04
2.82720332e+01 -6.74998957e-04 7.47102345e-04
2.82931475e+01 -6.74998945e-04 7.48480841e-04
2.83142618e+01 -6.74998932e-04 7.49881362e-04
2.83353761e+01 -6.74998919e-04 7.51303806e-04
2.83564904e+01 -6.74998906e-04 7.52748069e-04
2.83776047e+01 -6.74998893e-04 7.54214036e-04
2.83987190e+01 -6.74998881e-04 7.55701586e-04
2.84198333e+01 -6.74998868e-04 7.57210593e-04
2.84409475e+01 -6.74998855e-04 7.58740922e-04
2.84620618e+01 -6.74998843e-04 7.60292431e-04
2.84831761e+01 -6.74998830e-04 7.61864973e-04
2.85042904e+01 -6.74998818e-04 7.63458391e-04
2.85254047e+01 -6.74998805e-04 7.65072524e-04
2.85465190e+01 -6.74998793e-04 7.66707201e-04
2.85676333e+01 -6.74998780e-04 7.68362247e-04
2.85887476e+01 -6.74998768e-04 7.70037477e-04
2.86098619e+01 -6.74998755e-04 7.71732702e-04
2.86309761e+01 -6.74998743e-04 7.73447724e-04
2.86520904e+01 -6.74998731e-04 7.75182339e-04
2.86732047e+01 -6.74998719e-04 7.76936337e-04
2.86943190e+01 -6.74998706e-04 7.78709500e-04
2.87154333e+01 -6.74998694e-04 7.80501604e-04
2.87365476e+01 -6.74998682e-04 7.82312420e-04
2.87576619e+01 -6.74998670e-04 7.84141708e-04
2.87787762e+01 -6.74998658e-04 7.85989228e-04
2.87998905e+01 -6.74998646e-04 7.87854728e-04
2.88210047e+01 -6.74998634e-04 7.89737954e-04
2.88421190e+01 -6.74998622e-04 7.91638643e-04
2.88632333e+01 -6.74998610e-04 7.93556528e-04
2.88843476e+01 -6.74998598e-04 7.95491337e-04
2.89054619e+01 -6.74998586e-04 7.97442788e-04
2.89265762e+01 -6.74998574e-04 7.99410599e-04
2.89476905e+01 -6.74998562e-04 8.01394478e-04
2.89688048e+01 -6.74998551e-04 8.03394131e-04
2.89899191e+01 -6.74998539e-04 8.05409257e-04
2.90110333e+01 -6.74998527e-04 8.07439550e-04
2.90321476e+01 -6.74998515e-04 8.09484700e-04
2.90532619e+01 -6.74998504e-04 8.11544391e-04
2.90743762e+01 -6.74998492e-04 8.13618304e-04
2.90954905e+01 -6.74998481e-04 8.15706113e-04
2.91166048e+01 -6.74998469e-04 8.17807491e-04
2.91377191e+01 -6.74998458e-04 8.19922105e-04
2.91588334e+01 -6.74998446e-04 8.22049616e-04
2.91799477e+01 -6.74998435e-04 8.24189685e-04
2.92010620e+01 -6.74998423e-04 8.26341966e-04
2.92221762e+01 -6.74998412e-04 8.28506112e-04
2.92432905e+01 -6.74998400e-04 8.30681770e-04
2.92644048e+01 -6.74998389e-04 8.32868586e-04
2.92855191e+01 -6.74998378e-04 8.35066200e-04
2.93066334e+01 -6.74998366e-04 8.37274253e-04
2.93277477e+01 -6.74998355e-04 8.39492378e-04
2.93488620e+01 -6.74998344e-04 8.41720210e-04
2.93699763e+01 -6.74998333e-04 8.43957379e-04
2.93910906e+01 -6.74998322e-04 8.46203513e-04
2.94122048e+01 -6.74998311e-04 8.48458237e-04
2.94333191e+01 -6.74998299e-04 8.50721176e-04
2.94544334e+01 -6.74998288e-04 8.52991950e-04
2.94755477e+01 -6.74998277e-04 8.55270179e-04
2.94966620e+01 -6.74998266e-04 8.57555481e-04
2.95177763e+01 -6.74998255e-04 8.59847472e-04
2.95388906e+01 -6.74998245e-04 8.62145766e-04
2.95600049e+01 -6.74998234e-04 8.64449978e-04
2.95811192e+01 -6.74998223e-04 8.66759720e-04
2.96022334e+01 -6.74998212e-04 8.69074602e-04
2.96233477e+01 -6.74998201e-04 8.71394235e-04
2.96444620e+01 -6.74998190e-04 8.73718228e-04
2.96655763e+01 -6.74998180e-04 8.76046189e-04
2.96866906e+01 -6.74998169e-04 8.78377728e-04
2.97078049e+01 -6.74998158e-04 8.80712450e-04
2.97289192e+01 -6.74998147e-04 8.83049965e-04
2.97500335e+01 -6.74998137e-04 8.85389877e-04
2.97711478e+01 -6.74998126e-04 8.87731796e-04
2.97922620e+01 -6.74998116e-04 8.90075327e-04
2.98133763e+01 -6.74998105e-04 8.92420077e-04
2.98344906e+01 -6.74998094e-04 8.94765654e-04
2.98556049e+01 -6.74998084e-04 8.97111666e-04
2.98767192e+01 -6.74998074e-04 8.99457720e-04
2.98978335e+01 -6.74998063e-04 9.01803425e-04
2.99189478e+01 -6.74998053e-04 9.04148391e-04
2.99400621e+01 -6.74998042e-04 9.06492226e-04
2.99611764e+01 -6.74998032e-04 9.08834543e-04
2.99822907e+01 -6.74998022e-04 9.11174953e-04
3.00034049e+01 -6.74998011e-04 9.13513067e-04
3.00245192e+01 -6.74998001e-04 9.15848502e-04
3.00456335e+01 -6.74997991e-04 9.18180870e-04
3.00667478e+01 -6.74997981e-04 9.20509789e-04
3.00878621e+01 -6.74997970e-04 9.22834876e-04
3.01089764e+01 -6.74997960e-04 9.25155751e-04
3.01300907e+01 -6.74997950e-04 9.27472033e-04
3.01512050e+01 -6.74997940e-04 9.29783346e-04
3.01723193e+01 -6.74997930e-04 9.32089313e-04
3.01934335e+01 -6.74997920e-04 9.34389559e-04
3.02145478e+01 -6.74997910e-04 9.36683712e-04
3.02356621e+01 -6.74997900e-04 9.38971402e-04
3.02567764e+01 -6.74997890e-04 9.41252259e-04
3.02778907e+01 -6.74997880e-04 9.43525917e-04
3.02990050e+01 -6.74997870e-04 9.45792012e-04
3.03201193e+01 -6.74997860e-04 9.48050180e-04
3.03412336e+01 -6.74997850e-04 9.50300061e-04
3.03623479e+01 -6.74997840e-04 9.52541298e-04
3.03834621e+01 -6.74997830e-04 9.54773534e-04
3.04045764e+01 -6.74997821e-04 9.56996417e-04
3.04256907e+01 -6.74997811e-04 9.59209594e-04
3.04468050e+01 -6.74997801e-04 9.61412719e-04
3.04679193e+01 -6.74997791e-04 9.63605444e-04
3.04890336e+01 -6.74997782e-04 9.65787426e-04
3.05101479e+01 -6.74997772e-04 9.67958325e-04
3.05312622e+01 -6.74997762e-04 9.70117802e-04
3.05523765e+01 -6.74997753e-04 9.72265521e-04
3.05734907e+01 -6.74997743e-04 9.74401151e-04
3.05946050e+01 -6.74997734e-04 9.76524361e-04
3.06157193e+01 -6.74997724e-04 9.78634824e-04
3.06368336e+01 -6.74997715e-04 9.80732217e-04
3.06579479e+01 -6.74997705e-04 9.82816216e-04
3.06790622e+01 -6.74997696e-04 9.84886505e-04
3.07001765e+01 -6.74997686e-04 9.86942767e-04
3.07212908e+01 -6.74997677e-04 9.88984691e-04
3.07424051e+01 -6.74997668e-04 9.91011966e-04
3.07635194e+01 -6.74997658e-04 9.93024287e-04
3.07846336e+01 -6.74997649e-04 9.95021350e-04
3.08057479e+01 -6.74997639e-04 9.97002855e-04
3.08268622e+01 -6.74997630e-04 9.98968505e-04
3.08479765e+01 -6.74997621e-04 1.00091801e-03
3.08690908e+01 -6.74997612e-04 1.00285107e-03
3.08902051e+01 -6.74997602e-04 1.00476740e-03
3.09113194e+01 -6.74997593e-04 1.00666673e-03
3.09324337e+01 -6.74997584e-04 1.00854876e-03
3.09535480e+01 -6.74997575e-04 1.01041322e-03
3.09746622e+01 -6.74997566e-04 1.01225984e-03
3.09957765e+01 -6.74997557e-04 1.01408835e-03
3.10168908e+01 -6.74997548e-04 1.01589847e-03
3.10380051e+01 -6.74997539e-04 1.01768995e-03
3.10591194e+01 -6.74997530e-04 1.01946252e-03
3.10802337e+01 -6.74997521e-04 1.02121592e-03
3.11013480e+01 -6.74997512e-04 1.02294991e-03
3.11224623e+01 -6.74997503e-04 1.02466423e-03
3.11435766e+01 -6.74997494e-04 1.02635863e-03
3.11646908e+01 -6.74997485e-04 1.02803287e-03
3.11858051e+01 -6.74997476e-04 1.02968671e-03
3.12069194e+01 -6.74997467e-04 1.03131992e-03
3.12280337e+01 -6.74997458e-04 1.03293225e-03
3.12491480e+01 -6.74997449e-04 1.03452349e-03
3.12702623e+01 -6.74997441e-04 1.03609340e-03
3.12913766e+01 -6.74997432e-04 1.03764176e-03
3.13124909e+01 -6.74997423e-04 1.03916836e-03
3.13336052e+01 -6.74997414e-04 1.04067297e-03
3.13547194e+01 -6.74997406e-04 1.04215539e-03
3.13758337e+01 -6.74997397e-04 1.04361541e-03
3.13969480e+01 -6.74997388e-04 1.04505282e-03
3.14180623e+01 -6.74997380e-04 1.04646742e-03
3.14391766e+01 -6.74997371e-04 1.04785901e-03
3.14602909e+01 -6.74997363e-04 1.04922741e-03
3.14814052e+01 -6.74997354e-04 1.05057241e-03
3.15025195e+01 -6.74997345e-04 1.05189384e-03
3.15236338e+01 -6.74997337e-04 1.05319151e-03
3.15447481e+01 -6.74997328e-04 1.05446523e-03
3.15658623e+01 -6.74997320e-04 1.05571485e-03
3.15869766e+01 -6.74997311e-04 1.05694018e-03
3.16080909e+01 -6.74997303e-04 1.05814105e-03
3.16292052e+01 -6.74997295e-04 1.05931730e-03
3.16503195e+01 -6.74997286e-04 1.06046877e-03
3.16714338e+01 -6.74997278e-04 1.06159530e-03
3.16925481e+01 -6.74997269e-04 1.06269674e-03
3.17136624e+01 -6.74997261e-04 1.06377293e-03
3.17347767e+01 -6.74997253e-04 1.06482374e-03
3.17558909e+01 -6.74997245e-04 1.06584901e-03
3.17770052e+01 -6.74997236e-04 1.06684862e-03
3.17981195e+01 -6.74997228e-04 1.06782241e-03
3.18192338e+01 -6.74997220e-04 1.06877027e-03
3.18403481e+01 -6.74997212e-04 1.06969207e-03
3.18614624e+01 -6.74997203e-04 1.07058767e-03
3.18825767e+01 -6.74997195e-04 1.07145696e-03
3.19036910e+01 -6.74997187e-04 1.07229982e-03
3.19248053e+01 -6.74997179e-04 1.07311614e-03
3.19459195e+01 -6.74997171e-04 1.07390582e-03
3.19670338e+01 -6.74997163e-04 1.07466873e-03
3.19881481e+01 -6.74997155e-04 1.07540479e-03
3.20092624e+01 -6.74997147e-04 1.07611389e-03
3.20303767e+01 -6.74997139e-04 1.07679593e-03
3.20514910e+01 -6.74997131e-04 1.07745084e-03
3.20726053e+01 -6.74997123e-04 1.07807851e-03
3.20937196e+01 -6.74997115e-04 1.07867887e-03
3.21148339e+01 -6.74997107e-04 1.07925184e-03
3.21359481e+01 -6.74997099e-04 1.07979733e-03
3.21570624e+01 -6.74997091e-04 1.08031529e-03
3.21781767e+01 -6.74997083e-04 1.08080563e-03
3.21992910e+01 -6.74997075e-04 1.08126830e-03
3.22204053e+01 -6.74997067e-04 1.08170323e-03
3.22415196e+01 -6.74997060e-04 1.08211037e-03
3.22626339e+01 -6.74997052e-04 1.08248965e-03
3.22837482e+01 -6.74997044e-04 1.08284104e-03
3.23048625e+01 -6.74997036e-04 1.08316448e-03
3.23259768e+01 -6.74997028e-04 1.08345993e-03
3.23470910e+01 -6.74997021e-04 1.08372736e-03
3.23682053e+01 -6.74997013e-04 1.08396672e-03
3.23893196e+01 -6.74997005e-04 1.08417799e-03
3.24104339e+01 -6.74996998e-04 1.08436113e-03
3.24315482e+01 -6.74996990e-04 1.08451613e-03
3.24526625e+01 -6.74996982e-04 1.08464296e-03
3.24737768e+01 -6.74996975e-04 1.08474161e-03
3.24948911e+01 -6.74996967e-04 1.08481206e-03
3.25160054e+01 -6.74996960e-04 1.08485431e-03
3.25371196e+01 -6.74996952e-04 1.08486834e-03
3.25582339e+01 -6.74996945e-04 1.08485415e-03
3.25793482e+01 -6.74996937e-04 1.08481176e-03
3.26004625e+01 -6.74996929e-04 1.08474115e-03
3.26215768e+01 -6.74996922e-04 1.08464235e-03
3.26426911e+01 -6.74996915e-04 1.08451537e-03
3.26638054e+01 -6.74996907e-04 1.08436021e-03
3.26849197e+01 -6.74996900e-04 1.08417691e-03
3.27060340e+01 -6.74996892e-04 1.08396548e-03
3.27271482e+01 -6.74996885e-04 1.08372595e-03
3.27482625e+01 -6.74996878e-04 1.08345836e-03
3.27693768e+01 -6.74996870e-04 1.08316274e-03
3.27904911e+01 -6.74996863e-04 1.08283913e-03
3.28116054e+01 -6.74996856e-04 1.08248756e-03
3.28327197e+01 -6.74996848e-04 1.08210810e-03
3.28538340e+01 -6.74996841e-04 1.08170077e-03
3.28749483e+01 -6.74996834e-04 1.08126565e-03
3.28960626e+01 -6.74996826e-04 1.08080279e-03
3.29171768e+01 -6.74996819e-04 1.08031224e-03
3.29382911e+01 -6.74996812e-04 1.07979407e-03
3.29594054e+01 -6.74996805e-04 1.07924836e-03
3.29805197e+01 -6.74996798e-04 1.07867516e-03
3.30016340e+01 -6.74996791e-04 1.07807456e-03
3.30227483e+01 -6.74996783e-04 1.07744664e-03
3.30438626e+01 -6.74996776e-04 1.07679148e-03
3.30649769e+01 -6.74996769e-04 1.07610917e-03
3.30860912e+01 -6.74996762e-04 1.07539979e-03
3.31072055e+01 -6.74996755e-04 1.07466344e-03
3.31283197e+01 -6.74996748e-04 1.07390022e-03
3.31494340e+01 -6.74996741e-04 1.07311023e-03
3.31705483e+01 -6.74996734e-04 1.07229358e-03
3.31916626e+01 -6.74996727e-04 1.07145036e-03
3.32127769e+01 -6.74996720e-04 1.07058070e-03
3.32338912e+01 -6.74996713e-04 1.06968471e-03
3.32550055e+01 -6.74996706e-04 1.06876251e-03
3.32761198e+01 -6.74996699e-04 1.06781422e-03
3.32972341e+01 -6.74996692e-04 1.06683997e-03
3.33183483e+01 -6.74996685e-04 1.06583990e-03
3.33394626e+01 -6.74996678e-04 1.06481412e-03
3.33605769e+01 -6.74996672e-04 1.06376279e-03
3.33816912e+01 -6.74996665e-04 1.06268604e-03
3.34028055e+01 -6.74996658e-04 1.06158402e-03
3.34239198e+01 -6.74996651e-04 1.06045688e-03
3.34450341e+01 -6.74996644e-04 1.05930476e-03
3.34661484e+01 -6.74996637e-04 1.05812783e-03
3.34872627e+01 -6.74996631e-04 1.05692624e-03
3.35083769e+01 -6.74996624e-04 1.05570016e-03
3.35294912e+01 -6.74996617e-04 1.05444975e-03
3.35506055e+01 -6.74996610e-04 1.05317518e-03
3.35717198e+01 -6.74996604e-04 1.05187663e-03
3.35928341e+01 -6.74996597e-04 1.05055428e-03
3.36139484e+01 -6.74996590e-04 1.04920830e-03
3.36350627e+01 -6.74996584e-04 1.04783888e-03
3.36561770e+01 -6.74996577e-04 1.04644620e-03
3.36772913e+01 -6.74996571e-04 1.04503047e-03
3.36984055e+01 -6.74996564e-04 1.04359187e-03
3.37195198e+01 -6.74996557e-04 1.04213060e-03
3.37406341e+01 -6.74996551e-04 1.04064686e-03
3.37617484e+01 -6.74996544e-04 1.03914086e-03
3.37828627e+01 -6.74996538e-04 1.03761282e-03
3.38039770e+01 -6.74996531e-04 1.03606293e-03
3.38250913e+01 -6.74996525e-04 1.03449142e-03
3.38462056e+01 -6.74996518e-04 1.03289851e-03
3.38673199e+01 -6.74996512e-04 1.03128442e-03
3.38884342e+01 -6.74996505e-04 1.02964937e-03
3.39095484e+01 -6.74996499e-04 1.02799360e-03
3.39306627e+01 -6.74996492e-04 1.02631734e-03
3.39517770e+01 -6.74996486e-04 1.02462083e-03
3.39728913e+01 -6.74996479e-04 1.02290430e-03
3.39940056e+01 -6.74996473e-04 1.02116800e-03
3.40151199e+01 -6.74996467e-04 1.01941218e-03
3.40362342e+01 -6.74996460e-04 1.01763709e-03
3.40573485e+01 -6.74996454e-04 1.01584297e-03
3.40784628e+01 -6.74996448e-04 1.01403009e-03
3.40995770e+01 -6.74996441e-04 1.01219871e-03
3.41206913e+01 -6.74996435e-04 1.01034909e-03
3.41418056e+01 -6.74996429e-04 1.00848150e-03
3.41629199e+01 -6.74996423e-04 1.00659620e-03
3.41840342e+01 -6.74996416e-04 1.00469348e-03
3.42051485e+01 -6.74996410e-04 1.00277360e-03
3.42262628e+01 -6.74996404e-04 1.00083684e-03
3.42473771e+01 -6.74996398e-04 9.98883502e-04
3.42684914e+01 -6.74996391e-04 9.96913855e-04
3.42896056e+01 -6.74996385e-04 9.94928191e-04
3.43107199e+01 -6.74996379e-04 9.92926804e-04
3.43318342e+01 -6.74996373e-04 9.90909988e-04
3.43529485e+01 -6.74996367e-04 9.88878042e-04
3.43740628e+01 -6.74996361e-04 9.86831268e-04
3.43951771e+01 -6.74996355e-04 9.84769968e-04
3.44162914e+01 -6.74996348e-04 9.82694451e-04
3.44374057e+01 -6.74996342e-04 9.80605026e-04
3.44585200e+01 -6.74996336e-04 9.78502007e-04
3.44796342e+01 -6.74996330e-04 9.76385709e-04
3.45007485e+01 -6.74996324e-04 9.74256452e-04
3.45218628e+01 -6.74996318e-04 9.72114556e-04
3.45429771e+01 -6.74996312e-04 9.69960346e-04
3.45640914e+01 -6.74996306e-04 9.67794149e-04
3.45852057e+01 -6.74996300e-04 9.65616295e-04
3.46063200e+01 -6.74996294e-04 9.63427115e-04
3.46274343e+01 -6.74996288e-04 9.61226945e-04
3.46485486e+01 -6.74996282e-04 9.59016123e-04
3.46696629e+01 -6.74996276e-04 9.56794987e-04
3.46907771e+01 -6.74996271e-04 9.54563882e-04
3.47118914e+01 -6.74996265e-04 9.52323151e-04
3.47330057e+01 -6.74996259e-04 9.50073141e-04
3.47541200e+01 -6.74996253e-04 9.47814203e-04
3.47752343e+01 -6.74996247e-04 9.45546688e-04
3.47963486e+01 -6.74996241e-04 9.43270950e-04
3.48174629e+01 -6.74996235e-04 9.40987346e-04
3.48385772e+01 -6.74996230e-04 9.38696233e-04
3.48596915e+01 -6.74996224e-04 9.36397972e-04
3.48808057e+01 -6.74996218e-04 9.34092926e-04
3.49019200e+01 -6.74996212e-04 9.31781458e-04
3.49230343e+01 -6.74996206e-04 9.29463935e-04
3.49441486e+01 -6.74996201e-04 9.27140725e-04
3.49652629e+01 -6.74996195e-04 9.24812197e-04
3.49863772e+01 -6.74996189e-04 9.22478723e-04
3.50074915e+01 -6.74996184e-04 9.20140676e-04
3.50286058e+01 -6.74996178e-04 9.17798430e-04
3.50497201e+01 -6.74996172e-04 9.15452361e-04
3.50708343e+01 -6.74996167e-04 9.13102846e-04
3.50919486e+01 -6.74996161e-04 9.10750264e-04
3.51130629e+01 -6.74996155e-04 9.08394995e-04
3.51341772e+01 -6.74996150e-04 9.06037419e-04
3.51552915e+01 -6.74996144e-04 9.03677919e-04
3.51764058e+01 -6.74996138e-04 9.01316877e-04
3.51975201e+01 -6.74996133e-04 8.98954678e-04
3.52186344e+01 -6.74996127e-04 8.96591705e-04
3.52397487e+01 -6.74996122e-04 8.94228344e-04
3.52608629e+01 -6.74996116e-04 8.91864981e-04
3.52819772e+01 -6.74996111e-04 8.89502002e-04
3.53030915e+01 -6.74996105e-04 8.87139794e-04
3.53242058e+01 -6.74996100e-04 8.84778744e-04
3.53453201e+01 -6.74996094e-04 8.82419239e-04
3.53664344e+01 -6.74996089e-04 8.80061667e-04
3.53875487e+01 -6.74996083e-04 8.77706414e-04
3.54086630e+01 -6.74996078e-04 8.75353868e-04
3.54297773e+01 -6.74996072e-04 8.73004417e-04
3.54508916e+01 -6.74996067e-04 8.70658446e-04
3.54720058e+01 -6.74996061e-04 8.68316341e-04
3.54931201e+01 -6.74996056e-04 8.65978489e-04
3.55142344e+01 -6.74996050e-04 8.63645273e-04
3.55353487e+01 -6.74996045e-04 8.61317079e-04
3.55564630e+01 -6.74996040e-04 8.58994288e-04
3.55775773e+01 -6.74996034e-04 8.56677284e-04
3.55986916e+01 -6.74996029e-04 8.54366447e-04
3.56198059e+01 -6.74996024e-04 8.52062156e-04
3.56409202e+01 -6.74996018e-04 8.49764789e-04
3.56620344e+01 -6.74996013e-04 8.47474723e-04
3.56831487e+01 -6.74996008e-04 8.45192332e-04
3.57042630e+01 -6.74996002e-04 8.42917990e-04
3.57253773e+01 -6.74995997e-04 8.40652067e-04
3.57464916e+01 -6.74995992e-04 8.38394932e-04
3.57676059e+01 -6.74995987e-04 8.36146951e-04
3.57887202e+01 -6.74995981e-04 8.33908489e-04
3.58098345e+01 -6.74995976e-04 8.31679906e-04
3.58309488e+01 -6.74995971e-04 8.29461562e-04
3.58520630e+01 -6.74995966e-04 8.27253813e-04
3.58731773e+01 -6.74995961e-04 8.25057012e-04
3.58942916e+01 -6.74995955e-04 8.22871508e-04
3.59154059e+01 -6.74995950e-04 8.20697648e-04
3.59365202e+01 -6.74995945e-04 8.18535776e-04
3.59576345e+01 -6.74995940e-04 8.16386230e-04
3.59787488e+01 -6.74995935e-04 8.14249348e-04
3.59998631e+01 -6.74995930e-04 8.12125460e-04
3.60209774e+01 -6.74995924e-04 8.10014896e-04
3.60420916e+01 -6.74995919e-04 8.07917979e-04
3.60632059e+01 -6.74995914e-04 8.05835029e-04
3.60843202e+01 -6.74995909e-04 8.03766361e-04
3.61054345e+01 -6.74995904e-04 8.01712286e-04
3.61265488e+01 -6.74995899e-04 7.99673110e-04
3.61476631e+01 -6.74995894e-04 7.97649134e-04
3.61687774e+01 -6.74995889e-04 7.95640655e-04
3.61898917e+01 -6.74995884e-04 7.93647963e-04
3.62110060e+01 -6.74995879e-04 7.91671345e-04
3.62321203e+01 -6.74995874e-04 7.89711081e-04
3.62532345e+01 -6.74995869e-04 7.87767446e-04
3.62743488e+01 -6.74995864e-04 7.85840709e-04
3.62954631e+01 -6.74995859e-04 7.83931135e-04
3.63165774e+01 -6.74995854e-04 7.82038980e-04
3.63376917e+01 -6.74995849e-04 7.80164497e-04
3.63588060e+01 -6.74995844e-04 7.78307932e-04
3.63799203e+01 -6.74995839e-04 7.76469523e-04
3.64010346e+01 -6.74995834e-04 7.74649505e-04
3.64221489e+01 -6.74995829e-04 7.72848105e-04
3.64432631e+01 -6.74995825e-04 7.71065541e-04
3.64643774e+01 -6.74995820e-04 7.69302029e-04
3.64854917e+01 -6.74995815e-04 7.67557775e-04
3.65066060e+01 -6.74995810e-04 7.65832981e-04
3.65277203e+01 -6.74995805e-04 7.64127838e-04
3.65488346e+01 -6.74995800e-04 7.62442534e-04
3.65699489e+01 -6.74995795e-04 7.60777250e-04
3.65910632e+01 -6.74995791e-04 7.59132156e-04
3.66121775e+01 -6.74995786e-04 7.57507420e-04
3.66332917e+01 -6.74995781e-04 7.55903200e-04
3.66544060e+01 -6.74995776e-04 7.54319647e-04
3.66755203e+01 -6.74995771e-04 7.52756907e-04
3.66966346e+01 -6.74995767e-04 7.51215115e-04
3.67177489e+01 -6.74995762e-04 7.49694403e-04
3.67388632e+01 -6.74995757e-04 7.48194893e-04
3.67599775e+01 -6.74995752e-04 7.46716701e-04
3.67810918e+01 -6.74995748e-04 7.45259936e-04
3.68022061e+01 -6.74995743e-04 7.43824699e-04
3.68233203e+01 -6.74995738e-04 7.42411085e-04
3.68444346e+01 -6.74995734e-04 7.41019182e-04
3.68655489e+01 -6.74995729e-04 7.39649071e-04
3.68866632e+01 -6.74995724e-04 7.38300825e-04
3.69077775e+01 -6.74995720e-04 7.36974510e-04
3.69288918e+01 -6.74995715e-04 7.35670188e-04
3.69500061e+01 -6.74995710e-04 7.34387912e-04
3.69711204e+01 -6.74995706e-04 7.33127729e-04
3.69922347e+01 -6.74995701e-04 7.31889680e-04
3.70133490e+01 -6.74995696e-04 7.30673799e-04
3.70344632e+01 -6.74995692e-04 7.29480115e-04
3.70555775e+01 -6.74995687e-04 7.28308651e-04
3.70766918e+01 -6.74995683e-04 7.27159422e-04
3.70978061e+01 -6.74995678e-04 7.26032441e-04
3.71189204e+01 -6.74995674e-04 7.24927712e-04
3.71400347e+01 -6.74995669e-04 7.23845236e-04
3.71611490e+01 -6.74995664e-04 7.22785009e-04
3.71822633e+01 -6.74995660e-04 7.21747022e-04
3.72033776e+01 -6.74995655e-04 7.20731259e-04
3.72244918e+01 -6.74995651e-04 7.19737704e-04
3.72456061e+01 -6.74995646e-04 7.18766335e-04
3.72667204e+01 -6.74995642e-04 7.17817124e-04
3.72878347e+01 -6.74995637e-04 7.16890043e-04
3.73089490e+01 -6.74995633e-04 7.15985060e-04
3.73300633e+01 -6.74995628e-04 7.15102139e-04
3.73511776e+01 -6.74995624e-04 7.14241242e-04
3.73722919e+01 -6.74995620e-04 7.13402329e-04
3.73934062e+01 -6.74995615e-04 7.12585358e-04
3.74145204e+01 -6.74995611e-04 7.11790287e-04
3.74356347e+01 -6.74995606e-04 7.11017069e-04
3.74567490e+01 -6.74995602e-04 7.10265661e-04
3.74778633e+01 -6.74995598e-04 7.09536016e-04
3.74989776e+01 -6.74995593e-04 7.08828089e-04
3.75200919e+01 -6.74995589e-04 7.08141836e-04
3.75412062e+01 -6.74995584e-04 7.07477213e-04
3.75623205e+01 -6.74995580e-04 7.06834176e-04
3.75834348e+01 -6.74995576e-04 7.06212685e-04
3.76045490e+01 -6.74995571e-04 7.05612681e-04
3.76256633e+01 -6.74995567e-04 7.05033882e-04
3.76467776e+01 -6.74995563e-04 7.04475885e-04
3.76678919e+01 -6.74995558e-04 7.03938293e-04
3.76890062e+01 -6.74995554e-04 7.03420720e-04
3.77101205e+01 -6.74995550e-04 7.02922792e-04
3.77312348e+01 -6.74995545e-04 7.02444144e-04
3.77523491e+01 -6.74995541e-04 7.01984420e-04
3.77734634e+01 -6.74995537e-04 7.01543278e-04
3.77945777e+01 -6.74995533e-04 7.01120381e-04
3.78156919e+01 -6.74995528e-04 7.00715405e-04
3.78368062e+01 -6.74995524e-04 7.00328036e-04
3.78579205e+01 -6.74995520e-04 6.99957967e-04
3.78790348e+01 -6.74995516e-04 6.99604902e-04
3.79001491e+01 -6.74995512e-04 6.99268556e-04
3.79212634e+01 -6.74995507e-04 6.98948650e-04
3.79423777e+01 -6.74995503e-04 6.98644916e-04
3.79634920e+01 -6.74995499e-04 6.98357095e-04
3.79846063e+01 -6.74995495e-04 6.98084937e-04
3.80057205e+01 -6.74995491e-04 6.97828198e-04
3.80268348e+01 -6.74995486e-04 6.97586647e-04
3.80479491e+01 -6.74995482e-04 6.97360058e-04
3.80690634e+01 -6.74995478e-04 6.97148214e-04
3.80901777e+01 -6.74995474e-04 6.96950907e-04
3.81112920e+01 -6.74995470e-04 6.96767935e-04
3.81324063e+01 -6.74995466e-04 6.96599107e-04
3.81535206e+01 -6.74995462e-04 6.96444236e-04
3.81746349e+01 -6.74995458e-04 6.96303146e-04
3.81957491e+01 -6.74995454e-04 6.96175666e-04
3.82168634e+01 -6.74995449e-04 6.96061632e-04
3.82379777e+01 -6.74995445e-04 6.95960889e-04
3.82590920e+01 -6.74995441e-04 6.95873288e-04
3.82802063e+01 -6.74995437e-04 6.95798686e-04
3.83013206e+01 -6.74995433e-04 6.95736947e-04
3.83224349e+01 -6.74995429e-04 6.95687942e-04
3.83435492e+01 -6.74995425e-04 6.95651548e-04
3.83646635e+01 -6.74995421e-04 6.95627648e-04
3.83857777e+01 -6.74995417e-04 6.95616132e-04
3.84068920e+01 -6.74995413e-04 6.95616894e-04
3.84280063e+01 -6.74995409e-04 6.95629835e-04
3.84491206e+01 -6.74995405e-04 6.95654861e-04
3.84702349e+01 -6.74995401e-04 6.95691884e-04
3.84913492e+01 -6.74995397e-04 6.95740820e-04
3.85124635e+01 -6.74995393e-04 6.95801592e-04
3.85335778e+01 -6.74995389e-04 6.95874127e-04
3.85546921e+01 -6.74995385e-04 6.95958357e-04
3.85758064e+01 -6.74995381e-04 6.96054217e-04
3.85969206e+01 -6.74995378e-04 6.96161649e-04
3.86180349e+01 -6.74995374e-04 6.96280598e-04
3.86391492e+01 -6.74995370e-04 6.96411013e-04
3.86602635e+01 -6.74995366e-04 6.96552849e-04
3.86813778e+01 -6.74995362e-04 6.96706062e-04
3.87024921e+01 -6.74995358e-04 6.96870615e-04
3.87236064e+01 -6.74995354e-04 6.97046472e-04
3.87447207e+01 -6.74995350e-04 6.97233601e-04
3.87658350e+01 -6.74995346e-04 6.97431975e-04
3.87869492e+01 -6.74995343e-04 6.97641569e-04
3.88080635e+01 -6.74995339e-04 6.97862362e-04
3.88291778e+01 -6.74995335e-04 6.98094334e-04
3.88502921e+01 -6.74995331e-04 6.98337469e-04
3.88714064e+01 -6.74995327e-04 6.98591755e-04
3.88925207e+01 -6.74995323e-04 6.98857182e-04
3.89136350e+01 -6.74995320e-04 6.99133740e-04
3.89347493e+01 -6.74995316e-04 6.99421425e-04
3.89558636e+01 -6.74995312e-04 6.99720233e-04
3.89769778e+01 -6.74995308e-04 7.00030162e-04
3.89980921e+01 -6.74995304e-04 7.00351214e-04
3.90192064e+01 -6.74995301e-04 7.00683390e-04
3.90403207e+01 -6.74995297e-04 7.01026694e-04
3.90614350e+01 -6.74995293e-04 7.01381134e-04
3.90825493e+01 -6.74995289e-04 7.01746715e-04
3.91036636e+01 -6.74995286e-04 7.02123448e-04
3.91247779e+01 -6.74995282e-04 7.02511340e-04
3.91458922e+01 -6.74995278e-04 7.02910405e-04
3.91670064e+01 -6.74995275e-04 7.03320653e-04
3.91881207e+01 -6.74995271e-04 7.03742099e-04
3.92092350e+01 -6.74995267e-04 7.04174756e-04
3.92303493e+01 -6.74995263e-04 7.04618640e-04
3.92514636e+01 -6.74995260e-04 7.05073764e-04
3.92725779e+01 -6.74995256e-04 7.05540147e-04
3.92936922e+01 -6.74995252e-04 7.06017803e-04
3.93148065e+01 -6.74995249e-04 7.06506749e-04
3.93359208e+01 -6.74995245e-04 7.07007004e-04
3.93570351e+01 -6.74995242e-04 7.07518583e-04
3.93781493e+01 -6.74995238e-04 7.08041505e-04
3.93992636e+01 -6.74995234e-04 7.08575787e-04
3.94203779e+01 -6.74995231e-04 7.09121445e-04
3.94414922e+01 -6.74995227e-04 7.09678496e-04
3.94626065e+01 -6.74995223e-04 7.10246959e-04
3.94837208e+01 -6.74995220e-04 7.10826848e-04
3.95048351e+01 -6.74995216e-04 7.11418180e-04
3.95259494e+01 -6.74995213e-04 7.12020971e-04
3.95470637e+01 -6.74995209e-04 7.12635234e-04
3.95681779e+01 -6.74995205e-04 7.13260985e-04
3.95892922e+01 -6.74995202e-04 7.13898238e-04
3.96104065e+01 -6.74995198e-04 7.14547004e-04
3.96315208e+01 -6.74995195e-04 7.15207295e-04
3.96526351e+01 -6.74995191e-04 7.15879123e-04
3.96737494e+01 -6.74995188e-04 7.16562498e-04
3.96948637e+01 -6.74995184e-04 7.17257429e-04
3.97159780e+01 -6.74995181e-04 7.17963922e-04
3.97370923e+01 -6.74995177e-04 7.18681986e-04
3.97582065e+01 -6.74995174e-04 7.19411625e-04
3.97793208e+01 -6.74995170e-04 7.20152843e-04
3.98004351e+01 -6.74995167e-04 7.20905644e-04
3.98215494e+01 -6.74995163e-04 7.21670028e-04
3.98426637e+01 -6.74995160e-04 7.22445996e-04
3.98637780e+01 -6.74995156e-04 7.23233547e-04
3.98848923e+01 -6.74995153e-04 7.24032676e-04
3.99060066e+01 -6.74995149e-04 7.24843381e-04
3.99271209e+01 -6.74995146e-04 7.25665654e-04
3.99482351e+01 -6.74995142e-04 7.26499487e-04
3.99693494e+01 -6.74995139e-04 7.27344872e-04
3.99904637e+01 -6.74995136e-04 7.28201797e-04
4.00115780e+01 -6.74995132e-04 7.29070249e-04
