#	Time	Error_of_Energy	Error_of_Position
4.22285784e-02 6.76234024e-03 1.37614219e-03
8.44571568e-02 2.15003541e-02 2.42371650e-03
1.26685735e-01 3.51460471e-02 3.04099719e-03
1.68914314e-01 4.38255608e-02 3.32508805e-03
2.11142892e-01 4.81403439e-02 3.42728891e-03
2.53371470e-01 4.98073003e-02 3.46595248e-03
2.95600049e-01 5.01446770e-02 3.50875312e-03
3.37828627e-01 4.99040980e-02 3.58398315e-03
3.80057205e-01 4.94586658e-02 3.69662832e-03
4.22285784e-01 4.89772456e-02 3.84094454e-03
4.64514362e-01 4.85287444e-02 4.00805599e-03
5.06742941e-01 4.81360235e-02 4.18956592e-03
5.48971519e-01 4.78019689e-02 4.37879926e-03
5.91200097e-01 4.75216123e-02 4.57089217e-03
6.33428676e-01 4.72875640e-02 4.76251373e-03
6.75657254e-01 4.70923216e-02 4.95145106e-03
7.17885832e-01 4.69291485e-02 5.13634377e-03
7.60114411e-01 4.67923183e-02 5.31635664e-03
8.02342989e-01 4.66770946e-02 5.49105413e-03
8.44571568e-01 4.65796126e-02 5.66025044e-03
8.86800146e-01 4.64967394e-02 5.82394703e-03
9.29028724e-01 4.64259398e-02 5.98222677e-03
9.71257303e-01 4.63651614e-02 6.13524512e-03
1.01348588e+00 4.63127384e-02 6.28318989e-03
1.05571446e+00 4.62673151e-02 6.42630939e-03
1.09794304e+00 4.62277831e-02 6.56481490e-03
1.14017162e+00 4.61932329e-02 6.69892584e-03
1.18240019e+00 4.61629144e-02 6.82886794e-03
1.22462877e+00 4.61362068e-02 6.95485856e-03
1.26685735e+00 4.61125933e-02 7.07709958e-03
1.30908593e+00 4.60916422e-02 7.19578253e-03
1.35131451e+00 4.60729912e-02 7.31109921e-03
1.39354309e+00 4.60563348e-02 7.42324318e-03
1.43577166e+00 4.60414145e-02 7.53238208e-03
1.47800024e+00 4.60280108e-02 7.63860169e-03
1.52022882e+00 4.60159361e-02 7.74207382e-03
1.56245740e+00 4.60050300e-02 7.84301415e-03
1.60468598e+00 4.59951547e-02 7.94141741e-03
1.64691456e+00 4.59861911e-02 8.03747109e-03
1.68914314e+00 4.59780365e-02 8.13133191e-03
1.73137171e+00 4.59706013e-02 8.22294669e-03
1.77360029e+00 4.59638080e-02 8.31263776e-03
1.81582887e+00 4.59575885e-02 8.40022680e-03
1.85805745e+00 4.59518834e-02 8.48609277e-03
1.90028603e+00 4.59466403e-02 8.57000353e-03
1.94251461e+00 4.59418133e-02 8.65235072e-03
1.98474318e+00 4.59373618e-02 8.73290564e-03
2.02697176e+00 4.59332498e-02 8.81197075e-03
2.06920034e+00 4.59294453e-02 8.88950085e-03
2.11142892e+00 4.59259200e-02 8.96548216e-03
2.15365750e+00 4.59226486e-02 9.04023111e-03
2.19588608e+00 4.59196086e-02 9.11342402e-03
2.23811465e+00 4.59167796e-02 9.18540880e-03
2.28034323e+00 4.59141437e-02 9.25622330e-03
2.32257181e+00 4.59116845e-02 9.32560610e-03
2.36480039e+00 4.59093873e-02 9.39396784e-03
2.40702897e+00 4.59072389e-02 9.46127030e-03
2.44925755e+00 4.59052274e-02 9.52724533e-03
2.49148612e+00 4.59033420e-02 9.59228358e-03
2.53371470e+00 4.59015728e-02 9.65644534e-03
2.57594328e+00 4.58999110e-02 9.71939332e-03
2.61817186e+00 4.58983485e-02 9.78136054e-03
2.66040044e+00 4.58968780e-02 9.84260176e-03
2.70262902e+00 4.58954926e-02 9.90293309e-03
2.74485759e+00 4.58941863e-02 9.96214183e-03
2.78708617e+00 4.58929534e-02 1.00205850e-02
2.82931475e+00 4.58917889e-02 1.00784021e-02
2.87154333e+00 4.58906879e-02 1.01353822e-02
2.91377191e+00 4.58896463e-02 1.01913272e-02
2.95600049e+00 4.58886600e-02 1.02465685e-02
2.99822907e+00 4.58877253e-02 1.03012757e-02
3.04045764e+00 4.58868389e-02 1.03553395e-02
3.08268622e+00 4.58859977e-02 1.04084603e-02
3.12491480e+00 4.58851988e-02 1.04607893e-02
3.16714338e+00 4.58844396e-02 1.05126033e-02
3.20937196e+00 4.58837176e-02 1.05639623e-02
3.25160054e+00 4.58830305e-02 1.06147085e-02
3.29382911e+00 4.58823762e-02 1.06645732e-02
3.33605769e+00 4.58817527e-02 1.07137345e-02
3.37828627e+00 4.58811584e-02 1.07624418e-02
3.42051485e+00 4.58805913e-02 1.08107747e-02
3.46274343e+00 4.58800501e-02 1.08586436e-02
3.50497201e+00 4.58795332e-02 1.09057988e-02
3.54720058e+00 4.58790392e-02 1.09521761e-02
3.58942916e+00 4.58785670e-02 1.09980403e-02
3.63165774e+00 4.58781152e-02 1.10435582e-02
3.67388632e+00 4.58776828e-02 1.10887664e-02
3.71611490e+00 4.58772687e-02 1.11335713e-02
3.75834348e+00 4.58768720e-02 1.11777524e-02
3.80057205e+00 4.58764918e-02 1.12211954e-02
3.84280063e+00 4.58761271e-02 1.12641280e-02
3.88502921e+00 4.58757773e-02 1.13067295e-02
3.92725779e+00 4.58754415e-02 1.13490802e-02
3.96948637e+00 4.58751191e-02 1.13911615e-02
4.01171495e+00 4.58748093e-02 1.14328567e-02
4.05394352e+00 4.58745116e-02 1.14739548e-02
4.09617210e+00 4.58742254e-02 1.15143839e-02
4.13840068e+00 4.58739501e-02 1.15543511e-02
4.18062926e+00 4.58736852e-02 1.15940196e-02
4.22285784e+00 4.58734301e-02 1.16334780e-02
4.26508642e+00 4.58731845e-02 1.16727412e-02
4.30731499e+00 4.58729480e-02 1.17117500e-02
4.34954357e+00 4.58727200e-02 1.17503719e-02
4.39177215e+00 4.58725002e-02 1.17884114e-02
4.43400073e+00 4.58722882e-02 1.18258564e-02
4.47622931e+00 4.58720837e-02 1.18628934e-02
4.51845789e+00 4.58718864e-02 1.18996651e-02
4.56068647e+00 4.58716959e-02 1.19362595e-02
4.60291504e+00 4.58715119e-02 1.19727096e-02
4.64514362e+00 4.58713342e-02 1.20089940e-02
4.68737220e+00 4.58711624e-02 1.20450369e-02
4.72960078e+00 4.58709965e-02 1.20807080e-02
4.77182936e+00 4.58708360e-02 1.21158348e-02
4.81405794e+00 4.58706807e-02 1.21504190e-02
4.85628651e+00 4.58705305e-02 1.21846225e-02
4.89851509e+00 4.58703852e-02 1.22185747e-02
4.94074367e+00 4.58702445e-02 1.22523647e-02
4.98297225e+00 4.58701083e-02 1.22860421e-02
5.02520083e+00 4.58699764e-02 1.23196166e-02
5.06742941e+00 4.58698485e-02 1.23530583e-02
5.10965798e+00 4.58697247e-02 1.23862977e-02
5.15188656e+00 4.58696046e-02 1.24192259e-02
5.19411514e+00 4.58694882e-02 1.24516955e-02
5.23634372e+00 4.58693753e-02 1.24836354e-02
5.27857230e+00 4.58692658e-02 1.25151718e-02
5.32080088e+00 4.58691595e-02 1.25464294e-02
5.36302945e+00 4.58690563e-02 1.25775044e-02
5.40525803e+00 4.58689562e-02 1.26084644e-02
5.44748661e+00 4.58688590e-02 1.26393488e-02
5.48971519e+00 4.58687646e-02 1.26701683e-02
5.53194377e+00 4.58686729e-02 1.27009057e-02
5.57417235e+00 4.58685838e-02 1.27315153e-02
5.61640092e+00 4.58684972e-02 1.27619233e-02
5.65862950e+00 4.58684130e-02 1.27920277e-02
5.70085808e+00 4.58683311e-02 1.28216996e-02
5.74308666e+00 4.58682515e-02 1.28508871e-02
5.78531524e+00 4.58681741e-02 1.28796988e-02
5.82754382e+00 4.58680988e-02 1.29082417e-02
5.86977239e+00 4.58680255e-02 1.29366028e-02
5.91200097e+00 4.58679541e-02 1.29648492e-02
5.95422955e+00 4.58678847e-02 1.29930282e-02
5.99645813e+00 4.58678171e-02 1.30211670e-02
6.03868671e+00 4.58677513e-02 1.30492733e-02
6.08091529e+00 4.58676871e-02 1.30773348e-02
6.12314387e+00 4.58676247e-02 1.31053194e-02
6.16537244e+00 4.58675638e-02 1.31331755e-02
6.20760102e+00 4.58675045e-02 1.31608316e-02
6.24982960e+00 4.58674467e-02 1.31881967e-02
6.29205818e+00 4.58673903e-02 1.32151607e-02
6.33428676e+00 4.58673354e-02 1.32416790e-02
6.37651534e+00 4.58672818e-02 1.32678407e-02
6.41874391e+00 4.58672295e-02 1.32937369e-02
6.46097249e+00 4.58671785e-02 1.33194451e-02
6.50320107e+00 4.58671288e-02 1.33450289e-02
6.54542965e+00 4.58670802e-02 1.33705386e-02
6.58765823e+00 4.58670328e-02 1.33960107e-02
6.62988681e+00 4.58669866e-02 1.34214683e-02
6.67211538e+00 4.58669414e-02 1.34469208e-02
6.71434396e+00 4.58668973e-02 1.34723643e-02
6.75657254e+00 4.58668543e-02 1.34977811e-02
6.79880112e+00 4.58668122e-02 1.35231404e-02
6.84102970e+00 4.58667711e-02 1.35483976e-02
6.88325828e+00 4.58667310e-02 1.35734948e-02
6.92548685e+00 4.58666918e-02 1.35983606e-02
6.96771543e+00 4.58666534e-02 1.36229102e-02
7.00994401e+00 4.58666160e-02 1.36470561e-02
7.05217259e+00 4.58665794e-02 1.36708158e-02
7.09440117e+00 4.58665435e-02 1.36942696e-02
7.13662975e+00 4.58665085e-02 1.37174896e-02
7.17885832e+00 4.58664743e-02 1.37405387e-02
7.22108690e+00 4.58664408e-02 1.37634710e-02
7.26331548e+00 4.58664080e-02 1.37863314e-02
7.30554406e+00 4.58663760e-02 1.38091558e-02
7.34777264e+00 4.58663446e-02 1.38319712e-02
7.39000122e+00 4.58663139e-02 1.38547953e-02
7.43222980e+00 4.58662839e-02 1.38776370e-02
7.47445837e+00 4.58662545e-02 1.39004963e-02
7.51668695e+00 4.58662257e-02 1.39233642e-02
7.55891553e+00 4.58661975e-02 1.39462225e-02
7.60114411e+00 4.58661699e-02 1.39690443e-02
7.64337269e+00 4.58661429e-02 1.39917936e-02
7.68560127e+00 4.58661164e-02 1.40144257e-02
7.72782984e+00 4.58660905e-02 1.40368865e-02
7.77005842e+00 4.58660651e-02 1.40591134e-02
7.81228700e+00 4.58660402e-02 1.40810347e-02
7.85451558e+00 4.58660158e-02 1.41025813e-02
7.89674416e+00 4.58659919e-02 1.41237741e-02
7.93897274e+00 4.58659685e-02 1.41446775e-02
7.98120131e+00 4.58659456e-02 1.41653502e-02
8.02342989e+00 4.58659231e-02 1.41858455e-02
8.06565847e+00 4.58659010e-02 1.42062103e-02
8.10788705e+00 4.58658794e-02 1.42264863e-02
8.15011563e+00 4.58658582e-02 1.42467088e-02
8.19234421e+00 4.58658374e-02 1.42669076e-02
8.23457278e+00 4.58658170e-02 1.42871067e-02
8.27680136e+00 4.58657970e-02 1.43073241e-02
8.31902994e+00 4.58657773e-02 1.43275723e-02
8.36125852e+00 4.58657581e-02 1.43478577e-02
8.40348710e+00 4.58657392e-02 1.43681811e-02
8.44571568e+00 4.58657206e-02 1.43885377e-02
8.48794425e+00 4.58657024e-02 1.44089165e-02
8.53017283e+00 4.58656846e-02 1.44293011e-02
8.57240141e+00 4.58656671e-02 1.44496691e-02
8.61462999e+00 4.58656499e-02 1.44699927e-02
8.65685857e+00 4.58656330e-02 1.44902378e-02
8.69908715e+00 4.58656164e-02 1.45103649e-02
8.74131572e+00 4.58656001e-02 1.45303288e-02
8.78354430e+00 4.58655841e-02 1.45500783e-02
8.82577288e+00 4.58655684e-02 1.45695566e-02
8.86800146e+00 4.58655530e-02 1.45887031e-02
8.91023004e+00 4.58655378e-02 1.46075079e-02
8.95245862e+00 4.58655230e-02 1.46260194e-02
8.99468720e+00 4.58655083e-02 1.46442861e-02
9.03691577e+00 4.58654940e-02 1.46623525e-02
9.07914435e+00 4.58654799e-02 1.46802597e-02
9.12137293e+00 4.58654660e-02 1.46980452e-02
9.16360151e+00 4.58654524e-02 1.47157428e-02
9.20583009e+00 4.58654390e-02 1.47333827e-02
9.24805867e+00 4.58654258e-02 1.47509915e-02
9.29028724e+00 4.58654129e-02 1.47685922e-02
9.33251582e+00 4.58654002e-02 1.47862043e-02
9.37474440e+00 4.58653877e-02 1.48038435e-02
9.41697298e+00 4.58653754e-02 1.48215222e-02
9.45920156e+00 4.58653633e-02 1.48392488e-02
9.50143014e+00 4.58653514e-02 1.48570286e-02
9.54365871e+00 4.58653397e-02 1.48748630e-02
9.58588729e+00 4.58653282e-02 1.48927499e-02
9.62811587e+00 4.58653169e-02 1.49106838e-02
9.67034445e+00 4.58653058e-02 1.49286553e-02
9.71257303e+00 4.58652948e-02 1.49466516e-02
9.75480161e+00 4.58652841e-02 1.49646565e-02
9.79703018e+00 4.58652735e-02 1.49826501e-02
9.83925876e+00 4.58652630e-02 1.50006087e-02
9.88148734e+00 4.58652528e-02 1.50185053e-02
9.92371592e+00 4.58652427e-02 1.50363094e-02
9.96594450e+00 4.58652328e-02 1.50539867e-02
1.00081731e+01 4.58652230e-02 1.50714994e-02
1.00504017e+01 4.58652134e-02 1.50888062e-02
1.00926302e+01 4.58652039e-02 1.51058622e-02
1.01348588e+01 4.58651946e-02 1.51226193e-02
1.01770874e+01 4.58651854e-02 1.51390571e-02
1.02193160e+01 4.58651764e-02 1.51552093e-02
1.02615445e+01 4.58651675e-02 1.51711137e-02
1.03037731e+01 4.58651587e-02 1.51868060e-02
1.03460017e+01 4.58651501e-02 1.52023194e-02
1.03882303e+01 4.58651416e-02 1.52176855e-02
1.04304589e+01 4.58651333e-02 1.52329334e-02
1.04726874e+01 4.58651250e-02 1.52480902e-02
1.05149160e+01 4.58651169e-02 1.52631807e-02
1.05571446e+01 4.58651089e-02 1.52782278e-02
1.05993732e+01 4.58651011e-02 1.52932520e-02
1.06416018e+01 4.58650933e-02 1.53082720e-02
1.06838303e+01 4.58650857e-02 1.53233042e-02
1.07260589e+01 4.58650781e-02 1.53383627e-02
1.07682875e+01 4.58650707e-02 1.53534598e-02
1.08105161e+01 4.58650634e-02 1.53686054e-02
1.08527446e+01 4.58650562e-02 1.53838075e-02
1.08949732e+01 4.58650491e-02 1.53990719e-02
1.09372018e+01 4.58650421e-02 1.54144022e-02
1.09794304e+01 4.58650353e-02 1.54298000e-02
1.10216590e+01 4.58650285e-02 1.54452648e-02
1.10638875e+01 4.58650218e-02 1.54607940e-02
1.11061161e+01 4.58650152e-02 1.54763827e-02
1.11483447e+01 4.58650087e-02 1.54920241e-02
1.11905733e+01 4.58650022e-02 1.55077092e-02
1.12328018e+01 4.58649959e-02 1.55234269e-02
1.12750304e+01 4.58649897e-02 1.55391641e-02
1.13172590e+01 4.58649835e-02 1.55549054e-02
1.13594876e+01 4.58649775e-02 1.55706334e-02
1.14017162e+01 4.58649715e-02 1.55863285e-02
1.14439447e+01 4.58649656e-02 1.56019692e-02
1.14861733e+01 4.58649598e-02 1.56175317e-02
1.15284019e+01 4.58649541e-02 1.56329900e-02
1.15706305e+01 4.58649484e-02 1.56483164e-02
1.16128591e+01 4.58649428e-02 1.56634805e-02
1.16550876e+01 4.58649373e-02 1.56784504e-02
1.16973162e+01 4.58649319e-02 1.56931916e-02
1.17395448e+01 4.58649266e-02 1.57076679e-02
1.17817734e+01 4.58649213e-02 1.57218497e-02
1.18240019e+01 4.58649161e-02 1.57357520e-02
1.18662305e+01 4.58649109e-02 1.57494035e-02
1.19084591e+01 4.58649058e-02 1.57628314e-02
1.19506877e+01 4.58649008e-02 1.57760620e-02
1.19929163e+01 4.58648959e-02 1.57891201e-02
1.20351448e+01 4.58648910e-02 1.58020297e-02
1.20773734e+01 4.58648862e-02 1.58148133e-02
1.21196020e+01 4.58648815e-02 1.58274924e-02
1.21618306e+01 4.58648768e-02 1.58400870e-02
1.22040592e+01 4.58648722e-02 1.58526163e-02
1.22462877e+01 4.58648676e-02 1.58650980e-02
1.22885163e+01 4.58648631e-02 1.58775489e-02
1.23307449e+01 4.58648586e-02 1.58899843e-02
1.23729735e+01 4.58648542e-02 1.59024185e-02
1.24152020e+01 4.58648499e-02 1.59148645e-02
1.24574306e+01 4.58648456e-02 1.59273343e-02
1.24996592e+01 4.58648414e-02 1.59398385e-02
1.25418878e+01 4.58648372e-02 1.59523867e-02
1.25841164e+01 4.58648331e-02 1.59649871e-02
1.26263449e+01 4.58648290e-02 1.59776469e-02
1.26685735e+01 4.58648250e-02 1.59903721e-02
1.27108021e+01 4.58648211e-02 1.60031675e-02
1.27530307e+01 4.58648171e-02 1.60160366e-02
1.27952592e+01 4.58648133e-02 1.60289819e-02
1.28374878e+01 4.58648095e-02 1.60420047e-02
1.28797164e+01 4.58648057e-02 1.60551050e-02
1.29219450e+01 4.58648020e-02 1.60682818e-02
1.29641736e+01 4.58647983e-02 1.60815327e-02
1.30064021e+01 4.58647946e-02 1.60948544e-02
1.30486307e+01 4.58647910e-02 1.61082422e-02
1.30908593e+01 4.58647875e-02 1.61216903e-02
1.31330879e+01 4.58647840e-02 1.61351917e-02
1.31753165e+01 4.58647805e-02 1.61487383e-02
1.32175450e+01 4.58647771e-02 1.61623208e-02
1.32597736e+01 4.58647737e-02 1.61759287e-02
1.33020022e+01 4.58647704e-02 1.61895503e-02
1.33442308e+01 4.58647671e-02 1.62031726e-02
1.33864593e+01 4.58647638e-02 1.62167818e-02
1.34286879e+01 4.58647606e-02 1.62303626e-02
1.34709165e+01 4.58647574e-02 1.62438986e-02
1.35131451e+01 4.58647542e-02 1.62573722e-02
1.35553737e+01 4.58647511e-02 1.62707647e-02
1.35976022e+01 4.58647481e-02 1.62840561e-02
1.36398308e+01 4.58647450e-02 1.62972254e-02
1.36820594e+01 4.58647420e-02 1.63102502e-02
1.37242880e+01 4.58647390e-02 1.63231072e-02
1.37665166e+01 4.58647361e-02 1.63357716e-02
1.38087451e+01 4.58647332e-02 1.63482177e-02
1.38509737e+01 4.58647303e-02 1.63604185e-02
1.38932023e+01 4.58647275e-02 1.63723499e-02
1.39354309e+01 4.58647247e-02 1.63840181e-02
1.39776594e+01 4.58647219e-02 1.63954436e-02
1.40198880e+01 4.58647192e-02 1.64066459e-02
1.40621166e+01 4.58647165e-02 1.64176445e-02
1.41043452e+01 4.58647138e-02 1.64284576e-02
1.41465738e+01 4.58647111e-02 1.64391035e-02
1.41888023e+01 4.58647085e-02 1.64495992e-02
1.42310309e+01 4.58647059e-02 1.64599616e-02
1.42732595e+01 4.58647034e-02 1.64702068e-02
1.43154881e+01 4.58647008e-02 1.64803502e-02
1.43577166e+01 4.58646983e-02 1.64904066e-02
1.43999452e+01 4.58646958e-02 1.65003902e-02
1.44421738e+01 4.58646934e-02 1.65103148e-02
1.44844024e+01 4.58646910e-02 1.65201933e-02
1.45266310e+01 4.58646886e-02 1.65300380e-02
1.45688595e+01 4.58646862e-02 1.65398607e-02
1.46110881e+01 4.58646839e-02 1.65496725e-02
1.46533167e+01 4.58646815e-02 1.65594840e-02
1.46955453e+01 4.58646792e-02 1.65693051e-02
1.47377739e+01 4.58646770e-02 1.65791450e-02
1.47800024e+01 4.58646747e-02 1.65890124e-02
1.48222310e+01 4.58646725e-02 1.65989154e-02
1.48644596e+01 4.58646703e-02 1.66088614e-02
1.49066882e+01 4.58646681e-02 1.66188572e-02
1.49489167e+01 4.58646660e-02 1.66289091e-02
1.49911453e+01 4.58646638e-02 1.66390226e-02
1.50333739e+01 4.58646617e-02 1.66492028e-02
1.50756025e+01 4.58646597e-02 1.66594541e-02
1.51178311e+01 4.58646576e-02 1.66697801e-02
1.51600596e+01 4.58646555e-02 1.66801842e-02
1.52022882e+01 4.58646535e-02 1.66906688e-02
1.52445168e+01 4.58646515e-02 1.67012359e-02
1.52867454e+01 4.58646495e-02 1.67118869e-02
1.53289740e+01 4.58646476e-02 1.67226224e-02
1.53712025e+01 4.58646457e-02 1.67334426e-02
1.54134311e+01 4.58646437e-02 1.67443470e-02
1.54556597e+01 4.58646418e-02 1.67553346e-02
1.54978883e+01 4.58646400e-02 1.67664036e-02
1.55401168e+01 4.58646381e-02 1.67775518e-02
1.55823454e+01 4.58646363e-02 1.67887762e-02
1.56245740e+01 4.58646344e-02 1.68000732e-02
1.56668026e+01 4.58646326e-02 1.68114389e-02
1.57090312e+01 4.58646309e-02 1.68228685e-02
1.57512597e+01 4.58646291e-02 1.68343565e-02
1.57934883e+01 4.58646273e-02 1.68458971e-02
1.58357169e+01 4.58646256e-02 1.68574837e-02
1.58779455e+01 4.58646239e-02 1.68691092e-02
1.59201740e+01 4.58646222e-02 1.68807657e-02
1.59624026e+01 4.58646205e-02 1.68924448e-02
1.60046312e+01 4.58646188e-02 1.69041377e-02
1.60468598e+01 4.58646172e-02 1.69158345e-02
1.60890884e+01 4.58646156e-02 1.69275253e-02
1.61313169e+01 4.58646140e-02 1.69391990e-02
1.61735455e+01 4.58646124e-02 1.69508443e-02
1.62157741e+01 4.58646108e-02 1.69624490e-02
1.62580027e+01 4.58646092e-02 1.69740006e-02
1.63002313e+01 4.58646077e-02 1.69854858e-02
1.63424598e+01 4.58646061e-02 1.69968906e-02
1.63846884e+01 4.58646046e-02 1.70082005e-02
1.64269170e+01 4.58646031e-02 1.70194005e-02
1.64691456e+01 4.58646016e-02 1.70304748e-02
1.65113741e+01 4.58646001e-02 1.70414071e-02
1.65536027e+01 4.58645986e-02 1.70521804e-02
1.65958313e+01 4.58645972e-02 1.70627772e-02
1.66380599e+01 4.58645958e-02 1.70731794e-02
1.66802885e+01 4.58645943e-02 1.70833681e-02
1.67225170e+01 4.58645929e-02 1.70933240e-02
1.67647456e+01 4.58645915e-02 1.71030303e-02
1.68069742e+01 4.58645901e-02 1.71124918e-02
1.68492028e+01 4.58645888e-02 1.71217222e-02
1.68914314e+01 4.58645874e-02 1.71307349e-02
1.69336599e+01 4.58645861e-02 1.71395432e-02
1.69758885e+01 4.58645847e-02 1.71481600e-02
1.70181171e+01 4.58645834e-02 1.71565978e-02
1.70603457e+01 4.58645821e-02 1.71648691e-02
1.71025742e+01 4.58645808e-02 1.71729859e-02
1.71448028e+01 4.58645795e-02 1.71809599e-02
1.71870314e+01 4.58645783e-02 1.71888026e-02
1.72292600e+01 4.58645770e-02 1.71965252e-02
1.72714886e+01 4.58645758e-02 1.72041385e-02
1.73137171e+01 4.58645745e-02 1.72116533e-02
1.73559457e+01 4.58645733e-02 1.72190797e-02
1.73981743e+01 4.58645721e-02 1.72264278e-02
1.74404029e+01 4.58645709e-02 1.72337074e-02
1.74826314e+01 4.58645697e-02 1.72409278e-02
1.75248600e+01 4.58645685e-02 1.72480981e-02
1.75670886e+01 4.58645673e-02 1.72552274e-02
1.76093172e+01 4.58645662e-02 1.72623240e-02
1.76515458e+01 4.58645650e-02 1.72693963e-02
1.76937743e+01 4.58645639e-02 1.72764522e-02
1.77360029e+01 4.58645628e-02 1.72834995e-02
1.77782315e+01 4.58645616e-02 1.72905454e-02
1.78204601e+01 4.58645605e-02 1.72975973e-02
1.78626887e+01 4.58645594e-02 1.73046617e-02
1.79049172e+01 4.58645583e-02 1.73117453e-02
1.79471458e+01 4.58645573e-02 1.73188544e-02
1.79893744e+01 4.58645562e-02 1.73259948e-02
1.80316030e+01 4.58645551e-02 1.73331722e-02
1.80738315e+01 4.58645541e-02 1.73403920e-02
1.81160601e+01 4.58645530e-02 1.73476592e-02
1.81582887e+01 4.58645520e-02 1.73549788e-02
1.82005173e+01 4.58645510e-02 1.73623551e-02
1.82427459e+01 4.58645500e-02 1.73697924e-02
1.82849744e+01 4.58645490e-02 1.73772947e-02
1.83272030e+01 4.58645480e-02 1.73848656e-02
1.83694316e+01 4.58645470e-02 1.73925085e-02
1.84116602e+01 4.58645460e-02 1.74002264e-02
1.84538888e+01 4.58645450e-02 1.74080222e-02
1.84961173e+01 4.58645441e-02 1.74158983e-02
1.85383459e+01 4.58645431e-02 1.74238570e-02
1.85805745e+01 4.58645422e-02 1.74319003e-02
1.86228031e+01 4.58645412e-02 1.74400297e-02
1.86650316e+01 4.58645403e-02 1.74482468e-02
1.87072602e+01 4.58645394e-02 1.74565525e-02
1.87494888e+01 4.58645384e-02 1.74649477e-02
1.87917174e+01 4.58645375e-02 1.74734329e-02
1.88339460e+01 4.58645366e-02 1.74820084e-02
1.88761745e+01 4.58645357e-02 1.74906741e-02
1.89184031e+01 4.58645349e-02 1.74994296e-02
1.89606317e+01 4.58645340e-02 1.75082745e-02
1.90028603e+01 4.58645331e-02 1.75172078e-02
1.90450888e+01 4.58645322e-02 1.75262282e-02
1.90873174e+01 4.58645314e-02 1.75353345e-02
1.91295460e+01 4.58645305e-02 1.75445248e-02
1.91717746e+01 4.58645297e-02 1.75537971e-02
1.92140032e+01 4.58645289e-02 1.75631491e-02
1.92562317e+01 4.58645280e-02 1.75725782e-02
1.92984603e+01 4.58645272e-02 1.75820816e-02
1.93406889e+01 4.58645264e-02 1.75916560e-02
1.93829175e+01 4.58645256e-02 1.76012981e-02
1.94251461e+01 4.58645248e-02 1.76110040e-02
1.94673746e+01 4.58645240e-02 1.76207699e-02
1.95096032e+01 4.58645232e-02 1.76305914e-02
1.95518318e+01 4.58645224e-02 1.76404638e-02
1.95940604e+01 4.58645217e-02 1.76503824e-02
1.96362889e+01 4.58645209e-02 1.76603420e-02
1.96785175e+01 4.58645201e-02 1.76703372e-02
1.97207461e+01 4.58645194e-02 1.76803621e-02
1.97629747e+01 4.58645186e-02 1.76904109e-02
1.98052033e+01 4.58645179e-02 1.77004771e-02
1.98474318e+01 4.58645171e-02 1.77105543e-02
1.98896604e+01 4.58645164e-02 1.77206354e-02
1.99318890e+01 4.58645157e-02 1.77307135e-02
1.99741176e+01 4.58645150e-02 1.77407810e-02
2.00163462e+01 4.58645142e-02 1.77508301e-02
2.00585747e+01 4.58645135e-02 1.77608529e-02
2.01008033e+01 4.58645128e-02 1.77708410e-02
2.01430319e+01 4.58645121e-02 1.77807859e-02
2.01852605e+01 4.58645114e-02 1.77906786e-02
2.02274890e+01 4.58645108e-02 1.78005099e-02
2.02697176e+01 4.58645101e-02 1.78102705e-02
2.03119462e+01 4.58645094e-02 1.78199504e-02
2.03541748e+01 4.58645087e-02 1.78295398e-02
2.03964034e+01 4.58645081e-02 1.78390283e-02
2.04386319e+01 4.58645074e-02 1.78484052e-02
2.04808605e+01 4.58645067e-02 1.78576596e-02
2.05230891e+01 4.58645061e-02 1.78667804e-02
2.05653177e+01 4.58645054e-02 1.78757561e-02
2.06075463e+01 4.58645048e-02 1.78845749e-02
2.06497748e+01 4.58645042e-02 1.78932249e-02
2.06920034e+01 4.58645035e-02 1.79016935e-02
2.07342320e+01 4.58645029e-02 1.79099684e-02
2.07764606e+01 4.58645023e-02 1.79180365e-02
2.08186891e+01 4.58645017e-02 1.79258847e-02
2.08609177e+01 4.58645011e-02 1.79335042e-02
2.09031463e+01 4.58645005e-02 1.79409009e-02
2.09453749e+01 4.58644998e-02 1.79480833e-02
2.09876035e+01 4.58644993e-02 1.79550598e-02
2.10298320e+01 4.58644987e-02 1.79618387e-02
2.10720606e+01 4.58644981e-02 1.79684282e-02
2.11142892e+01 4.58644975e-02 1.79748364e-02
2.11565178e+01 4.58644969e-02 1.79810712e-02
2.11987463e+01 4.58644963e-02 1.79871406e-02
2.12409749e+01 4.58644958e-02 1.79930521e-02
2.12832035e+01 4.58644952e-02 1.79988136e-02
2.13254321e+01 4.58644946e-02 1.80044324e-02
2.13676607e+01 4.58644941e-02 1.80099159e-02
2.14098892e+01 4.58644935e-02 1.80152713e-02
2.14521178e+01 4.58644930e-02 1.80205060e-02
2.14943464e+01 4.58644924e-02 1.80256267e-02
2.15365750e+01 4.58644919e-02 1.80306405e-02
2.15788036e+01 4.58644913e-02 1.80355542e-02
2.16210321e+01 4.58644908e-02 1.80403744e-02
2.16632607e+01 4.58644903e-02 1.80451076e-02
2.17054893e+01 4.58644897e-02 1.80497602e-02
2.17477179e+01 4.58644892e-02 1.80543387e-02
2.17899464e+01 4.58644887e-02 1.80588491e-02
2.18321750e+01 4.58644882e-02 1.80632975e-02
2.18744036e+01 4.58644877e-02 1.80676898e-02
2.19166322e+01 4.58644872e-02 1.80720320e-02
2.19588608e+01 4.58644867e-02 1.80763296e-02
2.20010893e+01 4.58644862e-02 1.80805883e-02
2.20433179e+01 4.58644857e-02 1.80848135e-02
2.20855465e+01 4.58644852e-02 1.80890106e-02
2.21277751e+01 4.58644847e-02 1.80931847e-02
2.21700037e+01 4.58644842e-02 1.80973411e-02
2.22122322e+01 4.58644837e-02 1.81014845e-02
2.22544608e+01 4.58644832e-02 1.81056200e-02
2.22966894e+01 4.58644828e-02 1.81097523e-02
2.23389180e+01 4.58644823e-02 1.81138859e-02
2.23811465e+01 4.58644818e-02 1.81180254e-02
2.24233751e+01 4.58644814e-02 1.81221752e-02
2.24656037e+01 4.58644809e-02 1.81263395e-02
2.25078323e+01 4.58644804e-02 1.81305224e-02
2.25500609e+01 4.58644800e-02 1.81347280e-02
2.25922894e+01 4.58644795e-02 1.81389602e-02
2.26345180e+01 4.58644791e-02 1.81432228e-02
2.26767466e+01 4.58644786e-02 1.81475194e-02
2.27189752e+01 4.58644782e-02 1.81518536e-02
2.27612037e+01 4.58644777e-02 1.81562287e-02
2.28034323e+01 4.58644773e-02 1.81606483e-02
2.28456609e+01 4.58644769e-02 1.81651153e-02
2.28878895e+01 4.58644764e-02 1.81696329e-02
2.29301181e+01 4.58644760e-02 1.81742041e-02
2.29723466e+01 4.58644756e-02 1.81788316e-02
2.30145752e+01 4.58644752e-02 1.81835183e-02
2.30568038e+01 4.58644748e-02 1.81882667e-02
2.30990324e+01 4.58644743e-02 1.81930793e-02
2.31412610e+01 4.58644739e-02 1.81979585e-02
2.31834895e+01 4.58644735e-02 1.82029065e-02
2.32257181e+01 4.58644731e-02 1.82079255e-02
2.32679467e+01 4.58644727e-02 1.82130175e-02
2.33101753e+01 4.58644723e-02 1.82181845e-02
2.33524038e+01 4.58644719e-02 1.82234281e-02
2.33946324e+01 4.58644715e-02 1.82287501e-02
2.34368610e+01 4.58644711e-02 1.82341520e-02
2.34790896e+01 4.58644707e-02 1.82396353e-02
2.35213182e+01 4.58644703e-02 1.82452014e-02
2.35635467e+01 4.58644699e-02 1.82508513e-02
2.36057753e+01 4.58644696e-02 1.82565863e-02
2.36480039e+01 4.58644692e-02 1.82624073e-02
2.36902325e+01 4.58644688e-02 1.82683151e-02
2.37324611e+01 4.58644684e-02 1.82743106e-02
2.37746896e+01 4.58644680e-02 1.82803943e-02
2.38169182e+01 4.58644677e-02 1.82865668e-02
2.38591468e+01 4.58644673e-02 1.82928284e-02
2.39013754e+01 4.58644669e-02 1.82991796e-02
2.39436039e+01 4.58644666e-02 1.83056204e-02
2.39858325e+01 4.58644662e-02 1.83121509e-02
2.40280611e+01 4.58644659e-02 1.83187710e-02
2.40702897e+01 4.58644655e-02 1.83254807e-02
2.41125183e+01 4.58644652e-02 1.83322795e-02
2.41547468e+01 4.58644648e-02 1.83391672e-02
2.41969754e+01 4.58644644e-02 1.83461431e-02
2.42392040e+01 4.58644641e-02 1.83532067e-02
2.42814326e+01 4.58644638e-02 1.83603572e-02
2.43236611e+01 4.58644634e-02 1.83675937e-02
2.43658897e+01 4.58644631e-02 1.83749153e-02
2.44081183e+01 4.58644627e-02 1.83823209e-02
2.44503469e+01 4.58644624e-02 1.83898093e-02
2.44925755e+01 4.58644621e-02 1.83973791e-02
2.45348040e+01 4.58644617e-02 1.84050290e-02
2.45770326e+01 4.58644614e-02 1.84127573e-02
2.46192612e+01 4.58644611e-02 1.84205624e-02
2.46614898e+01 4.58644608e-02 1.84284425e-02
2.47037184e+01 4.58644604e-02 1.84363957e-02
2.47459469e+01 4.58644601e-02 1.84444200e-02
2.47881755e+01 4.58644598e-02 1.84525132e-02
2.48304041e+01 4.58644595e-02 1.84606732e-02
2.48726327e+01 4.58644592e-02 1.84688975e-02
2.49148612e+01 4.58644589e-02 1.84771836e-02
2.49570898e+01 4.58644585e-02 1.84855290e-02
2.49993184e+01 4.58644582e-02 1.84939309e-02
2.50415470e+01 4.58644579e-02 1.85023865e-02
2.50837756e+01 4.58644576e-02 1.85108929e-02
2.51260041e+01 4.58644573e-02 1.85194469e-02
2.51682327e+01 4.58644570e-02 1.85280454e-02
2.52104613e+01 4.58644567e-02 1.85366852e-02
2.52526899e+01 4.58644564e-02 1.85453626e-02
2.52949185e+01 4.58644561e-02 1.85540743e-02
2.53371470e+01 4.58644558e-02 1.85628166e-02
2.53793756e+01 4.58644555e-02 1.85715857e-02
2.54216042e+01 4.58644553e-02 1.85803776e-02
2.54638328e+01 4.58644550e-02 1.85891885e-02
2.55060613e+01 4.58644547e-02 1.85980141e-02
2.55482899e+01 4.58644544e-02 1.86068502e-02
2.55905185e+01 4.58644541e-02 1.86156924e-02
2.56327471e+01 4.58644538e-02 1.86245363e-02
2.56749757e+01 4.58644535e-02 1.86333772e-02
2.57172042e+01 4.58644533e-02 1.86422105e-02
2.57594328e+01 4.58644530e-02 1.86510312e-02
2.58016614e+01 4.58644527e-02 1.86598345e-02
2.58438900e+01 4.58644525e-02 1.86686151e-02
2.58861185e+01 4.58644522e-02 1.86773680e-02
2.59283471e+01 4.58644519e-02 1.86860879e-02
2.59705757e+01 4.58644516e-02 1.86947692e-02
2.60128043e+01 4.58644514e-02 1.87034064e-02
2.60550329e+01 4.58644511e-02 1.87119938e-02
2.60972614e+01 4.58644509e-02 1.87205257e-02
2.61394900e+01 4.58644506e-02 1.87289962e-02
2.61817186e+01 4.58644503e-02 1.87373991e-02
2.62239472e+01 4.58644501e-02 1.87457284e-02
2.62661758e+01 4.58644498e-02 1.87539778e-02
2.63084043e+01 4.58644496e-02 1.87621408e-02
2.63506329e+01 4.58644493e-02 1.87702110e-02
2.63928615e+01 4.58644491e-02 1.87781818e-02
2.64350901e+01 4.58644488e-02 1.87860464e-02
2.64773186e+01 4.58644486e-02 1.87937980e-02
2.65195472e+01 4.58644483e-02 1.88014295e-02
2.65617758e+01 4.58644481e-02 1.88089339e-02
2.66040044e+01 4.58644478e-02 1.88163040e-02
2.66462330e+01 4.58644476e-02 1.88235324e-02
2.66884615e+01 4.58644473e-02 1.88306117e-02
2.67306901e+01 4.58644471e-02 1.88375343e-02
2.67729187e+01 4.58644469e-02 1.88442926e-02
2.68151473e+01 4.58644466e-02 1.88508787e-02
2.68573759e+01 4.58644464e-02 1.88572848e-02
2.68996044e+01 4.58644462e-02 1.88635029e-02
2.69418330e+01 4.58644459e-02 1.88695247e-02
2.69840616e+01 4.58644457e-02 1.88753422e-02
2.70262902e+01 4.58644455e-02 1.88809468e-02
2.70685187e+01 4.58644452e-02 1.88863306e-02
2.71107473e+01 4.58644450e-02 1.88914926e-02
2.71529759e+01 4.58644448e-02 1.88964376e-02
2.71952045e+01 4.58644446e-02 1.89011706e-02
2.72374331e+01 4.58644443e-02 1.89056963e-02
2.72796616e+01 4.58644441e-02 1.89100197e-02
2.73218902e+01 4.58644439e-02 1.89141456e-02
2.73641188e+01 4.58644437e-02 1.89180788e-02
2.74063474e+01 4.58644435e-02 1.89218240e-02
2.74485759e+01 4.58644432e-02 1.89253859e-02
2.74908045e+01 4.58644430e-02 1.89287693e-02
2.75330331e+01 4.58644428e-02 1.89319787e-02
2.75752617e+01 4.58644426e-02 1.89350188e-02
2.76174903e+01 4.58644424e-02 1.89378941e-02
2.76597188e+01 4.58644422e-02 1.89406092e-02
2.77019474e+01 4.58644420e-02 1.89431686e-02
2.77441760e+01 4.58644418e-02 1.89455767e-02
2.77864046e+01 4.58644416e-02 1.89478379e-02
2.78286332e+01 4.58644413e-02 1.89499567e-02
2.78708617e+01 4.58644411e-02 1.89519373e-02
2.79130903e+01 4.58644409e-02 1.89537841e-02
2.79553189e+01 4.58644407e-02 1.89555014e-02
2.79975475e+01 4.58644405e-02 1.89570934e-02
2.80397760e+01 4.58644403e-02 1.89585642e-02
2.80820046e+01 4.58644401e-02 1.89599180e-02
2.81242332e+01 4.58644399e-02 1.89611590e-02
2.81664618e+01 4.58644397e-02 1.89622912e-02
2.82086904e+01 4.58644395e-02 1.89633187e-02
2.82509189e+01 4.58644394e-02 1.89642453e-02
2.82931475e+01 4.58644392e-02 1.89650752e-02
2.83353761e+01 4.58644390e-02 1.89658122e-02
2.83776047e+01 4.58644388e-02 1.89664602e-02
2.84198333e+01 4.58644386e-02 1.89670229e-02
2.84620618e+01 4.58644384e-02 1.89675043e-02
2.85042904e+01 4.58644382e-02 1.89679081e-02
2.85465190e+01 4.58644380e-02 1.89682379e-02
2.85887476e+01 4.58644378e-02 1.89684975e-02
2.86309761e+01 4.58644377e-02 1.89686905e-02
2.86732047e+01 4.58644375e-02 1.89688205e-02
2.87154333e+01 4.58644373e-02 1.89688910e-02
2.87576619e+01 4.58644371e-02 1.89689056e-02
2.87998905e+01 4.58644369e-02 1.89688677e-02
2.88421190e+01 4.58644367e-02 1.89687808e-02
2.88843476e+01 4.58644366e-02 1.89686482e-02
2.89265762e+01 4.58644364e-02 1.89684733e-02
2.89688048e+01 4.58644362e-02 1.89682594e-02
2.90110333e+01 4.58644360e-02 1.89680098e-02
2.90532619e+01 4.58644359e-02 1.89677278e-02
2.90954905e+01 4.58644357e-02 1.89674164e-02
2.91377191e+01 4.58644355e-02 1.89670789e-02
2.91799477e+01 4.58644353e-02 1.89667184e-02
2.92221762e+01 4.58644352e-02 1.89663379e-02
2.92644048e+01 4.58644350e-02 1.89659404e-02
2.93066334e+01 4.58644348e-02 1.89655291e-02
2.93488620e+01 4.58644347e-02 1.89651067e-02
2.93910906e+01 4.58644345e-02 1.89646762e-02
2.94333191e+01 4.58644343e-02 1.89642405e-02
2.94755477e+01 4.58644342e-02 1.89638024e-02
2.95177763e+01 4.58644340e-02 1.89633648e-02
2.95600049e+01 4.58644338e-02 1.89629302e-02
2.96022334e+01 4.58644337e-02 1.89625015e-02
2.96444620e+01 4.58644335e-02 1.89620813e-02
2.96866906e+01 4.58644334e-02 1.89616723e-02
2.97289192e+01 4.58644332e-02 1.89612770e-02
2.97711478e+01 4.58644330e-02 1.89608980e-02
2.98133763e+01 4.58644329e-02 1.89605378e-02
2.98556049e+01 4.58644327e-02 1.89601989e-02
2.98978335e+01 4.58644326e-02 1.89598836e-02
2.99400621e+01 4.58644324e-02 1.89595944e-02
2.99822907e+01 4.58644323e-02 1.89593337e-02
3.00245192e+01 4.58644321e-02 1.89591037e-02
3.00667478e+01 4.58644319e-02 1.89589068e-02
3.01089764e+01 4.58644318e-02 1.89587451e-02
3.01512050e+01 4.58644316e-02 1.89586208e-02
3.01934335e+01 4.58644315e-02 1.89585362e-02
3.02356621e+01 4.58644313e-02 1.89584933e-02
3.02778907e+01 4.58644312e-02 1.89584942e-02
3.03201193e+01 4.58644310e-02 1.89585409e-02
3.03623479e+01 4.58644309e-02 1.89586355e-02
3.04045764e+01 4.58644307e-02 1.89587799e-02
3.04468050e+01 4.58644306e-02 1.89589761e-02
3.04890336e+01 4.58644305e-02 1.89592258e-02
3.05312622e+01 4.58644303e-02 1.89595311e-02
3.05734907e+01 4.58644302e-02 1.89598936e-02
3.06157193e+01 4.58644300e-02 1.89603151e-02
3.06579479e+01 4.58644299e-02 1.89607975e-02
3.07001765e+01 4.58644297e-02 1.89613423e-02
3.07424051e+01 4.58644296e-02 1.89619513e-02
3.07846336e+01 4.58644295e-02 1.89626261e-02
3.08268622e+01 4.58644293e-02 1.89633682e-02
3.08690908e+01 4.58644292e-02 1.89641791e-02
3.09113194e+01 4.58644290e-02 1.89650605e-02
3.09535480e+01 4.58644289e-02 1.89660138e-02
3.09957765e+01 4.58644288e-02 1.89670403e-02
3.10380051e+01 4.58644286e-02 1.89681416e-02
3.10802337e+01 4.58644285e-02 1.89693189e-02
3.11224623e+01 4.58644284e-02 1.89705736e-02
3.11646908e+01 4.58644282e-02 1.89719069e-02
3.12069194e+01 4.58644281e-02 1.89733202e-02
3.12491480e+01 4.58644280e-02 1.89748146e-02
3.12913766e+01 4.58644278e-02 1.89763913e-02
3.13336052e+01 4.58644277e-02 1.89780514e-02
3.13758337e+01 4.58644276e-02 1.89797961e-02
3.14180623e+01 4.58644274e-02 1.89816264e-02
3.14602909e+01 4.58644273e-02 1.89835433e-02
3.15025195e+01 4.58644272e-02 1.89855478e-02
3.15447481e+01 4.58644271e-02 1.89876409e-02
3.15869766e+01 4.58644269e-02 1.89898235e-02
3.16292052e+01 4.58644268e-02 1.89920965e-02
3.16714338e+01 4.58644267e-02 1.89944607e-02
3.17136624e+01 4.58644265e-02 1.89969169e-02
3.17558909e+01 4.58644264e-02 1.89994660e-02
3.17981195e+01 4.58644263e-02 1.90021085e-02
3.18403481e+01 4.58644262e-02 1.90048454e-02
3.18825767e+01 4.58644260e-02 1.90076771e-02
3.19248053e+01 4.58644259e-02 1.90106044e-02
3.19670338e+01 4.58644258e-02 1.90136278e-02
3.20092624e+01 4.58644257e-02 1.90167479e-02
3.20514910e+01 4.58644256e-02 1.90199652e-02
3.20937196e+01 4.58644254e-02 1.90232802e-02
3.21359481e+01 4.58644253e-02 1.90266934e-02
3.21781767e+01 4.58644252e-02 1.90302051e-02
3.22204053e+01 4.58644251e-02 1.90338158e-02
3.22626339e+01 4.58644250e-02 1.90375258e-02
3.23048625e+01 4.58644249e-02 1.90413354e-02
3.23470910e+01 4.58644247e-02 1.90452448e-02
3.23893196e+01 4.58644246e-02 1.90492543e-02
3.24315482e+01 4.58644245e-02 1.90533641e-02
3.24737768e+01 4.58644244e-02 1.90575744e-02
3.25160054e+01 4.58644243e-02 1.90618853e-02
3.25582339e+01 4.58644242e-02 1.90662969e-02
3.26004625e+01 4.58644241e-02 1.90708092e-02
3.26426911e+01 4.58644239e-02 1.90754222e-02
3.26849197e+01 4.58644238e-02 1.90801361e-02
3.27271482e+01 4.58644237e-02 1.90849506e-02
3.27693768e+01 4.58644236e-02 1.90898657e-02
3.28116054e+01 4.58644235e-02 1.90948814e-02
3.28538340e+01 4.58644234e-02 1.90999973e-02
3.28960626e+01 4.58644233e-02 1.91052134e-02
3.29382911e+01 4.58644232e-02 1.91105295e-02
3.29805197e+01 4.58644231e-02 1.91159451e-02
3.30227483e+01 4.58644230e-02 1.91214602e-02
3.30649769e+01 4.58644228e-02 1.91270742e-02
3.31072055e+01 4.58644227e-02 1.91327869e-02
3.31494340e+01 4.58644226e-02 1.91385978e-02
3.31916626e+01 4.58644225e-02 1.91445065e-02
3.32338912e+01 4.58644224e-02 1.91505125e-02
3.32761198e+01 4.58644223e-02 1.91566153e-02
3.33183483e+01 4.58644222e-02 1.91628143e-02
3.33605769e+01 4.58644221e-02 1.91691090e-02
3.34028055e+01 4.58644220e-02 1.91754987e-02
3.34450341e+01 4.58644219e-02 1.91819828e-02
3.34872627e+01 4.58644218e-02 1.91885605e-02
3.35294912e+01 4.58644217e-02 1.91952312e-02
3.35717198e+01 4.58644216e-02 1.92019940e-02
3.36139484e+01 4.58644215e-02 1.92088482e-02
3.36561770e+01 4.58644214e-02 1.92157930e-02
3.36984055e+01 4.58644213e-02 1.92228273e-02
3.37406341e+01 4.58644212e-02 1.92299504e-02
3.37828627e+01 4.58644211e-02 1.92371612e-02
3.38250913e+01 4.58644210e-02 1.92444588e-02
3.38673199e+01 4.58644209e-02 1.92518422e-02
3.39095484e+01 4.58644208e-02 1.92593102e-02
3.39517770e+01 4.58644207e-02 1.92668618e-02
3.39940056e+01 4.58644206e-02 1.92744959e-02
3.40362342e+01 4.58644205e-02 1.92822113e-02
3.40784628e+01 4.58644204e-02 1.92900067e-02
3.41206913e+01 4.58644203e-02 1.92978809e-02
3.41629199e+01 4.58644202e-02 1.93058327e-02
3.42051485e+01 4.58644201e-02 1.93138607e-02
3.42473771e+01 4.58644201e-02 1.93219635e-02
3.42896056e+01 4.58644200e-02 1.93301397e-02
3.43318342e+01 4.58644199e-02 1.93383880e-02
3.43740628e+01 4.58644198e-02 1.93467068e-02
3.44162914e+01 4.58644197e-02 1.93550947e-02
3.44585200e+01 4.58644196e-02 1.93635500e-02
3.45007485e+01 4.58644195e-02 1.93720712e-02
3.45429771e+01 4.58644194e-02 1.93806566e-02
3.45852057e+01 4.58644193e-02 1.93893047e-02
3.46274343e+01 4.58644192e-02 1.93980137e-02
3.46696629e+01 4.58644191e-02 1.94067818e-02
3.47118914e+01 4.58644190e-02 1.94156073e-02
3.47541200e+01 4.58644190e-02 1.94244884e-02
3.47963486e+01 4.58644189e-02 1.94334232e-02
3.48385772e+01 4.58644188e-02 1.94424098e-02
3.48808057e+01 4.58644187e-02 1.94514463e-02
3.49230343e+01 4.58644186e-02 1.94605308e-02
3.49652629e+01 4.58644185e-02 1.94696611e-02
3.50074915e+01 4.58644184e-02 1.94788353e-02
3.50497201e+01 4.58644184e-02 1.94880513e-02
3.50919486e+01 4.58644183e-02 1.94973070e-02
3.51341772e+01 4.58644182e-02 1.95066001e-02
3.51764058e+01 4.58644181e-02 1.95159285e-02
3.52186344e+01 4.58644180e-02 1.95252900e-02
3.52608629e+01 4.58644179e-02 1.95346822e-02
3.53030915e+01 4.58644178e-02 1.95441029e-02
3.53453201e+01 4.58644178e-02 1.95535496e-02
3.53875487e+01 4.58644177e-02 1.95630201e-02
3.54297773e+01 4.58644176e-02 1.95725118e-02
3.54720058e+01 4.58644175e-02 1.95820222e-02
3.55142344e+01 4.58644174e-02 1.95915489e-02
3.55564630e+01 4.58644174e-02 1.96010893e-02
3.55986916e+01 4.58644173e-02 1.96106408e-02
3.56409202e+01 4.58644172e-02 1.96202008e-02
3.56831487e+01 4.58644171e-02 1.96297665e-02
3.57253773e+01 4.58644170e-02 1.96393354e-02
3.57676059e+01 4.58644170e-02 1.96489045e-02
3.58098345e+01 4.58644169e-02 1.96584712e-02
3.58520630e+01 4.58644168e-02 1.96680325e-02
3.58942916e+01 4.58644167e-02 1.96775857e-02
3.59365202e+01 4.58644166e-02 1.96871277e-02
3.59787488e+01 4.58644166e-02 1.96966557e-02
3.60209774e+01 4.58644165e-02 1.97061667e-02
3.60632059e+01 4.58644164e-02 1.97156576e-02
3.61054345e+01 4.58644163e-02 1.97251253e-02
3.61476631e+01 4.58644163e-02 1.97345667e-02
3.61898917e+01 4.58644162e-02 1.97439788e-02
3.62321203e+01 4.58644161e-02 1.97533582e-02
3.62743488e+01 4.58644160e-02 1.97627017e-02
3.63165774e+01 4.58644160e-02 1.97720062e-02
3.63588060e+01 4.58644159e-02 1.97812682e-02
3.64010346e+01 4.58644158e-02 1.97904844e-02
3.64432631e+01 4.58644157e-02 1.97996515e-02
3.64854917e+01 4.58644157e-02 1.98087659e-02
3.65277203e+01 4.58644156e-02 1.98178242e-02
3.65699489e+01 4.58644155e-02 1.98268230e-02
3.66121775e+01 4.58644154e-02 1.98357586e-02
3.66544060e+01 4.58644154e-02 1.98446275e-02
3.66966346e+01 4.58644153e-02 1.98534260e-02
3.67388632e+01 4.58644152e-02 1.98621504e-02
3.67810918e+01 4.58644152e-02 1.98707972e-02
3.68233203e+01 4.58644151e-02 1.98793624e-02
3.68655489e+01 4.58644150e-02 1.98878423e-02
3.69077775e+01 4.58644149e-02 1.98962332e-02
3.69500061e+01 4.58644149e-02 1.99045310e-02
3.69922347e+01 4.58644148e-02 1.99127320e-02
3.70344632e+01 4.58644147e-02 1.99208322e-02
3.70766918e+01 4.58644147e-02 1.99288275e-02
3.71189204e+01 4.58644146e-02 1.99367140e-02
3.71611490e+01 4.58644145e-02 1.99444876e-02
3.72033776e+01 4.58644145e-02 1.99521443e-02
3.72456061e+01 4.58644144e-02 1.99596798e-02
3.72878347e+01 4.58644143e-02 1.99670900e-02
3.73300633e+01 4.58644142e-02 1.99743707e-02
3.73722919e+01 4.58644142e-02 1.99815176e-02
3.74145204e+01 4.58644141e-02 1.99885265e-02
3.74567490e+01 4.58644140e-02 1.99953929e-02
3.74989776e+01 4.58644140e-02 2.00021127e-02
3.75412062e+01 4.58644139e-02 2.00086813e-02
3.75834348e+01 4.58644139e-02 2.00150943e-02
3.76256633e+01 4.58644138e-02 2.00213479e-02
3.76678919e+01 4.58644137e-02 2.00274426e-02
3.77101205e+01 4.58644137e-02 2.00333804e-02
3.77523491e+01 4.58644136e-02 2.00391633e-02
3.77945777e+01 4.58644135e-02 2.00447935e-02
3.78368062e+01 4.58644135e-02 2.00502729e-02
3.78790348e+01 4.58644134e-02 2.00556037e-02
3.79212634e+01 4.58644133e-02 2.00607879e-02
3.79634920e+01 4.58644133e-02 2.00658274e-02
3.80057205e+01 4.58644132e-02 2.00707244e-02
3.80479491e+01 4.58644131e-02 2.00754808e-02
3.80901777e+01 4.58644131e-02 2.00800987e-02
3.81324063e+01 4.58644130e-02 2.00845800e-02
3.81746349e+01 4.58644130e-02 2.00889268e-02
3.82168634e+01 4.58644129e-02 2.00931410e-02
3.82590920e+01 4.58644128e-02 2.00972246e-02
3.83013206e+01 4.58644128e-02 2.01011796e-02
3.83435492e+01 4.58644127e-02 2.01050080e-02
3.83857777e+01 4.58644127e-02 2.01087116e-02
3.84280063e+01 4.58644126e-02 2.01122925e-02
3.84702349e+01 4.58644125e-02 2.01157525e-02
3.85124635e+01 4.58644125e-02 2.01190936e-02
3.85546921e+01 4.58644124e-02 2.01223178e-02
3.85969206e+01 4.58644124e-02 2.01254268e-02
3.86391492e+01 4.58644123e-02 2.01284227e-02
3.86813778e+01 4.58644122e-02 2.01313074e-02
3.87236064e+01 4.58644122e-02 2.01340826e-02
3.87658350e+01 4.58644121e-02 2.01367503e-02
3.88080635e+01 4.58644121e-02 2.01393123e-02
3.88502921e+01 4.58644120e-02 2.01417705e-02
3.88925207e+01 4.58644119e-02 2.01441268e-02
3.89347493e+01 4.58644119e-02 2.01463830e-02
3.89769778e+01 4.58644118e-02 2.01485408e-02
3.90192064e+01 4.58644118e-02 2.01506022e-02
3.90614350e+01 4.58644117e-02 2.01525689e-02
3.91036636e+01 4.58644117e-02 2.01544428e-02
3.91458922e+01 4.58644116e-02 2.01562256e-02
3.91881207e+01 4.58644115e-02 2.01579191e-02
3.92303493e+01 4.58644115e-02 2.01595250e-02
3.92725779e+01 4.58644114e-02 2.01610452e-02
3.93148065e+01 4.58644114e-02 2.01624814e-02
3.93570351e+01 4.58644113e-02 2.01638354e-02
3.93992636e+01 4.58644113e-02 2.01651087e-02
3.94414922e+01 4.58644112e-02 2.01663033e-02
3.94837208e+01 4.58644112e-02 2.01674208e-02
3.95259494e+01 4.58644111e-02 2.01684628e-02
3.95681779e+01 4.58644111e-02 2.01694312e-02
3.96104065e+01 4.58644110e-02 2.01703275e-02
3.96526351e+01 4.58644109e-02 2.01711535e-02
3.96948637e+01 4.58644109e-02 2.01719107e-02
3.97370923e+01 4.58644108e-02 2.01726010e-02
3.97793208e+01 4.58644108e-02 2.01732258e-02
3.98215494e+01 4.58644107e-02 2.01737868e-02
3.98637780e+01 4.58644107e-02 2.01742857e-02
3.99060066e+01 4.58644106e-02 2.01747241e-02
3.99482351e+01 4.58644106e-02 2.01751036e-02
3.99904637e+01 4.58644105e-02 2.01754257e-02
4.00326923e+01 4.58644105e-02 2.01756920e-02
