#	Time	Error_of_Energy	Error_of_Position
2.11142892e-02 -8.98727069e-07 1.96173672e-07
4.22285784e-02 -2.55944804e-06 3.68068780e-07
6.33428676e-02 -4.48317240e-06 4.95858406e-07
8.44571568e-02 -6.20235050e-06 5.75227319e-07
1.05571446e-01 -7.47341046e-06 6.14224563e-07
1.26685735e-01 -8.27838887e-06 6.29322443e-07
1.47800024e-01 -8.72263203e-06 6.36934002e-07
1.68914314e-01 -8.93660130e-06 6.49394890e-07
1.90028603e-01 -9.02491484e-06 6.72863625e-07
2.11142892e-01 -9.05476630e-06 7.08187839e-07
2.32257181e-01 -9.06286777e-06 7.52909464e-07
2.53371470e-01 -9.06638571e-06 8.03849256e-07
2.74485759e-01 -9.07179227e-06 8.57886671e-07
2.95600049e-01 -9.08048710e-06 9.13048168e-07
3.16714338e-01 -9.09186834e-06 9.68131835e-07
3.37828627e-01 -9.10480829e-06 1.02157969e-06
3.58942916e-01 -9.11826173e-06 1.07375687e-06
3.80057205e-01 -9.13145333e-06 1.12353549e-06
4.01171495e-01 -9.14388561e-06 1.17181150e-06
4.22285784e-01 -9.15528490e-06 1.21785184e-06
4.43400073e-01 -9.16553724e-06 1.26217114e-06
4.64514362e-01 -9.17463304e-06 1.30378286e-06
4.85628651e-01 -9.18262549e-06 1.34384299e-06
5.06742941e-01 -9.18960155e-06 1.38264558e-06
5.27857230e-01 -9.19566295e-06 1.41987825e-06
5.48971519e-01 -9.20091425e-06 1.45416331e-06
5.70085808e-01 -9.20545601e-06 1.48825018e-06
5.91200097e-01 -9.20938110e-06 1.52107352e-06
6.12314387e-01 -9.21277305e-06 1.55233052e-06
6.33428676e-01 -9.21570570e-06 1.58116379e-06
6.54542965e-01 -9.21824354e-06 1.61186825e-06
6.75657254e-01 -9.22044240e-06 1.64002128e-06
6.96771543e-01 -9.22235034e-06 1.66592363e-06
7.17885832e-01 -9.22400856e-06 1.69097040e-06
7.39000122e-01 -9.22545233e-06 1.71565947e-06
7.60114411e-01 -9.22671171e-06 1.73984021e-06
7.81228700e-01 -9.22781240e-06 1.76340786e-06
8.02342989e-01 -9.22877630e-06 1.78663309e-06
8.23457278e-01 -9.22962209e-06 1.80991022e-06
8.44571568e-01 -9.23036576e-06 1.83309581e-06
8.65685857e-01 -9.23102094e-06 1.85493427e-06
8.86800146e-01 -9.23159933e-06 1.87368731e-06
9.07914435e-01 -9.23211094e-06 1.89037087e-06
9.29028724e-01 -9.23256436e-06 1.91176013e-06
9.50143014e-01 -9.23296699e-06 1.93396835e-06
9.71257303e-01 -9.23332521e-06 1.94861647e-06
9.92371592e-01 -9.23364450e-06 1.96530997e-06
1.01348588e+00 -9.23392961e-06 1.98833618e-06
1.03460017e+00 -9.23418467e-06 1.99957723e-06
1.05571446e+00 -9.23441324e-06 2.01926742e-06
1.07682875e+00 -9.23461841e-06 2.03706258e-06
1.09794304e+00 -9.23480291e-06 2.04768269e-06
1.11905733e+00 -9.23496907e-06 2.07106157e-06
1.14017162e+00 -9.23511897e-06 2.07691769e-06
1.16128591e+00 -9.23525440e-06 2.10230301e-06
1.18240019e+00 -9.23537696e-06 2.10602785e-06
1.20351448e+00 -9.23548802e-06 2.13211577e-06
1.22462877e+00 -9.23558881e-06 2.13435102e-06
1.24574306e+00 -9.23568041e-06 2.16027223e-06
1.26685735e+00 -9.23576378e-06 2.16366136e-06
1.28797164e+00 -9.23583976e-06 2.18471177e-06
1.30908593e+00 -9.23590909e-06 2.19602087e-06
1.33020022e+00 -9.23597243e-06 2.20379839e-06
1.35131451e+00 -9.23603038e-06 2.22859596e-06
1.37242880e+00 -9.23608346e-06 2.22474039e-06
1.39354309e+00 -9.23613213e-06 2.25113068e-06
1.41465738e+00 -9.23617682e-06 2.26061884e-06
1.43577166e+00 -9.23621790e-06 2.26148057e-06
1.45688595e+00 -9.23625570e-06 2.29197274e-06
1.47800024e+00 -9.23629052e-06 2.29137463e-06
1.49911453e+00 -9.23632263e-06 2.29827970e-06
1.52022882e+00 -9.23635226e-06 2.32862096e-06
1.54134311e+00 -9.23637965e-06 2.32481330e-06
1.56245740e+00 -9.23640498e-06 2.32999175e-06
1.58357169e+00 -9.23642844e-06 2.36279102e-06
1.60468598e+00 -9.23645017e-06 2.36253444e-06
1.62580027e+00 -9.23647033e-06 2.35697783e-06
1.64691456e+00 -9.23648905e-06 2.39095729e-06
1.66802885e+00 -9.23650644e-06 2.40458728e-06
1.68914314e+00 -9.23652262e-06 2.38913664e-06
1.71025742e+00 -9.23653767e-06 2.40740849e-06
1.73137171e+00 -9.23655170e-06 2.44113621e-06
1.75248600e+00 -9.23656477e-06 2.43782416e-06
1.77360029e+00 -9.23657697e-06 2.42332319e-06
1.79471458e+00 -9.23658837e-06 2.45326608e-06
1.81582887e+00 -9.23659901e-06 2.48432433e-06
1.83694316e+00 -9.23660897e-06 2.47565859e-06
1.85805745e+00 -9.23661829e-06 2.45905124e-06
1.87917174e+00 -9.23662702e-06 2.48842777e-06
1.90028603e+00 -9.23663519e-06 2.52478365e-06
1.92140032e+00 -9.23664286e-06 2.52239930e-06
1.94251461e+00 -9.23665006e-06 2.49827698e-06
1.96362889e+00 -9.23665682e-06 2.51088717e-06
1.98474318e+00 -9.23666317e-06 2.55483944e-06
2.00585747e+00 -9.23666915e-06 2.57470866e-06
2.02697176e+00 -9.23667477e-06 2.55425510e-06
2.04808605e+00 -9.23668005e-06 2.53352789e-06
2.06920034e+00 -9.23668504e-06 2.56153694e-06
2.09031463e+00 -9.23668973e-06 2.60757767e-06
2.11142892e+00 -9.23669416e-06 2.62260030e-06
2.13254321e+00 -9.23669834e-06 2.59777753e-06
2.15365750e+00 -9.23670229e-06 2.57271913e-06
2.17477179e+00 -9.23670602e-06 2.59602059e-06
2.19588608e+00 -9.23670954e-06 2.64640773e-06
2.21700037e+00 -9.23671287e-06 2.67488979e-06
2.23811465e+00 -9.23671602e-06 2.65931107e-06
2.25922894e+00 -9.23671901e-06 2.62345673e-06
2.28034323e+00 -9.23672183e-06 2.61659505e-06
2.30145752e+00 -9.23672451e-06 2.65972663e-06
2.32257181e+00 -9.23672705e-06 2.71175490e-06
2.34368610e+00 -9.23672946e-06 2.73119342e-06
2.36480039e+00 -9.23673174e-06 2.70675807e-06
2.38591468e+00 -9.23673391e-06 2.66659344e-06
2.40702897e+00 -9.23673597e-06 2.65682968e-06
2.42814326e+00 -9.23673792e-06 2.69913462e-06
2.44925755e+00 -9.23673978e-06 2.75761836e-06
2.47037184e+00 -9.23674155e-06 2.79121335e-06
2.49148612e+00 -9.23674324e-06 2.77899343e-06
2.51260041e+00 -9.23674484e-06 2.73543601e-06
2.53371470e+00 -9.23674636e-06 2.69933430e-06
2.55482899e+00 -9.23674782e-06 2.71108425e-06
2.57594328e+00 -9.23674920e-06 2.76669105e-06
2.59705757e+00 -9.23675052e-06 2.82829347e-06
2.61817186e+00 -9.23675178e-06 2.85930256e-06
2.63928615e+00 -9.23675298e-06 2.84338115e-06
2.66040044e+00 -9.23675412e-06 2.79507416e-06
2.68151473e+00 -9.23675522e-06 2.74995727e-06
2.70262902e+00 -9.23675626e-06 2.74643793e-06
2.72374331e+00 -9.23675726e-06 2.79495956e-06
2.74485759e+00 -9.23675821e-06 2.86490028e-06
2.76597188e+00 -9.23675913e-06 2.92040167e-06
2.78708617e+00 -9.23676000e-06 2.93385372e-06
2.80820046e+00 -9.23676083e-06 2.90107308e-06
2.82931475e+00 -9.23676163e-06 2.84345409e-06
2.85042904e+00 -9.23676239e-06 2.79579677e-06
2.87154333e+00 -9.23676313e-06 2.79220196e-06
2.89265762e+00 -9.23676383e-06 2.84156466e-06
2.91377191e+00 -9.23676450e-06 2.91713032e-06
2.93488620e+00 -9.23676514e-06 2.98634915e-06
2.95600049e+00 -9.23676576e-06 3.01962825e-06
2.97711478e+00 -9.23676635e-06 3.00407205e-06
2.99822907e+00 -9.23676692e-06 2.94953244e-06
3.01934335e+00 -9.23676747e-06 2.88366675e-06
3.04045764e+00 -9.23676799e-06 2.83907112e-06
3.06157193e+00 -9.23676849e-06 2.84447754e-06
3.08268622e+00 -9.23676897e-06 2.90092072e-06
3.10380051e+00 -9.23676944e-06 2.98393647e-06
3.12491480e+00 -9.23676988e-06 3.06403157e-06
3.14602909e+00 -9.23677031e-06 3.11239988e-06
3.16714338e+00 -9.23677072e-06 3.11240327e-06
3.18825767e+00 -9.23677112e-06 3.06612047e-06
3.20937196e+00 -9.23677150e-06 2.99334364e-06
3.23048625e+00 -9.23677186e-06 2.92353667e-06
3.25160054e+00 -9.23677222e-06 2.88506564e-06
3.27271482e+00 -9.23677256e-06 2.90094258e-06
3.29382911e+00 -9.23677288e-06 2.96549092e-06
3.31494340e+00 -9.23677320e-06 3.05718083e-06
3.33605769e+00 -9.23677350e-06 3.14942822e-06
3.35717198e+00 -9.23677379e-06 3.21469861e-06
3.37828627e+00 -9.23677408e-06 3.23389553e-06
3.39940056e+00 -9.23677435e-06 3.20259484e-06
3.42051485e+00 -9.23677461e-06 3.13225370e-06
3.44162914e+00 -9.23677486e-06 3.04647825e-06
3.46274343e+00 -9.23677511e-06 2.97305145e-06
3.48385772e+00 -9.23677534e-06 2.93605431e-06
3.50497201e+00 -9.23677557e-06 2.95454177e-06
3.52608629e+00 -9.23677579e-06 3.02214969e-06
3.54720058e+00 -9.23677600e-06 3.12096046e-06
3.56831487e+00 -9.23677620e-06 3.22804374e-06
3.58942916e+00 -9.23677640e-06 3.31731788e-06
3.61054345e+00 -9.23677659e-06 3.36702385e-06
3.63165774e+00 -9.23677677e-06 3.36573234e-06
3.65277203e+00 -9.23677695e-06 3.31503057e-06
3.67388632e+00 -9.23677712e-06 3.22902936e-06
3.69500061e+00 -9.23677729e-06 3.13075812e-06
3.71611490e+00 -9.23677745e-06 3.04571719e-06
3.73722919e+00 -9.23677761e-06 2.99540923e-06
3.75834348e+00 -9.23677776e-06 2.99755264e-06
3.77945777e+00 -9.23677790e-06 3.05363238e-06
3.80057205e+00 -9.23677804e-06 3.14970126e-06
3.82168634e+00 -9.23677818e-06 3.26857799e-06
3.84280063e+00 -9.23677831e-06 3.38750311e-06
3.86391492e+00 -9.23677844e-06 3.48285633e-06
3.88502921e+00 -9.23677856e-06 3.53598563e-06
3.90614350e+00 -9.23677868e-06 3.53710433e-06
3.92725779e+00 -9.23677880e-06 3.48695290e-06
3.94837208e+00 -9.23677891e-06 3.39657991e-06
3.96948637e+00 -9.23677902e-06 3.28526893e-06
3.99060066e+00 -9.23677913e-06 3.17639378e-06
4.01171495e+00 -9.23677923e-06 3.09183132e-06
4.03282924e+00 -9.23677933e-06 3.04828776e-06
4.05394352e+00 -9.23677943e-06 3.05969586e-06
4.07505781e+00 -9.23677952e-06 3.12360334e-06
4.09617210e+00 -9.23677961e-06 3.22870809e-06
4.11728639e+00 -9.23677970e-06 3.36077648e-06
4.13840068e+00 -9.23677978e-06 3.49994195e-06
4.15951497e+00 -9.23677987e-06 3.62415757e-06
4.18062926e+00 -9.23677995e-06 3.71388312e-06
4.20174355e+00 -9.23678002e-06 3.75553184e-06
4.22285784e+00 -9.23678010e-06 3.74331868e-06
4.24397213e+00 -9.23678017e-06 3.67987139e-06
4.26508642e+00 -9.23678025e-06 3.57586316e-06
4.28620071e+00 -9.23678032e-06 3.44858694e-06
4.30731499e+00 -9.23678038e-06 3.31917069e-06
4.32842928e+00 -9.23678045e-06 3.20845471e-06
4.34954357e+00 -9.23678051e-06 3.13297366e-06
4.37065786e+00 -9.23678057e-06 3.10486927e-06
4.39177215e+00 -9.23678063e-06 3.13339152e-06
4.41288644e+00 -9.23678069e-06 3.21190261e-06
4.43400073e+00 -9.23678075e-06 3.33189461e-06
4.45511502e+00 -9.23678081e-06 3.48116355e-06
4.47622931e+00 -9.23678086e-06 3.64215441e-06
4.49734360e+00 -9.23678091e-06 3.79477516e-06
4.51845789e+00 -9.23678096e-06 3.92008036e-06
4.53957218e+00 -9.23678101e-06 4.00306308e-06
4.56068647e+00 -9.23678106e-06 4.03427599e-06
4.58180075e+00 -9.23678111e-06 4.01057715e-06
4.60291504e+00 -9.23678115e-06 3.93530271e-06
4.62402933e+00 -9.23678120e-06 3.81798267e-06
4.64514362e+00 -9.23678124e-06 3.67350321e-06
4.66625791e+00 -9.23678128e-06 3.52045365e-06
4.68737220e+00 -9.23678132e-06 3.37842966e-06
4.70848649e+00 -9.23678136e-06 3.26462156e-06
4.72960078e+00 -9.23678140e-06 3.19134348e-06
4.75071507e+00 -9.23678144e-06 3.16770801e-06
4.77182936e+00 -9.23678148e-06 3.20031841e-06
4.79294365e+00 -9.23678151e-06 3.28314673e-06
4.81405794e+00 -9.23678155e-06 3.41025358e-06
4.83517222e+00 -9.23678158e-06 3.57259755e-06
4.85628651e+00 -9.23678162e-06 3.75595791e-06
4.87740080e+00 -9.23678165e-06 3.94270042e-06
4.89851509e+00 -9.23678168e-06 4.11468544e-06
4.91962938e+00 -9.23678171e-06 4.25572520e-06
4.94074367e+00 -9.23678174e-06 4.35315501e-06
4.96185796e+00 -9.23678177e-06 4.39867016e-06
4.98297225e+00 -9.23678180e-06 4.38869886e-06
5.00408654e+00 -9.23678183e-06 4.32450693e-06
5.02520083e+00 -9.23678185e-06 4.21211810e-06
5.04631512e+00 -9.23678188e-06 4.06202663e-06
5.06742941e+00 -9.23678191e-06 3.88857503e-06
5.08854369e+00 -9.23678193e-06 3.70878141e-06
5.10965798e+00 -9.23678196e-06 3.54041063e-06
5.13077227e+00 -9.23678198e-06 3.39938734e-06
5.15188656e+00 -9.23678200e-06 3.29744339e-06
5.17300085e+00 -9.23678203e-06 3.24197766e-06
5.19411514e+00 -9.23678205e-06 3.23998316e-06
5.21522943e+00 -9.23678207e-06 3.29232953e-06
5.23634372e+00 -9.23678209e-06 3.39398767e-06
5.25745801e+00 -9.23678211e-06 3.54104140e-06
5.27857230e+00 -9.23678213e-06 3.72595313e-06
5.29968659e+00 -9.23678215e-06 3.93643786e-06
5.32080088e+00 -9.23678217e-06 4.15697977e-06
5.34191517e+00 -9.23678219e-06 4.37112103e-06
5.36302945e+00 -9.23678221e-06 4.56340356e-06
5.38414374e+00 -9.23678223e-06 4.72064098e-06
5.40525803e+00 -9.23678225e-06 4.83262156e-06
5.42637232e+00 -9.23678227e-06 4.89244510e-06
5.44748661e+00 -9.23678228e-06 4.89665924e-06
5.46860090e+00 -9.23678230e-06 4.84529449e-06
5.48971519e+00 -9.23678232e-06 4.74184245e-06
5.51082948e+00 -9.23678233e-06 4.59317785e-06
5.53194377e+00 -9.23678235e-06 4.40938279e-06
5.55305806e+00 -9.23678236e-06 4.20338177e-06
5.57417235e+00 -9.23678238e-06 3.99024005e-06
5.59528664e+00 -9.23678239e-06 3.78595185e-06
5.61640092e+00 -9.23678241e-06 3.60564588e-06
5.63751521e+00 -9.23678242e-06 3.46151204e-06
5.65862950e+00 -9.23678243e-06 3.36143868e-06
5.67974379e+00 -9.23678245e-06 3.30998573e-06
5.70085808e+00 -9.23678246e-06 3.31234113e-06
5.72197237e+00 -9.23678247e-06 3.36819209e-06
5.74308666e+00 -9.23678248e-06 3.47417828e-06
5.76420095e+00 -9.23678250e-06 3.62847339e-06
5.78531524e+00 -9.23678251e-06 3.82635052e-06
5.80642953e+00 -9.23678252e-06 4.05871004e-06
5.82754382e+00 -9.23678253e-06 4.31290953e-06
5.84865811e+00 -9.23678254e-06 4.57451758e-06
5.86977239e+00 -9.23678255e-06 4.82899399e-06
5.89088668e+00 -9.23678256e-06 5.06289233e-06
5.91200097e+00 -9.23678257e-06 5.26457755e-06
5.93311526e+00 -9.23678259e-06 5.42459689e-06
5.95422955e+00 -9.23678259e-06 5.53584474e-06
5.97534384e+00 -9.23678261e-06 5.59362068e-06
5.99645813e+00 -9.23678261e-06 5.59563957e-06
6.01757242e+00 -9.23678262e-06 5.54202382e-06
6.03868671e+00 -9.23678263e-06 5.43529043e-06
6.05980100e+00 -9.23678264e-06 5.28033200e-06
6.08091529e+00 -9.23678265e-06 5.08437849e-06
6.10202958e+00 -9.23678266e-06 4.85690898e-06
6.12314387e+00 -9.23678267e-06 4.60945689e-06
6.14425815e+00 -9.23678268e-06 4.35521664e-06
6.16537244e+00 -9.23678268e-06 4.10832761e-06
6.18648673e+00 -9.23678269e-06 3.88272561e-06
6.20760102e+00 -9.23678270e-06 3.69059666e-06
6.22871531e+00 -9.23678271e-06 3.54082752e-06
6.24982960e+00 -9.23678272e-06 3.43835232e-06
6.27094389e+00 -9.23678272e-06 3.38559024e-06
6.29205818e+00 -9.23678273e-06 3.38614026e-06
6.31317247e+00 -9.23678274e-06 3.43972289e-06
6.33428676e+00 -9.23678275e-06 3.54411646e-06
6.35540105e+00 -9.23678275e-06 3.69929369e-06
6.37651534e+00 -9.23678276e-06 3.90335523e-06
6.39762962e+00 -9.23678277e-06 4.15060877e-06
6.41874391e+00 -9.23678277e-06 4.43169000e-06
6.43985820e+00 -9.23678278e-06 4.73477831e-06
6.46097249e+00 -9.23678279e-06 5.04702557e-06
6.48208678e+00 -9.23678279e-06 5.35571181e-06
6.50320107e+00 -9.23678280e-06 5.64900606e-06
6.52431536e+00 -9.23678280e-06 5.91639735e-06
6.54542965e+00 -9.23678281e-06 6.14890656e-06
6.56654394e+00 -9.23678281e-06 6.33917205e-06
6.58765823e+00 -9.23678282e-06 6.48147080e-06
6.60877252e+00 -9.23678283e-06 6.57171119e-06
6.62988681e+00 -9.23678283e-06 6.60741667e-06
6.65100110e+00 -9.23678284e-06 6.58771024e-06
6.67211538e+00 -9.23678284e-06 6.51330382e-06
6.69322967e+00 -9.23678285e-06 6.38649380e-06
6.71434396e+00 -9.23678285e-06 6.21116157e-06
6.73545825e+00 -9.23678286e-06 5.99277497e-06
6.75657254e+00 -9.23678286e-06 5.73838211e-06
6.77768683e+00 -9.23678287e-06 5.45658045e-06
6.79880112e+00 -9.23678287e-06 5.15743076e-06
6.81991541e+00 -9.23678288e-06 4.85226411e-06
6.84102970e+00 -9.23678288e-06 4.55330437e-06
6.86214399e+00 -9.23678288e-06 4.27301263e-06
6.88325828e+00 -9.23678289e-06 4.02309079e-06
6.90437257e+00 -9.23678289e-06 3.81322147e-06
6.92548685e+00 -9.23678290e-06 3.64990945e-06
6.94660114e+00 -9.23678290e-06 3.53613592e-06
6.96771543e+00 -9.23678290e-06 3.47266641e-06
6.98882972e+00 -9.23678291e-06 3.46134973e-06
7.00994401e+00 -9.23678291e-06 3.50290162e-06
7.03105830e+00 -9.23678292e-06 3.59541880e-06
7.05217259e+00 -9.23678292e-06 3.73999674e-06
7.07328688e+00 -9.23678292e-06 3.93739798e-06
7.09440117e+00 -9.23678293e-06 4.18558246e-06
7.11551546e+00 -9.23678293e-06 4.47899461e-06
7.13662975e+00 -9.23678293e-06 4.80911545e-06
7.15774404e+00 -9.23678294e-06 5.16556532e-06
7.17885832e+00 -9.23678294e-06 5.53720098e-06
7.19997261e+00 -9.23678294e-06 5.91294759e-06
7.22108690e+00 -9.23678295e-06 6.28233023e-06
7.24220119e+00 -9.23678295e-06 6.63577030e-06
7.26331548e+00 -9.23678295e-06 6.96472839e-06
7.28442977e+00 -9.23678296e-06 7.26175866e-06
7.30554406e+00 -9.23678296e-06 7.52051734e-06
7.32665835e+00 -9.23678296e-06 7.73575018e-06
7.34777264e+00 -9.23678297e-06 7.90327255e-06
7.36888693e+00 -9.23678297e-06 8.01994907e-06
7.39000122e+00 -9.23678297e-06 8.08367591e-06
7.41111551e+00 -9.23678297e-06 8.09336736e-06
7.43222980e+00 -9.23678298e-06 8.04894692e-06
7.45334408e+00 -9.23678298e-06 7.95134313e-06
7.47445837e+00 -9.23678298e-06 7.80249020e-06
7.49557266e+00 -9.23678298e-06 7.60533286e-06
7.51668695e+00 -9.23678299e-06 7.36383537e-06
7.53780124e+00 -9.23678299e-06 7.08299276e-06
7.55891553e+00 -9.23678299e-06 6.76884211e-06
7.58002982e+00 -9.23678299e-06 6.42846768e-06
7.60114411e+00 -9.23678300e-06 6.06998883e-06
7.62225840e+00 -9.23678300e-06 5.70251080e-06
7.64337269e+00 -9.23678300e-06 5.33600398e-06
7.66448698e+00 -9.23678300e-06 4.98105985e-06
7.68560127e+00 -9.23678301e-06 4.64845580e-06
7.70671555e+00 -9.23678301e-06 4.34846840e-06
7.72782984e+00 -9.23678301e-06 4.08994045e-06
7.74894413e+00 -9.23678301e-06 3.87927100e-06
7.77005842e+00 -9.23678301e-06 3.71974129e-06
7.79117271e+00 -9.23678302e-06 3.61177557e-06
7.81228700e+00 -9.23678302e-06 3.55465256e-06
7.83340129e+00 -9.23678302e-06 3.54941778e-06
7.85451558e+00 -9.23678302e-06 3.59579072e-06
7.87562987e+00 -9.23678302e-06 3.69294809e-06
7.89674416e+00 -9.23678303e-06 3.84305216e-06
7.91785845e+00 -9.23678303e-06 4.04824153e-06
7.93897274e+00 -9.23678303e-06 4.30843574e-06
7.96008702e+00 -9.23678303e-06 4.62047563e-06
7.98120131e+00 -9.23678303e-06 4.97835215e-06
8.00231560e+00 -9.23678304e-06 5.37401549e-06
8.02342989e+00 -9.23678304e-06 5.79829392e-06
8.04454418e+00 -9.23678304e-06 6.24165354e-06
8.06565847e+00 -9.23678304e-06 6.69472083e-06
8.08677276e+00 -9.23678304e-06 7.14859633e-06
8.10788705e+00 -9.23678304e-06 7.59502031e-06
8.12900134e+00 -9.23678305e-06 8.02644649e-06
8.15011563e+00 -9.23678305e-06 8.43606435e-06
8.17122992e+00 -9.23678305e-06 8.81779515e-06
8.19234421e+00 -9.23678305e-06 9.16627649e-06
8.21345850e+00 -9.23678305e-06 9.47684304e-06
8.23457278e+00 -9.23678305e-06 9.74550759e-06
8.25568707e+00 -9.23678305e-06 9.96894396e-06
8.27680136e+00 -9.23678306e-06 1.01444726e-05
8.29791565e+00 -9.23678306e-06 1.02700487e-05
8.31902994e+00 -9.23678306e-06 1.03442531e-05
8.34014423e+00 -9.23678306e-06 1.03662855e-05
8.36125852e+00 -9.23678306e-06 1.03359600e-05
8.38237281e+00 -9.23678306e-06 1.02537023e-05
8.40348710e+00 -9.23678306e-06 1.01205495e-05
8.42460139e+00 -9.23678307e-06 9.93815175e-06
8.44571568e+00 -9.23678307e-06 9.70877607e-06
8.46682997e+00 -9.23678307e-06 9.43531225e-06
8.48794425e+00 -9.23678307e-06 9.12128137e-06
8.50905854e+00 -9.23678307e-06 8.77084652e-06
8.53017283e+00 -9.23678307e-06 8.38882551e-06
8.55128712e+00 -9.23678307e-06 7.98070472e-06
8.57240141e+00 -9.23678308e-06 7.55265158e-06
8.59351570e+00 -9.23678308e-06 7.11152128e-06
8.61462999e+00 -9.23678308e-06 6.66484886e-06
8.63574428e+00 -9.23678308e-06 6.22081107e-06
8.65685857e+00 -9.23678308e-06 5.78813250e-06
8.67797286e+00 -9.23678308e-06 5.37589707e-06
8.69908715e+00 -9.23678308e-06 4.99321526e-06
8.72020144e+00 -9.23678308e-06 4.64870022e-06
8.74131572e+00 -9.23678308e-06 4.34974840e-06
8.76243001e+00 -9.23678308e-06 4.10172722e-06
8.78354430e+00 -9.23678309e-06 3.90734172e-06
8.80465859e+00 -9.23678309e-06 3.76660256e-06
8.82577288e+00 -9.23678309e-06 3.67780505e-06
8.84688717e+00 -9.23678309e-06 3.63966563e-06
8.86800146e+00 -9.23678309e-06 3.65283172e-06
8.88911575e+00 -9.23678309e-06 3.71599660e-06
8.91023004e+00 -9.23678309e-06 3.83022586e-06
8.93134433e+00 -9.23678309e-06 3.99875718e-06
8.95245862e+00 -9.23678309e-06 4.22450262e-06
8.97357291e+00 -9.23678309e-06 4.50836299e-06
8.99468720e+00 -9.23678310e-06 4.84854862e-06
9.01580148e+00 -9.23678310e-06 5.24074219e-06
9.03691577e+00 -9.23678310e-06 5.67873227e-06
9.05803006e+00 -9.23678310e-06 6.15515785e-06
9.07914435e+00 -9.23678310e-06 6.66214476e-06
9.10025864e+00 -9.23678310e-06 7.19175968e-06
9.12137293e+00 -9.23678310e-06 7.73629387e-06
9.14248722e+00 -9.23678310e-06 8.28842059e-06
9.16360151e+00 -9.23678310e-06 8.84127082e-06
9.18471580e+00 -9.23678310e-06 9.38846077e-06
9.20583009e+00 -9.23678310e-06 9.92409375e-06
9.22694438e+00 -9.23678310e-06 1.04427494e-05
9.24805867e+00 -9.23678311e-06 1.09394683e-05
9.26917295e+00 -9.23678311e-06 1.14097352e-05
9.29028724e+00 -9.23678311e-06 1.18494640e-05
9.31140153e+00 -9.23678311e-06 1.22549835e-05
9.33251582e+00 -9.23678311e-06 1.26230257e-05
9.35363011e+00 -9.23678311e-06 1.29507161e-05
9.37474440e+00 -9.23678311e-06 1.32355653e-05
9.39585869e+00 -9.23678311e-06 1.34754618e-05
9.41697298e+00 -9.23678311e-06 1.36686674e-05
9.43808727e+00 -9.23678311e-06 1.38138116e-05
9.45920156e+00 -9.23678311e-06 1.39098890e-05
9.48031585e+00 -9.23678311e-06 1.39562560e-05
9.50143014e+00 -9.23678311e-06 1.39526290e-05
9.52254442e+00 -9.23678311e-06 1.38990830e-05
9.54365871e+00 -9.23678311e-06 1.37960509e-05
9.56477300e+00 -9.23678312e-06 1.36443234e-05
9.58588729e+00 -9.23678312e-06 1.34450494e-05
9.60700158e+00 -9.23678312e-06 1.31997377e-05
9.62811587e+00 -9.23678312e-06 1.29102587e-05
9.64923016e+00 -9.23678312e-06 1.25788472e-05
9.67034445e+00 -9.23678312e-06 1.22081070e-05
9.69145874e+00 -9.23678312e-06 1.18010156e-05
9.71257303e+00 -9.23678312e-06 1.13609306e-05
9.73368732e+00 -9.23678312e-06 1.08915984e-05
9.75480161e+00 -9.23678312e-06 1.03971632e-05
9.77591590e+00 -9.23678312e-06 9.88217837e-06
9.79703018e+00 -9.23678312e-06 9.35161921e-06
9.81814447e+00 -9.23678312e-06 8.81089513e-06
9.83925876e+00 -9.23678312e-06 8.26586016e-06
9.86037305e+00 -9.23678312e-06 7.72281693e-06
9.88148734e+00 -9.23678312e-06 7.18850604e-06
9.90260163e+00 -9.23678312e-06 6.67006770e-06
9.92371592e+00 -9.23678312e-06 6.17495381e-06
9.94483021e+00 -9.23678312e-06 5.71075975e-06
9.96594450e+00 -9.23678313e-06 5.28493795e-06
9.98705879e+00 -9.23678313e-06 4.90436086e-06
1.00081731e+01 -9.23678313e-06 4.57473606e-06
1.00292874e+01 -9.23678313e-06 4.29995835e-06
1.00504017e+01 -9.23678313e-06 4.08160622e-06
1.00715159e+01 -9.23678313e-06 3.91889605e-06
1.00926302e+01 -9.23678313e-06 3.80939372e-06
1.01137445e+01 -9.23678313e-06 3.75059195e-06
1.01348588e+01 -9.23678313e-06 3.74191459e-06
1.01559731e+01 -9.23678313e-06 3.78262267e-06
1.01770874e+01 -9.23678313e-06 3.87271196e-06
1.01982017e+01 -9.23678313e-06 4.01516440e-06
1.02193160e+01 -9.23678313e-06 4.21396965e-06
1.02404303e+01 -9.23678313e-06 4.47231193e-06
1.02615445e+01 -9.23678313e-06 4.79141916e-06
1.02826588e+01 -9.23678313e-06 5.17017365e-06
1.03037731e+01 -9.23678313e-06 5.60532790e-06
1.03248874e+01 -9.23678313e-06 6.09204024e-06
1.03460017e+01 -9.23678313e-06 6.62447103e-06
1.03671160e+01 -9.23678313e-06 7.19628690e-06
1.03882303e+01 -9.23678313e-06 7.80102237e-06
1.04093446e+01 -9.23678313e-06 8.43230948e-06
1.04304589e+01 -9.23678313e-06 9.08400835e-06
1.04515731e+01 -9.23678313e-06 9.75027211e-06
1.04726874e+01 -9.23678313e-06 1.04255723e-05
1.04938017e+01 -9.23678314e-06 1.11047024e-05
1.05149160e+01 -9.23678314e-06 1.17827702e-05
1.05360303e+01 -9.23678314e-06 1.24551855e-05
1.05571446e+01 -9.23678314e-06 1.31176465e-05
1.05782589e+01 -9.23678314e-06 1.37661268e-05
1.05993732e+01 -9.23678314e-06 1.43968637e-05
1.06204875e+01 -9.23678314e-06 1.50063476e-05
1.06416018e+01 -9.23678314e-06 1.55913133e-05
1.06627160e+01 -9.23678314e-06 1.61487327e-05
1.06838303e+01 -9.23678314e-06 1.66758081e-05
1.07049446e+01 -9.23678314e-06 1.71699677e-05
1.07260589e+01 -9.23678314e-06 1.76288604e-05
1.07471732e+01 -9.23678314e-06 1.80503529e-05
1.07682875e+01 -9.23678314e-06 1.84325260e-05
1.07894018e+01 -9.23678314e-06 1.87736726e-05
1.08105161e+01 -9.23678314e-06 1.90722951e-05
1.08316304e+01 -9.23678314e-06 1.93271038e-05
1.08527446e+01 -9.23678314e-06 1.95370152e-05
1.08738589e+01 -9.23678314e-06 1.97011512e-05
1.08949732e+01 -9.23678314e-06 1.98188372e-05
1.09160875e+01 -9.23678314e-06 1.98896019e-05
1.09372018e+01 -9.23678314e-06 1.99131766e-05
1.09583161e+01 -9.23678314e-06 1.98894939e-05
1.09794304e+01 -9.23678314e-06 1.98186881e-05
1.10005447e+01 -9.23678314e-06 1.97010945e-05
1.10216590e+01 -9.23678314e-06 1.95372493e-05
1.10427732e+01 -9.23678314e-06 1.93278900e-05
1.10638875e+01 -9.23678314e-06 1.90739547e-05
1.10850018e+01 -9.23678314e-06 1.87765835e-05
1.11061161e+01 -9.23678314e-06 1.84371184e-05
1.11272304e+01 -9.23678315e-06 1.80571042e-05
1.11483447e+01 -9.23678315e-06 1.76382899e-05
1.11694590e+01 -9.23678315e-06 1.71826298e-05
1.11905733e+01 -9.23678315e-06 1.66922853e-05
1.12116876e+01 -9.23678315e-06 1.61696271e-05
1.12328018e+01 -9.23678315e-06 1.56172385e-05
1.12539161e+01 -9.23678315e-06 1.50379180e-05
1.12750304e+01 -9.23678315e-06 1.44346845e-05
1.12961447e+01 -9.23678315e-06 1.38107815e-05
1.13172590e+01 -9.23678315e-06 1.31696841e-05
1.13383733e+01 -9.23678315e-06 1.25151061e-05
1.13594876e+01 -9.23678315e-06 1.18510085e-05
1.13806019e+01 -9.23678315e-06 1.11816095e-05
1.14017162e+01 -9.23678315e-06 1.05113952e-05
1.14228305e+01 -9.23678315e-06 9.84513003e-06
1.14439447e+01 -9.23678315e-06 9.18786591e-06
1.14650590e+01 -9.23678315e-06 8.54494585e-06
1.14861733e+01 -9.23678315e-06 7.92199673e-06
1.15072876e+01 -9.23678315e-06 7.32490126e-06
1.15284019e+01 -9.23678315e-06 6.75973362e-06
1.15495162e+01 -9.23678315e-06 6.23263679e-06
1.15706305e+01 -9.23678315e-06 5.74961378e-06
1.15917448e+01 -9.23678315e-06 5.31620699e-06
1.16128591e+01 -9.23678315e-06 4.93705924e-06
1.16339733e+01 -9.23678315e-06 4.61539995e-06
1.16550876e+01 -9.23678315e-06 4.35258192e-06
1.16762019e+01 -9.23678315e-06 4.14788120e-06
1.16973162e+01 -9.23678315e-06 3.99879794e-06
1.17184305e+01 -9.23678315e-06 3.90200368e-06
1.17395448e+01 -9.23678315e-06 3.85487645e-06
1.17606591e+01 -9.23678315e-06 3.85668263e-06
1.17817734e+01 -9.23678315e-06 3.90633463e-06
1.18028877e+01 -9.23678315e-06 4.00485057e-06
1.18240019e+01 -9.23678315e-06 4.15574234e-06
1.18451162e+01 -9.23678315e-06 4.36338147e-06
1.18662305e+01 -9.23678315e-06 4.63154182e-06
1.18873448e+01 -9.23678315e-06 4.96241293e-06
1.19084591e+01 -9.23678315e-06 5.35619644e-06
1.19295734e+01 -9.23678315e-06 5.81120113e-06
1.19506877e+01 -9.23678315e-06 6.32423375e-06
1.19718020e+01 -9.23678315e-06 6.89107953e-06
1.19929163e+01 -9.23678315e-06 7.50693601e-06
1.20140305e+01 -9.23678315e-06 8.16674209e-06
1.20351448e+01 -9.23678315e-06 8.86539920e-06
1.20562591e+01 -9.23678315e-06 9.59790509e-06
1.20773734e+01 -9.23678315e-06 1.03594264e-05
1.20984877e+01 -9.23678316e-06 1.11453324e-05
1.21196020e+01 -9.23678316e-06 1.19512049e-05
1.21407163e+01 -9.23678316e-06 1.27728368e-05
1.21618306e+01 -9.23678316e-06 1.36062235e-05
1.21829449e+01 -9.23678316e-06 1.44475521e-05
1.22040592e+01 -9.23678316e-06 1.52931909e-05
1.22251734e+01 -9.23678316e-06 1.61396785e-05
1.22462877e+01 -9.23678316e-06 1.69837151e-05
1.22674020e+01 -9.23678316e-06 1.78221536e-05
1.22885163e+01 -9.23678316e-06 1.86519935e-05
1.23096306e+01 -9.23678316e-06 1.94703746e-05
1.23307449e+01 -9.23678316e-06 2.02745720e-05
1.23518592e+01 -9.23678316e-06 2.10619923e-05
1.23729735e+01 -9.23678316e-06 2.18301696e-05
1.23940878e+01 -9.23678316e-06 2.25767631e-05
1.24152020e+01 -9.23678316e-06 2.32995541e-05
1.24363163e+01 -9.23678316e-06 2.39964446e-05
1.24574306e+01 -9.23678316e-06 2.46654548e-05
1.24785449e+01 -9.23678316e-06 2.53047219e-05
1.24996592e+01 -9.23678316e-06 2.59124990e-05
1.25207735e+01 -9.23678316e-06 2.64871536e-05
1.25418878e+01 -9.23678316e-06 2.70271672e-05
1.25630021e+01 -9.23678316e-06 2.75311336e-05
1.25841164e+01 -9.23678316e-06 2.79977592e-05
1.26052306e+01 -9.23678316e-06 2.84258615e-05
1.26263449e+01 -9.23678316e-06 2.88143691e-05
1.26474592e+01 -9.23678316e-06 2.91623208e-05
1.26685735e+01 -9.23678316e-06 2.94688656e-05
1.26896878e+01 -9.23678316e-06 2.97332619e-05
1.27108021e+01 -9.23678316e-06 2.99548773e-05
1.27319164e+01 -9.23678316e-06 3.01331884e-05
1.27530307e+01 -9.23678316e-06 3.02677803e-05
1.27741450e+01 -9.23678316e-06 3.03583466e-05
1.27952592e+01 -9.23678316e-06 3.04046890e-05
1.28163735e+01 -9.23678316e-06 3.04067170e-05
1.28374878e+01 -9.23678316e-06 3.03644481e-05
1.28586021e+01 -9.23678316e-06 3.02780073e-05
1.28797164e+01 -9.23678316e-06 3.01476271e-05
1.29008307e+01 -9.23678316e-06 2.99736475e-05
1.29219450e+01 -9.23678316e-06 2.97565157e-05
1.29430593e+01 -9.23678316e-06 2.94967862e-05
1.29641736e+01 -9.23678316e-06 2.91951208e-05
1.29852879e+01 -9.23678316e-06 2.88522886e-05
1.30064021e+01 -9.23678316e-06 2.84691659e-05
1.30275164e+01 -9.23678316e-06 2.80467366e-05
1.30486307e+01 -9.23678316e-06 2.75860920e-05
1.30697450e+01 -9.23678316e-06 2.70884311e-05
1.30908593e+01 -9.23678316e-06 2.65550610e-05
1.31119736e+01 -9.23678316e-06 2.59873971e-05
1.31330879e+01 -9.23678316e-06 2.53869633e-05
1.31542022e+01 -9.23678316e-06 2.47553930e-05
1.31753165e+01 -9.23678316e-06 2.40944293e-05
1.31964307e+01 -9.23678316e-06 2.34059258e-05
1.32175450e+01 -9.23678316e-06 2.26918477e-05
1.32386593e+01 -9.23678316e-06 2.19542730e-05
1.32597736e+01 -9.23678316e-06 2.11953935e-05
1.32808879e+01 -9.23678316e-06 2.04175167e-05
1.33020022e+01 -9.23678316e-06 1.96230680e-05
1.33231165e+01 -9.23678316e-06 1.88145925e-05
1.33442308e+01 -9.23678316e-06 1.79947586e-05
1.33653451e+01 -9.23678316e-06 1.71663612e-05
1.33864593e+01 -9.23678316e-06 1.63323256e-05
1.34075736e+01 -9.23678316e-06 1.54957129e-05
1.34286879e+01 -9.23678316e-06 1.46597257e-05
1.34498022e+01 -9.23678316e-06 1.38277148e-05
1.34709165e+01 -9.23678316e-06 1.30031870e-05
1.34920308e+01 -9.23678316e-06 1.21898140e-05
1.35131451e+01 -9.23678316e-06 1.13914407e-05
1.35342594e+01 -9.23678316e-06 1.06120943e-05
1.35553737e+01 -9.23678316e-06 9.85598956e-06
1.35764879e+01 -9.23678316e-06 9.12753008e-06
1.35976022e+01 -9.23678316e-06 8.43129736e-06
1.36187165e+01 -9.23678316e-06 7.77202123e-06
1.36398308e+01 -9.23678316e-06 7.15451758e-06
1.36609451e+01 -9.23678316e-06 6.58357626e-06
1.36820594e+01 -9.23678316e-06 6.06377830e-06
1.37031737e+01 -9.23678316e-06 5.59922504e-06
1.37242880e+01 -9.23678316e-06 5.19317875e-06
1.37454023e+01 -9.23678316e-06 4.84765355e-06
1.37665166e+01 -9.23678316e-06 4.56305536e-06
1.37876308e+01 -9.23678316e-06 4.33803012e-06
1.38087451e+01 -9.23678316e-06 4.16969493e-06
1.38298594e+01 -9.23678316e-06 4.05435741e-06
1.38509737e+01 -9.23678316e-06 3.98868045e-06
1.38720880e+01 -9.23678316e-06 3.97093945e-06
1.38932023e+01 -9.23678316e-06 3.99988116e-06
1.39143166e+01 -9.23678316e-06 4.07552916e-06
1.39354309e+01 -9.23678316e-06 4.20054974e-06
1.39565452e+01 -9.23678316e-06 4.37914017e-06
1.39776594e+01 -9.23678316e-06 4.61577757e-06
1.39987737e+01 -9.23678316e-06 4.91416319e-06
1.40198880e+01 -9.23678316e-06 5.27655240e-06
1.40410023e+01 -9.23678316e-06 5.70352368e-06
1.40621166e+01 -9.23678317e-06 6.19410246e-06
1.40832309e+01 -9.23678316e-06 6.74608609e-06
1.41043452e+01 -9.23678316e-06 7.35642313e-06
1.41254595e+01 -9.23678316e-06 8.02155262e-06
1.41465738e+01 -9.23678317e-06 8.73766362e-06
1.41676880e+01 -9.23678317e-06 9.50087262e-06
1.41888023e+01 -9.23678317e-06 1.03073339e-05
1.42099166e+01 -9.23678317e-06 1.11533013e-05
1.42310309e+01 -9.23678317e-06 1.20351589e-05
1.42521452e+01 -9.23678317e-06 1.29494321e-05
1.42732595e+01 -9.23678317e-06 1.38927873e-05
1.42943738e+01 -9.23678317e-06 1.48620266e-05
1.43154881e+01 -9.23678317e-06 1.58540795e-05
1.43366024e+01 -9.23678317e-06 1.68659945e-05
1.43577166e+01 -9.23678317e-06 1.78949300e-05
1.43788309e+01 -9.23678317e-06 1.89381469e-05
1.43999452e+01 -9.23678317e-06 1.99930013e-05
1.44210595e+01 -9.23678317e-06 2.10569391e-05
1.44421738e+01 -9.23678317e-06 2.21274902e-05
1.44632881e+01 -9.23678317e-06 2.32022646e-05
1.44844024e+01 -9.23678317e-06 2.42789487e-05
1.45055167e+01 -9.23678317e-06 2.53553016e-05
1.45266310e+01 -9.23678317e-06 2.64291536e-05
1.45477453e+01 -9.23678317e-06 2.74984026e-05
1.45688595e+01 -9.23678317e-06 2.85610136e-05
1.45899738e+01 -9.23678317e-06 2.96150162e-05
1.46110881e+01 -9.23678317e-06 3.06585033e-05
1.46322024e+01 -9.23678317e-06 3.16896305e-05
1.46533167e+01 -9.23678317e-06 3.27066147e-05
1.46744310e+01 -9.23678317e-06 3.37077333e-05
1.46955453e+01 -9.23678317e-06 3.46913235e-05
1.47166596e+01 -9.23678317e-06 3.56557818e-05
1.47377739e+01 -9.23678317e-06 3.65995633e-05
1.47588881e+01 -9.23678317e-06 3.75211811e-05
1.47800024e+01 -9.23678317e-06 3.84192063e-05
1.48011167e+01 -9.23678317e-06 3.92922672e-05
1.48222310e+01 -9.23678317e-06 4.01390491e-05
1.48433453e+01 -9.23678317e-06 4.09582942e-05
1.48644596e+01 -9.23678317e-06 4.17488010e-05
1.48855739e+01 -9.23678317e-06 4.25094245e-05
1.49066882e+01 -9.23678317e-06 4.32390755e-05
1.49278025e+01 -9.23678317e-06 4.39367207e-05
1.49489167e+01 -9.23678317e-06 4.46013824e-05
1.49700310e+01 -9.23678317e-06 4.52321386e-05
1.49911453e+01 -9.23678317e-06 4.58281224e-05
1.50122596e+01 -9.23678317e-06 4.63885223e-05
1.50333739e+01 -9.23678317e-06 4.69125817e-05
1.50544882e+01 -9.23678317e-06 4.73995991e-05
1.50756025e+01 -9.23678317e-06 4.78489279e-05
1.50967168e+01 -9.23678317e-06 4.82599760e-05
1.51178311e+01 -9.23678317e-06 4.86322061e-05
1.51389453e+01 -9.23678317e-06 4.89651355e-05
1.51600596e+01 -9.23678317e-06 4.92583359e-05
1.51811739e+01 -9.23678317e-06 4.95114334e-05
1.52022882e+01 -9.23678317e-06 4.97241082e-05
1.52234025e+01 -9.23678317e-06 4.98960950e-05
1.52445168e+01 -9.23678317e-06 5.00271826e-05
1.52656311e+01 -9.23678317e-06 5.01172137e-05
1.52867454e+01 -9.23678317e-06 5.01660852e-05
1.53078597e+01 -9.23678317e-06 5.01737478e-05
1.53289740e+01 -9.23678317e-06 5.01402062e-05
1.53500882e+01 -9.23678317e-06 5.00655190e-05
1.53712025e+01 -9.23678317e-06 4.99497983e-05
1.53923168e+01 -9.23678317e-06 4.97932102e-05
1.54134311e+01 -9.23678317e-06 4.95959744e-05
1.54345454e+01 -9.23678317e-06 4.93583642e-05
1.54556597e+01 -9.23678317e-06 4.90807066e-05
1.54767740e+01 -9.23678317e-06 4.87633820e-05
1.54978883e+01 -9.23678317e-06 4.84068245e-05
1.55190026e+01 -9.23678317e-06 4.80115215e-05
1.55401168e+01 -9.23678317e-06 4.75780140e-05
1.55612311e+01 -9.23678317e-06 4.71068965e-05
1.55823454e+01 -9.23678317e-06 4.65988168e-05
1.56034597e+01 -9.23678317e-06 4.60544762e-05
1.56245740e+01 -9.23678317e-06 4.54746293e-05
1.56456883e+01 -9.23678317e-06 4.48600844e-05
1.56668026e+01 -9.23678317e-06 4.42117030e-05
1.56879169e+01 -9.23678317e-06 4.35303999e-05
1.57090312e+01 -9.23678317e-06 4.28171439e-05
1.57301454e+01 -9.23678317e-06 4.20729569e-05
1.57512597e+01 -9.23678317e-06 4.12989144e-05
1.57723740e+01 -9.23678317e-06 4.04961458e-05
1.57934883e+01 -9.23678317e-06 3.96658340e-05
1.58146026e+01 -9.23678317e-06 3.88092159e-05
1.58357169e+01 -9.23678317e-06 3.79275823e-05
1.58568312e+01 -9.23678317e-06 3.70222782e-05
1.58779455e+01 -9.23678317e-06 3.60947029e-05
1.58990598e+01 -9.23678317e-06 3.51463104e-05
1.59201740e+01 -9.23678317e-06 3.41786093e-05
1.59412883e+01 -9.23678317e-06 3.31931634e-05
1.59624026e+01 -9.23678317e-06 3.21915924e-05
1.59835169e+01 -9.23678317e-06 3.11755715e-05
1.60046312e+01 -9.23678317e-06 3.01468327e-05
1.60257455e+01 -9.23678317e-06 2.91071653e-05
1.60468598e+01 -9.23678317e-06 2.80584163e-05
1.60679741e+01 -9.23678317e-06 2.70024917e-05
1.60890884e+01 -9.23678317e-06 2.59413573e-05
1.61102027e+01 -9.23678317e-06 2.48770402e-05
1.61313169e+01 -9.23678317e-06 2.38116300e-05
1.61524312e+01 -9.23678317e-06 2.27472811e-05
1.61735455e+01 -9.23678317e-06 2.16862141e-05
1.61946598e+01 -9.23678317e-06 2.06307190e-05
1.62157741e+01 -9.23678317e-06 1.95831579e-05
1.62368884e+01 -9.23678317e-06 1.85459683e-05
1.62580027e+01 -9.23678317e-06 1.75216677e-05
1.62791170e+01 -9.23678317e-06 1.65128584e-05
1.63002313e+01 -9.23678317e-06 1.55222324e-05
1.63213455e+01 -9.23678317e-06 1.45525787e-05
1.63424598e+01 -9.23678317e-06 1.36067892e-05
1.63635741e+01 -9.23678317e-06 1.26878666e-05
1.63846884e+01 -9.23678317e-06 1.17989305e-05
1.64058027e+01 -9.23678317e-06 1.09432229e-05
1.64269170e+01 -9.23678317e-06 1.01241093e-05
1.64480313e+01 -9.23678317e-06 9.34507223e-06
1.64691456e+01 -9.23678317e-06 8.60969236e-06
1.64902599e+01 -9.23678317e-06 7.92160710e-06
1.65113741e+01 -9.23678317e-06 7.28443644e-06
1.65324884e+01 -9.23678317e-06 6.70166086e-06
1.65536027e+01 -9.23678317e-06 6.17643748e-06
1.65747170e+01 -9.23678317e-06 5.71134786e-06
1.65958313e+01 -9.23678317e-06 5.30809125e-06
1.66169456e+01 -9.23678317e-06 4.96717250e-06
1.66380599e+01 -9.23678317e-06 4.68767874e-06
1.66591742e+01 -9.23678317e-06 4.46727064e-06
1.66802885e+01 -9.23678317e-06 4.30250090e-06
1.67014027e+01 -9.23678317e-06 4.18949878e-06
1.67225170e+01 -9.23678317e-06 4.12494360e-06
1.67436313e+01 -9.23678317e-06 4.10699584e-06
1.67647456e+01 -9.23678317e-06 4.13442886e-06
1.67858599e+01 -9.23678317e-06 4.20750143e-06
1.68069742e+01 -9.23678317e-06 4.32878052e-06
1.68280885e+01 -9.23678317e-06 4.50230923e-06
1.68492028e+01 -9.23678317e-06 4.73262446e-06
1.68703171e+01 -9.23678317e-06 5.02385679e-06
1.68914314e+01 -9.23678317e-06 5.37908338e-06
1.69125456e+01 -9.23678317e-06 5.80001440e-06
1.69336599e+01 -9.23678317e-06 6.28698709e-06
1.69547742e+01 -9.23678317e-06 6.83916703e-06
1.69758885e+01 -9.23678317e-06 7.45484016e-06
1.69970028e+01 -9.23678317e-06 8.13170501e-06
1.70181171e+01 -9.23678317e-06 8.86711615e-06
1.70392314e+01 -9.23678317e-06 9.65826367e-06
1.70603457e+01 -9.23678317e-06 1.05022934e-05
1.70814600e+01 -9.23678317e-06 1.13963809e-05
1.71025742e+01 -9.23678317e-06 1.23377728e-05
1.71236885e+01 -9.23678317e-06 1.33238065e-05
1.71448028e+01 -9.23678317e-06 1.43519168e-05
1.71659171e+01 -9.23678317e-06 1.54196351e-05
1.71870314e+01 -9.23678317e-06 1.65245846e-05
1.72081457e+01 -9.23678317e-06 1.76644736e-05
1.72292600e+01 -9.23678317e-06 1.88370887e-05
1.72503743e+01 -9.23678317e-06 2.00402875e-05
1.72714886e+01 -9.23678317e-06 2.12719929e-05
1.72926028e+01 -9.23678317e-06 2.25301870e-05
1.73137171e+01 -9.23678317e-06 2.38129067e-05
1.73348314e+01 -9.23678317e-06 2.51182388e-05
1.73559457e+01 -9.23678317e-06 2.64443171e-05
1.73770600e+01 -9.23678317e-06 2.77893190e-05
1.73981743e+01 -9.23678317e-06 2.91514628e-05
1.74192886e+01 -9.23678317e-06 3.05290057e-05
1.74404029e+01 -9.23678317e-06 3.19202418e-05
1.74615172e+01 -9.23678317e-06 3.33235007e-05
1.74826314e+01 -9.23678317e-06 3.47371458e-05
1.75037457e+01 -9.23678317e-06 3.61595736e-05
1.75248600e+01 -9.23678317e-06 3.75892123e-05
1.75459743e+01 -9.23678317e-06 3.90245212e-05
1.75670886e+01 -9.23678317e-06 4.04639900e-05
1.75882029e+01 -9.23678317e-06 4.19061380e-05
1.76093172e+01 -9.23678317e-06 4.33495139e-05
1.76304315e+01 -9.23678317e-06 4.47926948e-05
1.76515458e+01 -9.23678317e-06 4.62342864e-05
1.76726601e+01 -9.23678317e-06 4.76729222e-05
1.76937743e+01 -9.23678317e-06 4.91072635e-05
1.77148886e+01 -9.23678317e-06 5.05359988e-05
1.77360029e+01 -9.23678317e-06 5.19578439e-05
1.77571172e+01 -9.23678317e-06 5.33715416e-05
1.77782315e+01 -9.23678317e-06 5.47758614e-05
1.77993458e+01 -9.23678317e-06 5.61695994e-05
1.78204601e+01 -9.23678317e-06 5.75515781e-05
1.78415744e+01 -9.23678317e-06 5.89206463e-05
1.78626887e+01 -9.23678317e-06 6.02756792e-05
1.78838029e+01 -9.23678317e-06 6.16155780e-05
1.79049172e+01 -9.23678317e-06 6.29392696e-05
1.79260315e+01 -9.23678317e-06 6.42457073e-05
1.79471458e+01 -9.23678317e-06 6.55338699e-05
1.79682601e+01 -9.23678317e-06 6.68027620e-05
1.79893744e+01 -9.23678317e-06 6.80514140e-05
1.80104887e+01 -9.23678317e-06 6.92788817e-05
1.80316030e+01 -9.23678317e-06 7.04842466e-05
1.80527173e+01 -9.23678317e-06 7.16666156e-05
1.80738315e+01 -9.23678317e-06 7.28251213e-05
1.80949458e+01 -9.23678317e-06 7.39589214e-05
1.81160601e+01 -9.23678317e-06 7.50671990e-05
1.81371744e+01 -9.23678317e-06 7.61491626e-05
1.81582887e+01 -9.23678317e-06 7.72040460e-05
1.81794030e+01 -9.23678317e-06 7.82311081e-05
1.82005173e+01 -9.23678317e-06 7.92296331e-05
1.82216316e+01 -9.23678317e-06 8.01989301e-05
1.82427459e+01 -9.23678317e-06 8.11383338e-05
1.82638601e+01 -9.23678317e-06 8.20472035e-05
1.82849744e+01 -9.23678317e-06 8.29249238e-05
1.83060887e+01 -9.23678317e-06 8.37709043e-05
1.83272030e+01 -9.23678317e-06 8.45845796e-05
1.83483173e+01 -9.23678317e-06 8.53654091e-05
1.83694316e+01 -9.23678317e-06 8.61128774e-05
1.83905459e+01 -9.23678317e-06 8.68264938e-05
1.84116602e+01 -9.23678317e-06 8.75057925e-05
1.84327745e+01 -9.23678317e-06 8.81503328e-05
1.84538888e+01 -9.23678317e-06 8.87596985e-05
1.84750030e+01 -9.23678317e-06 8.93334985e-05
1.84961173e+01 -9.23678317e-06 8.98713661e-05
1.85172316e+01 -9.23678317e-06 9.03729598e-05
1.85383459e+01 -9.23678317e-06 9.08379626e-05
1.85594602e+01 -9.23678317e-06 9.12660821e-05
1.85805745e+01 -9.23678317e-06 9.16570509e-05
1.86016888e+01 -9.23678317e-06 9.20106261e-05
1.86228031e+01 -9.23678317e-06 9.23265894e-05
1.86439174e+01 -9.23678317e-06 9.26047472e-05
1.86650316e+01 -9.23678317e-06 9.28449304e-05
1.86861459e+01 -9.23678317e-06 9.30469947e-05
1.87072602e+01 -9.23678317e-06 9.32108203e-05
1.87283745e+01 -9.23678317e-06 9.33363117e-05
1.87494888e+01 -9.23678317e-06 9.34233981e-05
1.87706031e+01 -9.23678317e-06 9.34720335e-05
1.87917174e+01 -9.23678317e-06 9.34821958e-05
1.88128317e+01 -9.23678317e-06 9.34538878e-05
1.88339460e+01 -9.23678317e-06 9.33871367e-05
1.88550602e+01 -9.23678317e-06 9.32819939e-05
1.88761745e+01 -9.23678317e-06 9.31385356e-05
1.88972888e+01 -9.23678317e-06 9.29568619e-05
1.89184031e+01 -9.23678317e-06 9.27370978e-05
1.89395174e+01 -9.23678317e-06 9.24793923e-05
1.89606317e+01 -9.23678317e-06 9.21839188e-05
1.89817460e+01 -9.23678317e-06 9.18508752e-05
1.90028603e+01 -9.23678317e-06 9.14804837e-05
1.90239746e+01 -9.23678317e-06 9.10729905e-05
1.90450888e+01 -9.23678317e-06 9.06286663e-05
1.90662031e+01 -9.23678317e-06 9.01478063e-05
1.90873174e+01 -9.23678317e-06 8.96307294e-05
1.91084317e+01 -9.23678317e-06 8.90777793e-05
1.91295460e+01 -9.23678317e-06 8.84893236e-05
1.91506603e+01 -9.23678317e-06 8.78657541e-05
1.91717746e+01 -9.23678317e-06 8.72074870e-05
1.91928889e+01 -9.23678317e-06 8.65149626e-05
1.92140032e+01 -9.23678317e-06 8.57886452e-05
1.92351175e+01 -9.23678317e-06 8.50290235e-05
1.92562317e+01 -9.23678317e-06 8.42366102e-05
1.92773460e+01 -9.23678317e-06 8.34119423e-05
1.92984603e+01 -9.23678317e-06 8.25555808e-05
1.93195746e+01 -9.23678317e-06 8.16681108e-05
1.93406889e+01 -9.23678317e-06 8.07501417e-05
1.93618032e+01 -9.23678317e-06 7.98023068e-05
1.93829175e+01 -9.23678317e-06 7.88252635e-05
1.94040318e+01 -9.23678317e-06 7.78196935e-05
1.94251461e+01 -9.23678317e-06 7.67863025e-05
1.94462603e+01 -9.23678317e-06 7.57258202e-05
1.94673746e+01 -9.23678317e-06 7.46390004e-05
1.94884889e+01 -9.23678317e-06 7.35266212e-05
1.95096032e+01 -9.23678317e-06 7.23894846e-05
1.95307175e+01 -9.23678317e-06 7.12284166e-05
1.95518318e+01 -9.23678317e-06 7.00442676e-05
1.95729461e+01 -9.23678317e-06 6.88379119e-05
1.95940604e+01 -9.23678317e-06 6.76102481e-05
1.96151747e+01 -9.23678317e-06 6.63621986e-05
1.96362889e+01 -9.23678317e-06 6.50947103e-05
1.96574032e+01 -9.23678317e-06 6.38087543e-05
1.96785175e+01 -9.23678317e-06 6.25053256e-05
1.96996318e+01 -9.23678317e-06 6.11854438e-05
1.97207461e+01 -9.23678317e-06 5.98501524e-05
1.97418604e+01 -9.23678317e-06 5.85005197e-05
1.97629747e+01 -9.23678317e-06 5.71376379e-05
1.97840890e+01 -9.23678317e-06 5.57626239e-05
1.98052033e+01 -9.23678317e-06 5.43766191e-05
1.98263176e+01 -9.23678317e-06 5.29807896e-05
1.98474318e+01 -9.23678317e-06 5.15763258e-05
1.98685461e+01 -9.23678317e-06 5.01644434e-05
1.98896604e+01 -9.23678317e-06 4.87463826e-05
1.99107747e+01 -9.23678317e-06 4.73234090e-05
1.99318890e+01 -9.23678317e-06 4.58968132e-05
1.99530033e+01 -9.23678317e-06 4.44679114e-05
1.99741176e+01 -9.23678317e-06 4.30380455e-05
1.99952319e+01 -9.23678317e-06 4.16085832e-05
2.00163462e+01 -9.23678317e-06 4.01809186e-05
2.00374604e+01 -9.23678317e-06 3.87564722e-05
2.00585747e+01 -9.23678317e-06 3.73366917e-05
2.00796890e+01 -9.23678317e-06 3.59230523e-05
2.01008033e+01 -9.23678317e-06 3.45170572e-05
2.01219176e+01 -9.23678317e-06 3.31202385e-05
2.01430319e+01 -9.23678317e-06 3.17341577e-05
2.01641462e+01 -9.23678317e-06 3.03604068e-05
2.01852605e+01 -9.23678317e-06 2.90006092e-05
2.02063748e+01 -9.23678317e-06 2.76564214e-05
2.02274890e+01 -9.23678317e-06 2.63295338e-05
2.02486033e+01 -9.23678317e-06 2.50216730e-05
2.02697176e+01 -9.23678317e-06 2.37346038e-05
2.02908319e+01 -9.23678317e-06 2.24701314e-05
2.03119462e+01 -9.23678317e-06 2.12301045e-05
2.03330605e+01 -9.23678317e-06 2.00164183e-05
2.03541748e+01 -9.23678317e-06 1.88310188e-05
2.03752891e+01 -9.23678317e-06 1.76759068e-05
2.03964034e+01 -9.23678317e-06 1.65531433e-05
2.04175176e+01 -9.23678317e-06 1.54648547e-05
2.04386319e+01 -9.23678317e-06 1.44132391e-05
2.04597462e+01 -9.23678317e-06 1.34005718e-05
2.04808605e+01 -9.23678317e-06 1.24292106e-05
2.05019748e+01 -9.23678317e-06 1.15015992e-05
2.05230891e+01 -9.23678317e-06 1.06202659e-05
2.05442034e+01 -9.23678317e-06 9.78781605e-06
2.05653177e+01 -9.23678317e-06 9.00691072e-06
2.05864320e+01 -9.23678317e-06 8.28022710e-06
2.06075463e+01 -9.23678317e-06 7.61038901e-06
2.06286605e+01 -9.23678317e-06 6.99985724e-06
2.06497748e+01 -9.23678317e-06 6.45076969e-06
2.06708891e+01 -9.23678317e-06 5.96472818e-06
2.06920034e+01 -9.23678317e-06 5.54254565e-06
2.07131177e+01 -9.23678317e-06 5.18399476e-06
2.07342320e+01 -9.23678317e-06 4.88763181e-06
2.07553463e+01 -9.23678317e-06 4.65079196e-06
2.07764606e+01 -9.23678317e-06 4.46984034e-06
2.07975749e+01 -9.23678317e-06 4.34070859e-06
2.08186891e+01 -9.23678317e-06 4.25965840e-06
2.08398034e+01 -9.23678317e-06 4.22356113e-06
2.08609177e+01 -9.23678317e-06 4.22980738e-06
2.08820320e+01 -9.23678317e-06 4.27782713e-06
2.09031463e+01 -9.23678317e-06 4.36912219e-06
2.09242606e+01 -9.23678317e-06 4.50678898e-06
2.09453749e+01 -9.23678317e-06 4.69485680e-06
2.09664892e+01 -9.23678317e-06 4.93756971e-06
2.09876035e+01 -9.23678317e-06 5.23874904e-06
2.10087177e+01 -9.23678317e-06 5.60134454e-06
2.10298320e+01 -9.23678317e-06 6.02722096e-06
2.10509463e+01 -9.23678317e-06 6.51715796e-06
2.10720606e+01 -9.23678317e-06 7.07099611e-06
2.10931749e+01 -9.23678317e-06 7.68785082e-06
2.11142892e+01 -9.23678317e-06 8.36633180e-06
2.11354035e+01 -9.23678317e-06 9.10473193e-06
2.11565178e+01 -9.23678317e-06 9.90117214e-06
2.11776321e+01 -9.23678317e-06 1.07537028e-05
2.11987463e+01 -9.23678317e-06 1.16603700e-05
2.12198606e+01 -9.23678317e-06 1.26192542e-05
2.12409749e+01 -9.23678317e-06 1.36284925e-05
2.12620892e+01 -9.23678317e-06 1.46862869e-05
2.12832035e+01 -9.23678317e-06 1.57909074e-05
2.13043178e+01 -9.23678317e-06 1.69406891e-05
2.13254321e+01 -9.23678317e-06 1.81340288e-05
2.13465464e+01 -9.23678317e-06 1.93693792e-05
2.13676607e+01 -9.23678317e-06 2.06452444e-05
2.13887750e+01 -9.23678317e-06 2.19601739e-05
2.14098892e+01 -9.23678317e-06 2.33127588e-05
2.14310035e+01 -9.23678317e-06 2.47016270e-05
2.14521178e+01 -9.23678317e-06 2.61254400e-05
2.14732321e+01 -9.23678317e-06 2.75828892e-05
2.14943464e+01 -9.23678317e-06 2.90726937e-05
2.15154607e+01 -9.23678317e-06 3.05935973e-05
2.15365750e+01 -9.23678317e-06 3.21443671e-05
2.15576893e+01 -9.23678317e-06 3.37237914e-05
2.15788036e+01 -9.23678317e-06 3.53306782e-05
2.15999178e+01 -9.23678317e-06 3.69638543e-05
2.16210321e+01 -9.23678317e-06 3.86221636e-05
2.16421464e+01 -9.23678317e-06 4.03044669e-05
2.16632607e+01 -9.23678317e-06 4.20096403e-05
2.16843750e+01 -9.23678317e-06 4.37365754e-05
2.17054893e+01 -9.23678317e-06 4.54841780e-05
2.17266036e+01 -9.23678317e-06 4.72513678e-05
2.17477179e+01 -9.23678317e-06 4.90370782e-05
2.17688322e+01 -9.23678317e-06 5.08402556e-05
2.17899464e+01 -9.23678317e-06 5.26598592e-05
2.18110607e+01 -9.23678317e-06 5.44948608e-05
2.18321750e+01 -9.23678317e-06 5.63442444e-05
2.18532893e+01 -9.23678317e-06 5.82070059e-05
2.18744036e+01 -9.23678317e-06 6.00821533e-05
2.18955179e+01 -9.23678317e-06 6.19687061e-05
2.19166322e+01 -9.23678317e-06 6.38656952e-05
2.19377465e+01 -9.23678317e-06 6.57721632e-05
2.19588608e+01 -9.23678317e-06 6.76871638e-05
2.19799750e+01 -9.23678317e-06 6.96097617e-05
2.20010893e+01 -9.23678317e-06 7.15390329e-05
2.20222036e+01 -9.23678317e-06 7.34740643e-05
2.20433179e+01 -9.23678317e-06 7.54139536e-05
2.20644322e+01 -9.23678317e-06 7.73578096e-05
2.20855465e+01 -9.23678317e-06 7.93047516e-05
2.21066608e+01 -9.23678317e-06 8.12539097e-05
2.21277751e+01 -9.23678317e-06 8.32044247e-05
2.21488894e+01 -9.23678317e-06 8.51554481e-05
2.21700037e+01 -9.23678317e-06 8.71061418e-05
2.21911179e+01 -9.23678317e-06 8.90556783e-05
2.22122322e+01 -9.23678317e-06 9.10032407e-05
2.22333465e+01 -9.23678317e-06 9.29480225e-05
2.22544608e+01 -9.23678317e-06 9.48892276e-05
2.22755751e+01 -9.23678317e-06 9.68260705e-05
2.22966894e+01 -9.23678317e-06 9.87577759e-05
2.23178037e+01 -9.23678317e-06 1.00683579e-04
2.23389180e+01 -9.23678317e-06 1.02602725e-04
2.23600323e+01 -9.23678317e-06 1.04514470e-04
2.23811465e+01 -9.23678317e-06 1.06418080e-04
2.24022608e+01 -9.23678317e-06 1.08312832e-04
2.24233751e+01 -9.23678317e-06 1.10198011e-04
2.24444894e+01 -9.23678317e-06 1.12072916e-04
2.24656037e+01 -9.23678317e-06 1.13936852e-04
2.24867180e+01 -9.23678317e-06 1.15789138e-04
2.25078323e+01 -9.23678317e-06 1.17629102e-04
2.25289466e+01 -9.23678317e-06 1.19456080e-04
2.25500609e+01 -9.23678317e-06 1.21269421e-04
2.25711751e+01 -9.23678317e-06 1.23068483e-04
2.25922894e+01 -9.23678317e-06 1.24852634e-04
2.26134037e+01 -9.23678317e-06 1.26621254e-04
2.26345180e+01 -9.23678317e-06 1.28373729e-04
2.26556323e+01 -9.23678317e-06 1.30109460e-04
2.26767466e+01 -9.23678317e-06 1.31827854e-04
2.26978609e+01 -9.23678317e-06 1.33528331e-04
2.27189752e+01 -9.23678317e-06 1.35210320e-04
2.27400895e+01 -9.23678317e-06 1.36873261e-04
2.27612037e+01 -9.23678317e-06 1.38516601e-04
2.27823180e+01 -9.23678317e-06 1.40139801e-04
2.28034323e+01 -9.23678317e-06 1.41742329e-04
2.28245466e+01 -9.23678317e-06 1.43323666e-04
2.28456609e+01 -9.23678317e-06 1.44883300e-04
2.28667752e+01 -9.23678317e-06 1.46420732e-04
2.28878895e+01 -9.23678317e-06 1.47935470e-04
2.29090038e+01 -9.23678317e-06 1.49427035e-04
2.29301181e+01 -9.23678317e-06 1.50894955e-04
2.29512324e+01 -9.23678317e-06 1.52338770e-04
2.29723466e+01 -9.23678317e-06 1.53758030e-04
2.29934609e+01 -9.23678317e-06 1.55152294e-04
2.30145752e+01 -9.23678317e-06 1.56521133e-04
2.30356895e+01 -9.23678317e-06 1.57864124e-04
2.30568038e+01 -9.23678317e-06 1.59180859e-04
2.30779181e+01 -9.23678317e-06 1.60470936e-04
2.30990324e+01 -9.23678317e-06 1.61733964e-04
2.31201467e+01 -9.23678317e-06 1.62969564e-04
2.31412610e+01 -9.23678317e-06 1.64177364e-04
2.31623752e+01 -9.23678317e-06 1.65357004e-04
2.31834895e+01 -9.23678317e-06 1.66508132e-04
2.32046038e+01 -9.23678317e-06 1.67630409e-04
2.32257181e+01 -9.23678317e-06 1.68723502e-04
2.32468324e+01 -9.23678317e-06 1.69787091e-04
2.32679467e+01 -9.23678317e-06 1.70820865e-04
2.32890610e+01 -9.23678317e-06 1.71824523e-04
2.33101753e+01 -9.23678317e-06 1.72797772e-04
2.33312896e+01 -9.23678317e-06 1.73740333e-04
2.33524038e+01 -9.23678317e-06 1.74651932e-04
2.33735181e+01 -9.23678317e-06 1.75532309e-04
2.33946324e+01 -9.23678317e-06 1.76381211e-04
2.34157467e+01 -9.23678317e-06 1.77198397e-04
2.34368610e+01 -9.23678317e-06 1.77983634e-04
2.34579753e+01 -9.23678317e-06 1.78736701e-04
2.34790896e+01 -9.23678317e-06 1.79457384e-04
2.35002039e+01 -9.23678317e-06 1.80145482e-04
2.35213182e+01 -9.23678317e-06 1.80800801e-04
2.35424324e+01 -9.23678317e-06 1.81423159e-04
2.35635467e+01 -9.23678317e-06 1.82012382e-04
2.35846610e+01 -9.23678317e-06 1.82568308e-04
2.36057753e+01 -9.23678317e-06 1.83090783e-04
2.36268896e+01 -9.23678317e-06 1.83579664e-04
2.36480039e+01 -9.23678317e-06 1.84034815e-04
2.36691182e+01 -9.23678317e-06 1.84456115e-04
2.36902325e+01 -9.23678317e-06 1.84843448e-04
2.37113468e+01 -9.23678317e-06 1.85196709e-04
2.37324611e+01 -9.23678317e-06 1.85515805e-04
2.37535753e+01 -9.23678317e-06 1.85800651e-04
2.37746896e+01 -9.23678317e-06 1.86051171e-04
2.37958039e+01 -9.23678317e-06 1.86267300e-04
2.38169182e+01 -9.23678317e-06 1.86448982e-04
2.38380325e+01 -9.23678317e-06 1.86596173e-04
2.38591468e+01 -9.23678317e-06 1.86708835e-04
2.38802611e+01 -9.23678317e-06 1.86786943e-04
2.39013754e+01 -9.23678317e-06 1.86830479e-04
2.39224897e+01 -9.23678317e-06 1.86839438e-04
2.39436039e+01 -9.23678317e-06 1.86813821e-04
2.39647182e+01 -9.23678317e-06 1.86753643e-04
2.39858325e+01 -9.23678317e-06 1.86658924e-04
2.40069468e+01 -9.23678317e-06 1.86529698e-04
2.40280611e+01 -9.23678317e-06 1.86366006e-04
2.40491754e+01 -9.23678317e-06 1.86167899e-04
2.40702897e+01 -9.23678317e-06 1.85935440e-04
2.40914040e+01 -9.23678317e-06 1.85668698e-04
2.41125183e+01 -9.23678317e-06 1.85367754e-04
2.41336325e+01 -9.23678317e-06 1.85032699e-04
2.41547468e+01 -9.23678317e-06 1.84663633e-04
2.41758611e+01 -9.23678317e-06 1.84260666e-04
2.41969754e+01 -9.23678317e-06 1.83823916e-04
2.42180897e+01 -9.23678317e-06 1.83353514e-04
2.42392040e+01 -9.23678317e-06 1.82849596e-04
2.42603183e+01 -9.23678317e-06 1.82312313e-04
2.42814326e+01 -9.23678317e-06 1.81741822e-04
2.43025469e+01 -9.23678317e-06 1.81138291e-04
2.43236611e+01 -9.23678317e-06 1.80501896e-04
2.43447754e+01 -9.23678317e-06 1.79832826e-04
2.43658897e+01 -9.23678317e-06 1.79131276e-04
2.43870040e+01 -9.23678317e-06 1.78397454e-04
2.44081183e+01 -9.23678317e-06 1.77631574e-04
2.44292326e+01 -9.23678317e-06 1.76833862e-04
2.44503469e+01 -9.23678317e-06 1.76004555e-04
2.44714612e+01 -9.23678318e-06 1.75143895e-04
2.44925755e+01 -9.23678317e-06 1.74252138e-04
2.45136898e+01 -9.23678318e-06 1.73329548e-04
2.45348040e+01 -9.23678317e-06 1.72376399e-04
2.45559183e+01 -9.23678317e-06 1.71392973e-04
2.45770326e+01 -9.23678317e-06 1.70379563e-04
2.45981469e+01 -9.23678317e-06 1.69336472e-04
2.46192612e+01 -9.23678317e-06 1.68264013e-04
2.46403755e+01 -9.23678317e-06 1.67162505e-04
2.46614898e+01 -9.23678317e-06 1.66032281e-04
2.46826041e+01 -9.23678318e-06 1.64873682e-04
2.47037184e+01 -9.23678318e-06 1.63687057e-04
2.47248326e+01 -9.23678318e-06 1.62472767e-04
2.47459469e+01 -9.23678318e-06 1.61231181e-04
2.47670612e+01 -9.23678318e-06 1.59962679e-04
2.47881755e+01 -9.23678318e-06 1.58667648e-04
2.48092898e+01 -9.23678318e-06 1.57346487e-04
2.48304041e+01 -9.23678317e-06 1.55999604e-04
2.48515184e+01 -9.23678317e-06 1.54627416e-04
2.48726327e+01 -9.23678317e-06 1.53230350e-04
2.48937470e+01 -9.23678318e-06 1.51808842e-04
2.49148612e+01 -9.23678317e-06 1.50363338e-04
2.49359755e+01 -9.23678318e-06 1.48894294e-04
2.49570898e+01 -9.23678317e-06 1.47402175e-04
2.49782041e+01 -9.23678317e-06 1.45887455e-04
2.49993184e+01 -9.23678317e-06 1.44350619e-04
2.50204327e+01 -9.23678317e-06 1.42792159e-04
2.50415470e+01 -9.23678317e-06 1.41212579e-04
2.50626613e+01 -9.23678317e-06 1.39612392e-04
2.50837756e+01 -9.23678317e-06 1.37992121e-04
2.51048898e+01 -9.23678317e-06 1.36352295e-04
2.51260041e+01 -9.23678317e-06 1.34693458e-04
2.51471184e+01 -9.23678317e-06 1.33016159e-04
2.51682327e+01 -9.23678317e-06 1.31320960e-04
2.51893470e+01 -9.23678317e-06 1.29608429e-04
2.52104613e+01 -9.23678317e-06 1.27879146e-04
2.52315756e+01 -9.23678317e-06 1.26133700e-04
2.52526899e+01 -9.23678317e-06 1.24372689e-04
2.52738042e+01 -9.23678317e-06 1.22596721e-04
2.52949185e+01 -9.23678317e-06 1.20806414e-04
2.53160327e+01 -9.23678317e-06 1.19002394e-04
2.53371470e+01 -9.23678317e-06 1.17185298e-04
2.53582613e+01 -9.23678317e-06 1.15355771e-04
2.53793756e+01 -9.23678317e-06 1.13514470e-04
2.54004899e+01 -9.23678317e-06 1.11662058e-04
2.54216042e+01 -9.23678317e-06 1.09799211e-04
2.54427185e+01 -9.23678317e-06 1.07926613e-04
2.54638328e+01 -9.23678317e-06 1.06044957e-04
2.54849471e+01 -9.23678317e-06 1.04154946e-04
2.55060613e+01 -9.23678317e-06 1.02257292e-04
2.55271756e+01 -9.23678317e-06 1.00352719e-04
2.55482899e+01 -9.23678317e-06 9.84419578e-05
2.55694042e+01 -9.23678317e-06 9.65257494e-05
2.55905185e+01 -9.23678317e-06 9.46048450e-05
2.56116328e+01 -9.23678317e-06 9.26800050e-05
2.56327471e+01 -9.23678317e-06 9.07519996e-05
2.56538614e+01 -9.23678317e-06 8.88216084e-05
2.56749757e+01 -9.23678317e-06 8.68896208e-05
2.56960899e+01 -9.23678317e-06 8.49568358e-05
2.57172042e+01 -9.23678317e-06 8.30240620e-05
2.57383185e+01 -9.23678317e-06 8.10921178e-05
2.57594328e+01 -9.23678317e-06 7.91618313e-05
2.57805471e+01 -9.23678317e-06 7.72340403e-05
2.58016614e+01 -9.23678317e-06 7.53095925e-05
2.58227757e+01 -9.23678317e-06 7.33893453e-05
2.58438900e+01 -9.23678317e-06 7.14741661e-05
2.58650043e+01 -9.23678317e-06 6.95649321e-05
2.58861185e+01 -9.23678317e-06 6.76625306e-05
2.59072328e+01 -9.23678317e-06 6.57678588e-05
2.59283471e+01 -9.23678317e-06 6.38818241e-05
2.59494614e+01 -9.23678317e-06 6.20053441e-05
2.59705757e+01 -9.23678317e-06 6.01393467e-05
2.59916900e+01 -9.23678317e-06 5.82847701e-05
2.60128043e+01 -9.23678317e-06 5.64425630e-05
2.60339186e+01 -9.23678318e-06 5.46136848e-05
2.60550329e+01 -9.23678317e-06 5.27991056e-05
2.60761472e+01 -9.23678318e-06 5.09998066e-05
2.60972614e+01 -9.23678318e-06 4.92167801e-05
2.61183757e+01 -9.23678318e-06 4.74510297e-05
2.61394900e+01 -9.23678318e-06 4.57035707e-05
2.61606043e+01 -9.23678318e-06 4.39754303e-05
2.61817186e+01 -9.23678318e-06 4.22676481e-05
2.62028329e+01 -9.23678318e-06 4.05812764e-05
2.62239472e+01 -9.23678317e-06 3.89173803e-05
2.62450615e+01 -9.23678317e-06 3.72770390e-05
2.62661758e+01 -9.23678317e-06 3.56613458e-05
2.62872900e+01 -9.23678318e-06 3.40714089e-05
2.63084043e+01 -9.23678318e-06 3.25083525e-05
2.63295186e+01 -9.23678317e-06 3.09733175e-05
2.63506329e+01 -9.23678317e-06 2.94674627e-05
2.63717472e+01 -9.23678317e-06 2.79919660e-05
2.63928615e+01 -9.23678317e-06 2.65480264e-05
2.64139758e+01 -9.23678318e-06 2.51368649e-05
2.64350901e+01 -9.23678317e-06 2.37597274e-05
2.64562044e+01 -9.23678317e-06 2.24178864e-05
2.64773186e+01 -9.23678317e-06 2.11126443e-05
2.64984329e+01 -9.23678318e-06 1.98453359e-05
2.65195472e+01 -9.23678318e-06 1.86173323e-05
2.65406615e+01 -9.23678317e-06 1.74300447e-05
2.65617758e+01 -9.23678317e-06 1.62849282e-05
2.65828901e+01 -9.23678318e-06 1.51834861e-05
2.66040044e+01 -9.23678317e-06 1.41272741e-05
2.66251187e+01 -9.23678318e-06 1.31179030e-05
2.66462330e+01 -9.23678318e-06 1.21570401e-05
2.66673472e+01 -9.23678318e-06 1.12464070e-05
2.66884615e+01 -9.23678318e-06 1.03877713e-05
2.67095758e+01 -9.23678318e-06 9.58292978e-06
2.67306901e+01 -9.23678318e-06 8.83367657e-06
2.67518044e+01 -9.23678318e-06 8.14175212e-06
2.67729187e+01 -9.23678318e-06 7.50876453e-06
2.67940330e+01 -9.23678317e-06 6.93607802e-06
2.68151473e+01 -9.23678317e-06 6.42466622e-06
2.68362616e+01 -9.23678317e-06 5.97493759e-06
2.68573759e+01 -9.23678317e-06 5.58655537e-06
2.68784901e+01 -9.23678317e-06 5.25829365e-06
2.68996044e+01 -9.23678317e-06 4.98798778e-06
2.69207187e+01 -9.23678317e-06 4.77263715e-06
2.69418330e+01 -9.23678317e-06 4.60869649e-06
2.69629473e+01 -9.23678318e-06 4.49254462e-06
2.69840616e+01 -9.23678318e-06 4.42106727e-06
2.70051759e+01 -9.23678317e-06 4.39225182e-06
2.70262902e+01 -9.23678318e-06 4.40568272e-06
2.70474045e+01 -9.23678318e-06 4.46283991e-06
2.70685187e+01 -9.23678318e-06 4.56676146e-06
2.70896330e+01 -9.23678318e-06 4.72113027e-06
2.71107473e+01 -9.23678318e-06 4.93038784e-06
2.71318616e+01 -9.23678317e-06 5.19917520e-06
2.71529759e+01 -9.23678318e-06 5.53171373e-06
2.71740902e+01 -9.23678318e-06 5.93137085e-06
2.71952045e+01 -9.23678318e-06 6.40045591e-06
2.72163188e+01 -9.23678318e-06 6.94022362e-06
2.72374331e+01 -9.23678318e-06 7.55101755e-06
2.72585473e+01 -9.23678318e-06 8.23247785e-06
2.72796616e+01 -9.23678318e-06 8.98375329e-06
2.73007759e+01 -9.23678318e-06 9.80368303e-06
2.73218902e+01 -9.23678317e-06 1.06909356e-05
2.73430045e+01 -9.23678318e-06 1.16441066e-05
2.73641188e+01 -9.23678318e-06 1.26617815e-05
2.73852331e+01 -9.23678318e-06 1.37425735e-05
2.74063474e+01 -9.23678318e-06 1.48851443e-05
2.74274617e+01 -9.23678318e-06 1.60882123e-05
2.74485759e+01 -9.23678318e-06 1.73505551e-05
2.74696902e+01 -9.23678318e-06 1.86710074e-05
2.74908045e+01 -9.23678318e-06 2.00484570e-05
2.75119188e+01 -9.23678318e-06 2.14818394e-05
2.75330331e+01 -9.23678317e-06 2.29701332e-05
2.75541474e+01 -9.23678318e-06 2.45123549e-05
2.75752617e+01 -9.23678317e-06 2.61075546e-05
2.75963760e+01 -9.23678317e-06 2.77548114e-05
2.76174903e+01 -9.23678317e-06 2.94532303e-05
2.76386046e+01 -9.23678317e-06 3.12019390e-05
2.76597188e+01 -9.23678317e-06 3.30000850e-05
2.76808331e+01 -9.23678317e-06 3.48468337e-05
2.77019474e+01 -9.23678317e-06 3.67413658e-05
2.77230617e+01 -9.23678317e-06 3.86828762e-05
2.77441760e+01 -9.23678318e-06 4.06705723e-05
2.77652903e+01 -9.23678317e-06 4.27036727e-05
2.77864046e+01 -9.23678317e-06 4.47814065e-05
2.78075189e+01 -9.23678317e-06 4.69030118e-05
2.78286332e+01 -9.23678317e-06 4.90677354e-05
2.78497474e+01 -9.23678317e-06 5.12748321e-05
2.78708617e+01 -9.23678317e-06 5.35235639e-05
2.78919760e+01 -9.23678317e-06 5.58131997e-05
2.79130903e+01 -9.23678317e-06 5.81430146e-05
2.79342046e+01 -9.23678317e-06 6.05122901e-05
2.79553189e+01 -9.23678318e-06 6.29203131e-05
2.79764332e+01 -9.23678317e-06 6.53663761e-05
2.79975475e+01 -9.23678317e-06 6.78497768e-05
2.80186618e+01 -9.23678318e-06 7.03698178e-05
2.80397760e+01 -9.23678318e-06 7.29258066e-05
2.80608903e+01 -9.23678317e-06 7.55170552e-05
2.80820046e+01 -9.23678317e-06 7.81428802e-05
2.81031189e+01 -9.23678317e-06 8.08026026e-05
2.81242332e+01 -9.23678317e-06 8.34955475e-05
2.81453475e+01 -9.23678317e-06 8.62210444e-05
2.81664618e+01 -9.23678317e-06 8.89784267e-05
2.81875761e+01 -9.23678317e-06 9.17670318e-05
2.82086904e+01 -9.23678317e-06 9.45862011e-05
2.82298046e+01 -9.23678317e-06 9.74352799e-05
2.82509189e+01 -9.23678317e-06 1.00313617e-04
2.82720332e+01 -9.23678317e-06 1.03220565e-04
2.82931475e+01 -9.23678317e-06 1.06155482e-04
2.83142618e+01 -9.23678317e-06 1.09117726e-04
2.83353761e+01 -9.23678317e-06 1.12106662e-04
2.83564904e+01 -9.23678317e-06 1.15121657e-04
2.83776047e+01 -9.23678318e-06 1.18162083e-04
2.83987190e+01 -9.23678317e-06 1.21227313e-04
2.84198333e+01 -9.23678318e-06 1.24316727e-04
2.84409475e+01 -9.23678318e-06 1.27429705e-04
2.84620618e+01 -9.23678318e-06 1.30565632e-04
2.84831761e+01 -9.23678317e-06 1.33723898e-04
2.85042904e+01 -9.23678317e-06 1.36903895e-04
2.85254047e+01 -9.23678317e-06 1.40105017e-04
2.85465190e+01 -9.23678317e-06 1.43326664e-04
2.85676333e+01 -9.23678317e-06 1.46568237e-04
2.85887476e+01 -9.23678317e-06 1.49829144e-04
2.86098619e+01 -9.23678317e-06 1.53108792e-04
2.86309761e+01 -9.23678317e-06 1.56406594e-04
2.86520904e+01 -9.23678317e-06 1.59721967e-04
2.86732047e+01 -9.23678317e-06 1.63054328e-04
2.86943190e+01 -9.23678317e-06 1.66403102e-04
2.87154333e+01 -9.23678317e-06 1.69767713e-04
2.87365476e+01 -9.23678317e-06 1.73147591e-04
2.87576619e+01 -9.23678317e-06 1.76542168e-04
2.87787762e+01 -9.23678317e-06 1.79950881e-04
2.87998905e+01 -9.23678317e-06 1.83373168e-04
2.88210047e+01 -9.23678317e-06 1.86808472e-04
2.88421190e+01 -9.23678317e-06 1.90256239e-04
2.88632333e+01 -9.23678317e-06 1.93715917e-04
2.88843476e+01 -9.23678317e-06 1.97186961e-04
2.89054619e+01 -9.23678317e-06 2.00668824e-04
2.89265762e+01 -9.23678317e-06 2.04160965e-04
2.89476905e+01 -9.23678317e-06 2.07662849e-04
2.89688048e+01 -9.23678317e-06 2.11173939e-04
2.89899191e+01 -9.23678317e-06 2.14693704e-04
2.90110333e+01 -9.23678317e-06 2.18221617e-04
2.90321476e+01 -9.23678317e-06 2.21757154e-04
2.90532619e+01 -9.23678317e-06 2.25299791e-04
2.90743762e+01 -9.23678317e-06 2.28849013e-04
2.90954905e+01 -9.23678317e-06 2.32404303e-04
2.91166048e+01 -9.23678317e-06 2.35965150e-04
2.91377191e+01 -9.23678317e-06 2.39531046e-04
2.91588334e+01 -9.23678317e-06 2.43101486e-04
2.91799477e+01 -9.23678317e-06 2.46675967e-04
2.92010620e+01 -9.23678317e-06 2.50253992e-04
2.92221762e+01 -9.23678317e-06 2.53835065e-04
2.92432905e+01 -9.23678317e-06 2.57418693e-04
2.92644048e+01 -9.23678317e-06 2.61004388e-04
2.92855191e+01 -9.23678317e-06 2.64591665e-04
2.93066334e+01 -9.23678317e-06 2.68180040e-04
2.93277477e+01 -9.23678317e-06 2.71769035e-04
2.93488620e+01 -9.23678317e-06 2.75358174e-04
2.93699763e+01 -9.23678317e-06 2.78946984e-04
2.93910906e+01 -9.23678317e-06 2.82534995e-04
2.94122048e+01 -9.23678317e-06 2.86121742e-04
2.94333191e+01 -9.23678317e-06 2.89706761e-04
2.94544334e+01 -9.23678317e-06 2.93289592e-04
2.94755477e+01 -9.23678317e-06 2.96869779e-04
2.94966620e+01 -9.23678317e-06 3.00446869e-04
2.95177763e+01 -9.23678317e-06 3.04020411e-04
2.95388906e+01 -9.23678317e-06 3.07589958e-04
2.95600049e+01 -9.23678317e-06 3.11155066e-04
2.95811192e+01 -9.23678317e-06 3.14715296e-04
2.96022334e+01 -9.23678317e-06 3.18270209e-04
2.96233477e+01 -9.23678317e-06 3.21819372e-04
2.96444620e+01 -9.23678317e-06 3.25362354e-04
2.96655763e+01 -9.23678317e-06 3.28898726e-04
2.96866906e+01 -9.23678317e-06 3.32428065e-04
2.97078049e+01 -9.23678317e-06 3.35949948e-04
2.97289192e+01 -9.23678317e-06 3.39463959e-04
2.97500335e+01 -9.23678317e-06 3.42969682e-04
2.97711478e+01 -9.23678317e-06 3.46466705e-04
2.97922620e+01 -9.23678317e-06 3.49954619e-04
2.98133763e+01 -9.23678317e-06 3.53433020e-04
2.98344906e+01 -9.23678317e-06 3.56901505e-04
2.98556049e+01 -9.23678317e-06 3.60359676e-04
2.98767192e+01 -9.23678317e-06 3.63807135e-04
2.98978335e+01 -9.23678317e-06 3.67243492e-04
2.99189478e+01 -9.23678317e-06 3.70668356e-04
2.99400621e+01 -9.23678317e-06 3.74081341e-04
2.99611764e+01 -9.23678317e-06 3.77482064e-04
2.99822907e+01 -9.23678317e-06 3.80870145e-04
3.00034049e+01 -9.23678317e-06 3.84245208e-04
3.00245192e+01 -9.23678317e-06 3.87606879e-04
3.00456335e+01 -9.23678317e-06 3.90954787e-04
3.00667478e+01 -9.23678317e-06 3.94288566e-04
3.00878621e+01 -9.23678317e-06 3.97607851e-04
3.01089764e+01 -9.23678317e-06 4.00912282e-04
3.01300907e+01 -9.23678317e-06 4.04201500e-04
3.01512050e+01 -9.23678317e-06 4.07475153e-04
3.01723193e+01 -9.23678317e-06 4.10732887e-04
3.01934335e+01 -9.23678317e-06 4.13974355e-04
3.02145478e+01 -9.23678317e-06 4.17199212e-04
3.02356621e+01 -9.23678317e-06 4.20407116e-04
3.02567764e+01 -9.23678317e-06 4.23597728e-04
3.02778907e+01 -9.23678317e-06 4.26770713e-04
3.02990050e+01 -9.23678317e-06 4.29925739e-04
3.03201193e+01 -9.23678317e-06 4.33062476e-04
3.03412336e+01 -9.23678317e-06 4.36180598e-04
3.03623479e+01 -9.23678317e-06 4.39279782e-04
3.03834621e+01 -9.23678317e-06 4.42359710e-04
3.04045764e+01 -9.23678317e-06 4.45420063e-04
3.04256907e+01 -9.23678317e-06 4.48460528e-04
3.04468050e+01 -9.23678317e-06 4.51480796e-04
3.04679193e+01 -9.23678317e-06 4.54480559e-04
3.04890336e+01 -9.23678317e-06 4.57459513e-04
3.05101479e+01 -9.23678317e-06 4.60417357e-04
3.05312622e+01 -9.23678317e-06 4.63353793e-04
3.05523765e+01 -9.23678317e-06 4.66268528e-04
3.05734907e+01 -9.23678317e-06 4.69161269e-04
3.05946050e+01 -9.23678317e-06 4.72031729e-04
3.06157193e+01 -9.23678317e-06 4.74879621e-04
3.06368336e+01 -9.23678317e-06 4.77704665e-04
3.06579479e+01 -9.23678317e-06 4.80506581e-04
3.06790622e+01 -9.23678317e-06 4.83285093e-04
3.07001765e+01 -9.23678317e-06 4.86039929e-04
3.07212908e+01 -9.23678317e-06 4.88770819e-04
3.07424051e+01 -9.23678317e-06 4.91477498e-04
3.07635194e+01 -9.23678317e-06 4.94159701e-04
3.07846336e+01 -9.23678317e-06 4.96817170e-04
3.08057479e+01 -9.23678317e-06 4.99449646e-04
3.08268622e+01 -9.23678317e-06 5.02056876e-04
3.08479765e+01 -9.23678317e-06 5.04638609e-04
3.08690908e+01 -9.23678317e-06 5.07194598e-04
3.08902051e+01 -9.23678317e-06 5.09724599e-04
3.09113194e+01 -9.23678317e-06 5.12228369e-04
3.09324337e+01 -9.23678317e-06 5.14705671e-04
3.09535480e+01 -9.23678317e-06 5.17156270e-04
3.09746622e+01 -9.23678317e-06 5.19579933e-04
3.09957765e+01 -9.23678317e-06 5.21976432e-04
3.10168908e+01 -9.23678317e-06 5.24345542e-04
3.10380051e+01 -9.23678317e-06 5.26687039e-04
3.10591194e+01 -9.23678317e-06 5.29000704e-04
3.10802337e+01 -9.23678317e-06 5.31286320e-04
3.11013480e+01 -9.23678317e-06 5.33543675e-04
3.11224623e+01 -9.23678317e-06 5.35772558e-04
3.11435766e+01 -9.23678317e-06 5.37972762e-04
3.11646908e+01 -9.23678317e-06 5.40144084e-04
3.11858051e+01 -9.23678317e-06 5.42286321e-04
3.12069194e+01 -9.23678317e-06 5.44399277e-04
3.12280337e+01 -9.23678317e-06 5.46482758e-04
3.12491480e+01 -9.23678317e-06 5.48536570e-04
3.12702623e+01 -9.23678317e-06 5.50560527e-04
3.12913766e+01 -9.23678317e-06 5.52554442e-04
3.13124909e+01 -9.23678317e-06 5.54518134e-04
3.13336052e+01 -9.23678317e-06 5.56451423e-04
3.13547194e+01 -9.23678317e-06 5.58354133e-04
3.13758337e+01 -9.23678317e-06 5.60226092e-04
3.13969480e+01 -9.23678317e-06 5.62067130e-04
3.14180623e+01 -9.23678317e-06 5.63877079e-04
3.14391766e+01 -9.23678317e-06 5.65655776e-04
3.14602909e+01 -9.23678317e-06 5.67403062e-04
3.14814052e+01 -9.23678317e-06 5.69118777e-04
3.15025195e+01 -9.23678317e-06 5.70802768e-04
3.15236338e+01 -9.23678317e-06 5.72454884e-04
3.15447481e+01 -9.23678317e-06 5.74074976e-04
3.15658623e+01 -9.23678317e-06 5.75662900e-04
3.15869766e+01 -9.23678317e-06 5.77218513e-04
3.16080909e+01 -9.23678317e-06 5.78741676e-04
3.16292052e+01 -9.23678317e-06 5.80232254e-04
3.16503195e+01 -9.23678317e-06 5.81690114e-04
3.16714338e+01 -9.23678317e-06 5.83115126e-04
3.16925481e+01 -9.23678317e-06 5.84507163e-04
3.17136624e+01 -9.23678317e-06 5.85866103e-04
3.17347767e+01 -9.23678317e-06 5.87191824e-04
3.17558909e+01 -9.23678317e-06 5.88484209e-04
3.17770052e+01 -9.23678317e-06 5.89743144e-04
3.17981195e+01 -9.23678317e-06 5.90968519e-04
3.18192338e+01 -9.23678317e-06 5.92160223e-04
3.18403481e+01 -9.23678318e-06 5.93318154e-04
3.18614624e+01 -9.23678318e-06 5.94442208e-04
3.18825767e+01 -9.23678318e-06 5.95532287e-04
3.19036910e+01 -9.23678318e-06 5.96588295e-04
3.19248053e+01 -9.23678318e-06 5.97610140e-04
3.19459195e+01 -9.23678318e-06 5.98597731e-04
3.19670338e+01 -9.23678318e-06 5.99550981e-04
3.19881481e+01 -9.23678318e-06 6.00469809e-04
3.20092624e+01 -9.23678318e-06 6.01354132e-04
3.20303767e+01 -9.23678318e-06 6.02203873e-04
3.20514910e+01 -9.23678318e-06 6.03018959e-04
3.20726053e+01 -9.23678318e-06 6.03799317e-04
3.20937196e+01 -9.23678318e-06 6.04544881e-04
3.21148339e+01 -9.23678318e-06 6.05255583e-04
3.21359481e+01 -9.23678318e-06 6.05931363e-04
3.21570624e+01 -9.23678318e-06 6.06572162e-04
3.21781767e+01 -9.23678318e-06 6.07177923e-04
3.21992910e+01 -9.23678318e-06 6.07748593e-04
3.22204053e+01 -9.23678318e-06 6.08284123e-04
3.22415196e+01 -9.23678318e-06 6.08784465e-04
3.22626339e+01 -9.23678318e-06 6.09249577e-04
3.22837482e+01 -9.23678318e-06 6.09679417e-04
3.23048625e+01 -9.23678318e-06 6.10073947e-04
3.23259768e+01 -9.23678318e-06 6.10433134e-04
3.23470910e+01 -9.23678318e-06 6.10756945e-04
3.23682053e+01 -9.23678318e-06 6.11045353e-04
3.23893196e+01 -9.23678318e-06 6.11298330e-04
3.24104339e+01 -9.23678318e-06 6.11515857e-04
3.24315482e+01 -9.23678318e-06 6.11697911e-04
3.24526625e+01 -9.23678318e-06 6.11844479e-04
3.24737768e+01 -9.23678318e-06 6.11955546e-04
3.24948911e+01 -9.23678318e-06 6.12031102e-04
3.25160054e+01 -9.23678318e-06 6.12071140e-04
3.25371196e+01 -9.23678318e-06 6.12075656e-04
3.25582339e+01 -9.23678318e-06 6.12044648e-04
3.25793482e+01 -9.23678318e-06 6.11978119e-04
3.26004625e+01 -9.23678318e-06 6.11876074e-04
3.26215768e+01 -9.23678318e-06 6.11738521e-04
3.26426911e+01 -9.23678318e-06 6.11565471e-04
3.26638054e+01 -9.23678318e-06 6.11356937e-04
3.26849197e+01 -9.23678318e-06 6.11112938e-04
3.27060340e+01 -9.23678318e-06 6.10833493e-04
3.27271482e+01 -9.23678318e-06 6.10518626e-04
3.27482625e+01 -9.23678318e-06 6.10168363e-04
3.27693768e+01 -9.23678318e-06 6.09782732e-04
3.27904911e+01 -9.23678318e-06 6.09361767e-04
3.28116054e+01 -9.23678318e-06 6.08905503e-04
3.28327197e+01 -9.23678318e-06 6.08413978e-04
3.28538340e+01 -9.23678318e-06 6.07887234e-04
3.28749483e+01 -9.23678318e-06 6.07325315e-04
3.28960626e+01 -9.23678318e-06 6.06728269e-04
3.29171768e+01 -9.23678318e-06 6.06096145e-04
3.29382911e+01 -9.23678318e-06 6.05428999e-04
3.29594054e+01 -9.23678318e-06 6.04726885e-04
3.29805197e+01 -9.23678318e-06 6.03989864e-04
3.30016340e+01 -9.23678318e-06 6.03217999e-04
3.30227483e+01 -9.23678318e-06 6.02411354e-04
3.30438626e+01 -9.23678318e-06 6.01570000e-04
3.30649769e+01 -9.23678318e-06 6.00694006e-04
3.30860912e+01 -9.23678318e-06 5.99783449e-04
3.31072055e+01 -9.23678318e-06 5.98838405e-04
3.31283197e+01 -9.23678318e-06 5.97858956e-04
3.31494340e+01 -9.23678318e-06 5.96845186e-04
3.31705483e+01 -9.23678318e-06 5.95797180e-04
3.31916626e+01 -9.23678318e-06 5.94715029e-04
3.32127769e+01 -9.23678318e-06 5.93598826e-04
3.32338912e+01 -9.23678318e-06 5.92448666e-04
3.32550055e+01 -9.23678318e-06 5.91264648e-04
3.32761198e+01 -9.23678318e-06 5.90046875e-04
3.32972341e+01 -9.23678318e-06 5.88795450e-04
3.33183483e+01 -9.23678318e-06 5.87510483e-04
3.33394626e+01 -9.23678318e-06 5.86192083e-04
3.33605769e+01 -9.23678318e-06 5.84840365e-04
3.33816912e+01 -9.23678318e-06 5.83455445e-04
3.34028055e+01 -9.23678318e-06 5.82037444e-04
3.34239198e+01 -9.23678318e-06 5.80586484e-04
3.34450341e+01 -9.23678318e-06 5.79102692e-04
3.34661484e+01 -9.23678318e-06 5.77586196e-04
3.34872627e+01 -9.23678318e-06 5.76037128e-04
3.35083769e+01 -9.23678318e-06 5.74455623e-04
3.35294912e+01 -9.23678318e-06 5.72841819e-04
3.35506055e+01 -9.23678318e-06 5.71195857e-04
3.35717198e+01 -9.23678318e-06 5.69517881e-04
3.35928341e+01 -9.23678318e-06 5.67808038e-04
3.36139484e+01 -9.23678318e-06 5.66066478e-04
3.36350627e+01 -9.23678318e-06 5.64293353e-04
3.36561770e+01 -9.23678318e-06 5.62488821e-04
3.36772913e+01 -9.23678318e-06 5.60653039e-04
3.36984055e+01 -9.23678318e-06 5.58786170e-04
3.37195198e+01 -9.23678318e-06 5.56888378e-04
3.37406341e+01 -9.23678318e-06 5.54959832e-04
3.37617484e+01 -9.23678318e-06 5.53000703e-04
3.37828627e+01 -9.23678318e-06 5.51011163e-04
3.38039770e+01 -9.23678318e-06 5.48991392e-04
3.38250913e+01 -9.23678318e-06 5.46941567e-04
3.38462056e+01 -9.23678318e-06 5.44861873e-04
3.38673199e+01 -9.23678318e-06 5.42752494e-04
3.38884342e+01 -9.23678318e-06 5.40613621e-04
3.39095484e+01 -9.23678318e-06 5.38445445e-04
3.39306627e+01 -9.23678317e-06 5.36248160e-04
3.39517770e+01 -9.23678318e-06 5.34021965e-04
3.39728913e+01 -9.23678318e-06 5.31767060e-04
3.39940056e+01 -9.23678318e-06 5.29483649e-04
3.40151199e+01 -9.23678317e-06 5.27171940e-04
3.40362342e+01 -9.23678318e-06 5.24832142e-04
3.40573485e+01 -9.23678318e-06 5.22464467e-04
3.40784628e+01 -9.23678318e-06 5.20069132e-04
3.40995770e+01 -9.23678318e-06 5.17646355e-04
3.41206913e+01 -9.23678318e-06 5.15196358e-04
3.41418056e+01 -9.23678318e-06 5.12719365e-04
3.41629199e+01 -9.23678318e-06 5.10215605e-04
3.41840342e+01 -9.23678318e-06 5.07685309e-04
3.42051485e+01 -9.23678318e-06 5.05128709e-04
3.42262628e+01 -9.23678318e-06 5.02546042e-04
3.42473771e+01 -9.23678318e-06 4.99937548e-04
3.42684914e+01 -9.23678318e-06 4.97303471e-04
3.42896056e+01 -9.23678318e-06 4.94644054e-04
3.43107199e+01 -9.23678318e-06 4.91959547e-04
3.43318342e+01 -9.23678318e-06 4.89250202e-04
3.43529485e+01 -9.23678318e-06 4.86516272e-04
3.43740628e+01 -9.23678318e-06 4.83758016e-04
3.43951771e+01 -9.23678318e-06 4.80975694e-04
3.44162914e+01 -9.23678318e-06 4.78169568e-04
3.44374057e+01 -9.23678318e-06 4.75339907e-04
3.44585200e+01 -9.23678318e-06 4.72486978e-04
3.44796342e+01 -9.23678318e-06 4.69611055e-04
3.45007485e+01 -9.23678318e-06 4.66712413e-04
3.45218628e+01 -9.23678318e-06 4.63791330e-04
3.45429771e+01 -9.23678318e-06 4.60848086e-04
3.45640914e+01 -9.23678318e-06 4.57882968e-04
3.45852057e+01 -9.23678318e-06 4.54896261e-04
3.46063200e+01 -9.23678318e-06 4.51888256e-04
3.46274343e+01 -9.23678318e-06 4.48859246e-04
3.46485486e+01 -9.23678318e-06 4.45809526e-04
3.46696629e+01 -9.23678318e-06 4.42739397e-04
3.46907771e+01 -9.23678318e-06 4.39649161e-04
3.47118914e+01 -9.23678318e-06 4.36539121e-04
3.47330057e+01 -9.23678318e-06 4.33409587e-04
3.47541200e+01 -9.23678318e-06 4.30260868e-04
3.47752343e+01 -9.23678318e-06 4.27093280e-04
3.47963486e+01 -9.23678318e-06 4.23907138e-04
3.48174629e+01 -9.23678318e-06 4.20702763e-04
3.48385772e+01 -9.23678318e-06 4.17480477e-04
3.48596915e+01 -9.23678318e-06 4.14240606e-04
3.48808057e+01 -9.23678318e-06 4.10983479e-04
3.49019200e+01 -9.23678318e-06 4.07709427e-04
3.49230343e+01 -9.23678318e-06 4.04418786e-04
3.49441486e+01 -9.23678318e-06 4.01111891e-04
3.49652629e+01 -9.23678318e-06 3.97789085e-04
3.49863772e+01 -9.23678318e-06 3.94450711e-04
3.50074915e+01 -9.23678318e-06 3.91097114e-04
3.50286058e+01 -9.23678318e-06 3.87728645e-04
3.50497201e+01 -9.23678318e-06 3.84345656e-04
3.50708343e+01 -9.23678318e-06 3.80948501e-04
3.50919486e+01 -9.23678318e-06 3.77537540e-04
3.51130629e+01 -9.23678318e-06 3.74113134e-04
3.51341772e+01 -9.23678318e-06 3.70675646e-04
3.51552915e+01 -9.23678318e-06 3.67225443e-04
3.51764058e+01 -9.23678318e-06 3.63762897e-04
3.51975201e+01 -9.23678318e-06 3.60288379e-04
3.52186344e+01 -9.23678318e-06 3.56802266e-04
3.52397487e+01 -9.23678318e-06 3.53304937e-04
3.52608629e+01 -9.23678318e-06 3.49796773e-04
3.52819772e+01 -9.23678318e-06 3.46278160e-04
3.53030915e+01 -9.23678318e-06 3.42749485e-04
3.53242058e+01 -9.23678318e-06 3.39211138e-04
3.53453201e+01 -9.23678318e-06 3.35663514e-04
3.53664344e+01 -9.23678318e-06 3.32107010e-04
3.53875487e+01 -9.23678318e-06 3.28542024e-04
3.54086630e+01 -9.23678318e-06 3.24968959e-04
3.54297773e+01 -9.23678318e-06 3.21388221e-04
3.54508916e+01 -9.23678318e-06 3.17800218e-04
3.54720058e+01 -9.23678318e-06 3.14205361e-04
3.54931201e+01 -9.23678318e-06 3.10604065e-04
3.55142344e+01 -9.23678318e-06 3.06996747e-04
3.55353487e+01 -9.23678318e-06 3.03383827e-04
3.55564630e+01 -9.23678318e-06 2.99765728e-04
3.55775773e+01 -9.23678318e-06 2.96142877e-04
3.55986916e+01 -9.23678318e-06 2.92515701e-04
3.56198059e+01 -9.23678318e-06 2.88884635e-04
3.56409202e+01 -9.23678318e-06 2.85250111e-04
3.56620344e+01 -9.23678318e-06 2.81612569e-04
3.56831487e+01 -9.23678318e-06 2.77972448e-04
3.57042630e+01 -9.23678318e-06 2.74330193e-04
3.57253773e+01 -9.23678318e-06 2.70686251e-04
3.57464916e+01 -9.23678318e-06 2.67041070e-04
3.57676059e+01 -9.23678318e-06 2.63395104e-04
3.57887202e+01 -9.23678318e-06 2.59748808e-04
3.58098345e+01 -9.23678317e-06 2.56102641e-04
3.58309488e+01 -9.23678318e-06 2.52457064e-04
3.58520630e+01 -9.23678318e-06 2.48812541e-04
3.58731773e+01 -9.23678318e-06 2.45169540e-04
3.58942916e+01 -9.23678318e-06 2.41528530e-04
3.59154059e+01 -9.23678318e-06 2.37889986e-04
3.59365202e+01 -9.23678318e-06 2.34254384e-04
3.59576345e+01 -9.23678318e-06 2.30622202e-04
3.59787488e+01 -9.23678318e-06 2.26993922e-04
3.59998631e+01 -9.23678318e-06 2.23370030e-04
3.60209774e+01 -9.23678318e-06 2.19751013e-04
3.60420916e+01 -9.23678318e-06 2.16137363e-04
3.60632059e+01 -9.23678318e-06 2.12529574e-04
3.60843202e+01 -9.23678318e-06 2.08928141e-04
3.61054345e+01 -9.23678318e-06 2.05333566e-04
3.61265488e+01 -9.23678318e-06 2.01746350e-04
3.61476631e+01 -9.23678318e-06 1.98167000e-04
3.61687774e+01 -9.23678318e-06 1.94596024e-04
3.61898917e+01 -9.23678318e-06 1.91033935e-04
3.62110060e+01 -9.23678318e-06 1.87481245e-04
3.62321203e+01 -9.23678318e-06 1.83938474e-04
3.62532345e+01 -9.23678318e-06 1.80406142e-04
3.62743488e+01 -9.23678317e-06 1.76884773e-04
3.62954631e+01 -9.23678317e-06 1.73374892e-04
3.63165774e+01 -9.23678317e-06 1.69877031e-04
3.63376917e+01 -9.23678317e-06 1.66391720e-04
3.63588060e+01 -9.23678318e-06 1.62919497e-04
3.63799203e+01 -9.23678318e-06 1.59460899e-04
3.64010346e+01 -9.23678318e-06 1.56016468e-04
3.64221489e+01 -9.23678317e-06 1.52586749e-04
3.64432631e+01 -9.23678318e-06 1.49172290e-04
3.64643774e+01 -9.23678317e-06 1.45773641e-04
3.64854917e+01 -9.23678317e-06 1.42391357e-04
3.65066060e+01 -9.23678317e-06 1.39025994e-04
3.65277203e+01 -9.23678317e-06 1.35678112e-04
3.65488346e+01 -9.23678317e-06 1.32348275e-04
3.65699489e+01 -9.23678317e-06 1.29037049e-04
3.65910632e+01 -9.23678317e-06 1.25745004e-04
3.66121775e+01 -9.23678317e-06 1.22472712e-04
3.66332917e+01 -9.23678317e-06 1.19220748e-04
3.66544060e+01 -9.23678317e-06 1.15989694e-04
3.66755203e+01 -9.23678317e-06 1.12780130e-04
3.66966346e+01 -9.23678317e-06 1.09592643e-04
3.67177489e+01 -9.23678317e-06 1.06427822e-04
3.67388632e+01 -9.23678317e-06 1.03286259e-04
3.67599775e+01 -9.23678317e-06 1.00168551e-04
3.67810918e+01 -9.23678317e-06 9.70752982e-05
3.68022061e+01 -9.23678317e-06 9.40071031e-05
3.68233203e+01 -9.23678317e-06 9.09645735e-05
3.68444346e+01 -9.23678317e-06 8.79483203e-05
3.68655489e+01 -9.23678317e-06 8.49589589e-05
3.68866632e+01 -9.23678317e-06 8.19971085e-05
3.69077775e+01 -9.23678317e-06 7.90633931e-05
3.69288918e+01 -9.23678317e-06 7.61584409e-05
3.69500061e+01 -9.23678317e-06 7.32828854e-05
3.69711204e+01 -9.23678317e-06 7.04373649e-05
3.69922347e+01 -9.23678317e-06 6.76225235e-05
3.70133490e+01 -9.23678317e-06 6.48390113e-05
3.70344632e+01 -9.23678317e-06 6.20874849e-05
3.70555775e+01 -9.23678317e-06 5.93686084e-05
3.70766918e+01 -9.23678317e-06 5.66830537e-05
3.70978061e+01 -9.23678317e-06 5.40315020e-05
3.71189204e+01 -9.23678317e-06 5.14146448e-05
3.71400347e+01 -9.23678317e-06 4.88331856e-05
3.71611490e+01 -9.23678317e-06 4.62878420e-05
3.71822633e+01 -9.23678317e-06 4.37793481e-05
3.72033776e+01 -9.23678317e-06 4.13084581e-05
3.72244918e+01 -9.23678317e-06 3.88759506e-05
3.72456061e+01 -9.23678317e-06 3.64826341e-05
3.72667204e+01 -9.23678317e-06 3.41293554e-05
3.72878347e+01 -9.23678317e-06 3.18170098e-05
3.73089490e+01 -9.23678317e-06 2.95465555e-05
3.73300633e+01 -9.23678317e-06 2.73190349e-05
3.73511776e+01 -9.23678317e-06 2.51356041e-05
3.73722919e+01 -9.23678317e-06 2.29975762e-05
3.73934062e+01 -9.23678317e-06 2.09064877e-05
3.74145204e+01 -9.23678317e-06 1.88642006e-05
3.74356347e+01 -9.23678317e-06 1.68730669e-05
3.74567490e+01 -9.23678317e-06 1.49362021e-05
3.74778633e+01 -9.23678317e-06 1.30579623e-05
3.74989776e+01 -9.23678317e-06 1.12448163e-05
3.75200919e+01 -9.23678317e-06 9.50703474e-06
3.75412062e+01 -9.23678317e-06 7.86217093e-06
3.75623205e+01 -9.23678317e-06 6.34265957e-06
3.75834348e+01 -9.23678317e-06 5.01277993e-06
3.76045490e+01 -9.23678317e-06 4.00144678e-06
3.76256633e+01 -9.23678317e-06 3.51963636e-06
3.76467776e+01 -9.23678317e-06 3.71211033e-06
3.76678919e+01 -9.23678317e-06 4.44176336e-06
3.76890062e+01 -9.23678317e-06 5.45864860e-06
3.77101205e+01 -9.23678317e-06 6.60009587e-06
3.77312348e+01 -9.23678317e-06 7.78583205e-06
3.77523491e+01 -9.23678317e-06 8.97690415e-06
3.77734634e+01 -9.23678317e-06 1.01533045e-05
3.77945777e+01 -9.23678317e-06 1.13040644e-05
3.78156919e+01 -9.23678317e-06 1.24228236e-05
3.78368062e+01 -9.23678317e-06 1.35057307e-05
3.78579205e+01 -9.23678317e-06 1.45503805e-05
3.78790348e+01 -9.23678317e-06 1.55552445e-05
3.79001491e+01 -9.23678317e-06 1.65193488e-05
3.79212634e+01 -9.23678317e-06 1.74420822e-05
3.79423777e+01 -9.23678317e-06 1.83230798e-05
3.79634920e+01 -9.23678317e-06 1.91621468e-05
3.79846063e+01 -9.23678317e-06 1.99592102e-05
3.80057205e+01 -9.23678317e-06 2.07142848e-05
3.80268348e+01 -9.23678317e-06 2.14274507e-05
3.80479491e+01 -9.23678317e-06 2.20988368e-05
3.80690634e+01 -9.23678317e-06 2.27286094e-05
3.80901777e+01 -9.23678317e-06 2.33169635e-05
3.81112920e+01 -9.23678317e-06 2.38641163e-05
3.81324063e+01 -9.23678317e-06 2.43703031e-05
3.81535206e+01 -9.23678317e-06 2.48357729e-05
3.81746349e+01 -9.23678317e-06 2.52607862e-05
3.81957491e+01 -9.23678317e-06 2.56456127e-05
3.82168634e+01 -9.23678317e-06 2.59905293e-05
3.82379777e+01 -9.23678317e-06 2.62958192e-05
3.82590920e+01 -9.23678317e-06 2.65617707e-05
3.82802063e+01 -9.23678317e-06 2.67886762e-05
3.83013206e+01 -9.23678317e-06 2.69768317e-05
3.83224349e+01 -9.23678317e-06 2.71265363e-05
3.83435492e+01 -9.23678317e-06 2.72380916e-05
3.83646635e+01 -9.23678317e-06 2.73118015e-05
3.83857777e+01 -9.23678317e-06 2.73479720e-05
3.84068920e+01 -9.23678317e-06 2.73469108e-05
3.84280063e+01 -9.23678317e-06 2.73089276e-05
3.84491206e+01 -9.23678317e-06 2.72343335e-05
3.84702349e+01 -9.23678317e-06 2.71234413e-05
3.84913492e+01 -9.23678317e-06 2.69765655e-05
3.85124635e+01 -9.23678317e-06 2.67940224e-05
3.85335778e+01 -9.23678317e-06 2.65761301e-05
3.85546921e+01 -9.23678317e-06 2.63232089e-05
3.85758064e+01 -9.23678317e-06 2.60355813e-05
3.85969206e+01 -9.23678317e-06 2.57135728e-05
3.86180349e+01 -9.23678317e-06 2.53575116e-05
3.86391492e+01 -9.23678317e-06 2.49677300e-05
3.86602635e+01 -9.23678317e-06 2.45445643e-05
3.86813778e+01 -9.23678317e-06 2.40883561e-05
3.87024921e+01 -9.23678317e-06 2.35994533e-05
3.87236064e+01 -9.23678317e-06 2.30782111e-05
3.87447207e+01 -9.23678317e-06 2.25249940e-05
3.87658350e+01 -9.23678317e-06 2.19401777e-05
3.87869492e+01 -9.23678317e-06 2.13241515e-05
3.88080635e+01 -9.23678317e-06 2.06773220e-05
3.88291778e+01 -9.23678317e-06 2.00001173e-05
3.88502921e+01 -9.23678317e-06 1.92929925e-05
3.88714064e+01 -9.23678317e-06 1.85564376e-05
3.88925207e+01 -9.23678317e-06 1.77909871e-05
3.89136350e+01 -9.23678317e-06 1.69972345e-05
3.89347493e+01 -9.23678317e-06 1.61758503e-05
3.89558636e+01 -9.23678317e-06 1.53276099e-05
3.89769778e+01 -9.23678317e-06 1.44534312e-05
3.89980921e+01 -9.23678317e-06 1.35544315e-05
3.90192064e+01 -9.23678317e-06 1.26320124e-05
3.90403207e+01 -9.23678317e-06 1.16879911e-05
3.90614350e+01 -9.23678317e-06 1.07248092e-05
3.90825493e+01 -9.23678317e-06 9.74587797e-06
3.91036636e+01 -9.23678317e-06 8.75616904e-06
3.91247779e+01 -9.23678317e-06 7.76326827e-06
3.91458922e+01 -9.23678317e-06 6.77933712e-06
3.91670064e+01 -9.23678317e-06 5.82489307e-06
3.91881207e+01 -9.23678317e-06 4.93615573e-06
3.92092350e+01 -9.23678317e-06 4.17817869e-06
3.92303493e+01 -9.23678317e-06 3.65984713e-06
3.92514636e+01 -9.23678317e-06 3.51700815e-06
3.92725779e+01 -9.23678317e-06 3.81769198e-06
3.92936922e+01 -9.23678317e-06 4.49497746e-06
3.93148065e+01 -9.23678317e-06 5.42719975e-06
3.93359208e+01 -9.23678317e-06 6.52070585e-06
3.93570351e+01 -9.23678317e-06 7.71988576e-06
3.93781493e+01 -9.23678317e-06 8.99347778e-06
3.93992636e+01 -9.23678317e-06 1.03235223e-05
3.94203779e+01 -9.23678317e-06 1.16992247e-05
3.94414922e+01 -9.23678317e-06 1.31137671e-05
3.94626065e+01 -9.23678317e-06 1.45626338e-05
3.94837208e+01 -9.23678317e-06 1.60426986e-05
3.95048351e+01 -9.23678317e-06 1.75517080e-05
3.95259494e+01 -9.23678317e-06 1.90879759e-05
3.95470637e+01 -9.23678317e-06 2.06501969e-05
3.95681779e+01 -9.23678317e-06 2.22373282e-05
3.95892922e+01 -9.23678317e-06 2.38485127e-05
3.96104065e+01 -9.23678317e-06 2.54830271e-05
3.96315208e+01 -9.23678317e-06 2.71402473e-05
3.96526351e+01 -9.23678317e-06 2.88196229e-05
3.96737494e+01 -9.23678317e-06 3.05206602e-05
3.96948637e+01 -9.23678317e-06 3.22429093e-05
3.97159780e+01 -9.23678317e-06 3.39859541e-05
3.97370923e+01 -9.23678317e-06 3.57494062e-05
3.97582065e+01 -9.23678317e-06 3.75328988e-05
3.97793208e+01 -9.23678317e-06 3.93360827e-05
3.98004351e+01 -9.23678317e-06 4.11586236e-05
3.98215494e+01 -9.23678317e-06 4.30001989e-05
3.98426637e+01 -9.23678317e-06 4.48604965e-05
3.98637780e+01 -9.23678317e-06 4.67392127e-05
3.98848923e+01 -9.23678317e-06 4.86360508e-05
3.99060066e+01 -9.23678317e-06 5.05507207e-05
3.99271209e+01 -9.23678317e-06 5.24829375e-05
3.99482351e+01 -9.23678317e-06 5.44324212e-05
3.99693494e+01 -9.23678317e-06 5.63988959e-05
3.99904637e+01 -9.23678317e-06 5.83820893e-05
4.00115780e+01 -9.23678317e-06 6.03817325e-05
