#	Time	Error_of_Energy
3.81971863e-02 6.82262036e-04
7.63943727e-02 2.16793080e-03
1.14591559e-01 3.43948472e-03
1.52788745e-01 3.95988028e-03
1.90985932e-01 3.78133036e-03
2.29183118e-01 3.18847019e-03
2.67380304e-01 2.43778652e-03
3.05577491e-01 1.68577897e-03
3.43774677e-01 1.00616273e-03
3.81971863e-01 4.23124783e-04
4.20169050e-01 -6.37237992e-05
4.58366236e-01 -4.64876984e-04
4.96563422e-01 -7.93648421e-04
5.34760609e-01 -1.06292523e-03
5.72957795e-01 -1.28395933e-03
6.11154981e-01 -1.46610169e-03
6.49352168e-01 -1.61692875e-03
6.87549354e-01 -1.74250073e-03
7.25746540e-01 -1.84763741e-03
7.63943727e-01 -1.93616665e-03
8.02140913e-01 -2.01113221e-03
8.40338100e-01 -2.07496144e-03
8.78535286e-01 -2.12959771e-03
9.16732472e-01 -2.17660404e-03
9.54929659e-01 -2.21724375e-03
9.93126845e-01 -2.25254317e-03
1.03132403e+00 -2.28334040e-03
1.06952122e+00 -2.31032338e-03
1.10771840e+00 -2.33405968e-03
1.14591559e+00 -2.35501987e-03
1.18411278e+00 -2.37359599e-03
1.22230996e+00 -2.39011620e-03
1.26050715e+00 -2.40485641e-03
1.29870434e+00 -2.41804964e-03
1.33690152e+00 -2.42989351e-03
1.37509871e+00 -2.44055627e-03
1.41329589e+00 -2.45018175e-03
1.45149308e+00 -2.45889336e-03
1.48969027e+00 -2.46679735e-03
1.52788745e+00 -2.47398555e-03
1.56608464e+00 -2.48053754e-03
1.60428183e+00 -2.48652255e-03
1.64247901e+00 -2.49200096e-03
1.68067620e+00 -2.49702560e-03
1.71887339e+00 -2.50164283e-03
1.75707057e+00 -2.50589343e-03
1.79526776e+00 -2.50981338e-03
1.83346494e+00 -2.51343449e-03
1.87166213e+00 -2.51678495e-03
1.90985932e+00 -2.51988983e-03
1.94805650e+00 -2.52277145e-03
1.98625369e+00 -2.52544973e-03
2.02445088e+00 -2.52794248e-03
2.06264806e+00 -2.53026566e-03
2.10084525e+00 -2.53243363e-03
2.13904244e+00 -2.53445928e-03
2.17723962e+00 -2.53635423e-03
2.21543681e+00 -2.53812900e-03
2.25363399e+00 -2.53979308e-03
2.29183118e+00 -2.54135507e-03
2.33002837e+00 -2.54282278e-03
2.36822555e+00 -2.54420332e-03
2.40642274e+00 -2.54550315e-03
2.44461993e+00 -2.54672816e-03
2.48281711e+00 -2.54788373e-03
2.52101430e+00 -2.54897478e-03
2.55921148e+00 -2.55000581e-03
2.59740867e+00 -2.55098094e-03
2.63560586e+00 -2.55190397e-03
2.67380304e+00 -2.55277838e-03
2.71200023e+00 -2.55360737e-03
2.75019742e+00 -2.55439390e-03
2.78839460e+00 -2.55514067e-03
2.82659179e+00 -2.55585022e-03
2.86478898e+00 -2.55652485e-03
2.90298616e+00 -2.55716672e-03
2.94118335e+00 -2.55777782e-03
2.97938053e+00 -2.55836000e-03
3.01757772e+00 -2.55891496e-03
3.05577491e+00 -2.55944429e-03
3.09397209e+00 -2.55994948e-03
3.13216928e+00 -2.56043191e-03
3.17036647e+00 -2.56089284e-03
3.20856365e+00 -2.56133349e-03
3.24676084e+00 -2.56175496e-03
3.28495803e+00 -2.56215829e-03
3.32315521e+00 -2.56254446e-03
3.36135240e+00 -2.56291439e-03
3.39954958e+00 -2.56326891e-03
3.43774677e+00 -2.56360883e-03
3.47594396e+00 -2.56393489e-03
3.51414114e+00 -2.56424780e-03
3.55233833e+00 -2.56454822e-03
3.59053552e+00 -2.56483676e-03
3.62873270e+00 -2.56511401e-03
3.66692989e+00 -2.56538052e-03
3.70512708e+00 -2.56563679e-03
3.74332426e+00 -2.56588331e-03
3.78152145e+00 -2.56612055e-03
3.81971863e+00 -2.56634892e-03
3.85791582e+00 -2.56656884e-03
3.89611301e+00 -2.56678069e-03
3.93431019e+00 -2.56698484e-03
3.97250738e+00 -2.56718162e-03
4.01070457e+00 -2.56737136e-03
4.04890175e+00 -2.56755437e-03
4.08709894e+00 -2.56773094e-03
4.12529612e+00 -2.56790133e-03
4.16349331e+00 -2.56806582e-03
4.20169050e+00 -2.56822465e-03
4.23988768e+00 -2.56837805e-03
4.27808487e+00 -2.56852624e-03
4.31628206e+00 -2.56866944e-03
4.35447924e+00 -2.56880785e-03
4.39267643e+00 -2.56894165e-03
4.43087362e+00 -2.56907102e-03
4.46907080e+00 -2.56919615e-03
4.50726799e+00 -2.56931719e-03
4.54546517e+00 -2.56943430e-03
4.58366236e+00 -2.56954762e-03
4.62185955e+00 -2.56965730e-03
4.66005673e+00 -2.56976347e-03
4.69825392e+00 -2.56986627e-03
4.73645111e+00 -2.56996581e-03
4.77464829e+00 -2.57006220e-03
4.81284548e+00 -2.57015557e-03
4.85104267e+00 -2.57024601e-03
4.88923985e+00 -2.57033364e-03
4.92743704e+00 -2.57041853e-03
4.96563422e+00 -2.57050080e-03
5.00383141e+00 -2.57058052e-03
5.04202860e+00 -2.57065778e-03
5.08022578e+00 -2.57073267e-03
5.11842297e+00 -2.57080525e-03
5.15662016e+00 -2.57087561e-03
5.19481734e+00 -2.57094380e-03
5.23301453e+00 -2.57100991e-03
5.27121172e+00 -2.57107400e-03
5.30940890e+00 -2.57113612e-03
5.34760609e+00 -2.57119634e-03
5.38580327e+00 -2.57125472e-03
5.42400046e+00 -2.57131130e-03
5.46219765e+00 -2.57136614e-03
5.50039483e+00 -2.57141930e-03
5.53859202e+00 -2.57147081e-03
5.57678921e+00 -2.57152073e-03
5.61498639e+00 -2.57156910e-03
5.65318358e+00 -2.57161596e-03
5.69138076e+00 -2.57166135e-03
5.72957795e+00 -2.57170531e-03
5.76777514e+00 -2.57174787e-03
5.80597232e+00 -2.57178908e-03
5.84416951e+00 -2.57182897e-03
5.88236670e+00 -2.57186757e-03
5.92056388e+00 -2.57190491e-03
5.95876107e+00 -2.57194102e-03
5.99695826e+00 -2.57197594e-03
6.03515544e+00 -2.57200968e-03
6.07335263e+00 -2.57204227e-03
6.11154981e+00 -2.57207375e-03
6.14974700e+00 -2.57210413e-03
6.18794419e+00 -2.57213344e-03
6.22614137e+00 -2.57216170e-03
6.26433856e+00 -2.57218893e-03
6.30253575e+00 -2.57221515e-03
6.34073293e+00 -2.57224039e-03
6.37893012e+00 -2.57226465e-03
6.41712731e+00 -2.57228797e-03
6.45532449e+00 -2.57231035e-03
6.49352168e+00 -2.57233181e-03
6.53171886e+00 -2.57235236e-03
6.56991605e+00 -2.57237203e-03
6.60811324e+00 -2.57239082e-03
6.64631042e+00 -2.57240876e-03
6.68450761e+00 -2.57242584e-03
6.72270480e+00 -2.57244209e-03
6.76090198e+00 -2.57245751e-03
6.79909917e+00 -2.57247212e-03
6.83729636e+00 -2.57248593e-03
6.87549354e+00 -2.57249894e-03
6.91369073e+00 -2.57251116e-03
6.95188791e+00 -2.57252261e-03
6.99008510e+00 -2.57253328e-03
7.02828229e+00 -2.57254320e-03
7.06647947e+00 -2.57255236e-03
7.10467666e+00 -2.57256077e-03
7.14287385e+00 -2.57256843e-03
7.18107103e+00 -2.57257536e-03
7.21926822e+00 -2.57258155e-03
7.25746540e+00 -2.57258702e-03
7.29566259e+00 -2.57259175e-03
7.33385978e+00 -2.57259577e-03
7.37205696e+00 -2.57259906e-03
7.41025415e+00 -2.57260164e-03
7.44845134e+00 -2.57260350e-03
7.48664852e+00 -2.57260464e-03
7.52484571e+00 -2.57260507e-03
7.56304290e+00 -2.57260478e-03
7.60124008e+00 -2.57260378e-03
7.63943727e+00 -2.57260207e-03
7.67763445e+00 -2.57259964e-03
7.71583164e+00 -2.57259649e-03
7.75402883e+00 -2.57259262e-03
7.79222601e+00 -2.57258803e-03
7.83042320e+00 -2.57258272e-03
7.86862039e+00 -2.57257667e-03
7.90681757e+00 -2.57256989e-03
7.94501476e+00 -2.57256238e-03
7.98321195e+00 -2.57255412e-03
8.02140913e+00 -2.57254511e-03
8.05960632e+00 -2.57253535e-03
8.09780350e+00 -2.57252483e-03
8.13600069e+00 -2.57251354e-03
8.17419788e+00 -2.57250147e-03
8.21239506e+00 -2.57248862e-03
8.25059225e+00 -2.57247498e-03
8.28878944e+00 -2.57246053e-03
8.32698662e+00 -2.57244528e-03
8.36518381e+00 -2.57242919e-03
8.40338100e+00 -2.57241228e-03
8.44157818e+00 -2.57239452e-03
8.47977537e+00 -2.57237590e-03
8.51797255e+00 -2.57235641e-03
8.55616974e+00 -2.57233604e-03
8.59436693e+00 -2.57231476e-03
8.63256411e+00 -2.57229257e-03
8.67076130e+00 -2.57226944e-03
8.70895849e+00 -2.57224537e-03
8.74715567e+00 -2.57222034e-03
8.78535286e+00 -2.57219431e-03
8.82355005e+00 -2.57216729e-03
8.86174723e+00 -2.57213924e-03
8.89994442e+00 -2.57211014e-03
8.93814160e+00 -2.57207998e-03
8.97633879e+00 -2.57204873e-03
9.01453598e+00 -2.57201636e-03
9.05273316e+00 -2.57198285e-03
9.09093035e+00 -2.57194818e-03
9.12912754e+00 -2.57191231e-03
9.16732472e+00 -2.57187522e-03
9.20552191e+00 -2.57183688e-03
9.24371909e+00 -2.57179726e-03
9.28191628e+00 -2.57175632e-03
9.32011347e+00 -2.57171403e-03
9.35831065e+00 -2.57167035e-03
9.39650784e+00 -2.57162525e-03
9.43470503e+00 -2.57157869e-03
9.47290221e+00 -2.57153064e-03
9.51109940e+00 -2.57148104e-03
9.54929659e+00 -2.57142985e-03
9.58749377e+00 -2.57137703e-03
9.62569096e+00 -2.57132253e-03
9.66388814e+00 -2.57126630e-03
9.70208533e+00 -2.57120830e-03
9.74028252e+00 -2.57114845e-03
9.77847970e+00 -2.57108672e-03
9.81667689e+00 -2.57102304e-03
9.85487408e+00 -2.57095734e-03
9.89307126e+00 -2.57088957e-03
9.93126845e+00 -2.57081966e-03
9.96946564e+00 -2.57074753e-03
1.00076628e+01 -2.57067312e-03
1.00458600e+01 -2.57059634e-03
1.00840572e+01 -2.57051713e-03
1.01222544e+01 -2.57043538e-03
1.01604516e+01 -2.57035102e-03
1.01986488e+01 -2.57026396e-03
1.02368459e+01 -2.57017410e-03
1.02750431e+01 -2.57008133e-03
1.03132403e+01 -2.56998555e-03
1.03514375e+01 -2.56988666e-03
1.03896347e+01 -2.56978453e-03
1.04278319e+01 -2.56967905e-03
1.04660291e+01 -2.56957009e-03
1.05042262e+01 -2.56945752e-03
1.05424234e+01 -2.56934119e-03
1.05806206e+01 -2.56922096e-03
1.06188178e+01 -2.56909667e-03
1.06570150e+01 -2.56896816e-03
1.06952122e+01 -2.56883527e-03
1.07334094e+01 -2.56869781e-03
1.07716065e+01 -2.56855560e-03
1.08098037e+01 -2.56840843e-03
1.08480009e+01 -2.56825611e-03
1.08861981e+01 -2.56809839e-03
1.09243953e+01 -2.56793507e-03
1.09625925e+01 -2.56776589e-03
1.10007897e+01 -2.56759059e-03
1.10389869e+01 -2.56740891e-03
1.10771840e+01 -2.56722056e-03
1.11153812e+01 -2.56702522e-03
1.11535784e+01 -2.56682259e-03
1.11917756e+01 -2.56661233e-03
1.12299728e+01 -2.56639407e-03
1.12681700e+01 -2.56616744e-03
1.13063672e+01 -2.56593203e-03
1.13445643e+01 -2.56568742e-03
1.13827615e+01 -2.56543316e-03
1.14209587e+01 -2.56516877e-03
1.14591559e+01 -2.56489373e-03
1.14973531e+01 -2.56460752e-03
1.15355503e+01 -2.56430955e-03
1.15737475e+01 -2.56399922e-03
1.16119446e+01 -2.56367587e-03
1.16501418e+01 -2.56333881e-03
1.16883390e+01 -2.56298730e-03
1.17265362e+01 -2.56262057e-03
1.17647334e+01 -2.56223775e-03
1.18029306e+01 -2.56183796e-03
1.18411278e+01 -2.56142024e-03
1.18793250e+01 -2.56098356e-03
1.19175221e+01 -2.56052683e-03
1.19557193e+01 -2.56004885e-03
1.19939165e+01 -2.55954837e-03
1.20321137e+01 -2.55902403e-03
1.20703109e+01 -2.55847438e-03
1.21085081e+01 -2.55789785e-03
1.21467053e+01 -2.55729274e-03
1.21849024e+01 -2.55665725e-03
1.22230996e+01 -2.55598941e-03
1.22612968e+01 -2.55528711e-03
1.22994940e+01 -2.55454806e-03
1.23376912e+01 -2.55376979e-03
1.23758884e+01 -2.55294962e-03
1.24140856e+01 -2.55208464e-03
1.24522827e+01 -2.55117172e-03
1.24904799e+01 -2.55020741e-03
1.25286771e+01 -2.54918801e-03
1.25668743e+01 -2.54810946e-03
1.26050715e+01 -2.54696732e-03
1.26432687e+01 -2.54575677e-03
1.26814659e+01 -2.54447253e-03
1.27196631e+01 -2.54310882e-03
1.27578602e+01 -2.54165928e-03
1.27960574e+01 -2.54011697e-03
1.28342546e+01 -2.53847421e-03
1.28724518e+01 -2.53672256e-03
1.29106490e+01 -2.53485273e-03
1.29488462e+01 -2.53285442e-03
1.29870434e+01 -2.53071623e-03
1.30252405e+01 -2.52842555e-03
1.30634377e+01 -2.52596832e-03
1.31016349e+01 -2.52332895e-03
1.31398321e+01 -2.52048999e-03
1.31780293e+01 -2.51743198e-03
1.32162265e+01 -2.51413311e-03
1.32544237e+01 -2.51056891e-03
1.32926208e+01 -2.50671185e-03
1.33308180e+01 -2.50253088e-03
1.33690152e+01 -2.49799093e-03
1.34072124e+01 -2.49305223e-03
1.34454096e+01 -2.48766964e-03
1.34836068e+01 -2.48179170e-03
1.35218040e+01 -2.47535967e-03
1.35600012e+01 -2.46830621e-03
1.35981983e+01 -2.46055397e-03
1.36363955e+01 -2.45201378e-03
1.36745927e+01 -2.44258249e-03
1.37127899e+01 -2.43214041e-03
1.37509871e+01 -2.42054815e-03
1.37891843e+01 -2.40764274e-03
1.38273815e+01 -2.39323297e-03
1.38655786e+01 -2.37709352e-03
1.39037758e+01 -2.35895785e-03
1.39419730e+01 -2.33850923e-03
1.39801702e+01 -2.31536959e-03
1.40183674e+01 -2.28908561e-03
1.40565646e+01 -2.25911105e-03
1.40947618e+01 -2.22478448e-03
1.41329589e+01 -2.18530095e-03
1.41711561e+01 -2.13967574e-03
1.42093533e+01 -2.08669803e-03
1.42475505e+01 -2.02487126e-03
1.42857477e+01 -1.95233652e-03
1.43239449e+01 -1.86677403e-03
1.43621421e+01 -1.76527699e-03
1.44003393e+01 -1.64419154e-03
1.44385364e+01 -1.49891733e-03
1.44767336e+01 -1.32366675e-03
1.45149308e+01 -1.11119250e-03
1.45531280e+01 -8.52519511e-04
1.45913252e+01 -5.36777134e-04
1.46295224e+01 -1.51353417e-04
1.46677196e+01 3.17152944e-04
1.47059167e+01 8.80224922e-04
1.47441139e+01 1.54117632e-03
1.47823111e+01 2.28243169e-03
1.48205083e+01 3.04284477e-03
1.48587055e+01 3.68524110e-03
1.48969027e+01 3.97198953e-03
1.49350999e+01 3.61023029e-03
1.49732970e+01 2.47010474e-03
1.50114942e+01 9.51943466e-04
1.50496914e+01 3.01575259e-05
1.50878886e+01 4.47025845e-04
1.51260858e+01 1.85491684e-03
1.51642830e+01 3.23589534e-03
1.52024802e+01 3.91850510e-03
1.52406774e+01 3.86065422e-03
1.52788745e+01 3.32800047e-03
1.53170717e+01 2.59336119e-03
1.53552689e+01 1.83349996e-03
1.53934661e+01 1.13612685e-03
1.54316633e+01 5.33061428e-04
1.54698605e+01 2.74189191e-05
1.55080577e+01 -3.90018130e-04
1.55462548e+01 -7.32349307e-04
1.55844520e+01 -1.01269086e-03
1.56226492e+01 -1.24266681e-03
1.56608464e+01 -1.43201000e-03
1.56990436e+01 -1.58863690e-03
1.57372408e+01 -1.71889175e-03
1.57754380e+01 -1.82782398e-03
1.58136351e+01 -1.91944393e-03
1.58518323e+01 -1.99693919e-03
1.58900295e+01 -2.06285004e-03
1.59282267e+01 -2.11920853e-03
1.59664239e+01 -2.16764746e-03
1.60046211e+01 -2.20948517e-03
1.60428183e+01 -2.24579160e-03
1.60810155e+01 -2.27743955e-03
1.61192126e+01 -2.30514468e-03
1.61574098e+01 -2.32949684e-03
1.61956070e+01 -2.35098457e-03
1.62338042e+01 -2.37001453e-03
1.62720014e+01 -2.38692675e-03
1.63101986e+01 -2.40200691e-03
1.63483958e+01 -2.41549604e-03
1.63865929e+01 -2.42759837e-03
1.64247901e+01 -2.43848769e-03
1.64629873e+01 -2.44831240e-03
1.65011845e+01 -2.45719976e-03
1.65393817e+01 -2.46525926e-03
1.65775789e+01 -2.47258544e-03
1.66157761e+01 -2.47926021e-03
1.66539732e+01 -2.48535476e-03
1.66921704e+01 -2.49093114e-03
1.67303676e+01 -2.49604362e-03
1.67685648e+01 -2.50073980e-03
1.68067620e+01 -2.50506150e-03
1.68449592e+01 -2.50904563e-03
1.68831564e+01 -2.51272480e-03
1.69213535e+01 -2.51612788e-03
1.69595507e+01 -2.51928055e-03
1.69977479e+01 -2.52220565e-03
1.70359451e+01 -2.52492355e-03
1.70741423e+01 -2.52745248e-03
1.71123395e+01 -2.52980875e-03
1.71505367e+01 -2.53200703e-03
1.71887339e+01 -2.53406048e-03
1.72269310e+01 -2.53598099e-03
1.72651282e+01 -2.53777927e-03
1.73033254e+01 -2.53946501e-03
1.73415226e+01 -2.54104699e-03
1.73797198e+01 -2.54253318e-03
1.74179170e+01 -2.54393081e-03
1.74561142e+01 -2.54524648e-03
1.74943113e+01 -2.54648617e-03
1.75325085e+01 -2.54765537e-03
1.75707057e+01 -2.54875909e-03
1.76089029e+01 -2.54980191e-03
1.76471001e+01 -2.55078804e-03
1.76852973e+01 -2.55172132e-03
1.77234945e+01 -2.55260529e-03
1.77616916e+01 -2.55344322e-03
1.77998888e+01 -2.55423811e-03
1.78380860e+01 -2.55499272e-03
1.78762832e+01 -2.55570960e-03
1.79144804e+01 -2.55639111e-03
1.79526776e+01 -2.55703945e-03
1.79908748e+01 -2.55765662e-03
1.80290720e+01 -2.55824450e-03
1.80672691e+01 -2.55880483e-03
1.81054663e+01 -2.55933922e-03
1.81436635e+01 -2.55984919e-03
1.81818607e+01 -2.56033611e-03
1.82200579e+01 -2.56080129e-03
1.82582551e+01 -2.56124595e-03
1.82964523e+01 -2.56167121e-03
1.83346494e+01 -2.56207813e-03
1.83728466e+01 -2.56246770e-03
1.84110438e+01 -2.56284084e-03
1.84492410e+01 -2.56319841e-03
1.84874382e+01 -2.56354122e-03
1.85256354e+01 -2.56387003e-03
1.85638326e+01 -2.56418554e-03
1.86020297e+01 -2.56448844e-03
1.86402269e+01 -2.56477933e-03
1.86784241e+01 -2.56505882e-03
1.87166213e+01 -2.56532746e-03
1.87548185e+01 -2.56558576e-03
1.87930157e+01 -2.56583421e-03
1.88312129e+01 -2.56607329e-03
1.88694101e+01 -2.56630342e-03
1.89076072e+01 -2.56652502e-03
1.89458044e+01 -2.56673848e-03
1.89840016e+01 -2.56694416e-03
1.90221988e+01 -2.56714240e-03
1.90603960e+01 -2.56733354e-03
1.90985932e+01 -2.56751789e-03
1.91367904e+01 -2.56769573e-03
1.91749875e+01 -2.56786736e-03
1.92131847e+01 -2.56803302e-03
1.92513819e+01 -2.56819297e-03
1.92895791e+01 -2.56834745e-03
1.93277763e+01 -2.56849668e-03
1.93659735e+01 -2.56864087e-03
1.94041707e+01 -2.56878023e-03
1.94423678e+01 -2.56891495e-03
1.94805650e+01 -2.56904520e-03
1.95187622e+01 -2.56917118e-03
1.95569594e+01 -2.56929303e-03
1.95951566e+01 -2.56941092e-03
1.96333538e+01 -2.56952500e-03
1.96715510e+01 -2.56963540e-03
1.97097482e+01 -2.56974228e-03
1.97479453e+01 -2.56984575e-03
1.97861425e+01 -2.56994593e-03
1.98243397e+01 -2.57004295e-03
1.98625369e+01 -2.57013693e-03
1.99007341e+01 -2.57022795e-03
1.99389313e+01 -2.57031614e-03
1.99771285e+01 -2.57040158e-03
2.00153256e+01 -2.57048437e-03
2.00535228e+01 -2.57056460e-03
2.00917200e+01 -2.57064235e-03
2.01299172e+01 -2.57071771e-03
2.01681144e+01 -2.57079075e-03
2.02063116e+01 -2.57086155e-03
2.02445088e+01 -2.57093018e-03
2.02827059e+01 -2.57099671e-03
2.03209031e+01 -2.57106120e-03
2.03591003e+01 -2.57112371e-03
2.03972975e+01 -2.57118431e-03
2.04354947e+01 -2.57124306e-03
2.04736919e+01 -2.57130000e-03
2.05118891e+01 -2.57135519e-03
2.05500863e+01 -2.57140868e-03
2.05882834e+01 -2.57146052e-03
2.06264806e+01 -2.57151076e-03
2.06646778e+01 -2.57155944e-03
2.07028750e+01 -2.57160660e-03
2.07410722e+01 -2.57165228e-03
2.07792694e+01 -2.57169653e-03
2.08174666e+01 -2.57173937e-03
2.08556637e+01 -2.57178086e-03
2.08938609e+01 -2.57182101e-03
2.09320581e+01 -2.57185987e-03
2.09702553e+01 -2.57189746e-03
2.10084525e+01 -2.57193382e-03
2.10466497e+01 -2.57196897e-03
2.10848469e+01 -2.57200295e-03
2.11230440e+01 -2.57203577e-03
2.11612412e+01 -2.57206747e-03
2.11994384e+01 -2.57209807e-03
2.12376356e+01 -2.57212760e-03
2.12758328e+01 -2.57215607e-03
2.13140300e+01 -2.57218350e-03
2.13522272e+01 -2.57220993e-03
2.13904244e+01 -2.57223536e-03
2.14286215e+01 -2.57225982e-03
2.14668187e+01 -2.57228333e-03
2.15050159e+01 -2.57230589e-03
2.15432131e+01 -2.57232754e-03
2.15814103e+01 -2.57234828e-03
2.16196075e+01 -2.57236812e-03
2.16578047e+01 -2.57238709e-03
2.16960018e+01 -2.57240520e-03
2.17341990e+01 -2.57242245e-03
2.17723962e+01 -2.57243887e-03
2.18105934e+01 -2.57245446e-03
2.18487906e+01 -2.57246923e-03
2.18869878e+01 -2.57248320e-03
2.19251850e+01 -2.57249637e-03
2.19633821e+01 -2.57250875e-03
2.20015793e+01 -2.57252035e-03
2.20397765e+01 -2.57253119e-03
2.20779737e+01 -2.57254125e-03
2.21161709e+01 -2.57255057e-03
2.21543681e+01 -2.57255913e-03
2.21925653e+01 -2.57256694e-03
2.22307625e+01 -2.57257402e-03
2.22689596e+01 -2.57258036e-03
2.23071568e+01 -2.57258597e-03
2.23453540e+01 -2.57259085e-03
2.23835512e+01 -2.57259501e-03
2.24217484e+01 -2.57259845e-03
2.24599456e+01 -2.57260117e-03
2.24981428e+01 -2.57260318e-03
2.25363399e+01 -2.57260447e-03
2.25745371e+01 -2.57260504e-03
2.26127343e+01 -2.57260490e-03
2.26509315e+01 -2.57260404e-03
2.26891287e+01 -2.57260247e-03
2.27273259e+01 -2.57260019e-03
2.27655231e+01 -2.57259719e-03
2.28037202e+01 -2.57259346e-03
2.28419174e+01 -2.57258902e-03
2.28801146e+01 -2.57258385e-03
2.29183118e+01 -2.57257795e-03
2.29565090e+01 -2.57257132e-03
2.29947062e+01 -2.57256396e-03
2.30329034e+01 -2.57255585e-03
2.30711006e+01 -2.57254699e-03
2.31092977e+01 -2.57253739e-03
2.31474949e+01 -2.57252702e-03
2.31856921e+01 -2.57251588e-03
2.32238893e+01 -2.57250397e-03
2.32620865e+01 -2.57249128e-03
2.33002837e+01 -2.57247780e-03
2.33384809e+01 -2.57246352e-03
2.33766780e+01 -2.57244843e-03
2.34148752e+01 -2.57243251e-03
2.34530724e+01 -2.57241577e-03
2.34912696e+01 -2.57239818e-03
2.35294668e+01 -2.57237974e-03
2.35676640e+01 -2.57236042e-03
2.36058612e+01 -2.57234023e-03
2.36440583e+01 -2.57231914e-03
2.36822555e+01 -2.57229713e-03
2.37204527e+01 -2.57227420e-03
2.37586499e+01 -2.57225032e-03
2.37968471e+01 -2.57222548e-03
2.38350443e+01 -2.57219966e-03
2.38732415e+01 -2.57217284e-03
2.39114387e+01 -2.57214500e-03
2.39496358e+01 -2.57211611e-03
2.39878330e+01 -2.57208617e-03
2.40260302e+01 -2.57205514e-03
2.40642274e+01 -2.57202300e-03
2.41024246e+01 -2.57198972e-03
2.41406218e+01 -2.57195529e-03
2.41788190e+01 -2.57191966e-03
2.42170161e+01 -2.57188283e-03
2.42552133e+01 -2.57184474e-03
2.42934105e+01 -2.57180538e-03
2.43316077e+01 -2.57176470e-03
2.43698049e+01 -2.57172269e-03
2.44080021e+01 -2.57167930e-03
2.44461993e+01 -2.57163449e-03
2.44843964e+01 -2.57158823e-03
2.45225936e+01 -2.57154048e-03
2.45607908e+01 -2.57149119e-03
2.45989880e+01 -2.57144033e-03
2.46371852e+01 -2.57138785e-03
2.46753824e+01 -2.57133369e-03
2.47135796e+01 -2.57127782e-03
2.47517767e+01 -2.57122017e-03
2.47899739e+01 -2.57116071e-03
2.48281711e+01 -2.57109936e-03
2.48663683e+01 -2.57103608e-03
2.49045655e+01 -2.57097079e-03
2.49427627e+01 -2.57090345e-03
2.49809599e+01 -2.57083397e-03
2.50191571e+01 -2.57076230e-03
2.50573542e+01 -2.57068836e-03
2.50955514e+01 -2.57061207e-03
2.51337486e+01 -2.57053335e-03
2.51719458e+01 -2.57045212e-03
2.52101430e+01 -2.57036830e-03
2.52483402e+01 -2.57028179e-03
2.52865374e+01 -2.57019250e-03
2.53247345e+01 -2.57010033e-03
2.53629317e+01 -2.57000517e-03
2.54011289e+01 -2.56990692e-03
2.54393261e+01 -2.56980546e-03
2.54775233e+01 -2.56970066e-03
2.55157205e+01 -2.56959242e-03
2.55539177e+01 -2.56948058e-03
2.55921148e+01 -2.56936502e-03
2.56303120e+01 -2.56924559e-03
2.56685092e+01 -2.56912214e-03
2.57067064e+01 -2.56899450e-03
2.57449036e+01 -2.56886251e-03
2.57831008e+01 -2.56872599e-03
2.58212980e+01 -2.56858476e-03
2.58594952e+01 -2.56843861e-03
2.58976923e+01 -2.56828734e-03
2.59358895e+01 -2.56813074e-03
2.59740867e+01 -2.56796857e-03
2.60122839e+01 -2.56780059e-03
2.60504811e+01 -2.56762656e-03
2.60886783e+01 -2.56744619e-03
2.61268755e+01 -2.56725921e-03
2.61650726e+01 -2.56706531e-03
2.62032698e+01 -2.56686418e-03
2.62414670e+01 -2.56665549e-03
2.62796642e+01 -2.56643888e-03
2.63178614e+01 -2.56621397e-03
2.63560586e+01 -2.56598037e-03
2.63942558e+01 -2.56573766e-03
2.64324529e+01 -2.56548538e-03
2.64706501e+01 -2.56522308e-03
2.65088473e+01 -2.56495024e-03
2.65470445e+01 -2.56466634e-03
2.65852417e+01 -2.56437079e-03
2.66234389e+01 -2.56406301e-03
2.66616361e+01 -2.56374235e-03
2.66998333e+01 -2.56340812e-03
2.67380304e+01 -2.56305960e-03
2.67762276e+01 -2.56269601e-03
2.68144248e+01 -2.56231652e-03
2.68526220e+01 -2.56192024e-03
2.68908192e+01 -2.56150623e-03
2.69290164e+01 -2.56107347e-03
2.69672136e+01 -2.56062088e-03
2.70054107e+01 -2.56014729e-03
2.70436079e+01 -2.55965147e-03
2.70818051e+01 -2.55913208e-03
2.71200023e+01 -2.55858767e-03
2.71581995e+01 -2.55801670e-03
2.71963967e+01 -2.55741752e-03
2.72345939e+01 -2.55678832e-03
2.72727910e+01 -2.55612719e-03
2.73109882e+01 -2.55543204e-03
2.73491854e+01 -2.55470062e-03
2.73873826e+01 -2.55393049e-03
2.74255798e+01 -2.55311902e-03
2.74637770e+01 -2.55226335e-03
2.75019742e+01 -2.55136039e-03
2.75401714e+01 -2.55040677e-03
2.75783685e+01 -2.54939883e-03
2.76165657e+01 -2.54833258e-03
2.76547629e+01 -2.54720368e-03
2.76929601e+01 -2.54600738e-03
2.77311573e+01 -2.54473849e-03
2.77693545e+01 -2.54339135e-03
2.78075517e+01 -2.54195971e-03
2.78457488e+01 -2.54043675e-03
2.78839460e+01 -2.53881496e-03
2.79221432e+01 -2.53708606e-03
2.79603404e+01 -2.53524093e-03
2.79985376e+01 -2.53326948e-03
2.80367348e+01 -2.53116056e-03
2.80749320e+01 -2.52890181e-03
2.81131291e+01 -2.52647947e-03
2.81513263e+01 -2.52387828e-03
2.81895235e+01 -2.52108119e-03
2.82277207e+01 -2.51806917e-03
2.82659179e+01 -2.51482090e-03
2.83041151e+01 -2.51131248e-03
2.83423123e+01 -2.50751703e-03
2.83805095e+01 -2.50340427e-03
2.84187066e+01 -2.49893996e-03
2.84569038e+01 -2.49408537e-03
2.84951010e+01 -2.48879649e-03
2.85332982e+01 -2.48302323e-03
2.85714954e+01 -2.47670840e-03
2.86096926e+01 -2.46978652e-03
2.86478898e+01 -2.46218239e-03
2.86860869e+01 -2.45380940e-03
2.87242841e+01 -2.44456742e-03
2.87624813e+01 -2.43434034e-03
2.88006785e+01 -2.42299303e-03
2.88388757e+01 -2.41036764e-03
2.88770729e+01 -2.39627912e-03
2.89152701e+01 -2.38050956e-03
2.89534672e+01 -2.36280142e-03
2.89916644e+01 -2.34284893e-03
2.90298616e+01 -2.32028747e-03
2.90680588e+01 -2.29468022e-03
2.91062560e+01 -2.26550136e-03
2.91444532e+01 -2.23211484e-03
2.91826504e+01 -2.19374736e-03
2.92208476e+01 -2.14945393e-03
2.92590447e+01 -2.09807380e-03
2.92972419e+01 -2.03817377e-03
2.93354391e+01 -1.96797538e-03
2.93736363e+01 -1.88526125e-03
2.94118335e+01 -1.78725502e-03
2.94500307e+01 -1.67046871e-03
2.94882279e+01 -1.53051150e-03
2.95264250e+01 -1.36185715e-03
2.95646222e+01 -1.15757624e-03
2.96028194e+01 -9.09062073e-04
2.96410166e+01 -6.05830117e-04
2.96792138e+01 -2.35579552e-04
2.97174110e+01 2.15073485e-04
2.97556082e+01 7.58354915e-04
2.97938053e+01 1.39999590e-03
2.98320025e+01 2.12810950e-03
2.98701997e+01 2.89274536e-03
2.99083969e+01 3.57486301e-03
2.99465941e+01 3.95713917e-03
2.99847913e+01 3.74729376e-03
3.00229885e+01 2.75444707e-03
3.00611857e+01 1.24666235e-03
3.00993828e+01 1.19426518e-04
3.01375800e+01 2.54827442e-04
3.01757772e+01 1.53918348e-03
3.02139744e+01 3.00140248e-03
3.02521716e+01 3.84589123e-03
3.02903688e+01 3.92063250e-03
3.03285660e+01 3.45962631e-03
3.03667631e+01 2.74820245e-03
3.04049603e+01 1.98395563e-03
3.04431575e+01 1.27003761e-03
3.04813547e+01 6.47020276e-04
3.05195519e+01 1.22180656e-04
3.05577491e+01 -3.12087820e-04
3.05959463e+01 -6.68519706e-04
3.06341434e+01 -9.60402561e-04
3.06723406e+01 -1.19971814e-03
3.07105378e+01 -1.39658514e-03
3.07487350e+01 -1.55927047e-03
3.07869322e+01 -1.69441391e-03
3.08251294e+01 -1.80730503e-03
3.08633266e+01 -1.90214551e-03
3.09015238e+01 -1.98227393e-03
3.09397209e+01 -2.05034917e-03
3.09779181e+01 -2.10849641e-03
3.10161153e+01 -2.15842165e-03
3.10543125e+01 -2.20150097e-03
3.10925097e+01 -2.23884999e-03
3.11307069e+01 -2.27137782e-03
3.11689041e+01 -2.29982914e-03
3.12071012e+01 -2.32481708e-03
3.12452984e+01 -2.34684895e-03
3.12834956e+01 -2.36634661e-03
3.13216928e+01 -2.38366251e-03
3.13598900e+01 -2.39909244e-03
3.13980872e+01 -2.41288580e-03
3.14362844e+01 -2.42525370e-03
3.14744815e+01 -2.43637563e-03
3.15126787e+01 -2.44640476e-03
3.15508759e+01 -2.45547234e-03
3.15890731e+01 -2.46369121e-03
3.16272703e+01 -2.47115872e-03
3.16654675e+01 -2.47795918e-03
3.17036647e+01 -2.48416579e-03
3.17418619e+01 -2.48984236e-03
3.17800590e+01 -2.49504463e-03
3.18182562e+01 -2.49982146e-03
3.18564534e+01 -2.50421578e-03
3.18946506e+01 -2.50826543e-03
3.19328478e+01 -2.51200383e-03
3.19710450e+01 -2.51546058e-03
3.20092422e+01 -2.51866197e-03
3.20474393e+01 -2.52163138e-03
3.20856365e+01 -2.52438965e-03
3.21238337e+01 -2.52695542e-03
3.21620309e+01 -2.52934538e-03
3.22002281e+01 -2.53157451e-03
3.22384253e+01 -2.53365625e-03
3.22766225e+01 -2.53560275e-03
3.23148196e+01 -2.53742494e-03
3.23530168e+01 -2.53913270e-03
3.23912140e+01 -2.54073500e-03
3.24294112e+01 -2.54223996e-03
3.24676084e+01 -2.54365495e-03
3.25058056e+01 -2.54498669e-03
3.25440028e+01 -2.54624129e-03
3.25821999e+01 -2.54742433e-03
3.26203971e+01 -2.54854091e-03
3.26585943e+01 -2.54959570e-03
3.26967915e+01 -2.55059297e-03
3.27349887e+01 -2.55153664e-03
3.27731859e+01 -2.55243032e-03
3.28113831e+01 -2.55327731e-03
3.28495803e+01 -2.55408068e-03
3.28877774e+01 -2.55484322e-03
3.29259746e+01 -2.55556753e-03
3.29641718e+01 -2.55625602e-03
3.30023690e+01 -2.55691090e-03
3.30405662e+01 -2.55753421e-03
3.30787634e+01 -2.55812787e-03
3.31169606e+01 -2.55869364e-03
3.31551577e+01 -2.55923316e-03
3.31933549e+01 -2.55974795e-03
3.32315521e+01 -2.56023942e-03
3.32697493e+01 -2.56070890e-03
3.33079465e+01 -2.56115761e-03
3.33461437e+01 -2.56158671e-03
3.33843409e+01 -2.56199726e-03
3.34225380e+01 -2.56239026e-03
3.34607352e+01 -2.56276665e-03
3.34989324e+01 -2.56312730e-03
3.35371296e+01 -2.56347303e-03
3.35753268e+01 -2.56380462e-03
3.36135240e+01 -2.56412277e-03
3.36517212e+01 -2.56442816e-03
3.36899184e+01 -2.56472144e-03
3.37281155e+01 -2.56500319e-03
3.37663127e+01 -2.56527397e-03
3.38045099e+01 -2.56553432e-03
3.38427071e+01 -2.56578473e-03
3.38809043e+01 -2.56602567e-03
3.39191015e+01 -2.56625758e-03
3.39572987e+01 -2.56648087e-03
3.39954958e+01 -2.56669595e-03
3.40336930e+01 -2.56690317e-03
3.40718902e+01 -2.56710289e-03
3.41100874e+01 -2.56729544e-03
3.41482846e+01 -2.56748114e-03
3.41864818e+01 -2.56766027e-03
3.42246790e+01 -2.56783313e-03
3.42628761e+01 -2.56799998e-03
3.43010733e+01 -2.56816107e-03
3.43392705e+01 -2.56831664e-03
3.43774677e+01 -2.56846691e-03
3.44156649e+01 -2.56861210e-03
3.44538621e+01 -2.56875242e-03
3.44920593e+01 -2.56888806e-03
3.45302565e+01 -2.56901921e-03
3.45684536e+01 -2.56914604e-03
3.46066508e+01 -2.56926871e-03
3.46448480e+01 -2.56938739e-03
3.46830452e+01 -2.56950223e-03
3.47212424e+01 -2.56961336e-03
3.47594396e+01 -2.56972094e-03
3.47976368e+01 -2.56982509e-03
3.48358339e+01 -2.56992593e-03
3.48740311e+01 -2.57002358e-03
3.49122283e+01 -2.57011816e-03
3.49504255e+01 -2.57020977e-03
3.49886227e+01 -2.57029853e-03
3.50268199e+01 -2.57038451e-03
3.50650171e+01 -2.57046783e-03
3.51032142e+01 -2.57054857e-03
3.51414114e+01 -2.57062682e-03
3.51796086e+01 -2.57070266e-03
3.52178058e+01 -2.57077616e-03
3.52560030e+01 -2.57084741e-03
3.52942002e+01 -2.57091647e-03
3.53323974e+01 -2.57098342e-03
3.53705946e+01 -2.57104831e-03
3.54087917e+01 -2.57111122e-03
3.54469889e+01 -2.57117221e-03
3.54851861e+01 -2.57123132e-03
3.55233833e+01 -2.57128862e-03
3.55615805e+01 -2.57134416e-03
3.55997777e+01 -2.57139800e-03
3.56379749e+01 -2.57145017e-03
3.56761720e+01 -2.57150073e-03
3.57143692e+01 -2.57154972e-03
3.57525664e+01 -2.57159718e-03
3.57907636e+01 -2.57164316e-03
3.58289608e+01 -2.57168769e-03
3.58671580e+01 -2.57173082e-03
3.59053552e+01 -2.57177257e-03
3.59435523e+01 -2.57181299e-03
3.59817495e+01 -2.57185211e-03
3.60199467e+01 -2.57188996e-03
3.60581439e+01 -2.57192656e-03
3.60963411e+01 -2.57196196e-03
3.61345383e+01 -2.57199617e-03
3.61727355e+01 -2.57202922e-03
3.62109327e+01 -2.57206115e-03
3.62491298e+01 -2.57209197e-03
3.62873270e+01 -2.57212171e-03
3.63255242e+01 -2.57215039e-03
3.63637214e+01 -2.57217804e-03
3.64019186e+01 -2.57220467e-03
3.64401158e+01 -2.57223030e-03
3.64783130e+01 -2.57225495e-03
3.65165101e+01 -2.57227865e-03
3.65547073e+01 -2.57230140e-03
3.65929045e+01 -2.57232323e-03
3.66311017e+01 -2.57234415e-03
3.66692989e+01 -2.57236418e-03
3.67074961e+01 -2.57238333e-03
3.67456933e+01 -2.57240161e-03
3.67838904e+01 -2.57241903e-03
3.68220876e+01 -2.57243562e-03
3.68602848e+01 -2.57245137e-03
3.68984820e+01 -2.57246631e-03
3.69366792e+01 -2.57248044e-03
3.69748764e+01 -2.57249377e-03
3.70130736e+01 -2.57250631e-03
3.70512708e+01 -2.57251807e-03
3.70894679e+01 -2.57252906e-03
3.71276651e+01 -2.57253928e-03
3.71658623e+01 -2.57254874e-03
3.72040595e+01 -2.57255746e-03
3.72422567e+01 -2.57256542e-03
3.72804539e+01 -2.57257265e-03
3.73186511e+01 -2.57257914e-03
3.73568482e+01 -2.57258489e-03
3.73950454e+01 -2.57258992e-03
3.74332426e+01 -2.57259423e-03
3.74714398e+01 -2.57259782e-03
3.75096370e+01 -2.57260068e-03
3.75478342e+01 -2.57260283e-03
3.75860314e+01 -2.57260426e-03
3.76242285e+01 -2.57260498e-03
3.76624257e+01 -2.57260499e-03
3.77006229e+01 -2.57260427e-03
3.77388201e+01 -2.57260285e-03
3.77770173e+01 -2.57260071e-03
3.78152145e+01 -2.57259785e-03
3.78534117e+01 -2.57259428e-03
3.78916089e+01 -2.57258998e-03
3.79298060e+01 -2.57258495e-03
3.79680032e+01 -2.57257920e-03
3.80062004e+01 -2.57257272e-03
3.80443976e+01 -2.57256551e-03
3.80825948e+01 -2.57255755e-03
3.81207920e+01 -2.57254885e-03
3.81589892e+01 -2.57253939e-03
3.81971863e+01 -2.57252918e-03
3.82353835e+01 -2.57251820e-03
3.82735807e+01 -2.57250645e-03
3.83117779e+01 -2.57249391e-03
3.83499751e+01 -2.57248059e-03
3.83881723e+01 -2.57246647e-03
3.84263695e+01 -2.57245155e-03
3.84645666e+01 -2.57243580e-03
3.85027638e+01 -2.57241922e-03
3.85409610e+01 -2.57240181e-03
3.85791582e+01 -2.57238354e-03
3.86173554e+01 -2.57236440e-03
3.86555526e+01 -2.57234438e-03
3.86937498e+01 -2.57232347e-03
3.87319470e+01 -2.57230166e-03
3.87701441e+01 -2.57227891e-03
3.88083413e+01 -2.57225523e-03
3.88465385e+01 -2.57223058e-03
3.88847357e+01 -2.57220496e-03
3.89229329e+01 -2.57217834e-03
3.89611301e+01 -2.57215071e-03
3.89993273e+01 -2.57212204e-03
3.90375244e+01 -2.57209231e-03
3.90757216e+01 -2.57206150e-03
3.91139188e+01 -2.57202959e-03
3.91521160e+01 -2.57199655e-03
3.91903132e+01 -2.57196235e-03
3.92285104e+01 -2.57192697e-03
3.92667076e+01 -2.57189038e-03
3.93049047e+01 -2.57185254e-03
3.93431019e+01 -2.57181344e-03
3.93812991e+01 -2.57177304e-03
3.94194963e+01 -2.57173130e-03
3.94576935e+01 -2.57168819e-03
3.94958907e+01 -2.57164367e-03
3.95340879e+01 -2.57159771e-03
3.95722851e+01 -2.57155026e-03
3.96104822e+01 -2.57150129e-03
3.96486794e+01 -2.57145075e-03
3.96868766e+01 -2.57139859e-03
3.97250738e+01 -2.57134478e-03
3.97632710e+01 -2.57128926e-03
3.98014682e+01 -2.57123198e-03
3.98396654e+01 -2.57117288e-03
3.98778625e+01 -2.57111192e-03
3.99160597e+01 -2.57104904e-03
3.99542569e+01 -2.57098416e-03
3.99924541e+01 -2.57091724e-03
4.00306513e+01 -2.57084820e-03
4.00688485e+01 -2.57077698e-03
4.01070457e+01 -2.57070350e-03
4.01452428e+01 -2.57062769e-03
4.01834400e+01 -2.57054947e-03
4.02216372e+01 -2.57046876e-03
4.02598344e+01 -2.57038547e-03
4.02980316e+01 -2.57029951e-03
4.03362288e+01 -2.57021079e-03
4.03744260e+01 -2.57011921e-03
4.04126231e+01 -2.57002466e-03
4.04508203e+01 -2.56992705e-03
4.04890175e+01 -2.56982624e-03
4.05272147e+01 -2.56972213e-03
4.05654119e+01 -2.56961460e-03
4.06036091e+01 -2.56950350e-03
4.06418063e+01 -2.56938870e-03
4.06800035e+01 -2.56927007e-03
4.07182006e+01 -2.56914744e-03
4.07563978e+01 -2.56902066e-03
4.07945950e+01 -2.56888957e-03
4.08327922e+01 -2.56875398e-03
4.08709894e+01 -2.56861371e-03
4.09091866e+01 -2.56846857e-03
4.09473838e+01 -2.56831836e-03
4.09855809e+01 -2.56816285e-03
4.10237781e+01 -2.56800183e-03
4.10619753e+01 -2.56783505e-03
4.11001725e+01 -2.56766226e-03
4.11383697e+01 -2.56748319e-03
4.11765669e+01 -2.56729757e-03
4.12147641e+01 -2.56710510e-03
4.12529612e+01 -2.56690546e-03
4.12911584e+01 -2.56669833e-03
4.13293556e+01 -2.56648334e-03
4.13675528e+01 -2.56626015e-03
4.14057500e+01 -2.56602834e-03
4.14439472e+01 -2.56578750e-03
4.14821444e+01 -2.56553720e-03
4.15203416e+01 -2.56527697e-03
4.15585387e+01 -2.56500630e-03
4.15967359e+01 -2.56472468e-03
4.16349331e+01 -2.56443154e-03
4.16731303e+01 -2.56412628e-03
4.17113275e+01 -2.56380828e-03
4.17495247e+01 -2.56347685e-03
4.17877219e+01 -2.56313128e-03
4.18259190e+01 -2.56277080e-03
4.18641162e+01 -2.56239460e-03
4.19023134e+01 -2.56200179e-03
4.19405106e+01 -2.56159144e-03
4.19787078e+01 -2.56116256e-03
4.20169050e+01 -2.56071407e-03
4.20551022e+01 -2.56024483e-03
4.20932993e+01 -2.55975361e-03
4.21314965e+01 -2.55923910e-03
4.21696937e+01 -2.55869987e-03
4.22078909e+01 -2.55813440e-03
4.22460881e+01 -2.55754107e-03
4.22842853e+01 -2.55691809e-03
4.23224825e+01 -2.55626359e-03
4.23606797e+01 -2.55557549e-03
4.23988768e+01 -2.55485159e-03
4.24370740e+01 -2.55408949e-03
4.24752712e+01 -2.55328661e-03
4.25134684e+01 -2.55244012e-03
4.25516656e+01 -2.55154699e-03
4.25898628e+01 -2.55060390e-03
4.26280600e+01 -2.54960726e-03
4.26662571e+01 -2.54855314e-03
4.27044543e+01 -2.54743728e-03
4.27426515e+01 -2.54625502e-03
4.27808487e+01 -2.54500125e-03
4.28190459e+01 -2.54367042e-03
4.28572431e+01 -2.54225640e-03
4.28954403e+01 -2.54075250e-03
4.29336374e+01 -2.53915134e-03
4.29718346e+01 -2.53744481e-03
4.30100318e+01 -2.53562397e-03
4.30482290e+01 -2.53367893e-03
4.30864262e+01 -2.53159877e-03
4.31246234e+01 -2.52937138e-03
4.31628206e+01 -2.52698331e-03
4.32010178e+01 -2.52441961e-03
4.32392149e+01 -2.52166361e-03
4.32774121e+01 -2.51869670e-03
4.33156093e+01 -2.51549805e-03
4.33538065e+01 -2.51204431e-03
4.33920037e+01 -2.50830924e-03
4.34302009e+01 -2.50426328e-03
4.34683981e+01 -2.49987305e-03
4.35065952e+01 -2.49510077e-03
4.35447924e+01 -2.48990355e-03
4.35829896e+01 -2.48423263e-03
4.36211868e+01 -2.47803232e-03
4.36593840e+01 -2.47123895e-03
4.36975812e+01 -2.46377941e-03
4.37357784e+01 -2.45556953e-03
4.37739755e+01 -2.44651211e-03
4.38121727e+01 -2.43649451e-03
4.38503699e+01 -2.42538571e-03
4.38885671e+01 -2.41303280e-03
4.39267643e+01 -2.39925663e-03
4.39649615e+01 -2.38384645e-03
4.40031587e+01 -2.36655337e-03
4.40413559e+01 -2.34708215e-03
4.40795530e+01 -2.32508105e-03
4.41177502e+01 -2.30012909e-03
4.41559474e+01 -2.27172000e-03
4.41941446e+01 -2.23924200e-03
4.42323418e+01 -2.20195205e-03
4.42705390e+01 -2.15894311e-03
4.43087362e+01 -2.10910217e-03
4.43469333e+01 -2.05105643e-03
4.43851305e+01 -1.98310406e-03
4.44233277e+01 -1.90312522e-03
4.44615249e+01 -1.80846775e-03
4.44997221e+01 -1.69580172e-03
4.45379193e+01 -1.56093633e-03
4.45761165e+01 -1.39859569e-03
4.46143136e+01 -1.20215678e-03
4.46525108e+01 -9.63372499e-04
4.46907080e+01 -6.72145716e-04
4.47289052e+01 -3.16514139e-04
4.47671024e+01 1.16801991e-04
4.48052996e+01 6.40562010e-04
4.48434968e+01 1.26247194e-03
4.48816940e+01 1.97550545e-03
4.49198911e+01 2.73960959e-03
4.49580883e+01 3.45253118e-03
4.49962855e+01 3.91784341e-03
4.50344827e+01 3.85078858e-03
4.50726799e+01 3.01523730e-03
4.51108771e+01 1.55670243e-03
4.51490743e+01 2.64276064e-04
4.51872714e+01 1.12945689e-04
4.52254686e+01 1.22974252e-03
4.52636658e+01 2.73917156e-03
4.53018630e+01 3.74054259e-03
4.53400602e+01 3.95863408e-03
4.53782574e+01 3.58135057e-03
4.54164546e+01 2.90120378e-03
4.54546517e+01 2.13667147e-03
4.54928489e+01 1.40777046e-03
4.55310461e+01 7.65040188e-04
4.55692433e+01 2.20662000e-04
4.56074405e+01 -2.30972744e-04
4.56456377e+01 -6.02054388e-04
4.56838349e+01 -9.05970206e-04
4.57220321e+01 -1.15503916e-03
4.57602292e+01 -1.35976735e-03
4.57984264e+01 -1.52878179e-03
4.58366236e+01 -1.66902933e-03
4.58748208e+01 -1.78605048e-03
4.59130180e+01 -1.88424747e-03
4.59512152e+01 -1.96711734e-03
4.59894124e+01 -2.03744353e-03
4.60276095e+01 -2.09744902e-03
4.60658067e+01 -2.14891663e-03
4.61040039e+01 -2.19328302e-03
4.61422011e+01 -2.23171169e-03
4.61803983e+01 -2.26514976e-03
4.62185955e+01 -2.29437228e-03
4.62567927e+01 -2.32001667e-03
4.62949898e+01 -2.34260988e-03
4.63331870e+01 -2.36258963e-03
4.63713842e+01 -2.38032126e-03
4.64095814e+01 -2.39611116e-03
4.64477786e+01 -2.41021736e-03
4.64859758e+01 -2.42285814e-03
4.65241730e+01 -2.43421893e-03
4.65623702e+01 -2.44445785e-03
4.66005673e+01 -2.45371026e-03
4.66387645e+01 -2.46209246e-03
4.66769617e+01 -2.46970475e-03
4.67151589e+01 -2.47663388e-03
4.67533561e+01 -2.48295517e-03
4.67915533e+01 -2.48873421e-03
4.68297505e+01 -2.49402826e-03
4.68679476e+01 -2.49888749e-03
4.69061448e+01 -2.50335597e-03
4.69443420e+01 -2.50747250e-03
4.69825392e+01 -2.51127134e-03
4.70207364e+01 -2.51478284e-03
4.70589336e+01 -2.51803391e-03
4.70971308e+01 -2.52104847e-03
4.71353279e+01 -2.52384788e-03
4.71735251e+01 -2.52645118e-03
4.72117223e+01 -2.52887544e-03
4.72499195e+01 -2.53113596e-03
4.72881167e+01 -2.53324650e-03
4.73263139e+01 -2.53521943e-03
4.73645111e+01 -2.53706593e-03
4.74027083e+01 -2.53879608e-03
4.74409054e+01 -2.54041904e-03
4.74791026e+01 -2.54194306e-03
4.75172998e+01 -2.54337569e-03
4.75554970e+01 -2.54472375e-03
4.75936942e+01 -2.54599349e-03
4.76318914e+01 -2.54719058e-03
4.76700886e+01 -2.54832021e-03
4.77082857e+01 -2.54938714e-03
4.77464829e+01 -2.55039572e-03
4.77846801e+01 -2.55134993e-03
4.78228773e+01 -2.55225344e-03
4.78610745e+01 -2.55310962e-03
4.78992717e+01 -2.55392157e-03
4.79374689e+01 -2.55469215e-03
4.79756660e+01 -2.55542400e-03
4.80138632e+01 -2.55611955e-03
4.80520604e+01 -2.55678105e-03
4.80902576e+01 -2.55741060e-03
4.81284548e+01 -2.55801011e-03
4.81666520e+01 -2.55858138e-03
4.82048492e+01 -2.55912608e-03
4.82430464e+01 -2.55964575e-03
4.82812435e+01 -2.56014183e-03
4.83194407e+01 -2.56061566e-03
4.83576379e+01 -2.56106848e-03
4.83958351e+01 -2.56150145e-03
4.84340323e+01 -2.56191567e-03
4.84722295e+01 -2.56231214e-03
4.85104267e+01 -2.56269182e-03
4.85486238e+01 -2.56305559e-03
4.85868210e+01 -2.56340427e-03
4.86250182e+01 -2.56373866e-03
4.86632154e+01 -2.56405947e-03
4.87014126e+01 -2.56436739e-03
4.87396098e+01 -2.56466307e-03
4.87778070e+01 -2.56494711e-03
4.88160041e+01 -2.56522007e-03
4.88542013e+01 -2.56548248e-03
4.88923985e+01 -2.56573487e-03
4.89305957e+01 -2.56597768e-03
4.89687929e+01 -2.56621138e-03
4.90069901e+01 -2.56643639e-03
4.90451873e+01 -2.56665309e-03
4.90833844e+01 -2.56686187e-03
4.91215816e+01 -2.56706308e-03
4.91597788e+01 -2.56725706e-03
4.91979760e+01 -2.56744412e-03
4.92361732e+01 -2.56762456e-03
4.92743704e+01 -2.56779867e-03
4.93125676e+01 -2.56796671e-03
4.93507648e+01 -2.56812894e-03
4.93889619e+01 -2.56828561e-03
4.94271591e+01 -2.56843693e-03
4.94653563e+01 -2.56858314e-03
4.95035535e+01 -2.56872443e-03
4.95417507e+01 -2.56886100e-03
4.95799479e+01 -2.56899304e-03
4.96181451e+01 -2.56912073e-03
4.96563422e+01 -2.56924423e-03
4.96945394e+01 -2.56936370e-03
4.97327366e+01 -2.56947930e-03
4.97709338e+01 -2.56959118e-03
4.98091310e+01 -2.56969946e-03
4.98473282e+01 -2.56980429e-03
4.98855254e+01 -2.56990579e-03
4.99237225e+01 -2.57000408e-03
4.99619197e+01 -2.57009927e-03
5.00001169e+01 -2.57019148e-03
5.00383141e+01 -2.57028080e-03
5.00765113e+01 -2.57036734e-03
5.01147085e+01 -2.57045119e-03
5.01529057e+01 -2.57053245e-03
5.01911029e+01 -2.57061119e-03
5.02293000e+01 -2.57068751e-03
5.02674972e+01 -2.57076148e-03
5.03056944e+01 -2.57083318e-03
5.03438916e+01 -2.57090268e-03
5.03820888e+01 -2.57097005e-03
5.04202860e+01 -2.57103535e-03
5.04584832e+01 -2.57109866e-03
5.04966803e+01 -2.57116003e-03
5.05348775e+01 -2.57121951e-03
5.05730747e+01 -2.57127718e-03
5.06112719e+01 -2.57133307e-03
5.06494691e+01 -2.57138724e-03
5.06876663e+01 -2.57143975e-03
5.07258635e+01 -2.57149063e-03
5.07640606e+01 -2.57153993e-03
5.08022578e+01 -2.57158770e-03
5.08404550e+01 -2.57163398e-03
5.08786522e+01 -2.57167880e-03
5.09168494e+01 -2.57172221e-03
5.09550466e+01 -2.57176424e-03
5.09932438e+01 -2.57180493e-03
5.10314410e+01 -2.57184430e-03
5.10696381e+01 -2.57188240e-03
5.11078353e+01 -2.57191926e-03
5.11460325e+01 -2.57195489e-03
5.11842297e+01 -2.57198934e-03
5.12224269e+01 -2.57202263e-03
5.12606241e+01 -2.57205478e-03
5.12988213e+01 -2.57208583e-03
5.13370184e+01 -2.57211578e-03
5.13752156e+01 -2.57214468e-03
5.14134128e+01 -2.57217253e-03
5.14516100e+01 -2.57219936e-03
5.14898072e+01 -2.57222519e-03
5.15280044e+01 -2.57225004e-03
5.15662016e+01 -2.57227393e-03
5.16043987e+01 -2.57229688e-03
5.16425959e+01 -2.57231889e-03
5.16807931e+01 -2.57234000e-03
5.17189903e+01 -2.57236020e-03
5.17571875e+01 -2.57237952e-03
5.17953847e+01 -2.57239798e-03
5.18335819e+01 -2.57241558e-03
5.18717791e+01 -2.57243233e-03
5.19099762e+01 -2.57244825e-03
5.19481734e+01 -2.57246335e-03
5.19863706e+01 -2.57247765e-03
5.20245678e+01 -2.57249114e-03
5.20627650e+01 -2.57250384e-03
5.21009622e+01 -2.57251575e-03
5.21391594e+01 -2.57252690e-03
5.21773565e+01 -2.57253727e-03
5.22155537e+01 -2.57254689e-03
5.22537509e+01 -2.57255575e-03
5.22919481e+01 -2.57256387e-03
5.23301453e+01 -2.57257124e-03
5.23683425e+01 -2.57257788e-03
5.24065397e+01 -2.57258379e-03
5.24447368e+01 -2.57258897e-03
5.24829340e+01 -2.57259342e-03
5.25211312e+01 -2.57259715e-03
5.25593284e+01 -2.57260016e-03
5.25975256e+01 -2.57260245e-03
5.26357228e+01 -2.57260403e-03
5.26739200e+01 -2.57260489e-03
5.27121172e+01 -2.57260504e-03
5.27503143e+01 -2.57260448e-03
5.27885115e+01 -2.57260320e-03
5.28267087e+01 -2.57260120e-03
5.28649059e+01 -2.57259849e-03
5.29031031e+01 -2.57259506e-03
5.29413003e+01 -2.57259090e-03
5.29794975e+01 -2.57258603e-03
5.30176946e+01 -2.57258043e-03
5.30558918e+01 -2.57257409e-03
5.30940890e+01 -2.57256703e-03
5.31322862e+01 -2.57255922e-03
5.31704834e+01 -2.57255067e-03
5.32086806e+01 -2.57254136e-03
5.32468778e+01 -2.57253130e-03
5.32850749e+01 -2.57252048e-03
5.33232721e+01 -2.57250889e-03
5.33614693e+01 -2.57249651e-03
5.33996665e+01 -2.57248335e-03
5.34378637e+01 -2.57246939e-03
5.34760609e+01 -2.57245463e-03
5.35142581e+01 -2.57243905e-03
5.35524553e+01 -2.57242264e-03
5.35906524e+01 -2.57240540e-03
5.36288496e+01 -2.57238730e-03
5.36670468e+01 -2.57236834e-03
5.37052440e+01 -2.57234850e-03
5.37434412e+01 -2.57232778e-03
5.37816384e+01 -2.57230614e-03
5.38198356e+01 -2.57228359e-03
5.38580327e+01 -2.57226009e-03
5.38962299e+01 -2.57223564e-03
5.39344271e+01 -2.57221022e-03
5.39726243e+01 -2.57218381e-03
5.40108215e+01 -2.57215638e-03
5.40490187e+01 -2.57212792e-03
5.40872159e+01 -2.57209841e-03
5.41254130e+01 -2.57206782e-03
5.41636102e+01 -2.57203614e-03
5.42018074e+01 -2.57200332e-03
5.42400046e+01 -2.57196936e-03
5.42782018e+01 -2.57193422e-03
5.43163990e+01 -2.57189788e-03
5.43545962e+01 -2.57186030e-03
5.43927934e+01 -2.57182145e-03
5.44309905e+01 -2.57178132e-03
5.44691877e+01 -2.57173985e-03
5.45073849e+01 -2.57169702e-03
5.45455821e+01 -2.57165279e-03
5.45837793e+01 -2.57160712e-03
5.46219765e+01 -2.57155998e-03
5.46601737e+01 -2.57151132e-03
5.46983708e+01 -2.57146110e-03
5.47365680e+01 -2.57140927e-03
5.47747652e+01 -2.57135580e-03
5.48129624e+01 -2.57130063e-03
5.48511596e+01 -2.57124371e-03
5.48893568e+01 -2.57118499e-03
5.49275540e+01 -2.57112441e-03
5.49657511e+01 -2.57106191e-03
5.50039483e+01 -2.57099745e-03
5.50421455e+01 -2.57093094e-03
5.50803427e+01 -2.57086234e-03
5.51185399e+01 -2.57079156e-03
5.51567371e+01 -2.57071855e-03
5.51949343e+01 -2.57064321e-03
5.52331315e+01 -2.57056549e-03
5.52713286e+01 -2.57048529e-03
5.53095258e+01 -2.57040253e-03
5.53477230e+01 -2.57031712e-03
5.53859202e+01 -2.57022896e-03
5.54241174e+01 -2.57013797e-03
5.54623146e+01 -2.57004403e-03
5.55005118e+01 -2.56994704e-03
5.55387089e+01 -2.56984689e-03
5.55769061e+01 -2.56974346e-03
5.56151033e+01 -2.56963663e-03
5.56533005e+01 -2.56952626e-03
5.56914977e+01 -2.56941223e-03
5.57296949e+01 -2.56929438e-03
5.57678921e+01 -2.56917257e-03
5.58060892e+01 -2.56904665e-03
5.58442864e+01 -2.56891644e-03
5.58824836e+01 -2.56878177e-03
5.59206808e+01 -2.56864247e-03
5.59588780e+01 -2.56849833e-03
5.59970752e+01 -2.56834916e-03
5.60352724e+01 -2.56819474e-03
5.60734696e+01 -2.56803485e-03
5.61116667e+01 -2.56786926e-03
5.61498639e+01 -2.56769770e-03
5.61880611e+01 -2.56751993e-03
5.62262583e+01 -2.56733566e-03
5.62644555e+01 -2.56714459e-03
5.63026527e+01 -2.56694643e-03
5.63408499e+01 -2.56674084e-03
5.63790470e+01 -2.56652748e-03
5.64172442e+01 -2.56630597e-03
5.64554414e+01 -2.56607594e-03
5.64936386e+01 -2.56583696e-03
5.65318358e+01 -2.56558861e-03
5.65700330e+01 -2.56533043e-03
5.66082302e+01 -2.56506191e-03
5.66464273e+01 -2.56478255e-03
5.66846245e+01 -2.56449178e-03
5.67228217e+01 -2.56418903e-03
5.67610189e+01 -2.56387365e-03
5.67992161e+01 -2.56354500e-03
5.68374133e+01 -2.56320235e-03
5.68756105e+01 -2.56284495e-03
5.69138076e+01 -2.56247200e-03
5.69520048e+01 -2.56208262e-03
5.69902020e+01 -2.56167590e-03
5.70283992e+01 -2.56125085e-03
5.70665964e+01 -2.56080641e-03
5.71047936e+01 -2.56034147e-03
5.71429908e+01 -2.55985480e-03
5.71811880e+01 -2.55934511e-03
5.72193851e+01 -2.55881100e-03
5.72575823e+01 -2.55825096e-03
5.72957795e+01 -2.55766340e-03
5.73339767e+01 -2.55704657e-03
5.73721739e+01 -2.55639860e-03
5.74103711e+01 -2.55571747e-03
5.74485683e+01 -2.55500100e-03
5.74867654e+01 -2.55424684e-03
5.75249626e+01 -2.55345242e-03
5.75631598e+01 -2.55261499e-03
5.76013570e+01 -2.55173155e-03
5.76395542e+01 -2.55079885e-03
5.76777514e+01 -2.54981334e-03
5.77159486e+01 -2.54877118e-03
5.77541457e+01 -2.54766817e-03
5.77923429e+01 -2.54649973e-03
5.78305401e+01 -2.54526086e-03
5.78687373e+01 -2.54394609e-03
5.79069345e+01 -2.54254942e-03
5.79451317e+01 -2.54106427e-03
5.79833289e+01 -2.53948341e-03
5.80215261e+01 -2.53779888e-03
5.80597232e+01 -2.53600192e-03
5.80979204e+01 -2.53408285e-03
5.81361176e+01 -2.53203096e-03
5.81743148e+01 -2.52983439e-03
5.82125120e+01 -2.52747997e-03
5.82507092e+01 -2.52495308e-03
5.82889064e+01 -2.52223741e-03
5.83271035e+01 -2.51931476e-03
5.83653007e+01 -2.51616477e-03
5.84034979e+01 -2.51276465e-03
5.84416951e+01 -2.50908875e-03
5.84798923e+01 -2.50510823e-03
5.85180895e+01 -2.50079053e-03
5.85562867e+01 -2.49609880e-03
5.85944838e+01 -2.49099126e-03
5.86326810e+01 -2.48542040e-03
5.86708782e+01 -2.47933202e-03
5.87090754e+01 -2.47266417e-03
5.87472726e+01 -2.46534577e-03
5.87854698e+01 -2.45729504e-03
5.88236670e+01 -2.44841759e-03
5.88618642e+01 -2.43860412e-03
5.89000613e+01 -2.42772759e-03
5.89382585e+01 -2.41563984e-03
5.89764557e+01 -2.40216742e-03
5.90146529e+01 -2.38710647e-03
5.90528501e+01 -2.37021640e-03
5.90910473e+01 -2.35121210e-03
5.91292445e+01 -2.32975419e-03
5.91674416e+01 -2.30543688e-03
5.92056388e+01 -2.27777262e-03
5.92438360e+01 -2.24617285e-03
5.92820332e+01 -2.20992347e-03
5.93202304e+01 -2.16815366e-03
5.93584276e+01 -2.11979597e-03
5.93966248e+01 -2.06353519e-03
5.94348219e+01 -1.99774251e-03
5.94730191e+01 -1.92039093e-03
5.95112163e+01 -1.82894661e-03
5.95494135e+01 -1.72023015e-03
5.95876107e+01 -1.59024164e-03
5.96258079e+01 -1.43394469e-03
5.96640051e+01 -1.24501122e-03
5.97022023e+01 -1.01554398e-03
5.97403994e+01 -7.35831533e-04
5.97785966e+01 -3.94270277e-04
5.98167938e+01 2.22446701e-05
5.98549910e+01 5.26828556e-04
5.98931882e+01 1.12877832e-03
5.99313854e+01 1.82519061e-03
5.99695826e+01 2.58469981e-03
6.00077797e+01 3.32041394e-03
6.00459769e+01 3.85671783e-03
6.00841741e+01 3.92161685e-03
6.01223713e+01 3.24807921e-03
6.01605685e+01 1.87251444e-03
6.01987657e+01 4.59079097e-04
6.02369629e+01 2.68992218e-05
6.02751600e+01 9.36164078e-04
6.03133572e+01 2.45367266e-03
6.03515544e+01 3.60159669e-03
6.03897516e+01 3.97204655e-03
6.04279488e+01 3.69099514e-03
6.04661460e+01 3.05109332e-03
6.05043432e+01 2.29107038e-03
6.05425404e+01 1.54914839e-03
6.05807375e+01 8.87137438e-04
6.06189347e+01 3.22956284e-04
6.06571319e+01 -1.46559841e-04
6.06953291e+01 -5.32845621e-04
6.07335263e+01 -8.49300426e-04
6.07717235e+01 -1.10855258e-03
6.08099207e+01 -1.32149413e-03
6.08481178e+01 -1.49712094e-03
6.08863150e+01 -1.64269834e-03
6.09245122e+01 -1.76402884e-03
6.09627094e+01 -1.86572476e-03
6.10009066e+01 -1.95144944e-03
6.10391038e+01 -2.02411714e-03
6.10773010e+01 -2.08605349e-03
6.11154981e+01 -2.13912202e-03
6.11536953e+01 -2.18482289e-03
6.11918925e+01 -2.22436979e-03
6.12300897e+01 -2.25874970e-03
6.12682869e+01 -2.28876940e-03
6.13064841e+01 -2.31509175e-03
6.13446813e+01 -2.33826415e-03
6.13828785e+01 -2.35874088e-03
6.14210756e+01 -2.37690075e-03
6.14592728e+01 -2.39306113e-03
6.14974700e+01 -2.40748907e-03
6.15356672e+01 -2.42041031e-03
6.15738644e+01 -2.43201642e-03
6.16120616e+01 -2.44247065e-03
6.16502588e+01 -2.45191263e-03
6.16884559e+01 -2.46046227e-03
6.17266531e+01 -2.46822287e-03
6.17648503e+01 -2.47528375e-03
6.18030475e+01 -2.48172240e-03
6.18412447e+01 -2.48760624e-03
6.18794419e+01 -2.49299412e-03
6.19176391e+01 -2.49793756e-03
6.19558362e+01 -2.50248178e-03
6.19940334e+01 -2.50666659e-03
6.20322306e+01 -2.51052712e-03
6.20704278e+01 -2.51409446e-03
6.21086250e+01 -2.51739618e-03
6.21468222e+01 -2.52045678e-03
6.21850194e+01 -2.52329809e-03
6.22232166e+01 -2.52593962e-03
6.22614137e+01 -2.52839880e-03
6.22996109e+01 -2.53069128e-03
6.23378081e+01 -2.53283111e-03
6.23760053e+01 -2.53483094e-03
6.24142025e+01 -2.53670216e-03
6.24523997e+01 -2.53845508e-03
6.24905969e+01 -2.54009902e-03
6.25287940e+01 -2.54164243e-03
6.25669912e+01 -2.54309297e-03
6.26051884e+01 -2.54445761e-03
6.26433856e+01 -2.54574272e-03
6.26815828e+01 -2.54695406e-03
6.27197800e+01 -2.54809694e-03
6.27579772e+01 -2.54917619e-03
6.27961743e+01 -2.55019624e-03
6.28343715e+01 -2.55116114e-03
6.28725687e+01 -2.55207462e-03
6.29107659e+01 -2.55294012e-03
6.29489631e+01 -2.55376078e-03
6.29871603e+01 -2.55453951e-03
6.30253575e+01 -2.55527899e-03
6.30635547e+01 -2.55598169e-03
6.31017518e+01 -2.55664991e-03
6.31399490e+01 -2.55728575e-03
6.31781462e+01 -2.55789119e-03
6.32163434e+01 -2.55846804e-03
6.32545406e+01 -2.55901798e-03
6.32927378e+01 -2.55954260e-03
6.33309350e+01 -2.56004333e-03
6.33691321e+01 -2.56052156e-03
6.34073293e+01 -2.56097853e-03
6.34455265e+01 -2.56141543e-03
6.34837237e+01 -2.56183336e-03
6.35219209e+01 -2.56223334e-03
6.35601181e+01 -2.56261634e-03
6.35983153e+01 -2.56298326e-03
6.36365124e+01 -2.56333493e-03
6.36747096e+01 -2.56367215e-03
6.37129068e+01 -2.56399565e-03
6.37511040e+01 -2.56430612e-03
6.37893012e+01 -2.56460423e-03
6.38274984e+01 -2.56489057e-03
6.38656956e+01 -2.56516573e-03
6.39038928e+01 -2.56543023e-03
6.39420899e+01 -2.56568461e-03
6.39802871e+01 -2.56592932e-03
6.40184843e+01 -2.56616483e-03
6.40566815e+01 -2.56639156e-03
6.40948787e+01 -2.56660991e-03
6.41330759e+01 -2.56682027e-03
6.41712731e+01 -2.56702298e-03
6.42094702e+01 -2.56721839e-03
6.42476674e+01 -2.56740683e-03
6.42858646e+01 -2.56758858e-03
6.43240618e+01 -2.56776395e-03
6.43622590e+01 -2.56793320e-03
6.44004562e+01 -2.56809659e-03
6.44386534e+01 -2.56825436e-03
6.44768505e+01 -2.56840675e-03
6.45150477e+01 -2.56855397e-03
6.45532449e+01 -2.56869624e-03
6.45914421e+01 -2.56883375e-03
6.46296393e+01 -2.56896669e-03
6.46678365e+01 -2.56909524e-03
6.47060337e+01 -2.56921958e-03
6.47442308e+01 -2.56933985e-03
6.47824280e+01 -2.56945623e-03
6.48206252e+01 -2.56956884e-03
6.48588224e+01 -2.56967785e-03
6.48970196e+01 -2.56978336e-03
6.49352168e+01 -2.56988553e-03
6.49734140e+01 -2.56998446e-03
6.50116112e+01 -2.57008026e-03
6.50498083e+01 -2.57017307e-03
6.50880055e+01 -2.57026296e-03
6.51262027e+01 -2.57035006e-03
6.51643999e+01 -2.57043445e-03
6.52025971e+01 -2.57051622e-03
6.52407943e+01 -2.57059546e-03
6.52789915e+01 -2.57067227e-03
6.53171886e+01 -2.57074671e-03
6.53553858e+01 -2.57081886e-03
6.53935830e+01 -2.57088879e-03
6.54317802e+01 -2.57095659e-03
6.54699774e+01 -2.57102231e-03
6.55081746e+01 -2.57108601e-03
6.55463718e+01 -2.57114777e-03
6.55845689e+01 -2.57120763e-03
6.56227661e+01 -2.57126566e-03
6.56609633e+01 -2.57132191e-03
6.56991605e+01 -2.57137642e-03
6.57373577e+01 -2.57142926e-03
6.57755549e+01 -2.57148047e-03
6.58137521e+01 -2.57153009e-03
6.58519493e+01 -2.57157816e-03
6.58901464e+01 -2.57162474e-03
6.59283436e+01 -2.57166985e-03
6.59665408e+01 -2.57171354e-03
6.60047380e+01 -2.57175585e-03
6.60429352e+01 -2.57179680e-03
6.60811324e+01 -2.57183644e-03
6.61193296e+01 -2.57187480e-03
6.61575267e+01 -2.57191190e-03
6.61957239e+01 -2.57194778e-03
6.62339211e+01 -2.57198247e-03
6.62721183e+01 -2.57201599e-03
6.63103155e+01 -2.57204837e-03
6.63485127e+01 -2.57207964e-03
6.63867099e+01 -2.57210981e-03
6.64249070e+01 -2.57213892e-03
6.64631042e+01 -2.57216698e-03
6.65013014e+01 -2.57219402e-03
6.65394986e+01 -2.57222005e-03
6.65776958e+01 -2.57224510e-03
6.66158930e+01 -2.57226918e-03
6.66540902e+01 -2.57229231e-03
6.66922874e+01 -2.57231451e-03
6.67304845e+01 -2.57233580e-03
6.67686817e+01 -2.57235619e-03
6.68068789e+01 -2.57237569e-03
6.68450761e+01 -2.57239432e-03
6.68832733e+01 -2.57241209e-03
6.69214705e+01 -2.57242901e-03
6.69596677e+01 -2.57244510e-03
6.69978648e+01 -2.57246037e-03
6.70360620e+01 -2.57247482e-03
6.70742592e+01 -2.57248847e-03
6.71124564e+01 -2.57250133e-03
6.71506536e+01 -2.57251341e-03
6.71888508e+01 -2.57252470e-03
6.72270480e+01 -2.57253524e-03
6.72652451e+01 -2.57254501e-03
6.73034423e+01 -2.57255402e-03
6.73416395e+01 -2.57256229e-03
6.73798367e+01 -2.57256981e-03
6.74180339e+01 -2.57257660e-03
6.74562311e+01 -2.57258265e-03
6.74944283e+01 -2.57258798e-03
6.75326255e+01 -2.57259258e-03
6.75708226e+01 -2.57259645e-03
6.76090198e+01 -2.57259961e-03
6.76472170e+01 -2.57260205e-03
6.76854142e+01 -2.57260377e-03
6.77236114e+01 -2.57260478e-03
6.77618086e+01 -2.57260507e-03
6.78000058e+01 -2.57260465e-03
6.78382029e+01 -2.57260351e-03
6.78764001e+01 -2.57260166e-03
6.79145973e+01 -2.57259909e-03
6.79527945e+01 -2.57259581e-03
6.79909917e+01 -2.57259180e-03
6.80291889e+01 -2.57258707e-03
6.80673861e+01 -2.57258162e-03
6.81055832e+01 -2.57257543e-03
6.81437804e+01 -2.57256851e-03
6.81819776e+01 -2.57256086e-03
6.82201748e+01 -2.57255246e-03
6.82583720e+01 -2.57254331e-03
6.82965692e+01 -2.57253340e-03
6.83347664e+01 -2.57252273e-03
6.83729636e+01 -2.57251129e-03
6.84111607e+01 -2.57249908e-03
6.84493579e+01 -2.57248608e-03
6.84875551e+01 -2.57247228e-03
6.85257523e+01 -2.57245768e-03
6.85639495e+01 -2.57244227e-03
6.86021467e+01 -2.57242603e-03
6.86403439e+01 -2.57240895e-03
6.86785410e+01 -2.57239103e-03
6.87167382e+01 -2.57237225e-03
6.87549354e+01 -2.57235259e-03
6.87931326e+01 -2.57233204e-03
6.88313298e+01 -2.57231059e-03
6.88695270e+01 -2.57228822e-03
6.89077242e+01 -2.57226492e-03
6.89459213e+01 -2.57224067e-03
6.89841185e+01 -2.57221544e-03
6.90223157e+01 -2.57218923e-03
6.90605129e+01 -2.57216201e-03
6.90987101e+01 -2.57213376e-03
6.91369073e+01 -2.57210447e-03
6.91751045e+01 -2.57207410e-03
6.92133017e+01 -2.57204263e-03
6.92514988e+01 -2.57201005e-03
6.92896960e+01 -2.57197632e-03
6.93278932e+01 -2.57194142e-03
6.93660904e+01 -2.57190532e-03
6.94042876e+01 -2.57186800e-03
6.94424848e+01 -2.57182941e-03
6.94806820e+01 -2.57178954e-03
6.95188791e+01 -2.57174835e-03
6.95570763e+01 -2.57170579e-03
6.95952735e+01 -2.57166185e-03
6.96334707e+01 -2.57161648e-03
6.96716679e+01 -2.57156963e-03
6.97098651e+01 -2.57152128e-03
6.97480623e+01 -2.57147138e-03
6.97862594e+01 -2.57141989e-03
6.98244566e+01 -2.57136675e-03
6.98626538e+01 -2.57131193e-03
6.99008510e+01 -2.57125536e-03
6.99390482e+01 -2.57119701e-03
6.99772454e+01 -2.57113681e-03
7.00154426e+01 -2.57107471e-03
7.00536398e+01 -2.57101065e-03
7.00918369e+01 -2.57094456e-03
7.01300341e+01 -2.57087639e-03
7.01682313e+01 -2.57080606e-03
7.02064285e+01 -2.57073350e-03
7.02446257e+01 -2.57065864e-03
7.02828229e+01 -2.57058141e-03
7.03210201e+01 -2.57050171e-03
7.03592172e+01 -2.57041948e-03
7.03974144e+01 -2.57033461e-03
7.04356116e+01 -2.57024702e-03
7.04738088e+01 -2.57015661e-03
7.05120060e+01 -2.57006327e-03
7.05502032e+01 -2.56996691e-03
7.05884004e+01 -2.56986741e-03
7.06265975e+01 -2.56976465e-03
7.06647947e+01 -2.56965852e-03
7.07029919e+01 -2.56954888e-03
7.07411891e+01 -2.56943559e-03
7.07793863e+01 -2.56931853e-03
7.08175835e+01 -2.56919754e-03
7.08557807e+01 -2.56907246e-03
7.08939779e+01 -2.56894313e-03
7.09321750e+01 -2.56880938e-03
7.09703722e+01 -2.56867103e-03
7.10085694e+01 -2.56852788e-03
7.10467666e+01 -2.56837975e-03
7.10849638e+01 -2.56822641e-03
7.11231610e+01 -2.56806764e-03
7.11613582e+01 -2.56790322e-03
7.11995553e+01 -2.56773289e-03
7.12377525e+01 -2.56755640e-03
7.12759497e+01 -2.56737346e-03
7.13141469e+01 -2.56718380e-03
7.13523441e+01 -2.56698710e-03
7.13905413e+01 -2.56678304e-03
7.14287385e+01 -2.56657127e-03
7.14669356e+01 -2.56635145e-03
7.15051328e+01 -2.56612317e-03
7.15433300e+01 -2.56588604e-03
7.15815272e+01 -2.56563962e-03
7.16197244e+01 -2.56538346e-03
7.16579216e+01 -2.56511708e-03
7.16961188e+01 -2.56483995e-03
7.17343160e+01 -2.56455154e-03
7.17725131e+01 -2.56425126e-03
7.18107103e+01 -2.56393849e-03
7.18489075e+01 -2.56361258e-03
7.18871047e+01 -2.56327282e-03
7.19253019e+01 -2.56291847e-03
7.19634991e+01 -2.56254872e-03
7.20016963e+01 -2.56216274e-03
7.20398934e+01 -2.56175960e-03
7.20780906e+01 -2.56133834e-03
7.21162878e+01 -2.56089792e-03
7.21544850e+01 -2.56043722e-03
7.21926822e+01 -2.55995505e-03
7.22308794e+01 -2.55945012e-03
7.22690766e+01 -2.55892106e-03
7.23072737e+01 -2.55836640e-03
7.23454709e+01 -2.55778454e-03
7.23836681e+01 -2.55717378e-03
7.24218653e+01 -2.55653227e-03
7.24600625e+01 -2.55585801e-03
7.24982597e+01 -2.55514888e-03
7.25364569e+01 -2.55440253e-03
7.25746540e+01 -2.55361647e-03
7.26128512e+01 -2.55278798e-03
7.26510484e+01 -2.55191410e-03
7.26892456e+01 -2.55099163e-03
7.27274428e+01 -2.55001710e-03
7.27656400e+01 -2.54898673e-03
7.28038372e+01 -2.54789638e-03
7.28420344e+01 -2.54674157e-03
7.28802315e+01 -2.54551737e-03
7.29184287e+01 -2.54421841e-03
7.29566259e+01 -2.54283882e-03
7.29948231e+01 -2.54137212e-03
7.30330203e+01 -2.53981124e-03
7.30712175e+01 -2.53814836e-03
7.31094147e+01 -2.53637489e-03
7.31476118e+01 -2.53448135e-03
7.31858090e+01 -2.53245724e-03
7.32240062e+01 -2.53029094e-03
7.32622034e+01 -2.52796958e-03
7.33004006e+01 -2.52547883e-03
7.33385978e+01 -2.52280274e-03
7.33767950e+01 -2.51992352e-03
7.34149921e+01 -2.51682128e-03
7.34531893e+01 -2.51347371e-03
7.34913865e+01 -2.50985581e-03
7.35295837e+01 -2.50593940e-03
7.35677809e+01 -2.50169272e-03
7.36059781e+01 -2.49707984e-03
7.36441753e+01 -2.49206003e-03
7.36823725e+01 -2.48658702e-03
7.37205696e+01 -2.48060805e-03
7.37587668e+01 -2.47406282e-03
7.37969640e+01 -2.46688222e-03
7.38351612e+01 -2.45898678e-03
7.38733584e+01 -2.45028484e-03
7.39115556e+01 -2.44067031e-03
7.39497528e+01 -2.43002000e-03
7.39879499e+01 -2.41819034e-03
7.40261471e+01 -2.40501335e-03
7.40643443e+01 -2.39029181e-03
7.41025415e+01 -2.37379312e-03
7.41407387e+01 -2.35524189e-03
7.41789359e+01 -2.33431063e-03
7.42171331e+01 -2.31060809e-03
7.42553302e+01 -2.28366466e-03
7.42935274e+01 -2.25291401e-03
7.43317246e+01 -2.21766971e-03
7.43699218e+01 -2.17709552e-03
7.44081190e+01 -2.13016750e-03
7.44463162e+01 -2.07562533e-03
7.44845134e+01 -2.01190976e-03
7.45227106e+01 -1.93708224e-03
7.45609077e+01 -1.84872157e-03
7.45991049e+01 -1.74379178e-03
7.46373021e+01 -1.61847496e-03
7.46754993e+01 -1.46796378e-03
7.47136965e+01 -1.28621355e-03
7.47518937e+01 -1.06566645e-03
7.47900909e+01 -7.96992647e-04
7.48282880e+01 -4.68961264e-04
7.48664852e+01 -6.86994120e-05
7.49046824e+01 4.17114560e-04
7.49428796e+01 9.99036905e-04
7.49810768e+01 1.67763412e-03
7.50192740e+01 2.42911367e-03
7.50574712e+01 3.18049808e-03
7.50956683e+01 3.77639238e-03
7.51338655e+01 3.96130523e-03
7.51720627e+01 3.44987822e-03
7.52102599e+01 2.18512835e-03
7.52484571e+01 6.96471105e-04
7.52866543e+01 9.39994549e-08
7.53248515e+01 6.68160184e-04
7.53630487e+01 2.15069929e-03
7.54012458e+01 3.42898890e-03
7.54394430e+01 3.95836432e-03
7.54776402e+01 3.78621628e-03
7.55158374e+01 3.19642341e-03
7.55540346e+01 2.44646010e-03
7.55922318e+01 1.69393354e-03
7.56304290e+01 1.01330108e-03
7.56686261e+01 4.29147326e-04
7.57068233e+01 -5.87372718e-05
7.57450205e+01 -4.60783512e-04
7.57832177e+01 -7.90296653e-04
7.58214149e+01 -1.06017790e-03
7.58596121e+01 -1.28170018e-03
7.58978093e+01 -1.46423564e-03
7.59360064e+01 -1.61537936e-03
7.59742036e+01 -1.74120709e-03
7.60124008e+01 -1.84655115e-03
7.60505980e+01 -1.93524934e-03
7.60887952e+01 -2.01035326e-03
7.61269924e+01 -2.07429639e-03
7.61651896e+01 -2.12902695e-03
7.62033868e+01 -2.17611175e-03
7.62415839e+01 -2.21681712e-03
7.62797811e+01 -2.25217175e-03
7.63179783e+01 -2.28301565e-03
7.63561755e+01 -2.31003827e-03
7.63943727e+01 -2.33380838e-03
7.64325699e+01 -2.35479755e-03
7.64707671e+01 -2.37339860e-03
7.65089642e+01 -2.38994036e-03
7.65471614e+01 -2.40469927e-03
7.65853586e+01 -2.41790878e-03
7.66235558e+01 -2.42976687e-03
7.66617530e+01 -2.44044210e-03
7.66999502e+01 -2.45007855e-03
7.67381474e+01 -2.45879984e-03
7.67763445e+01 -2.46671240e-03
7.68145417e+01 -2.47390820e-03
7.68527389e+01 -2.48046696e-03
7.68909361e+01 -2.48645801e-03
7.69291333e+01 -2.49194182e-03
7.69673305e+01 -2.49697131e-03
7.70055277e+01 -2.50159290e-03
7.70437249e+01 -2.50584742e-03
7.70819220e+01 -2.50977091e-03
7.71201192e+01 -2.51339522e-03
7.71583164e+01 -2.51674859e-03
7.71965136e+01 -2.51985612e-03
7.72347108e+01 -2.52274014e-03
7.72729080e+01 -2.52542060e-03
7.73111052e+01 -2.52791535e-03
7.73493023e+01 -2.53024037e-03
7.73874995e+01 -2.53241001e-03
7.74256967e+01 -2.53443719e-03
7.74638939e+01 -2.53633356e-03
7.75020911e+01 -2.53810963e-03
7.75402883e+01 -2.53977490e-03
7.75784855e+01 -2.54133800e-03
7.76166826e+01 -2.54280674e-03
7.76548798e+01 -2.54418822e-03
7.76930770e+01 -2.54548893e-03
7.77312742e+01 -2.54671475e-03
7.77694714e+01 -2.54787107e-03
7.78076686e+01 -2.54896282e-03
7.78458658e+01 -2.54999450e-03
7.78840630e+01 -2.55097025e-03
7.79222601e+01 -2.55189385e-03
7.79604573e+01 -2.55276878e-03
7.79986545e+01 -2.55359827e-03
7.80368517e+01 -2.55438526e-03
7.80750489e+01 -2.55513247e-03
7.81132461e+01 -2.55584242e-03
7.81514433e+01 -2.55651743e-03
7.81896404e+01 -2.55715966e-03
7.82278376e+01 -2.55777110e-03
7.82660348e+01 -2.55835359e-03
7.83042320e+01 -2.55890885e-03
7.83424292e+01 -2.55943846e-03
7.83806264e+01 -2.55994392e-03
7.84188236e+01 -2.56042659e-03
7.84570207e+01 -2.56088776e-03
7.84952179e+01 -2.56132863e-03
7.85334151e+01 -2.56175031e-03
7.85716123e+01 -2.56215384e-03
7.86098095e+01 -2.56254020e-03
7.86480067e+01 -2.56291030e-03
7.86862039e+01 -2.56326499e-03
7.87244011e+01 -2.56360507e-03
7.87625982e+01 -2.56393129e-03
7.88007954e+01 -2.56424435e-03
7.88389926e+01 -2.56454490e-03
7.88771898e+01 -2.56483358e-03
7.89153870e+01 -2.56511095e-03
7.89535842e+01 -2.56537757e-03
7.89917814e+01 -2.56563395e-03
7.90299785e+01 -2.56588059e-03
7.90681757e+01 -2.56611792e-03
7.91063729e+01 -2.56634639e-03
7.91445701e+01 -2.56656641e-03
7.91827673e+01 -2.56677835e-03
7.92209645e+01 -2.56698258e-03
7.92591617e+01 -2.56717944e-03
7.92973588e+01 -2.56736926e-03
7.93355560e+01 -2.56755235e-03
7.93737532e+01 -2.56772898e-03
7.94119504e+01 -2.56789945e-03
7.94501476e+01 -2.56806400e-03
7.94883448e+01 -2.56822289e-03
7.95265420e+01 -2.56837635e-03
7.95647392e+01 -2.56852460e-03
7.96029363e+01 -2.56866785e-03
7.96411335e+01 -2.56880631e-03
7.96793307e+01 -2.56894016e-03
7.97175279e+01 -2.56906959e-03
7.97557251e+01 -2.56919476e-03
7.97939223e+01 -2.56931585e-03
7.98321195e+01 -2.56943300e-03
7.98703166e+01 -2.56954636e-03
7.99085138e+01 -2.56965608e-03
7.99467110e+01 -2.56976230e-03
7.99849082e+01 -2.56986513e-03
8.00231054e+01 -2.56996470e-03
