#	Time	Error_of_Energy
3.81971863e-02 2.63379706e-05
7.63943727e-02 6.22505891e-05
1.14591559e-01 9.02251013e-05
1.52788745e-01 1.05825260e-04
1.90985932e-01 1.13107907e-04
2.29183118e-01 1.16411816e-04
2.67380304e-01 1.18081227e-04
3.05577491e-01 1.19079333e-04
3.43774677e-01 1.19758723e-04
3.81971863e-01 1.20251630e-04
4.20169050e-01 1.20617491e-04
4.58366236e-01 1.20890775e-04
4.96563422e-01 1.21095304e-04
5.34760609e-01 1.21248689e-04
5.72957795e-01 1.21364104e-04
6.11154981e-01 1.21451361e-04
6.49352168e-01 1.21517714e-04
6.87549354e-01 1.21568503e-04
7.25746540e-01 1.21607652e-04
7.63943727e-01 1.21638047e-04
8.02140913e-01 1.21661819e-04
8.40338100e-01 1.21680546e-04
8.78535286e-01 1.21695404e-04
9.16732472e-01 1.21707273e-04
9.54929659e-01 1.21716819e-04
9.93126845e-01 1.21724545e-04
1.03132403e+00 1.21730838e-04
1.06952122e+00 1.21735993e-04
1.10771840e+00 1.21740240e-04
1.14591559e+00 1.21743759e-04
1.18411278e+00 1.21746689e-04
1.22230996e+00 1.21749140e-04
1.26050715e+00 1.21751202e-04
1.29870434e+00 1.21752943e-04
1.33690152e+00 1.21754419e-04
1.37509871e+00 1.21755677e-04
1.41329589e+00 1.21756752e-04
1.45149308e+00 1.21757675e-04
1.48969027e+00 1.21758470e-04
1.52788745e+00 1.21759157e-04
1.56608464e+00 1.21759753e-04
1.60428183e+00 1.21760272e-04
1.64247901e+00 1.21760724e-04
1.68067620e+00 1.21761120e-04
1.71887339e+00 1.21761468e-04
1.75707057e+00 1.21761774e-04
1.79526776e+00 1.21762044e-04
1.83346494e+00 1.21762282e-04
1.87166213e+00 1.21762494e-04
1.90985932e+00 1.21762682e-04
1.94805650e+00 1.21762849e-04
1.98625369e+00 1.21762999e-04
2.02445088e+00 1.21763132e-04
2.06264806e+00 1.21763252e-04
2.10084525e+00 1.21763360e-04
2.13904244e+00 1.21763457e-04
2.17723962e+00 1.21763544e-04
2.21543681e+00 1.21763622e-04
2.25363399e+00 1.21763694e-04
2.29183118e+00 1.21763758e-04
2.33002837e+00 1.21763817e-04
2.36822555e+00 1.21763870e-04
2.40642274e+00 1.21763918e-04
2.44461993e+00 1.21763962e-04
2.48281711e+00 1.21764002e-04
2.52101430e+00 1.21764039e-04
2.55921148e+00 1.21764073e-04
2.59740867e+00 1.21764104e-04
2.63560586e+00 1.21764132e-04
2.67380304e+00 1.21764158e-04
2.71200023e+00 1.21764182e-04
2.75019742e+00 1.21764204e-04
2.78839460e+00 1.21764224e-04
2.82659179e+00 1.21764243e-04
2.86478898e+00 1.21764260e-04
2.90298616e+00 1.21764276e-04
2.94118335e+00 1.21764291e-04
2.97938053e+00 1.21764304e-04
3.01757772e+00 1.21764317e-04
3.05577491e+00 1.21764329e-04
3.09397209e+00 1.21764340e-04
3.13216928e+00 1.21764350e-04
3.17036647e+00 1.21764359e-04
3.20856365e+00 1.21764368e-04
3.24676084e+00 1.21764376e-04
3.28495803e+00 1.21764384e-04
3.32315521e+00 1.21764391e-04
3.36135240e+00 1.21764398e-04
3.39954958e+00 1.21764404e-04
3.43774677e+00 1.21764410e-04
3.47594396e+00 1.21764415e-04
3.51414114e+00 1.21764420e-04
3.55233833e+00 1.21764425e-04
3.59053552e+00 1.21764429e-04
3.62873270e+00 1.21764434e-04
3.66692989e+00 1.21764438e-04
3.70512708e+00 1.21764441e-04
3.74332426e+00 1.21764445e-04
3.78152145e+00 1.21764448e-04
3.81971863e+00 1.21764451e-04
3.85791582e+00 1.21764454e-04
3.89611301e+00 1.21764457e-04
3.93431019e+00 1.21764460e-04
3.97250738e+00 1.21764462e-04
4.01070457e+00 1.21764464e-04
4.04890175e+00 1.21764466e-04
4.08709894e+00 1.21764469e-04
4.12529612e+00 1.21764470e-04
4.16349331e+00 1.21764472e-04
4.20169050e+00 1.21764474e-04
4.23988768e+00 1.21764476e-04
4.27808487e+00 1.21764477e-04
4.31628206e+00 1.21764479e-04
4.35447924e+00 1.21764480e-04
4.39267643e+00 1.21764482e-04
4.43087362e+00 1.21764483e-04
4.46907080e+00 1.21764484e-04
4.50726799e+00 1.21764485e-04
4.54546517e+00 1.21764486e-04
4.58366236e+00 1.21764487e-04
4.62185955e+00 1.21764488e-04
4.66005673e+00 1.21764489e-04
4.69825392e+00 1.21764490e-04
4.73645111e+00 1.21764491e-04
4.77464829e+00 1.21764492e-04
4.81284548e+00 1.21764492e-04
4.85104267e+00 1.21764493e-04
4.88923985e+00 1.21764494e-04
4.92743704e+00 1.21764495e-04
4.96563422e+00 1.21764495e-04
5.00383141e+00 1.21764496e-04
5.04202860e+00 1.21764496e-04
5.08022578e+00 1.21764497e-04
5.11842297e+00 1.21764497e-04
5.15662016e+00 1.21764498e-04
5.19481734e+00 1.21764498e-04
5.23301453e+00 1.21764499e-04
5.27121172e+00 1.21764499e-04
5.30940890e+00 1.21764500e-04
5.34760609e+00 1.21764500e-04
5.38580327e+00 1.21764500e-04
5.42400046e+00 1.21764501e-04
5.46219765e+00 1.21764501e-04
5.50039483e+00 1.21764501e-04
5.53859202e+00 1.21764502e-04
5.57678921e+00 1.21764502e-04
5.61498639e+00 1.21764502e-04
5.65318358e+00 1.21764503e-04
5.69138076e+00 1.21764503e-04
5.72957795e+00 1.21764503e-04
5.76777514e+00 1.21764503e-04
5.80597232e+00 1.21764504e-04
5.84416951e+00 1.21764504e-04
5.88236670e+00 1.21764504e-04
5.92056388e+00 1.21764504e-04
5.95876107e+00 1.21764504e-04
5.99695826e+00 1.21764505e-04
6.03515544e+00 1.21764505e-04
6.07335263e+00 1.21764505e-04
6.11154981e+00 1.21764505e-04
6.14974700e+00 1.21764505e-04
6.18794419e+00 1.21764505e-04
6.22614137e+00 1.21764506e-04
6.26433856e+00 1.21764506e-04
6.30253575e+00 1.21764506e-04
6.34073293e+00 1.21764506e-04
6.37893012e+00 1.21764506e-04
6.41712731e+00 1.21764506e-04
6.45532449e+00 1.21764506e-04
6.49352168e+00 1.21764506e-04
6.53171886e+00 1.21764507e-04
6.56991605e+00 1.21764507e-04
6.60811324e+00 1.21764507e-04
6.64631042e+00 1.21764507e-04
6.68450761e+00 1.21764507e-04
6.72270480e+00 1.21764507e-04
6.76090198e+00 1.21764507e-04
6.79909917e+00 1.21764507e-04
6.83729636e+00 1.21764507e-04
6.87549354e+00 1.21764507e-04
6.91369073e+00 1.21764507e-04
6.95188791e+00 1.21764507e-04
6.99008510e+00 1.21764507e-04
7.02828229e+00 1.21764507e-04
7.06647947e+00 1.21764507e-04
7.10467666e+00 1.21764507e-04
7.14287385e+00 1.21764507e-04
7.18107103e+00 1.21764508e-04
7.21926822e+00 1.21764508e-04
7.25746540e+00 1.21764508e-04
7.29566259e+00 1.21764508e-04
7.33385978e+00 1.21764508e-04
7.37205696e+00 1.21764508e-04
7.41025415e+00 1.21764508e-04
7.44845134e+00 1.21764508e-04
7.48664852e+00 1.21764508e-04
7.52484571e+00 1.21764508e-04
7.56304290e+00 1.21764508e-04
7.60124008e+00 1.21764508e-04
7.63943727e+00 1.21764508e-04
7.67763445e+00 1.21764508e-04
7.71583164e+00 1.21764508e-04
7.75402883e+00 1.21764508e-04
7.79222601e+00 1.21764508e-04
7.83042320e+00 1.21764508e-04
7.86862039e+00 1.21764508e-04
7.90681757e+00 1.21764507e-04
7.94501476e+00 1.21764507e-04
7.98321195e+00 1.21764507e-04
8.02140913e+00 1.21764507e-04
8.05960632e+00 1.21764507e-04
8.09780350e+00 1.21764507e-04
8.13600069e+00 1.21764507e-04
8.17419788e+00 1.21764507e-04
8.21239506e+00 1.21764507e-04
8.25059225e+00 1.21764507e-04
8.28878944e+00 1.21764507e-04
8.32698662e+00 1.21764507e-04
8.36518381e+00 1.21764507e-04
8.40338100e+00 1.21764507e-04
8.44157818e+00 1.21764507e-04
8.47977537e+00 1.21764507e-04
8.51797255e+00 1.21764506e-04
8.55616974e+00 1.21764506e-04
8.59436693e+00 1.21764506e-04
8.63256411e+00 1.21764506e-04
8.67076130e+00 1.21764506e-04
8.70895849e+00 1.21764506e-04
8.74715567e+00 1.21764506e-04
8.78535286e+00 1.21764506e-04
8.82355005e+00 1.21764506e-04
8.86174723e+00 1.21764505e-04
8.89994442e+00 1.21764505e-04
8.93814160e+00 1.21764505e-04
8.97633879e+00 1.21764505e-04
9.01453598e+00 1.21764505e-04
9.05273316e+00 1.21764505e-04
9.09093035e+00 1.21764504e-04
9.12912754e+00 1.21764504e-04
9.16732472e+00 1.21764504e-04
9.20552191e+00 1.21764504e-04
9.24371909e+00 1.21764504e-04
9.28191628e+00 1.21764503e-04
9.32011347e+00 1.21764503e-04
9.35831065e+00 1.21764503e-04
9.39650784e+00 1.21764502e-04
9.43470503e+00 1.21764502e-04
9.47290221e+00 1.21764502e-04
9.51109940e+00 1.21764502e-04
9.54929659e+00 1.21764501e-04
9.58749377e+00 1.21764501e-04
9.62569096e+00 1.21764501e-04
9.66388814e+00 1.21764500e-04
9.70208533e+00 1.21764500e-04
9.74028252e+00 1.21764499e-04
9.77847970e+00 1.21764499e-04
9.81667689e+00 1.21764499e-04
9.85487408e+00 1.21764498e-04
9.89307126e+00 1.21764498e-04
9.93126845e+00 1.21764497e-04
9.96946564e+00 1.21764496e-04
1.00076628e+01 1.21764496e-04
1.00458600e+01 1.21764495e-04
1.00840572e+01 1.21764495e-04
1.01222544e+01 1.21764494e-04
1.01604516e+01 1.21764493e-04
1.01986488e+01 1.21764493e-04
1.02368459e+01 1.21764492e-04
1.02750431e+01 1.21764491e-04
1.03132403e+01 1.21764490e-04
1.03514375e+01 1.21764489e-04
1.03896347e+01 1.21764488e-04
1.04278319e+01 1.21764487e-04
1.04660291e+01 1.21764486e-04
1.05042262e+01 1.21764485e-04
1.05424234e+01 1.21764484e-04
1.05806206e+01 1.21764483e-04
1.06188178e+01 1.21764482e-04
1.06570150e+01 1.21764480e-04
1.06952122e+01 1.21764479e-04
1.07334094e+01 1.21764477e-04
1.07716065e+01 1.21764476e-04
1.08098037e+01 1.21764474e-04
1.08480009e+01 1.21764472e-04
1.08861981e+01 1.21764471e-04
1.09243953e+01 1.21764469e-04
1.09625925e+01 1.21764467e-04
1.10007897e+01 1.21764464e-04
1.10389869e+01 1.21764462e-04
1.10771840e+01 1.21764460e-04
1.11153812e+01 1.21764457e-04
1.11535784e+01 1.21764454e-04
1.11917756e+01 1.21764451e-04
1.12299728e+01 1.21764448e-04
1.12681700e+01 1.21764445e-04
1.13063672e+01 1.21764441e-04
1.13445643e+01 1.21764437e-04
1.13827615e+01 1.21764433e-04
1.14209587e+01 1.21764429e-04
1.14591559e+01 1.21764425e-04
1.14973531e+01 1.21764420e-04
1.15355503e+01 1.21764415e-04
1.15737475e+01 1.21764409e-04
1.16119446e+01 1.21764403e-04
1.16501418e+01 1.21764397e-04
1.16883390e+01 1.21764390e-04
1.17265362e+01 1.21764383e-04
1.17647334e+01 1.21764375e-04
1.18029306e+01 1.21764367e-04
1.18411278e+01 1.21764358e-04
1.18793250e+01 1.21764348e-04
1.19175221e+01 1.21764338e-04
1.19557193e+01 1.21764327e-04
1.19939165e+01 1.21764315e-04
1.20321137e+01 1.21764302e-04
1.20703109e+01 1.21764288e-04
1.21085081e+01 1.21764273e-04
1.21467053e+01 1.21764257e-04
1.21849024e+01 1.21764240e-04
1.22230996e+01 1.21764221e-04
1.22612968e+01 1.21764200e-04
1.22994940e+01 1.21764178e-04
1.23376912e+01 1.21764154e-04
1.23758884e+01 1.21764127e-04
1.24140856e+01 1.21764098e-04
1.24522827e+01 1.21764067e-04
1.24904799e+01 1.21764033e-04
1.25286771e+01 1.21763995e-04
1.25668743e+01 1.21763954e-04
1.26050715e+01 1.21763909e-04
1.26432687e+01 1.21763860e-04
1.26814659e+01 1.21763805e-04
1.27196631e+01 1.21763746e-04
1.27578602e+01 1.21763680e-04
1.27960574e+01 1.21763607e-04
1.28342546e+01 1.21763526e-04
1.28724518e+01 1.21763437e-04
1.29106490e+01 1.21763338e-04
1.29488462e+01 1.21763227e-04
1.29870434e+01 1.21763105e-04
1.30252405e+01 1.21762967e-04
1.30634377e+01 1.21762814e-04
1.31016349e+01 1.21762642e-04
1.31398321e+01 1.21762448e-04
1.31780293e+01 1.21762231e-04
1.32162265e+01 1.21761985e-04
1.32544237e+01 1.21761707e-04
1.32926208e+01 1.21761392e-04
1.33308180e+01 1.21761034e-04
1.33690152e+01 1.21760625e-04
1.34072124e+01 1.21760158e-04
1.34454096e+01 1.21759622e-04
1.34836068e+01 1.21759006e-04
1.35218040e+01 1.21758295e-04
1.35600012e+01 1.21757471e-04
1.35981983e+01 1.21756515e-04
1.36363955e+01 1.21755400e-04
1.36745927e+01 1.21754095e-04
1.37127899e+01 1.21752562e-04
1.37509871e+01 1.21750753e-04
1.37891843e+01 1.21748611e-04
1.38273815e+01 1.21746061e-04
1.38655786e+01 1.21743012e-04
1.39037758e+01 1.21739349e-04
1.39419730e+01 1.21734925e-04
1.39801702e+01 1.21729556e-04
1.40183674e+01 1.21723002e-04
1.40565646e+01 1.21714956e-04
1.40947618e+01 1.21705021e-04
1.41329589e+01 1.21692679e-04
1.41711561e+01 1.21677253e-04
1.42093533e+01 1.21657852e-04
1.42475505e+01 1.21633301e-04
1.42857477e+01 1.21602047e-04
1.43239449e+01 1.21562039e-04
1.43621421e+01 1.21510577e-04
1.44003393e+01 1.21444144e-04
1.44385364e+01 1.21358247e-04
1.44767336e+01 1.21247347e-04
1.45149308e+01 1.21105082e-04
1.45531280e+01 1.20925175e-04
1.45913252e+01 1.20703774e-04
1.46295224e+01 1.20444376e-04
1.46677196e+01 1.20166190e-04
1.47059167e+01 1.19912939e-04
1.47441139e+01 1.19742756e-04
1.47823111e+01 1.19632519e-04
1.48205083e+01 1.19148527e-04
1.48587055e+01 1.16799582e-04
1.48969027e+01 1.09929085e-04
1.49350999e+01 9.81466170e-05
1.49732970e+01 9.06350631e-05
1.50114942e+01 1.02838948e-04
1.50496914e+01 1.35135379e-04
1.50878886e+01 1.69546845e-04
1.51260858e+01 1.92743511e-04
1.51642830e+01 2.04642792e-04
1.52024802e+01 2.10043471e-04
1.52406774e+01 2.12559559e-04
1.52788745e+01 2.13911756e-04
1.53170717e+01 2.14766917e-04
1.53552689e+01 2.15367046e-04
1.53934661e+01 2.15807564e-04
1.54316633e+01 2.16135651e-04
1.54698605e+01 2.16380937e-04
1.55080577e+01 2.16564629e-04
1.55462548e+01 2.16702536e-04
1.55844520e+01 2.16806473e-04
1.56226492e+01 2.16885214e-04
1.56608464e+01 2.16945233e-04
1.56990436e+01 2.16991292e-04
1.57372408e+01 2.17026890e-04
1.57754380e+01 2.17054604e-04
1.58136351e+01 2.17076337e-04
1.58518323e+01 2.17093504e-04
1.58900295e+01 2.17107159e-04
1.59282267e+01 2.17118095e-04
1.59664239e+01 2.17126912e-04
1.60046211e+01 2.17134064e-04
1.60428183e+01 2.17139903e-04
1.60810155e+01 2.17144696e-04
1.61192126e+01 2.17148654e-04
1.61574098e+01 2.17151939e-04
1.61956070e+01 2.17154679e-04
1.62338042e+01 2.17156976e-04
1.62720014e+01 2.17158911e-04
1.63101986e+01 2.17160547e-04
1.63483958e+01 2.17161937e-04
1.63865929e+01 2.17163123e-04
1.64247901e+01 2.17164139e-04
1.64629873e+01 2.17165012e-04
1.65011845e+01 2.17165764e-04
1.65393817e+01 2.17166416e-04
1.65775789e+01 2.17166982e-04
1.66157761e+01 2.17167474e-04
1.66539732e+01 2.17167905e-04
1.66921704e+01 2.17168282e-04
1.67303676e+01 2.17168613e-04
1.67685648e+01 2.17168905e-04
1.68067620e+01 2.17169162e-04
1.68449592e+01 2.17169391e-04
1.68831564e+01 2.17169593e-04
1.69213535e+01 2.17169773e-04
1.69595507e+01 2.17169934e-04
1.69977479e+01 2.17170077e-04
1.70359451e+01 2.17170205e-04
1.70741423e+01 2.17170320e-04
1.71123395e+01 2.17170424e-04
1.71505367e+01 2.17170517e-04
1.71887339e+01 2.17170601e-04
1.72269310e+01 2.17170676e-04
1.72651282e+01 2.17170745e-04
1.73033254e+01 2.17170807e-04
1.73415226e+01 2.17170864e-04
1.73797198e+01 2.17170915e-04
1.74179170e+01 2.17170962e-04
1.74561142e+01 2.17171004e-04
1.74943113e+01 2.17171043e-04
1.75325085e+01 2.17171079e-04
1.75707057e+01 2.17171111e-04
1.76089029e+01 2.17171141e-04
1.76471001e+01 2.17171169e-04
1.76852973e+01 2.17171194e-04
1.77234945e+01 2.17171217e-04
1.77616916e+01 2.17171238e-04
1.77998888e+01 2.17171258e-04
1.78380860e+01 2.17171276e-04
1.78762832e+01 2.17171293e-04
1.79144804e+01 2.17171308e-04
1.79526776e+01 2.17171322e-04
1.79908748e+01 2.17171336e-04
1.80290720e+01 2.17171348e-04
1.80672691e+01 2.17171359e-04
1.81054663e+01 2.17171370e-04
1.81436635e+01 2.17171380e-04
1.81818607e+01 2.17171389e-04
1.82200579e+01 2.17171398e-04
1.82582551e+01 2.17171406e-04
1.82964523e+01 2.17171413e-04
1.83346494e+01 2.17171420e-04
1.83728466e+01 2.17171427e-04
1.84110438e+01 2.17171433e-04
1.84492410e+01 2.17171438e-04
1.84874382e+01 2.17171444e-04
1.85256354e+01 2.17171449e-04
1.85638326e+01 2.17171453e-04
1.86020297e+01 2.17171458e-04
1.86402269e+01 2.17171462e-04
1.86784241e+01 2.17171466e-04
1.87166213e+01 2.17171469e-04
1.87548185e+01 2.17171473e-04
1.87930157e+01 2.17171476e-04
1.88312129e+01 2.17171479e-04
1.88694101e+01 2.17171482e-04
1.89076072e+01 2.17171485e-04
1.89458044e+01 2.17171487e-04
1.89840016e+01 2.17171490e-04
1.90221988e+01 2.17171492e-04
1.90603960e+01 2.17171494e-04
1.90985932e+01 2.17171496e-04
1.91367904e+01 2.17171498e-04
1.91749875e+01 2.17171500e-04
1.92131847e+01 2.17171501e-04
1.92513819e+01 2.17171503e-04
1.92895791e+01 2.17171505e-04
1.93277763e+01 2.17171506e-04
1.93659735e+01 2.17171507e-04
1.94041707e+01 2.17171509e-04
1.94423678e+01 2.17171510e-04
1.94805650e+01 2.17171511e-04
1.95187622e+01 2.17171512e-04
1.95569594e+01 2.17171513e-04
1.95951566e+01 2.17171514e-04
1.96333538e+01 2.17171515e-04
1.96715510e+01 2.17171516e-04
1.97097482e+01 2.17171517e-04
1.97479453e+01 2.17171518e-04
1.97861425e+01 2.17171519e-04
1.98243397e+01 2.17171519e-04
1.98625369e+01 2.17171520e-04
1.99007341e+01 2.17171521e-04
1.99389313e+01 2.17171521e-04
1.99771285e+01 2.17171522e-04
2.00153256e+01 2.17171523e-04
2.00535228e+01 2.17171523e-04
2.00917200e+01 2.17171524e-04
2.01299172e+01 2.17171524e-04
2.01681144e+01 2.17171525e-04
2.02063116e+01 2.17171525e-04
2.02445088e+01 2.17171526e-04
2.02827059e+01 2.17171526e-04
2.03209031e+01 2.17171526e-04
2.03591003e+01 2.17171527e-04
2.03972975e+01 2.17171527e-04
2.04354947e+01 2.17171528e-04
2.04736919e+01 2.17171528e-04
2.05118891e+01 2.17171528e-04
2.05500863e+01 2.17171529e-04
2.05882834e+01 2.17171529e-04
2.06264806e+01 2.17171529e-04
2.06646778e+01 2.17171529e-04
2.07028750e+01 2.17171530e-04
2.07410722e+01 2.17171530e-04
2.07792694e+01 2.17171530e-04
2.08174666e+01 2.17171530e-04
2.08556637e+01 2.17171531e-04
2.08938609e+01 2.17171531e-04
2.09320581e+01 2.17171531e-04
2.09702553e+01 2.17171531e-04
2.10084525e+01 2.17171531e-04
2.10466497e+01 2.17171532e-04
2.10848469e+01 2.17171532e-04
2.11230440e+01 2.17171532e-04
2.11612412e+01 2.17171532e-04
2.11994384e+01 2.17171532e-04
2.12376356e+01 2.17171532e-04
2.12758328e+01 2.17171532e-04
2.13140300e+01 2.17171533e-04
2.13522272e+01 2.17171533e-04
2.13904244e+01 2.17171533e-04
2.14286215e+01 2.17171533e-04
2.14668187e+01 2.17171533e-04
2.15050159e+01 2.17171533e-04
2.15432131e+01 2.17171533e-04
2.15814103e+01 2.17171533e-04
2.16196075e+01 2.17171533e-04
2.16578047e+01 2.17171533e-04
2.16960018e+01 2.17171534e-04
2.17341990e+01 2.17171534e-04
2.17723962e+01 2.17171534e-04
2.18105934e+01 2.17171534e-04
2.18487906e+01 2.17171534e-04
2.18869878e+01 2.17171534e-04
2.19251850e+01 2.17171534e-04
2.19633821e+01 2.17171534e-04
2.20015793e+01 2.17171534e-04
2.20397765e+01 2.17171534e-04
2.20779737e+01 2.17171534e-04
2.21161709e+01 2.17171534e-04
2.21543681e+01 2.17171534e-04
2.21925653e+01 2.17171534e-04
2.22307625e+01 2.17171534e-04
2.22689596e+01 2.17171534e-04
2.23071568e+01 2.17171534e-04
2.23453540e+01 2.17171534e-04
2.23835512e+01 2.17171534e-04
2.24217484e+01 2.17171534e-04
2.24599456e+01 2.17171534e-04
2.24981428e+01 2.17171534e-04
2.25363399e+01 2.17171534e-04
2.25745371e+01 2.17171534e-04
2.26127343e+01 2.17171534e-04
2.26509315e+01 2.17171534e-04
2.26891287e+01 2.17171534e-04
2.27273259e+01 2.17171534e-04
2.27655231e+01 2.17171534e-04
2.28037202e+01 2.17171534e-04
2.28419174e+01 2.17171534e-04
2.28801146e+01 2.17171534e-04
2.29183118e+01 2.17171534e-04
2.29565090e+01 2.17171534e-04
2.29947062e+01 2.17171534e-04
2.30329034e+01 2.17171534e-04
2.30711006e+01 2.17171534e-04
2.31092977e+01 2.17171534e-04
2.31474949e+01 2.17171534e-04
2.31856921e+01 2.17171534e-04
2.32238893e+01 2.17171534e-04
2.32620865e+01 2.17171534e-04
2.33002837e+01 2.17171534e-04
2.33384809e+01 2.17171534e-04
2.33766780e+01 2.17171533e-04
2.34148752e+01 2.17171533e-04
2.34530724e+01 2.17171533e-04
2.34912696e+01 2.17171533e-04
2.35294668e+01 2.17171533e-04
2.35676640e+01 2.17171533e-04
2.36058612e+01 2.17171533e-04
2.36440583e+01 2.17171533e-04
2.36822555e+01 2.17171533e-04
2.37204527e+01 2.17171533e-04
2.37586499e+01 2.17171532e-04
2.37968471e+01 2.17171532e-04
2.38350443e+01 2.17171532e-04
2.38732415e+01 2.17171532e-04
2.39114387e+01 2.17171532e-04
2.39496358e+01 2.17171532e-04
2.39878330e+01 2.17171531e-04
2.40260302e+01 2.17171531e-04
2.40642274e+01 2.17171531e-04
2.41024246e+01 2.17171531e-04
2.41406218e+01 2.17171531e-04
2.41788190e+01 2.17171531e-04
2.42170161e+01 2.17171530e-04
2.42552133e+01 2.17171530e-04
2.42934105e+01 2.17171530e-04
2.43316077e+01 2.17171530e-04
2.43698049e+01 2.17171529e-04
2.44080021e+01 2.17171529e-04
2.44461993e+01 2.17171529e-04
2.44843964e+01 2.17171528e-04
2.45225936e+01 2.17171528e-04
2.45607908e+01 2.17171528e-04
2.45989880e+01 2.17171527e-04
2.46371852e+01 2.17171527e-04
2.46753824e+01 2.17171527e-04
2.47135796e+01 2.17171526e-04
2.47517767e+01 2.17171526e-04
2.47899739e+01 2.17171525e-04
2.48281711e+01 2.17171525e-04
2.48663683e+01 2.17171524e-04
2.49045655e+01 2.17171524e-04
2.49427627e+01 2.17171523e-04
2.49809599e+01 2.17171523e-04
2.50191571e+01 2.17171522e-04
2.50573542e+01 2.17171522e-04
2.50955514e+01 2.17171521e-04
2.51337486e+01 2.17171520e-04
2.51719458e+01 2.17171520e-04
2.52101430e+01 2.17171519e-04
2.52483402e+01 2.17171518e-04
2.52865374e+01 2.17171517e-04
2.53247345e+01 2.17171516e-04
2.53629317e+01 2.17171516e-04
2.54011289e+01 2.17171515e-04
2.54393261e+01 2.17171514e-04
2.54775233e+01 2.17171513e-04
2.55157205e+01 2.17171511e-04
2.55539177e+01 2.17171510e-04
2.55921148e+01 2.17171509e-04
2.56303120e+01 2.17171508e-04
2.56685092e+01 2.17171506e-04
2.57067064e+01 2.17171505e-04
2.57449036e+01 2.17171503e-04
2.57831008e+01 2.17171502e-04
2.58212980e+01 2.17171500e-04
2.58594952e+01 2.17171498e-04
2.58976923e+01 2.17171496e-04
2.59358895e+01 2.17171494e-04
2.59740867e+01 2.17171492e-04
2.60122839e+01 2.17171490e-04
2.60504811e+01 2.17171488e-04
2.60886783e+01 2.17171485e-04
2.61268755e+01 2.17171482e-04
2.61650726e+01 2.17171480e-04
2.62032698e+01 2.17171477e-04
2.62414670e+01 2.17171473e-04
2.62796642e+01 2.17171470e-04
2.63178614e+01 2.17171466e-04
2.63560586e+01 2.17171462e-04
2.63942558e+01 2.17171458e-04
2.64324529e+01 2.17171454e-04
2.64706501e+01 2.17171449e-04
2.65088473e+01 2.17171444e-04
2.65470445e+01 2.17171439e-04
2.65852417e+01 2.17171433e-04
2.66234389e+01 2.17171427e-04
2.66616361e+01 2.17171421e-04
2.66998333e+01 2.17171414e-04
2.67380304e+01 2.17171406e-04
2.67762276e+01 2.17171398e-04
2.68144248e+01 2.17171390e-04
2.68526220e+01 2.17171381e-04
2.68908192e+01 2.17171371e-04
2.69290164e+01 2.17171360e-04
2.69672136e+01 2.17171349e-04
2.70054107e+01 2.17171336e-04
2.70436079e+01 2.17171323e-04
2.70818051e+01 2.17171309e-04
2.71200023e+01 2.17171293e-04
2.71581995e+01 2.17171277e-04
2.71963967e+01 2.17171258e-04
2.72345939e+01 2.17171239e-04
2.72727910e+01 2.17171217e-04
2.73109882e+01 2.17171194e-04
2.73491854e+01 2.17171169e-04
2.73873826e+01 2.17171142e-04
2.74255798e+01 2.17171112e-04
2.74637770e+01 2.17171079e-04
2.75019742e+01 2.17171044e-04
2.75401714e+01 2.17171005e-04
2.75783685e+01 2.17170962e-04
2.76165657e+01 2.17170915e-04
2.76547629e+01 2.17170864e-04
2.76929601e+01 2.17170807e-04
2.77311573e+01 2.17170745e-04
2.77693545e+01 2.17170676e-04
2.78075517e+01 2.17170600e-04
2.78457488e+01 2.17170516e-04
2.78839460e+01 2.17170422e-04
2.79221432e+01 2.17170319e-04
2.79603404e+01 2.17170203e-04
2.79985376e+01 2.17170074e-04
2.80367348e+01 2.17169930e-04
2.80749320e+01 2.17169769e-04
2.81131291e+01 2.17169588e-04
2.81513263e+01 2.17169385e-04
2.81895235e+01 2.17169156e-04
2.82277207e+01 2.17168897e-04
2.82659179e+01 2.17168604e-04
2.83041151e+01 2.17168271e-04
2.83423123e+01 2.17167892e-04
2.83805095e+01 2.17167459e-04
2.84187066e+01 2.17166964e-04
2.84569038e+01 2.17166395e-04
2.84951010e+01 2.17165740e-04
2.85332982e+01 2.17164983e-04
2.85714954e+01 2.17164106e-04
2.86096926e+01 2.17163085e-04
2.86478898e+01 2.17161893e-04
2.86860869e+01 2.17160495e-04
2.87242841e+01 2.17158850e-04
2.87624813e+01 2.17156906e-04
2.88006785e+01 2.17154599e-04
2.88388757e+01 2.17151848e-04
2.88770729e+01 2.17148551e-04
2.89152701e+01 2.17144582e-04
2.89534672e+01 2.17139779e-04
2.89916644e+01 2.17133934e-04
2.90298616e+01 2.17126783e-04
2.90680588e+01 2.17117983e-04
2.91062560e+01 2.17107088e-04
2.91444532e+01 2.17093519e-04
2.91826504e+01 2.17076513e-04
2.92208476e+01 2.17055068e-04
2.92590447e+01 2.17027860e-04
2.92972419e+01 2.16993140e-04
2.93354391e+01 2.16948597e-04
2.93736363e+01 2.16891204e-04
2.94118335e+01 2.16817042e-04
2.94500307e+01 2.16721166e-04
2.94882279e+01 2.16597632e-04
2.95264250e+01 2.16439941e-04
2.95646222e+01 2.16242447e-04
2.96028194e+01 2.16003650e-04
2.96410166e+01 2.15732573e-04
2.96792138e+01 2.15458184e-04
2.97174110e+01 2.15234259e-04
2.97556082e+01 2.15105133e-04
2.97938053e+01 2.14932240e-04
2.98320025e+01 2.13916883e-04
2.98701997e+01 2.09966668e-04
2.99083969e+01 2.00642230e-04
2.99465941e+01 1.88860133e-04
2.99847913e+01 1.88257435e-04
3.00229885e+01 2.10482392e-04
3.00611857e+01 2.46144206e-04
3.00993828e+01 2.76502266e-04
3.01375800e+01 2.94359527e-04
3.01757772e+01 3.02895195e-04
3.02139744e+01 3.06743757e-04
3.02521716e+01 3.08631408e-04
3.02903688e+01 3.09723458e-04
3.03285660e+01 3.10451880e-04
3.03667631e+01 3.10975908e-04
3.04049603e+01 3.11363838e-04
3.04431575e+01 3.11653412e-04
3.04813547e+01 3.11870063e-04
3.05195519e+01 3.12032458e-04
3.05577491e+01 3.12154558e-04
3.05959463e+01 3.12246772e-04
3.06341434e+01 3.12316810e-04
3.06723406e+01 3.12370346e-04
3.07105378e+01 3.12411555e-04
3.07487350e+01 3.12443503e-04
3.07869322e+01 3.12468453e-04
3.08251294e+01 3.12488080e-04
3.08633266e+01 3.12503630e-04
3.09015238e+01 3.12516036e-04
3.09397209e+01 3.12526000e-04
3.09779181e+01 3.12534054e-04
3.10161153e+01 3.12540606e-04
3.10543125e+01 3.12545968e-04
3.10925097e+01 3.12550381e-04
3.11307069e+01 3.12554032e-04
3.11689041e+01 3.12557070e-04
3.12071012e+01 3.12559609e-04
3.12452984e+01 3.12561742e-04
3.12834956e+01 3.12563542e-04
3.13216928e+01 3.12565067e-04
3.13598900e+01 3.12566365e-04
3.13980872e+01 3.12567474e-04
3.14362844e+01 3.12568426e-04
3.14744815e+01 3.12569245e-04
3.15126787e+01 3.12569952e-04
3.15508759e+01 3.12570565e-04
3.15890731e+01 3.12571098e-04
3.16272703e+01 3.12571563e-04
3.16654675e+01 3.12571969e-04
3.17036647e+01 3.12572326e-04
3.17418619e+01 3.12572639e-04
3.17800590e+01 3.12572916e-04
3.18182562e+01 3.12573160e-04
3.18564534e+01 3.12573377e-04
3.18946506e+01 3.12573570e-04
3.19328478e+01 3.12573741e-04
3.19710450e+01 3.12573894e-04
3.20092422e+01 3.12574030e-04
3.20474393e+01 3.12574153e-04
3.20856365e+01 3.12574263e-04
3.21238337e+01 3.12574362e-04
3.21620309e+01 3.12574451e-04
3.22002281e+01 3.12574531e-04
3.22384253e+01 3.12574604e-04
3.22766225e+01 3.12574669e-04
3.23148196e+01 3.12574729e-04
3.23530168e+01 3.12574783e-04
3.23912140e+01 3.12574832e-04
3.24294112e+01 3.12574877e-04
3.24676084e+01 3.12574918e-04
3.25058056e+01 3.12574956e-04
3.25440028e+01 3.12574990e-04
3.25821999e+01 3.12575021e-04
3.26203971e+01 3.12575050e-04
3.26585943e+01 3.12575076e-04
3.26967915e+01 3.12575101e-04
3.27349887e+01 3.12575123e-04
3.27731859e+01 3.12575144e-04
3.28113831e+01 3.12575163e-04
3.28495803e+01 3.12575180e-04
3.28877774e+01 3.12575196e-04
3.29259746e+01 3.12575211e-04
3.29641718e+01 3.12575225e-04
3.30023690e+01 3.12575238e-04
3.30405662e+01 3.12575250e-04
3.30787634e+01 3.12575261e-04
3.31169606e+01 3.12575271e-04
3.31551577e+01 3.12575281e-04
3.31933549e+01 3.12575290e-04
3.32315521e+01 3.12575298e-04
3.32697493e+01 3.12575306e-04
3.33079465e+01 3.12575313e-04
3.33461437e+01 3.12575320e-04
3.33843409e+01 3.12575326e-04
3.34225380e+01 3.12575332e-04
3.34607352e+01 3.12575338e-04
3.34989324e+01 3.12575343e-04
3.35371296e+01 3.12575348e-04
3.35753268e+01 3.12575352e-04
3.36135240e+01 3.12575356e-04
3.36517212e+01 3.12575360e-04
3.36899184e+01 3.12575364e-04
3.37281155e+01 3.12575368e-04
3.37663127e+01 3.12575371e-04
3.38045099e+01 3.12575374e-04
3.38427071e+01 3.12575377e-04
3.38809043e+01 3.12575380e-04
3.39191015e+01 3.12575383e-04
3.39572987e+01 3.12575385e-04
3.39954958e+01 3.12575387e-04
3.40336930e+01 3.12575390e-04
3.40718902e+01 3.12575392e-04
3.41100874e+01 3.12575394e-04
3.41482846e+01 3.12575396e-04
3.41864818e+01 3.12575397e-04
3.42246790e+01 3.12575399e-04
3.42628761e+01 3.12575401e-04
3.43010733e+01 3.12575402e-04
3.43392705e+01 3.12575403e-04
3.43774677e+01 3.12575405e-04
3.44156649e+01 3.12575406e-04
3.44538621e+01 3.12575407e-04
3.44920593e+01 3.12575408e-04
3.45302565e+01 3.12575410e-04
3.45684536e+01 3.12575411e-04
3.46066508e+01 3.12575412e-04
3.46448480e+01 3.12575412e-04
3.46830452e+01 3.12575413e-04
3.47212424e+01 3.12575414e-04
3.47594396e+01 3.12575415e-04
3.47976368e+01 3.12575416e-04
3.48358339e+01 3.12575417e-04
3.48740311e+01 3.12575417e-04
3.49122283e+01 3.12575418e-04
3.49504255e+01 3.12575419e-04
3.49886227e+01 3.12575419e-04
3.50268199e+01 3.12575420e-04
3.50650171e+01 3.12575420e-04
3.51032142e+01 3.12575421e-04
3.51414114e+01 3.12575421e-04
3.51796086e+01 3.12575422e-04
3.52178058e+01 3.12575422e-04
3.52560030e+01 3.12575423e-04
3.52942002e+01 3.12575423e-04
3.53323974e+01 3.12575423e-04
3.53705946e+01 3.12575424e-04
3.54087917e+01 3.12575424e-04
3.54469889e+01 3.12575425e-04
3.54851861e+01 3.12575425e-04
3.55233833e+01 3.12575425e-04
3.55615805e+01 3.12575426e-04
3.55997777e+01 3.12575426e-04
3.56379749e+01 3.12575426e-04
3.56761720e+01 3.12575426e-04
3.57143692e+01 3.12575427e-04
3.57525664e+01 3.12575427e-04
3.57907636e+01 3.12575427e-04
3.58289608e+01 3.12575427e-04
3.58671580e+01 3.12575428e-04
3.59053552e+01 3.12575428e-04
3.59435523e+01 3.12575428e-04
3.59817495e+01 3.12575428e-04
3.60199467e+01 3.12575428e-04
3.60581439e+01 3.12575428e-04
3.60963411e+01 3.12575429e-04
3.61345383e+01 3.12575429e-04
3.61727355e+01 3.12575429e-04
3.62109327e+01 3.12575429e-04
3.62491298e+01 3.12575429e-04
3.62873270e+01 3.12575429e-04
3.63255242e+01 3.12575429e-04
3.63637214e+01 3.12575430e-04
3.64019186e+01 3.12575430e-04
3.64401158e+01 3.12575430e-04
3.64783130e+01 3.12575430e-04
3.65165101e+01 3.12575430e-04
3.65547073e+01 3.12575430e-04
3.65929045e+01 3.12575430e-04
3.66311017e+01 3.12575430e-04
3.66692989e+01 3.12575430e-04
3.67074961e+01 3.12575430e-04
3.67456933e+01 3.12575431e-04
3.67838904e+01 3.12575431e-04
3.68220876e+01 3.12575431e-04
3.68602848e+01 3.12575431e-04
3.68984820e+01 3.12575431e-04
3.69366792e+01 3.12575431e-04
3.69748764e+01 3.12575431e-04
3.70130736e+01 3.12575431e-04
3.70512708e+01 3.12575431e-04
3.70894679e+01 3.12575431e-04
3.71276651e+01 3.12575431e-04
3.71658623e+01 3.12575431e-04
3.72040595e+01 3.12575431e-04
3.72422567e+01 3.12575431e-04
3.72804539e+01 3.12575431e-04
3.73186511e+01 3.12575431e-04
3.73568482e+01 3.12575431e-04
3.73950454e+01 3.12575431e-04
3.74332426e+01 3.12575431e-04
3.74714398e+01 3.12575431e-04
3.75096370e+01 3.12575431e-04
3.75478342e+01 3.12575431e-04
3.75860314e+01 3.12575431e-04
3.76242285e+01 3.12575431e-04
3.76624257e+01 3.12575431e-04
3.77006229e+01 3.12575431e-04
3.77388201e+01 3.12575431e-04
3.77770173e+01 3.12575431e-04
3.78152145e+01 3.12575431e-04
3.78534117e+01 3.12575431e-04
3.78916089e+01 3.12575431e-04
3.79298060e+01 3.12575431e-04
3.79680032e+01 3.12575431e-04
3.80062004e+01 3.12575431e-04
3.80443976e+01 3.12575431e-04
3.80825948e+01 3.12575431e-04
3.81207920e+01 3.12575431e-04
3.81589892e+01 3.12575431e-04
3.81971863e+01 3.12575431e-04
3.82353835e+01 3.12575431e-04
3.82735807e+01 3.12575431e-04
3.83117779e+01 3.12575430e-04
3.83499751e+01 3.12575430e-04
3.83881723e+01 3.12575430e-04
3.84263695e+01 3.12575430e-04
3.84645666e+01 3.12575430e-04
3.85027638e+01 3.12575430e-04
3.85409610e+01 3.12575430e-04
3.85791582e+01 3.12575430e-04
3.86173554e+01 3.12575430e-04
3.86555526e+01 3.12575430e-04
3.86937498e+01 3.12575429e-04
3.87319470e+01 3.12575429e-04
3.87701441e+01 3.12575429e-04
3.88083413e+01 3.12575429e-04
3.88465385e+01 3.12575429e-04
3.88847357e+01 3.12575429e-04
3.89229329e+01 3.12575429e-04
3.89611301e+01 3.12575428e-04
3.89993273e+01 3.12575428e-04
3.90375244e+01 3.12575428e-04
3.90757216e+01 3.12575428e-04
3.91139188e+01 3.12575428e-04
3.91521160e+01 3.12575428e-04
3.91903132e+01 3.12575427e-04
3.92285104e+01 3.12575427e-04
3.92667076e+01 3.12575427e-04
3.93049047e+01 3.12575427e-04
3.93431019e+01 3.12575426e-04
3.93812991e+01 3.12575426e-04
3.94194963e+01 3.12575426e-04
3.94576935e+01 3.12575425e-04
3.94958907e+01 3.12575425e-04
3.95340879e+01 3.12575425e-04
3.95722851e+01 3.12575424e-04
3.96104822e+01 3.12575424e-04
3.96486794e+01 3.12575424e-04
3.96868766e+01 3.12575423e-04
3.97250738e+01 3.12575423e-04
3.97632710e+01 3.12575423e-04
3.98014682e+01 3.12575422e-04
3.98396654e+01 3.12575422e-04
3.98778625e+01 3.12575421e-04
3.99160597e+01 3.12575421e-04
3.99542569e+01 3.12575420e-04
3.99924541e+01 3.12575419e-04
4.00306513e+01 3.12575419e-04
4.00688485e+01 3.12575418e-04
4.01070457e+01 3.12575418e-04
4.01452428e+01 3.12575417e-04
4.01834400e+01 3.12575416e-04
4.02216372e+01 3.12575415e-04
4.02598344e+01 3.12575415e-04
4.02980316e+01 3.12575414e-04
4.03362288e+01 3.12575413e-04
4.03744260e+01 3.12575412e-04
4.04126231e+01 3.12575411e-04
4.04508203e+01 3.12575410e-04
4.04890175e+01 3.12575409e-04
4.05272147e+01 3.12575408e-04
4.05654119e+01 3.12575407e-04
4.06036091e+01 3.12575405e-04
4.06418063e+01 3.12575404e-04
4.06800035e+01 3.12575403e-04
4.07182006e+01 3.12575401e-04
4.07563978e+01 3.12575400e-04
4.07945950e+01 3.12575398e-04
4.08327922e+01 3.12575396e-04
4.08709894e+01 3.12575394e-04
4.09091866e+01 3.12575392e-04
4.09473838e+01 3.12575390e-04
4.09855809e+01 3.12575388e-04
4.10237781e+01 3.12575386e-04
4.10619753e+01 3.12575383e-04
4.11001725e+01 3.12575381e-04
4.11383697e+01 3.12575378e-04
4.11765669e+01 3.12575375e-04
4.12147641e+01 3.12575372e-04
4.12529612e+01 3.12575369e-04
4.12911584e+01 3.12575365e-04
4.13293556e+01 3.12575361e-04
4.13675528e+01 3.12575357e-04
4.14057500e+01 3.12575353e-04
4.14439472e+01 3.12575349e-04
4.14821444e+01 3.12575344e-04
4.15203416e+01 3.12575339e-04
4.15585387e+01 3.12575333e-04
4.15967359e+01 3.12575327e-04
4.16349331e+01 3.12575321e-04
4.16731303e+01 3.12575314e-04
4.17113275e+01 3.12575307e-04
4.17495247e+01 3.12575299e-04
4.17877219e+01 3.12575291e-04
4.18259190e+01 3.12575282e-04
4.18641162e+01 3.12575273e-04
4.19023134e+01 3.12575263e-04
4.19405106e+01 3.12575252e-04
4.19787078e+01 3.12575240e-04
4.20169050e+01 3.12575227e-04
4.20551022e+01 3.12575213e-04
4.20932993e+01 3.12575198e-04
4.21314965e+01 3.12575182e-04
4.21696937e+01 3.12575165e-04
4.22078909e+01 3.12575146e-04
4.22460881e+01 3.12575126e-04
4.22842853e+01 3.12575103e-04
4.23224825e+01 3.12575079e-04
4.23606797e+01 3.12575053e-04
4.23988768e+01 3.12575024e-04
4.24370740e+01 3.12574993e-04
4.24752712e+01 3.12574959e-04
4.25134684e+01 3.12574922e-04
4.25516656e+01 3.12574881e-04
4.25898628e+01 3.12574837e-04
4.26280600e+01 3.12574788e-04
4.26662571e+01 3.12574734e-04
4.27044543e+01 3.12574675e-04
4.27426515e+01 3.12574609e-04
4.27808487e+01 3.12574537e-04
4.28190459e+01 3.12574457e-04
4.28572431e+01 3.12574368e-04
4.28954403e+01 3.12574270e-04
4.29336374e+01 3.12574161e-04
4.29718346e+01 3.12574039e-04
4.30100318e+01 3.12573903e-04
4.30482290e+01 3.12573751e-04
4.30864262e+01 3.12573581e-04
4.31246234e+01 3.12573390e-04
4.31628206e+01 3.12573174e-04
4.32010178e+01 3.12572931e-04
4.32392149e+01 3.12572656e-04
4.32774121e+01 3.12572344e-04
4.33156093e+01 3.12571990e-04
4.33538065e+01 3.12571586e-04
4.33920037e+01 3.12571124e-04
4.34302009e+01 3.12570595e-04
4.34683981e+01 3.12569986e-04
4.35065952e+01 3.12569284e-04
4.35447924e+01 3.12568471e-04
4.35829896e+01 3.12567527e-04
4.36211868e+01 3.12566427e-04
4.36593840e+01 3.12565140e-04
4.36975812e+01 3.12563628e-04
4.37357784e+01 3.12561846e-04
4.37739755e+01 3.12559735e-04
4.38121727e+01 3.12557223e-04
4.38503699e+01 3.12554222e-04
4.38885671e+01 3.12550617e-04
4.39267643e+01 3.12546267e-04
4.39649615e+01 3.12540988e-04
4.40031587e+01 3.12534547e-04
4.40413559e+01 3.12526645e-04
4.40795530e+01 3.12516892e-04
4.41177502e+01 3.12504783e-04
4.41559474e+01 3.12489656e-04
4.41941446e+01 3.12470642e-04
4.42323418e+01 3.12446593e-04
4.42705390e+01 3.12415993e-04
4.43087362e+01 3.12376840e-04
4.43469333e+01 3.12326498e-04
4.43851305e+01 3.12261528e-04
4.44233277e+01 3.12177524e-04
4.44615249e+01 3.12069038e-04
4.44997221e+01 3.11929756e-04
4.45379193e+01 3.11753330e-04
4.45761165e+01 3.11535549e-04
4.46143136e+01 3.11278990e-04
4.46525108e+01 3.11001096e-04
4.46907080e+01 3.10743324e-04
4.47289052e+01 3.10564330e-04
4.47671024e+01 3.10456386e-04
4.48052996e+01 3.10043492e-04
4.48434968e+01 3.07952330e-04
4.48816940e+01 3.01569702e-04
4.49198911e+01 2.90029081e-04
4.49580883e+01 2.81505141e-04
4.49962855e+01 2.91627298e-04
4.50344827e+01 3.22765763e-04
4.50726799e+01 3.57724899e-04
4.51108771e+01 3.82043120e-04
4.51490743e+01 3.94740036e-04
4.51872714e+01 4.00530234e-04
4.52254686e+01 4.03206833e-04
4.52636658e+01 4.04624134e-04
4.53018630e+01 4.05509456e-04
4.53400602e+01 4.06126832e-04
4.53782574e+01 4.06578958e-04
4.54164546e+01 4.06915470e-04
4.54546517e+01 4.07167010e-04
4.54928489e+01 4.07355356e-04
4.55310461e+01 4.07496719e-04
4.55692433e+01 4.07603219e-04
4.56074405e+01 4.07683862e-04
4.56456377e+01 4.07745296e-04
4.56838349e+01 4.07792413e-04
4.57220321e+01 4.07828806e-04
4.57602292e+01 4.07857121e-04
4.57984264e+01 4.07879312e-04
4.58366236e+01 4.07896829e-04
4.58748208e+01 4.07910754e-04
4.59130180e+01 4.07921900e-04
4.59512152e+01 4.07930881e-04
4.59894124e+01 4.07938163e-04
4.60276095e+01 4.07944104e-04
4.60658067e+01 4.07948980e-04
4.61040039e+01 4.07953003e-04
4.61422011e+01 4.07956340e-04
4.61803983e+01 4.07959124e-04
4.62185955e+01 4.07961456e-04
4.62567927e+01 4.07963419e-04
4.62949898e+01 4.07965079e-04
4.63331870e+01 4.07966489e-04
4.63713842e+01 4.07967692e-04
4.64095814e+01 4.07968721e-04
4.64477786e+01 4.07969605e-04
4.64859758e+01 4.07970367e-04
4.65241730e+01 4.07971027e-04
4.65623702e+01 4.07971600e-04
4.66005673e+01 4.07972098e-04
4.66387645e+01 4.07972534e-04
4.66769617e+01 4.07972915e-04
4.67151589e+01 4.07973250e-04
4.67533561e+01 4.07973545e-04
4.67915533e+01 4.07973805e-04
4.68297505e+01 4.07974036e-04
4.68679476e+01 4.07974240e-04
4.69061448e+01 4.07974422e-04
4.69443420e+01 4.07974584e-04
4.69825392e+01 4.07974729e-04
4.70207364e+01 4.07974859e-04
4.70589336e+01 4.07974975e-04
4.70971308e+01 4.07975079e-04
4.71353279e+01 4.07975173e-04
4.71735251e+01 4.07975258e-04
4.72117223e+01 4.07975334e-04
4.72499195e+01 4.07975404e-04
4.72881167e+01 4.07975466e-04
4.73263139e+01 4.07975523e-04
4.73645111e+01 4.07975575e-04
4.74027083e+01 4.07975622e-04
4.74409054e+01 4.07975665e-04
4.74791026e+01 4.07975704e-04
4.75172998e+01 4.07975740e-04
4.75554970e+01 4.07975773e-04
4.75936942e+01 4.07975803e-04
4.76318914e+01 4.07975830e-04
4.76700886e+01 4.07975856e-04
4.77082857e+01 4.07975879e-04
4.77464829e+01 4.07975900e-04
4.77846801e+01 4.07975920e-04
4.78228773e+01 4.07975939e-04
4.78610745e+01 4.07975955e-04
4.78992717e+01 4.07975971e-04
4.79374689e+01 4.07975985e-04
4.79756660e+01 4.07975999e-04
4.80138632e+01 4.07976011e-04
4.80520604e+01 4.07976023e-04
4.80902576e+01 4.07976033e-04
4.81284548e+01 4.07976043e-04
4.81666520e+01 4.07976053e-04
4.82048492e+01 4.07976061e-04
4.82430464e+01 4.07976069e-04
4.82812435e+01 4.07976077e-04
4.83194407e+01 4.07976084e-04
4.83576379e+01 4.07976090e-04
4.83958351e+01 4.07976096e-04
4.84340323e+01 4.07976102e-04
4.84722295e+01 4.07976107e-04
4.85104267e+01 4.07976112e-04
4.85486238e+01 4.07976117e-04
4.85868210e+01 4.07976122e-04
4.86250182e+01 4.07976126e-04
4.86632154e+01 4.07976130e-04
4.87014126e+01 4.07976133e-04
4.87396098e+01 4.07976137e-04
4.87778070e+01 4.07976140e-04
4.88160041e+01 4.07976143e-04
4.88542013e+01 4.07976146e-04
4.88923985e+01 4.07976149e-04
4.89305957e+01 4.07976151e-04
4.89687929e+01 4.07976153e-04
4.90069901e+01 4.07976156e-04
4.90451873e+01 4.07976158e-04
4.90833844e+01 4.07976160e-04
4.91215816e+01 4.07976162e-04
4.91597788e+01 4.07976164e-04
4.91979760e+01 4.07976165e-04
4.92361732e+01 4.07976167e-04
4.92743704e+01 4.07976169e-04
4.93125676e+01 4.07976170e-04
4.93507648e+01 4.07976171e-04
4.93889619e+01 4.07976173e-04
4.94271591e+01 4.07976174e-04
4.94653563e+01 4.07976175e-04
4.95035535e+01 4.07976176e-04
4.95417507e+01 4.07976177e-04
4.95799479e+01 4.07976178e-04
4.96181451e+01 4.07976179e-04
4.96563422e+01 4.07976180e-04
4.96945394e+01 4.07976181e-04
4.97327366e+01 4.07976182e-04
4.97709338e+01 4.07976183e-04
4.98091310e+01 4.07976183e-04
4.98473282e+01 4.07976184e-04
4.98855254e+01 4.07976185e-04
4.99237225e+01 4.07976186e-04
4.99619197e+01 4.07976186e-04
5.00001169e+01 4.07976187e-04
5.00383141e+01 4.07976187e-04
5.00765113e+01 4.07976188e-04
5.01147085e+01 4.07976188e-04
5.01529057e+01 4.07976189e-04
5.01911029e+01 4.07976189e-04
5.02293000e+01 4.07976190e-04
5.02674972e+01 4.07976190e-04
5.03056944e+01 4.07976191e-04
5.03438916e+01 4.07976191e-04
5.03820888e+01 4.07976191e-04
5.04202860e+01 4.07976192e-04
5.04584832e+01 4.07976192e-04
5.04966803e+01 4.07976192e-04
5.05348775e+01 4.07976193e-04
5.05730747e+01 4.07976193e-04
5.06112719e+01 4.07976193e-04
5.06494691e+01 4.07976194e-04
5.06876663e+01 4.07976194e-04
5.07258635e+01 4.07976194e-04
5.07640606e+01 4.07976194e-04
5.08022578e+01 4.07976195e-04
5.08404550e+01 4.07976195e-04
5.08786522e+01 4.07976195e-04
5.09168494e+01 4.07976195e-04
5.09550466e+01 4.07976195e-04
5.09932438e+01 4.07976196e-04
5.10314410e+01 4.07976196e-04
5.10696381e+01 4.07976196e-04
5.11078353e+01 4.07976196e-04
5.11460325e+01 4.07976196e-04
5.11842297e+01 4.07976196e-04
5.12224269e+01 4.07976196e-04
5.12606241e+01 4.07976197e-04
5.12988213e+01 4.07976197e-04
5.13370184e+01 4.07976197e-04
5.13752156e+01 4.07976197e-04
5.14134128e+01 4.07976197e-04
5.14516100e+01 4.07976197e-04
5.14898072e+01 4.07976197e-04
5.15280044e+01 4.07976197e-04
5.15662016e+01 4.07976197e-04
5.16043987e+01 4.07976198e-04
5.16425959e+01 4.07976198e-04
5.16807931e+01 4.07976198e-04
5.17189903e+01 4.07976198e-04
5.17571875e+01 4.07976198e-04
5.17953847e+01 4.07976198e-04
5.18335819e+01 4.07976198e-04
5.18717791e+01 4.07976198e-04
5.19099762e+01 4.07976198e-04
5.19481734e+01 4.07976198e-04
5.19863706e+01 4.07976198e-04
5.20245678e+01 4.07976198e-04
5.20627650e+01 4.07976198e-04
5.21009622e+01 4.07976198e-04
5.21391594e+01 4.07976198e-04
5.21773565e+01 4.07976198e-04
5.22155537e+01 4.07976198e-04
5.22537509e+01 4.07976198e-04
5.22919481e+01 4.07976198e-04
5.23301453e+01 4.07976198e-04
5.23683425e+01 4.07976198e-04
5.24065397e+01 4.07976198e-04
5.24447368e+01 4.07976198e-04
5.24829340e+01 4.07976198e-04
5.25211312e+01 4.07976198e-04
5.25593284e+01 4.07976198e-04
5.25975256e+01 4.07976198e-04
5.26357228e+01 4.07976198e-04
5.26739200e+01 4.07976198e-04
5.27121172e+01 4.07976198e-04
5.27503143e+01 4.07976198e-04
5.27885115e+01 4.07976198e-04
5.28267087e+01 4.07976198e-04
5.28649059e+01 4.07976198e-04
5.29031031e+01 4.07976198e-04
5.29413003e+01 4.07976198e-04
5.29794975e+01 4.07976198e-04
5.30176946e+01 4.07976198e-04
5.30558918e+01 4.07976198e-04
5.30940890e+01 4.07976198e-04
5.31322862e+01 4.07976198e-04
5.31704834e+01 4.07976198e-04
5.32086806e+01 4.07976198e-04
5.32468778e+01 4.07976198e-04
5.32850749e+01 4.07976198e-04
5.33232721e+01 4.07976198e-04
5.33614693e+01 4.07976198e-04
5.33996665e+01 4.07976198e-04
5.34378637e+01 4.07976197e-04
5.34760609e+01 4.07976197e-04
5.35142581e+01 4.07976197e-04
5.35524553e+01 4.07976197e-04
5.35906524e+01 4.07976197e-04
5.36288496e+01 4.07976197e-04
5.36670468e+01 4.07976197e-04
5.37052440e+01 4.07976197e-04
5.37434412e+01 4.07976197e-04
5.37816384e+01 4.07976196e-04
5.38198356e+01 4.07976196e-04
5.38580327e+01 4.07976196e-04
5.38962299e+01 4.07976196e-04
5.39344271e+01 4.07976196e-04
5.39726243e+01 4.07976196e-04
5.40108215e+01 4.07976195e-04
5.40490187e+01 4.07976195e-04
5.40872159e+01 4.07976195e-04
5.41254130e+01 4.07976195e-04
5.41636102e+01 4.07976195e-04
5.42018074e+01 4.07976194e-04
5.42400046e+01 4.07976194e-04
5.42782018e+01 4.07976194e-04
5.43163990e+01 4.07976194e-04
5.43545962e+01 4.07976193e-04
5.43927934e+01 4.07976193e-04
5.44309905e+01 4.07976193e-04
5.44691877e+01 4.07976193e-04
5.45073849e+01 4.07976192e-04
5.45455821e+01 4.07976192e-04
5.45837793e+01 4.07976192e-04
5.46219765e+01 4.07976191e-04
5.46601737e+01 4.07976191e-04
5.46983708e+01 4.07976190e-04
5.47365680e+01 4.07976190e-04
5.47747652e+01 4.07976190e-04
5.48129624e+01 4.07976189e-04
5.48511596e+01 4.07976189e-04
5.48893568e+01 4.07976188e-04
5.49275540e+01 4.07976188e-04
5.49657511e+01 4.07976187e-04
5.50039483e+01 4.07976186e-04
5.50421455e+01 4.07976186e-04
5.50803427e+01 4.07976185e-04
5.51185399e+01 4.07976185e-04
5.51567371e+01 4.07976184e-04
5.51949343e+01 4.07976183e-04
5.52331315e+01 4.07976182e-04
5.52713286e+01 4.07976181e-04
5.53095258e+01 4.07976181e-04
5.53477230e+01 4.07976180e-04
5.53859202e+01 4.07976179e-04
5.54241174e+01 4.07976178e-04
5.54623146e+01 4.07976177e-04
5.55005118e+01 4.07976176e-04
5.55387089e+01 4.07976174e-04
5.55769061e+01 4.07976173e-04
5.56151033e+01 4.07976172e-04
5.56533005e+01 4.07976171e-04
5.56914977e+01 4.07976169e-04
5.57296949e+01 4.07976168e-04
5.57678921e+01 4.07976166e-04
5.58060892e+01 4.07976164e-04
5.58442864e+01 4.07976162e-04
5.58824836e+01 4.07976161e-04
5.59206808e+01 4.07976159e-04
5.59588780e+01 4.07976156e-04
5.59970752e+01 4.07976154e-04
5.60352724e+01 4.07976152e-04
5.60734696e+01 4.07976149e-04
5.61116667e+01 4.07976147e-04
5.61498639e+01 4.07976144e-04
5.61880611e+01 4.07976141e-04
5.62262583e+01 4.07976137e-04
5.62644555e+01 4.07976134e-04
5.63026527e+01 4.07976130e-04
5.63408499e+01 4.07976127e-04
5.63790470e+01 4.07976122e-04
5.64172442e+01 4.07976118e-04
5.64554414e+01 4.07976113e-04
5.64936386e+01 4.07976108e-04
5.65318358e+01 4.07976103e-04
5.65700330e+01 4.07976097e-04
5.66082302e+01 4.07976091e-04
5.66464273e+01 4.07976085e-04
5.66846245e+01 4.07976078e-04
5.67228217e+01 4.07976070e-04
5.67610189e+01 4.07976062e-04
5.67992161e+01 4.07976054e-04
5.68374133e+01 4.07976045e-04
5.68756105e+01 4.07976035e-04
5.69138076e+01 4.07976024e-04
5.69520048e+01 4.07976013e-04
5.69902020e+01 4.07976000e-04
5.70283992e+01 4.07975987e-04
5.70665964e+01 4.07975973e-04
5.71047936e+01 4.07975957e-04
5.71429908e+01 4.07975940e-04
5.71811880e+01 4.07975922e-04
5.72193851e+01 4.07975902e-04
5.72575823e+01 4.07975881e-04
5.72957795e+01 4.07975858e-04
5.73339767e+01 4.07975833e-04
5.73721739e+01 4.07975805e-04
5.74103711e+01 4.07975775e-04
5.74485683e+01 4.07975743e-04
5.74867654e+01 4.07975707e-04
5.75249626e+01 4.07975668e-04
5.75631598e+01 4.07975625e-04
5.76013570e+01 4.07975578e-04
5.76395542e+01 4.07975527e-04
5.76777514e+01 4.07975470e-04
5.77159486e+01 4.07975407e-04
5.77541457e+01 4.07975338e-04
5.77923429e+01 4.07975262e-04
5.78305401e+01 4.07975178e-04
5.78687373e+01 4.07975084e-04
5.79069345e+01 4.07974980e-04
5.79451317e+01 4.07974864e-04
5.79833289e+01 4.07974735e-04
5.80215261e+01 4.07974591e-04
5.80597232e+01 4.07974429e-04
5.80979204e+01 4.07974247e-04
5.81361176e+01 4.07974044e-04
5.81743148e+01 4.07973814e-04
5.82125120e+01 4.07973554e-04
5.82507092e+01 4.07973260e-04
5.82889064e+01 4.07972926e-04
5.83271035e+01 4.07972545e-04
5.83653007e+01 4.07972111e-04
5.84034979e+01 4.07971614e-04
5.84416951e+01 4.07971044e-04
5.84798923e+01 4.07970386e-04
5.85180895e+01 4.07969626e-04
5.85562867e+01 4.07968746e-04
5.85944838e+01 4.07967721e-04
5.86326810e+01 4.07966524e-04
5.86708782e+01 4.07965120e-04
5.87090754e+01 4.07963468e-04
5.87472726e+01 4.07961516e-04
5.87854698e+01 4.07959198e-04
5.88236670e+01 4.07956434e-04
5.88618642e+01 4.07953123e-04
5.89000613e+01 4.07949134e-04
5.89382585e+01 4.07944307e-04
5.89764557e+01 4.07938433e-04
5.90146529e+01 4.07931244e-04
5.90528501e+01 4.07922396e-04
5.90910473e+01 4.07911440e-04
5.91292445e+01 4.07897793e-04
5.91674416e+01 4.07880687e-04
5.92056388e+01 4.07859113e-04
5.92438360e+01 4.07831737e-04
5.92820332e+01 4.07796797e-04
5.93202304e+01 4.07751967e-04
5.93584276e+01 4.07694198e-04
5.93966248e+01 4.07619547e-04
5.94348219e+01 4.07523043e-04
5.94730191e+01 4.07398719e-04
5.95112163e+01 4.07240075e-04
5.95494135e+01 4.07041521e-04
5.95876107e+01 4.06801731e-04
5.96258079e+01 4.06530110e-04
5.96640051e+01 4.06256254e-04
5.97022023e+01 4.06034415e-04
5.97403994e+01 4.05907310e-04
5.97785966e+01 4.05726999e-04
5.98167938e+01 4.04668657e-04
5.98549910e+01 4.00605573e-04
5.98931882e+01 3.91141236e-04
5.99313854e+01 3.79437082e-04
5.99695826e+01 3.79337897e-04
6.00077797e+01 4.02115574e-04
6.00459769e+01 4.37850145e-04
6.00841741e+01 4.67911886e-04
6.01223713e+01 4.85469087e-04
6.01605685e+01 4.93833684e-04
6.01987657e+01 4.97607073e-04
6.02369629e+01 4.99464644e-04
6.02751600e+01 5.00543912e-04
6.03133572e+01 5.01265778e-04
6.03515544e+01 5.01785694e-04
6.03897516e+01 5.02170722e-04
6.04279488e+01 5.02458155e-04
6.04661460e+01 5.02673213e-04
6.05043432e+01 5.02834424e-04
6.05425404e+01 5.02955645e-04
6.05807375e+01 5.03047208e-04
6.06189347e+01 5.03116762e-04
6.06571319e+01 5.03169938e-04
6.06953291e+01 5.03210876e-04
6.07335263e+01 5.03242621e-04
6.07717235e+01 5.03267417e-04
6.08099207e+01 5.03286927e-04
6.08481178e+01 5.03302386e-04
6.08863150e+01 5.03314722e-04
6.09245122e+01 5.03324631e-04
6.09627094e+01 5.03332643e-04
6.10009066e+01 5.03339161e-04
6.10391038e+01 5.03344496e-04
6.10773010e+01 5.03348887e-04
6.11154981e+01 5.03352522e-04
6.11536953e+01 5.03355545e-04
6.11918925e+01 5.03358073e-04
6.12300897e+01 5.03360197e-04
6.12682869e+01 5.03361989e-04
6.13064841e+01 5.03363508e-04
6.13446813e+01 5.03364801e-04
6.13828785e+01 5.03365906e-04
6.14210756e+01 5.03366853e-04
6.14592728e+01 5.03367669e-04
6.14974700e+01 5.03368374e-04
6.15356672e+01 5.03368984e-04
6.15738644e+01 5.03369516e-04
6.16120616e+01 5.03369979e-04
6.16502588e+01 5.03370384e-04
6.16884559e+01 5.03370739e-04
6.17266531e+01 5.03371052e-04
6.17648503e+01 5.03371328e-04
6.18030475e+01 5.03371571e-04
6.18412447e+01 5.03371787e-04
6.18794419e+01 5.03371979e-04
6.19176391e+01 5.03372150e-04
6.19558362e+01 5.03372303e-04
6.19940334e+01 5.03372439e-04
6.20322306e+01 5.03372561e-04
6.20704278e+01 5.03372671e-04
6.21086250e+01 5.03372769e-04
6.21468222e+01 5.03372858e-04
6.21850194e+01 5.03372938e-04
6.22232166e+01 5.03373011e-04
6.22614137e+01 5.03373076e-04
6.22996109e+01 5.03373136e-04
6.23378081e+01 5.03373190e-04
6.23760053e+01 5.03373239e-04
6.24142025e+01 5.03373284e-04
6.24523997e+01 5.03373325e-04
6.24905969e+01 5.03373362e-04
6.25287940e+01 5.03373396e-04
6.25669912e+01 5.03373427e-04
6.26051884e+01 5.03373456e-04
6.26433856e+01 5.03373482e-04
6.26815828e+01 5.03373507e-04
6.27197800e+01 5.03373529e-04
6.27579772e+01 5.03373549e-04
6.27961743e+01 5.03373568e-04
6.28343715e+01 5.03373586e-04
6.28725687e+01 5.03373602e-04
6.29107659e+01 5.03373617e-04
6.29489631e+01 5.03373631e-04
6.29871603e+01 5.03373644e-04
6.30253575e+01 5.03373655e-04
6.30635547e+01 5.03373667e-04
6.31017518e+01 5.03373677e-04
6.31399490e+01 5.03373686e-04
6.31781462e+01 5.03373695e-04
6.32163434e+01 5.03373704e-04
6.32545406e+01 5.03373711e-04
6.32927378e+01 5.03373718e-04
6.33309350e+01 5.03373725e-04
6.33691321e+01 5.03373732e-04
6.34073293e+01 5.03373737e-04
6.34455265e+01 5.03373743e-04
6.34837237e+01 5.03373748e-04
6.35219209e+01 5.03373753e-04
6.35601181e+01 5.03373757e-04
6.35983153e+01 5.03373762e-04
6.36365124e+01 5.03373766e-04
6.36747096e+01 5.03373770e-04
6.37129068e+01 5.03373773e-04
6.37511040e+01 5.03373776e-04
6.37893012e+01 5.03373780e-04
6.38274984e+01 5.03373782e-04
6.38656956e+01 5.03373785e-04
6.39038928e+01 5.03373788e-04
6.39420899e+01 5.03373790e-04
6.39802871e+01 5.03373793e-04
6.40184843e+01 5.03373795e-04
6.40566815e+01 5.03373797e-04
6.40948787e+01 5.03373799e-04
6.41330759e+01 5.03373801e-04
6.41712731e+01 5.03373803e-04
6.42094702e+01 5.03373804e-04
6.42476674e+01 5.03373806e-04
6.42858646e+01 5.03373807e-04
6.43240618e+01 5.03373809e-04
6.43622590e+01 5.03373810e-04
6.44004562e+01 5.03373811e-04
6.44386534e+01 5.03373813e-04
6.44768505e+01 5.03373814e-04
6.45150477e+01 5.03373815e-04
6.45532449e+01 5.03373816e-04
6.45914421e+01 5.03373817e-04
6.46296393e+01 5.03373818e-04
6.46678365e+01 5.03373819e-04
6.47060337e+01 5.03373820e-04
6.47442308e+01 5.03373820e-04
6.47824280e+01 5.03373821e-04
6.48206252e+01 5.03373822e-04
6.48588224e+01 5.03373823e-04
6.48970196e+01 5.03373823e-04
6.49352168e+01 5.03373824e-04
6.49734140e+01 5.03373824e-04
6.50116112e+01 5.03373825e-04
6.50498083e+01 5.03373826e-04
6.50880055e+01 5.03373826e-04
6.51262027e+01 5.03373827e-04
6.51643999e+01 5.03373827e-04
6.52025971e+01 5.03373828e-04
6.52407943e+01 5.03373828e-04
6.52789915e+01 5.03373828e-04
6.53171886e+01 5.03373829e-04
6.53553858e+01 5.03373829e-04
6.53935830e+01 5.03373830e-04
6.54317802e+01 5.03373830e-04
6.54699774e+01 5.03373830e-04
6.55081746e+01 5.03373831e-04
6.55463718e+01 5.03373831e-04
6.55845689e+01 5.03373831e-04
6.56227661e+01 5.03373831e-04
6.56609633e+01 5.03373832e-04
6.56991605e+01 5.03373832e-04
6.57373577e+01 5.03373832e-04
6.57755549e+01 5.03373832e-04
6.58137521e+01 5.03373833e-04
6.58519493e+01 5.03373833e-04
6.58901464e+01 5.03373833e-04
6.59283436e+01 5.03373833e-04
6.59665408e+01 5.03373833e-04
6.60047380e+01 5.03373834e-04
6.60429352e+01 5.03373834e-04
6.60811324e+01 5.03373834e-04
6.61193296e+01 5.03373834e-04
6.61575267e+01 5.03373834e-04
6.61957239e+01 5.03373834e-04
6.62339211e+01 5.03373834e-04
6.62721183e+01 5.03373835e-04
6.63103155e+01 5.03373835e-04
6.63485127e+01 5.03373835e-04
6.63867099e+01 5.03373835e-04
6.64249070e+01 5.03373835e-04
6.64631042e+01 5.03373835e-04
6.65013014e+01 5.03373835e-04
6.65394986e+01 5.03373835e-04
6.65776958e+01 5.03373835e-04
6.66158930e+01 5.03373836e-04
6.66540902e+01 5.03373836e-04
6.66922874e+01 5.03373836e-04
6.67304845e+01 5.03373836e-04
6.67686817e+01 5.03373836e-04
6.68068789e+01 5.03373836e-04
6.68450761e+01 5.03373836e-04
6.68832733e+01 5.03373836e-04
6.69214705e+01 5.03373836e-04
6.69596677e+01 5.03373836e-04
6.69978648e+01 5.03373836e-04
6.70360620e+01 5.03373836e-04
6.70742592e+01 5.03373836e-04
6.71124564e+01 5.03373836e-04
6.71506536e+01 5.03373836e-04
6.71888508e+01 5.03373836e-04
6.72270480e+01 5.03373836e-04
6.72652451e+01 5.03373836e-04
6.73034423e+01 5.03373836e-04
6.73416395e+01 5.03373836e-04
6.73798367e+01 5.03373836e-04
6.74180339e+01 5.03373836e-04
6.74562311e+01 5.03373836e-04
6.74944283e+01 5.03373836e-04
6.75326255e+01 5.03373836e-04
6.75708226e+01 5.03373836e-04
6.76090198e+01 5.03373836e-04
6.76472170e+01 5.03373836e-04
6.76854142e+01 5.03373836e-04
6.77236114e+01 5.03373836e-04
6.77618086e+01 5.03373836e-04
6.78000058e+01 5.03373836e-04
6.78382029e+01 5.03373836e-04
6.78764001e+01 5.03373836e-04
6.79145973e+01 5.03373836e-04
6.79527945e+01 5.03373836e-04
6.79909917e+01 5.03373836e-04
6.80291889e+01 5.03373836e-04
6.80673861e+01 5.03373836e-04
6.81055832e+01 5.03373836e-04
6.81437804e+01 5.03373836e-04
6.81819776e+01 5.03373836e-04
6.82201748e+01 5.03373836e-04
6.82583720e+01 5.03373836e-04
6.82965692e+01 5.03373836e-04
6.83347664e+01 5.03373836e-04
6.83729636e+01 5.03373836e-04
6.84111607e+01 5.03373835e-04
6.84493579e+01 5.03373835e-04
6.84875551e+01 5.03373835e-04
6.85257523e+01 5.03373835e-04
6.85639495e+01 5.03373835e-04
6.86021467e+01 5.03373835e-04
6.86403439e+01 5.03373835e-04
6.86785410e+01 5.03373835e-04
6.87167382e+01 5.03373835e-04
6.87549354e+01 5.03373834e-04
6.87931326e+01 5.03373834e-04
6.88313298e+01 5.03373834e-04
6.88695270e+01 5.03373834e-04
6.89077242e+01 5.03373834e-04
6.89459213e+01 5.03373834e-04
6.89841185e+01 5.03373834e-04
6.90223157e+01 5.03373833e-04
6.90605129e+01 5.03373833e-04
6.90987101e+01 5.03373833e-04
6.91369073e+01 5.03373833e-04
6.91751045e+01 5.03373833e-04
6.92133017e+01 5.03373832e-04
6.92514988e+01 5.03373832e-04
6.92896960e+01 5.03373832e-04
6.93278932e+01 5.03373832e-04
6.93660904e+01 5.03373831e-04
6.94042876e+01 5.03373831e-04
6.94424848e+01 5.03373831e-04
6.94806820e+01 5.03373830e-04
6.95188791e+01 5.03373830e-04
6.95570763e+01 5.03373830e-04
6.95952735e+01 5.03373829e-04
6.96334707e+01 5.03373829e-04
6.96716679e+01 5.03373829e-04
6.97098651e+01 5.03373828e-04
6.97480623e+01 5.03373828e-04
6.97862594e+01 5.03373827e-04
6.98244566e+01 5.03373827e-04
6.98626538e+01 5.03373826e-04
6.99008510e+01 5.03373826e-04
6.99390482e+01 5.03373825e-04
6.99772454e+01 5.03373825e-04
7.00154426e+01 5.03373824e-04
7.00536398e+01 5.03373823e-04
7.00918369e+01 5.03373823e-04
7.01300341e+01 5.03373822e-04
7.01682313e+01 5.03373821e-04
7.02064285e+01 5.03373821e-04
7.02446257e+01 5.03373820e-04
7.02828229e+01 5.03373819e-04
7.03210201e+01 5.03373818e-04
7.03592172e+01 5.03373817e-04
7.03974144e+01 5.03373816e-04
7.04356116e+01 5.03373815e-04
7.04738088e+01 5.03373814e-04
7.05120060e+01 5.03373813e-04
7.05502032e+01 5.03373812e-04
7.05884004e+01 5.03373810e-04
7.06265975e+01 5.03373809e-04
7.06647947e+01 5.03373808e-04
7.07029919e+01 5.03373806e-04
7.07411891e+01 5.03373805e-04
7.07793863e+01 5.03373803e-04
7.08175835e+01 5.03373801e-04
7.08557807e+01 5.03373799e-04
7.08939779e+01 5.03373797e-04
7.09321750e+01 5.03373795e-04
7.09703722e+01 5.03373793e-04
7.10085694e+01 5.03373791e-04
7.10467666e+01 5.03373788e-04
7.10849638e+01 5.03373786e-04
7.11231610e+01 5.03373783e-04
7.11613582e+01 5.03373780e-04
7.11995553e+01 5.03373777e-04
7.12377525e+01 5.03373773e-04
7.12759497e+01 5.03373770e-04
7.13141469e+01 5.03373766e-04
7.13523441e+01 5.03373762e-04
7.13905413e+01 5.03373758e-04
7.14287385e+01 5.03373753e-04
7.14669356e+01 5.03373748e-04
7.15051328e+01 5.03373743e-04
7.15433300e+01 5.03373738e-04
7.15815272e+01 5.03373732e-04
7.16197244e+01 5.03373725e-04
7.16579216e+01 5.03373719e-04
7.16961188e+01 5.03373711e-04
7.17343160e+01 5.03373704e-04
7.17725131e+01 5.03373695e-04
7.18107103e+01 5.03373686e-04
7.18489075e+01 5.03373677e-04
7.18871047e+01 5.03373666e-04
7.19253019e+01 5.03373655e-04
7.19634991e+01 5.03373643e-04
7.20016963e+01 5.03373630e-04
7.20398934e+01 5.03373617e-04
7.20780906e+01 5.03373601e-04
7.21162878e+01 5.03373585e-04
7.21544850e+01 5.03373568e-04
7.21926822e+01 5.03373549e-04
7.22308794e+01 5.03373528e-04
7.22690766e+01 5.03373505e-04
7.23072737e+01 5.03373481e-04
7.23454709e+01 5.03373454e-04
7.23836681e+01 5.03373426e-04
7.24218653e+01 5.03373394e-04
7.24600625e+01 5.03373360e-04
7.24982597e+01 5.03373322e-04
7.25364569e+01 5.03373281e-04
7.25746540e+01 5.03373235e-04
7.26128512e+01 5.03373186e-04
7.26510484e+01 5.03373131e-04
7.26892456e+01 5.03373071e-04
7.27274428e+01 5.03373005e-04
7.27656400e+01 5.03372932e-04
7.28038372e+01 5.03372851e-04
7.28420344e+01 5.03372761e-04
7.28802315e+01 5.03372661e-04
7.29184287e+01 5.03372550e-04
7.29566259e+01 5.03372427e-04
7.29948231e+01 5.03372289e-04
7.30330203e+01 5.03372134e-04
7.30712175e+01 5.03371961e-04
7.31094147e+01 5.03371767e-04
7.31476118e+01 5.03371548e-04
7.31858090e+01 5.03371300e-04
7.32240062e+01 5.03371021e-04
7.32622034e+01 5.03370703e-04
7.33004006e+01 5.03370343e-04
7.33385978e+01 5.03369931e-04
7.33767950e+01 5.03369461e-04
7.34149921e+01 5.03368921e-04
7.34531893e+01 5.03368300e-04
7.34913865e+01 5.03367584e-04
7.35295837e+01 5.03366754e-04
7.35677809e+01 5.03365791e-04
7.36059781e+01 5.03364667e-04
7.36441753e+01 5.03363351e-04
7.36823725e+01 5.03361805e-04
7.37205696e+01 5.03359981e-04
7.37587668e+01 5.03357819e-04
7.37969640e+01 5.03355246e-04
7.38351612e+01 5.03352168e-04
7.38733584e+01 5.03348470e-04
7.39115556e+01 5.03344003e-04
7.39497528e+01 5.03338579e-04
7.39879499e+01 5.03331957e-04
7.40261471e+01 5.03323825e-04
7.40643443e+01 5.03313780e-04
7.41025415e+01 5.03301299e-04
7.41407387e+01 5.03285693e-04
7.41789359e+01 5.03266060e-04
7.42171331e+01 5.03241207e-04
7.42553302e+01 5.03209560e-04
7.42935274e+01 5.03169038e-04
7.43317246e+01 5.03116904e-04
7.43699218e+01 5.03049595e-04
7.44081190e+01 5.02962565e-04
7.44463162e+01 5.02850223e-04
7.44845134e+01 5.02706185e-04
7.45227106e+01 5.02524223e-04
7.45609077e+01 5.02300716e-04
7.45991049e+01 5.02039731e-04
7.46373021e+01 5.01761544e-04
7.46754993e+01 5.01511172e-04
7.47136965e+01 5.01346093e-04
7.47518937e+01 5.01232913e-04
7.47900909e+01 5.00701438e-04
7.48282880e+01 4.98189983e-04
7.48664852e+01 4.91028744e-04
7.49046824e+01 4.79139695e-04
7.49428796e+01 4.72291322e-04
7.49810768e+01 4.85721947e-04
7.50192740e+01 5.18617433e-04
7.50574712e+01 5.52647810e-04
7.50956683e+01 5.75183563e-04
7.51338655e+01 5.86631798e-04
7.51720627e+01 5.91816680e-04
7.52102599e+01 5.94244627e-04
7.52484571e+01 5.95560974e-04
7.52866543e+01 5.96399298e-04
7.53248515e+01 5.96989646e-04
7.53630487e+01 5.97423515e-04
7.54012458e+01 5.97746757e-04
7.54394430e+01 5.97988443e-04
7.54776402e+01 5.98169457e-04
7.55158374e+01 5.98305375e-04
7.55540346e+01 5.98407838e-04
7.55922318e+01 5.98485485e-04
7.56304290e+01 5.98544690e-04
7.56686261e+01 5.98590140e-04
7.57068233e+01 5.98625281e-04
7.57450205e+01 5.98652650e-04
7.57832177e+01 5.98674120e-04
7.58214149e+01 5.98691085e-04
7.58596121e+01 5.98704585e-04
7.58978093e+01 5.98715400e-04
7.59360064e+01 5.98724122e-04
7.59742036e+01 5.98731201e-04
7.60124008e+01 5.98736980e-04
7.60505980e+01 5.98741726e-04
7.60887952e+01 5.98745646e-04
7.61269924e+01 5.98748900e-04
7.61651896e+01 5.98751616e-04
7.62033868e+01 5.98753893e-04
7.62415839e+01 5.98755811e-04
7.62797811e+01 5.98757434e-04
7.63179783e+01 5.98758813e-04
7.63561755e+01 5.98759990e-04
7.63943727e+01 5.98760997e-04
7.64325699e+01 5.98761863e-04
7.64707671e+01 5.98762611e-04
7.65089642e+01 5.98763257e-04
7.65471614e+01 5.98763819e-04
7.65853586e+01 5.98764308e-04
7.66235558e+01 5.98764736e-04
7.66617530e+01 5.98765110e-04
7.66999502e+01 5.98765439e-04
7.67381474e+01 5.98765729e-04
7.67763445e+01 5.98765986e-04
7.68145417e+01 5.98766212e-04
7.68527389e+01 5.98766414e-04
7.68909361e+01 5.98766592e-04
7.69291333e+01 5.98766752e-04
7.69673305e+01 5.98766895e-04
7.70055277e+01 5.98767022e-04
7.70437249e+01 5.98767137e-04
7.70819220e+01 5.98767239e-04
7.71201192e+01 5.98767332e-04
7.71583164e+01 5.98767416e-04
7.71965136e+01 5.98767491e-04
7.72347108e+01 5.98767559e-04
7.72729080e+01 5.98767621e-04
7.73111052e+01 5.98767677e-04
7.73493023e+01 5.98767728e-04
7.73874995e+01 5.98767775e-04
7.74256967e+01 5.98767817e-04
7.74638939e+01 5.98767856e-04
7.75020911e+01 5.98767891e-04
7.75402883e+01 5.98767924e-04
7.75784855e+01 5.98767953e-04
7.76166826e+01 5.98767981e-04
7.76548798e+01 5.98768006e-04
7.76930770e+01 5.98768029e-04
7.77312742e+01 5.98768050e-04
7.77694714e+01 5.98768070e-04
7.78076686e+01 5.98768088e-04
7.78458658e+01 5.98768104e-04
7.78840630e+01 5.98768120e-04
7.79222601e+01 5.98768134e-04
7.79604573e+01 5.98768147e-04
7.79986545e+01 5.98768160e-04
7.80368517e+01 5.98768171e-04
7.80750489e+01 5.98768182e-04
7.81132461e+01 5.98768191e-04
7.81514433e+01 5.98768201e-04
7.81896404e+01 5.98768209e-04
7.82278376e+01 5.98768217e-04
7.82660348e+01 5.98768224e-04
7.83042320e+01 5.98768231e-04
7.83424292e+01 5.98768238e-04
7.83806264e+01 5.98768244e-04
7.84188236e+01 5.98768250e-04
7.84570207e+01 5.98768255e-04
7.84952179e+01 5.98768260e-04
7.85334151e+01 5.98768264e-04
7.85716123e+01 5.98768269e-04
7.86098095e+01 5.98768273e-04
7.86480067e+01 5.98768277e-04
7.86862039e+01 5.98768280e-04
7.87244011e+01 5.98768284e-04
7.87625982e+01 5.98768287e-04
7.88007954e+01 5.98768290e-04
7.88389926e+01 5.98768293e-04
7.88771898e+01 5.98768296e-04
7.89153870e+01 5.98768298e-04
7.89535842e+01 5.98768301e-04
7.89917814e+01 5.98768303e-04
7.90299785e+01 5.98768305e-04
7.90681757e+01 5.98768307e-04
7.91063729e+01 5.98768309e-04
7.91445701e+01 5.98768311e-04
7.91827673e+01 5.98768312e-04
7.92209645e+01 5.98768314e-04
7.92591617e+01 5.98768316e-04
7.92973588e+01 5.98768317e-04
7.93355560e+01 5.98768318e-04
7.93737532e+01 5.98768320e-04
7.94119504e+01 5.98768321e-04
7.94501476e+01 5.98768322e-04
7.94883448e+01 5.98768323e-04
7.95265420e+01 5.98768324e-04
7.95647392e+01 5.98768325e-04
7.96029363e+01 5.98768326e-04
7.96411335e+01 5.98768327e-04
7.96793307e+01 5.98768328e-04
7.97175279e+01 5.98768329e-04
7.97557251e+01 5.98768330e-04
7.97939223e+01 5.98768330e-04
7.98321195e+01 5.98768331e-04
7.98703166e+01 5.98768332e-04
7.99085138e+01 5.98768332e-04
7.99467110e+01 5.98768333e-04
7.99849082e+01 5.98768334e-04
8.00231054e+01 5.98768334e-04
