#	Time	Error_of_Energy	Error_of_Position
3.81971863e-02 2.63379706e-05 4.40597303e-06
7.63943727e-02 6.22505891e-05 7.57581026e-06
1.14591559e-01 9.02251013e-05 9.17714182e-06
1.52788745e-01 1.05825260e-04 1.00447925e-05
1.90985932e-01 1.13107907e-04 1.10883808e-05
2.29183118e-01 1.16411816e-04 1.26374068e-05
2.67380304e-01 1.18081227e-04 1.45621828e-05
3.05577491e-01 1.19079333e-04 1.66444268e-05
3.43774677e-01 1.19758723e-04 1.87447412e-05
3.81971863e-01 1.20251630e-04 2.07834551e-05
4.20169050e-01 1.20617491e-04 2.27338972e-05
4.58366236e-01 1.20890775e-04 2.45800479e-05
4.96563422e-01 1.21095304e-04 2.63244859e-05
5.34760609e-01 1.21248689e-04 2.79733879e-05
5.72957795e-01 1.21364104e-04 2.95330253e-05
6.11154981e-01 1.21451361e-04 3.10149381e-05
6.49352168e-01 1.21517714e-04 3.24217921e-05
6.87549354e-01 1.21568503e-04 3.37586746e-05
7.25746540e-01 1.21607652e-04 3.50369836e-05
7.63943727e-01 1.21638047e-04 3.62627851e-05
8.02140913e-01 1.21661819e-04 3.74418882e-05
8.40338100e-01 1.21680546e-04 3.85810759e-05
8.78535286e-01 1.21695404e-04 3.96830329e-05
9.16732472e-01 1.21707273e-04 4.07346539e-05
9.54929659e-01 1.21716819e-04 4.17472504e-05
9.93126845e-01 1.21724545e-04 4.27520504e-05
1.03132403e+00 1.21730838e-04 4.37306382e-05
1.06952122e+00 1.21735993e-04 4.46513690e-05
1.10771840e+00 1.21740240e-04 4.55922494e-05
1.14591559e+00 1.21743759e-04 4.64780072e-05
1.18411278e+00 1.21746689e-04 4.73611362e-05
1.22230996e+00 1.21749140e-04 4.82262744e-05
1.26050715e+00 1.21751202e-04 4.90662246e-05
1.29870434e+00 1.21752943e-04 4.99013897e-05
1.33690152e+00 1.21754419e-04 5.07183539e-05
1.37509871e+00 1.21755677e-04 5.15132981e-05
1.41329589e+00 1.21756752e-04 5.23264338e-05
1.45149308e+00 1.21757675e-04 5.30772663e-05
1.48969027e+00 1.21758470e-04 5.38819708e-05
1.52788745e+00 1.21759157e-04 5.46166057e-05
1.56608464e+00 1.21759753e-04 5.53708166e-05
1.60428183e+00 1.21760272e-04 5.61395665e-05
1.64247901e+00 1.21760724e-04 5.68416484e-05
1.68067620e+00 1.21761120e-04 5.75879257e-05
1.71887339e+00 1.21761468e-04 5.83255213e-05
1.75707057e+00 1.21761774e-04 5.90097487e-05
1.79526776e+00 1.21762044e-04 5.97359870e-05
1.83346494e+00 1.21762282e-04 6.04633975e-05
1.87166213e+00 1.21762494e-04 6.11320899e-05
1.90985932e+00 1.21762682e-04 6.18292674e-05
1.94805650e+00 1.21762849e-04 6.25538140e-05
1.98625369e+00 1.21762999e-04 6.32250319e-05
2.02445088e+00 1.21763132e-04 6.38886514e-05
2.06264806e+00 1.21763252e-04 6.45895020e-05
2.10084525e+00 1.21763360e-04 6.52908460e-05
2.13904244e+00 1.21763457e-04 6.59405836e-05
2.17723962e+00 1.21763544e-04 6.66001584e-05
2.21543681e+00 1.21763622e-04 6.72925700e-05
2.25363399e+00 1.21763694e-04 6.79832625e-05
2.29183118e+00 1.21763758e-04 6.86275750e-05
2.33002837e+00 1.21763817e-04 6.92761111e-05
2.36822555e+00 1.21763870e-04 6.99539738e-05
2.40642274e+00 1.21763918e-04 7.06445697e-05
2.44461993e+00 1.21763962e-04 7.12988548e-05
2.48281711e+00 1.21764002e-04 7.19358749e-05
2.52101430e+00 1.21764039e-04 7.25931084e-05
2.55921148e+00 1.21764073e-04 7.32748051e-05
2.59740867e+00 1.21764104e-04 7.39553387e-05
2.63560586e+00 1.21764132e-04 7.45993237e-05
2.67380304e+00 1.21764158e-04 7.52374370e-05
2.71200023e+00 1.21764182e-04 7.58953915e-05
2.75019742e+00 1.21764204e-04 7.65751790e-05
2.78839460e+00 1.21764224e-04 7.72568730e-05
2.82659179e+00 1.21764243e-04 7.79076523e-05
2.86478898e+00 1.21764260e-04 7.85466318e-05
2.90298616e+00 1.21764276e-04 7.91996636e-05
2.94118335e+00 1.21764291e-04 7.98740327e-05
2.97938053e+00 1.21764304e-04 8.05611217e-05
3.01757772e+00 1.21764317e-04 8.12347615e-05
3.05577491e+00 1.21764329e-04 8.18825008e-05
3.09397209e+00 1.21764340e-04 8.25304135e-05
3.13216928e+00 1.21764350e-04 8.31945489e-05
3.17036647e+00 1.21764359e-04 8.38779740e-05
3.20856365e+00 1.21764368e-04 8.45716380e-05
3.24676084e+00 1.21764376e-04 8.52529352e-05
3.28495803e+00 1.21764384e-04 8.59111569e-05
3.32315521e+00 1.21764391e-04 8.65681042e-05
3.36135240e+00 1.21764398e-04 8.72386137e-05
3.39954958e+00 1.21764404e-04 8.79274466e-05
3.43774677e+00 1.21764410e-04 8.86300957e-05
3.47594396e+00 1.21764415e-04 8.93318253e-05
3.51414114e+00 1.21764420e-04 9.00126088e-05
3.55233833e+00 1.21764425e-04 9.06820841e-05
3.59053552e+00 1.21764429e-04 9.13576689e-05
3.62873270e+00 1.21764434e-04 9.20485998e-05
3.66692989e+00 1.21764438e-04 9.27566627e-05
3.70512708e+00 1.21764441e-04 9.34762385e-05
3.74332426e+00 1.21764445e-04 9.41934627e-05
3.78152145e+00 1.21764448e-04 9.48916908e-05
3.81971863e+00 1.21764451e-04 9.55804116e-05
3.85791582e+00 1.21764454e-04 9.62745278e-05
3.89611301e+00 1.21764457e-04 9.69826400e-05
3.93431019e+00 1.21764460e-04 9.77074211e-05
3.97250738e+00 1.21764462e-04 9.84456598e-05
4.01070457e+00 1.21764464e-04 9.91877584e-05
4.04890175e+00 1.21764466e-04 9.99178740e-05
4.08709894e+00 1.21764469e-04 1.00633275e-04
4.12529612e+00 1.21764470e-04 1.01348035e-04
4.16349331e+00 1.21764472e-04 1.02072477e-04
4.20169050e+00 1.21764474e-04 1.02812082e-04
4.23988768e+00 1.21764476e-04 1.03567605e-04
4.27808487e+00 1.21764477e-04 1.04334918e-04
4.31628206e+00 1.21764479e-04 1.05104601e-04
4.35447924e+00 1.21764480e-04 1.05862607e-04
4.39267643e+00 1.21764482e-04 1.06608509e-04
4.43087362e+00 1.21764483e-04 1.07354640e-04
4.46907080e+00 1.21764484e-04 1.08110068e-04
4.50726799e+00 1.21764485e-04 1.08879985e-04
4.54546517e+00 1.21764486e-04 1.09665719e-04
4.58366236e+00 1.21764487e-04 1.10464616e-04
4.62185955e+00 1.21764488e-04 1.11269770e-04
4.66005673e+00 1.21764489e-04 1.12069757e-04
4.69825392e+00 1.21764490e-04 1.12856770e-04
4.73645111e+00 1.21764491e-04 1.13640069e-04
4.77464829e+00 1.21764492e-04 1.14429110e-04
4.81284548e+00 1.21764492e-04 1.15230225e-04
4.85104267e+00 1.21764493e-04 1.16046598e-04
4.88923985e+00 1.21764494e-04 1.16878190e-04
4.92743704e+00 1.21764495e-04 1.17721599e-04
4.96563422e+00 1.21764495e-04 1.18569852e-04
5.00383141e+00 1.21764496e-04 1.19412353e-04
5.04202860e+00 1.21764496e-04 1.20244579e-04
5.08022578e+00 1.21764497e-04 1.21075454e-04
5.11842297e+00 1.21764497e-04 1.21912994e-04
5.15662016e+00 1.21764498e-04 1.22762682e-04
5.19481734e+00 1.21764498e-04 1.23627408e-04
5.23301453e+00 1.21764499e-04 1.24507400e-04
5.27121172e+00 1.21764499e-04 1.25400115e-04
5.30940890e+00 1.21764500e-04 1.26300093e-04
5.34760609e+00 1.21764500e-04 1.27198824e-04
5.38580327e+00 1.21764500e-04 1.28088991e-04
5.42400046e+00 1.21764501e-04 1.28976564e-04
5.46219765e+00 1.21764501e-04 1.29869162e-04
5.50039483e+00 1.21764501e-04 1.30772359e-04
5.53859202e+00 1.21764502e-04 1.31689634e-04
5.57678921e+00 1.21764502e-04 1.32622302e-04
5.61498639e+00 1.21764502e-04 1.33569448e-04
5.65318358e+00 1.21764503e-04 1.34527830e-04
5.69138076e+00 1.21764503e-04 1.35491785e-04
5.72957795e+00 1.21764503e-04 1.36453289e-04
5.76777514e+00 1.21764503e-04 1.37409653e-04
5.80597232e+00 1.21764504e-04 1.38367585e-04
5.84416951e+00 1.21764504e-04 1.39333065e-04
5.88236670e+00 1.21764504e-04 1.40310413e-04
5.92056388e+00 1.21764504e-04 1.41302245e-04
5.95876107e+00 1.21764504e-04 1.42309419e-04
5.99695826e+00 1.21764505e-04 1.43330986e-04
6.03515544e+00 1.21764505e-04 1.44364127e-04
6.07335263e+00 1.21764505e-04 1.45404091e-04
6.11154981e+00 1.21764505e-04 1.46444256e-04
6.14974700e+00 1.21764505e-04 1.47482345e-04
6.18794419e+00 1.21764505e-04 1.48523837e-04
6.22614137e+00 1.21764506e-04 1.49573677e-04
6.26433856e+00 1.21764506e-04 1.50635514e-04
6.30253575e+00 1.21764506e-04 1.51711671e-04
6.34073293e+00 1.21764506e-04 1.52803111e-04
6.37893012e+00 1.21764506e-04 1.53909412e-04
6.41712731e+00 1.21764506e-04 1.55028730e-04
6.45532449e+00 1.21764506e-04 1.56157770e-04
6.49352168e+00 1.21764506e-04 1.57291754e-04
6.53171886e+00 1.21764507e-04 1.58426983e-04
6.56991605e+00 1.21764507e-04 1.59566790e-04
6.60811324e+00 1.21764507e-04 1.60715215e-04
6.64631042e+00 1.21764507e-04 1.61875359e-04
6.68450761e+00 1.21764507e-04 1.63049370e-04
6.72270480e+00 1.21764507e-04 1.64238435e-04
6.76090198e+00 1.21764507e-04 1.65442778e-04
6.79909917e+00 1.21764507e-04 1.66661649e-04
6.83729636e+00 1.21764507e-04 1.67893324e-04
6.87549354e+00 1.21764507e-04 1.69135100e-04
6.91369073e+00 1.21764507e-04 1.70383571e-04
6.95188791e+00 1.21764507e-04 1.71638738e-04
6.99008510e+00 1.21764507e-04 1.72903369e-04
7.02828229e+00 1.21764507e-04 1.74179744e-04
7.06647947e+00 1.21764507e-04 1.75469580e-04
7.10467666e+00 1.21764507e-04 1.76774041e-04
7.14287385e+00 1.21764507e-04 1.78093765e-04
7.18107103e+00 1.21764508e-04 1.79428878e-04
7.21926822e+00 1.21764508e-04 1.80779026e-04
7.25746540e+00 1.21764508e-04 1.82143394e-04
7.29566259e+00 1.21764508e-04 1.83520740e-04
7.33385978e+00 1.21764508e-04 1.84909893e-04
7.37205696e+00 1.21764508e-04 1.86311355e-04
7.41025415e+00 1.21764508e-04 1.87725956e-04
7.44845134e+00 1.21764508e-04 1.89154381e-04
7.48664852e+00 1.21764508e-04 1.90597207e-04
7.52484571e+00 1.21764508e-04 1.92054959e-04
7.56304290e+00 1.21764508e-04 1.93528157e-04
7.60124008e+00 1.21764508e-04 1.95017376e-04
7.63943727e+00 1.21764508e-04 1.96523303e-04
7.67763445e+00 1.21764508e-04 1.98046800e-04
7.71583164e+00 1.21764508e-04 1.99588953e-04
7.75402883e+00 1.21764508e-04 2.01149940e-04
7.79222601e+00 1.21764508e-04 2.02728313e-04
7.83042320e+00 1.21764508e-04 2.04322788e-04
7.86862039e+00 1.21764508e-04 2.05932493e-04
7.90681757e+00 1.21764507e-04 2.07557053e-04
7.94501476e+00 1.21764507e-04 2.09196681e-04
7.98321195e+00 1.21764507e-04 2.10852273e-04
8.02140913e+00 1.21764507e-04 2.12525506e-04
8.05960632e+00 1.21764507e-04 2.14218946e-04
8.09780350e+00 1.21764507e-04 2.15936150e-04
8.13600069e+00 1.21764507e-04 2.17681098e-04
8.17419788e+00 1.21764507e-04 2.19452148e-04
8.21239506e+00 1.21764507e-04 2.21244813e-04
8.25059225e+00 1.21764507e-04 2.23055619e-04
8.28878944e+00 1.21764507e-04 2.24882282e-04
8.32698662e+00 1.21764507e-04 2.26723846e-04
8.36518381e+00 1.21764507e-04 2.28580830e-04
8.40338100e+00 1.21764507e-04 2.30455380e-04
8.44157818e+00 1.21764507e-04 2.32351423e-04
8.47977537e+00 1.21764507e-04 2.34274837e-04
8.51797255e+00 1.21764506e-04 2.36233574e-04
8.55616974e+00 1.21764506e-04 2.38231302e-04
8.59436693e+00 1.21764506e-04 2.40260281e-04
8.63256411e+00 1.21764506e-04 2.42313048e-04
8.67076130e+00 1.21764506e-04 2.44384258e-04
8.70895849e+00 1.21764506e-04 2.46470890e-04
8.74715567e+00 1.21764506e-04 2.48572462e-04
8.78535286e+00 1.21764506e-04 2.50691254e-04
8.82355005e+00 1.21764506e-04 2.52832539e-04
8.86174723e+00 1.21764505e-04 2.55004824e-04
8.89994442e+00 1.21764505e-04 2.57220103e-04
8.93814160e+00 1.21764505e-04 2.59489066e-04
8.97633879e+00 1.21764505e-04 2.61802460e-04
9.01453598e+00 1.21764505e-04 2.64147393e-04
9.05273316e+00 1.21764505e-04 2.66514411e-04
9.09093035e+00 1.21764504e-04 2.68897804e-04
9.12912754e+00 1.21764504e-04 2.71295911e-04
9.16732472e+00 1.21764504e-04 2.73711457e-04
9.20552191e+00 1.21764504e-04 2.76151876e-04
9.24371909e+00 1.21764504e-04 2.78629675e-04
9.28191628e+00 1.21764503e-04 2.81162784e-04
9.32011347e+00 1.21764503e-04 2.83767431e-04
9.35831065e+00 1.21764503e-04 2.86429792e-04
9.39650784e+00 1.21764502e-04 2.89130564e-04
9.43470503e+00 1.21764502e-04 2.91855863e-04
9.47290221e+00 1.21764502e-04 2.94597663e-04
9.51109940e+00 1.21764502e-04 2.97354250e-04
9.54929659e+00 1.21764501e-04 3.00130704e-04
9.58749377e+00 1.21764501e-04 3.02939385e-04
9.62569096e+00 1.21764501e-04 3.05800446e-04
9.66388814e+00 1.21764500e-04 3.08742094e-04
9.70208533e+00 1.21764500e-04 3.11775375e-04
9.74028252e+00 1.21764499e-04 3.14872394e-04
9.77847970e+00 1.21764499e-04 3.18008181e-04
9.81667689e+00 1.21764499e-04 3.21166263e-04
9.85487408e+00 1.21764498e-04 3.24339311e-04
9.89307126e+00 1.21764498e-04 3.27529818e-04
9.93126845e+00 1.21764497e-04 3.30750795e-04
9.96946564e+00 1.21764496e-04 3.34026502e-04
1.00076628e+01 1.21764496e-04 3.37393204e-04
1.00458600e+01 1.21764495e-04 3.40881644e-04
1.00840572e+01 1.21764495e-04 3.44460964e-04
1.01222544e+01 1.21764494e-04 3.48093333e-04
1.01604516e+01 1.21764493e-04 3.51753419e-04
1.01986488e+01 1.21764493e-04 3.55429333e-04
1.02368459e+01 1.21764492e-04 3.59123603e-04
1.02750431e+01 1.21764491e-04 3.62854182e-04
1.03132403e+01 1.21764490e-04 3.66655505e-04
1.03514375e+01 1.21764489e-04 3.70579501e-04
1.03896347e+01 1.21764488e-04 3.74658098e-04
1.04278319e+01 1.21764487e-04 3.78841055e-04
1.04660291e+01 1.21764486e-04 3.83079689e-04
1.05042262e+01 1.21764485e-04 3.87344113e-04
1.05424234e+01 1.21764484e-04 3.91624615e-04
1.05806206e+01 1.21764483e-04 3.95933090e-04
1.06188178e+01 1.21764482e-04 4.00304534e-04
1.06570150e+01 1.21764480e-04 4.04798602e-04
1.06952122e+01 1.21764479e-04 4.09485835e-04
1.07334094e+01 1.21764477e-04 4.14332513e-04
1.07716065e+01 1.21764476e-04 4.19264352e-04
1.08098037e+01 1.21764474e-04 4.24233534e-04
1.08480009e+01 1.21764472e-04 4.29221204e-04
1.08861981e+01 1.21764471e-04 4.34239538e-04
1.09243953e+01 1.21764469e-04 4.39333907e-04
1.09625925e+01 1.21764467e-04 4.44585126e-04
1.10007897e+01 1.21764464e-04 4.50082785e-04
1.10389869e+01 1.21764462e-04 4.55767972e-04
1.10771840e+01 1.21764460e-04 4.61545275e-04
1.11153812e+01 1.21764457e-04 4.67358932e-04
1.11535784e+01 1.21764454e-04 4.73195937e-04
1.11917756e+01 1.21764451e-04 4.79089104e-04
1.12299728e+01 1.21764448e-04 4.85120255e-04
1.12681700e+01 1.21764445e-04 4.91418918e-04
1.13063672e+01 1.21764441e-04 4.98003521e-04
1.13445643e+01 1.21764437e-04 5.04739466e-04
1.13827615e+01 1.21764433e-04 5.11535519e-04
1.14209587e+01 1.21764429e-04 5.18361035e-04
1.14591559e+01 1.21764425e-04 5.25250365e-04
1.14973531e+01 1.21764420e-04 5.32307491e-04
1.15355503e+01 1.21764415e-04 5.39701764e-04
1.15737475e+01 1.21764409e-04 5.47439641e-04
1.16119446e+01 1.21764403e-04 5.55346018e-04
1.16501418e+01 1.21764397e-04 5.63315127e-04
1.16883390e+01 1.21764390e-04 5.71329603e-04
1.17265362e+01 1.21764383e-04 5.79467010e-04
1.17647334e+01 1.21764375e-04 5.87906703e-04
1.18029306e+01 1.21764367e-04 5.96819716e-04
1.18411278e+01 1.21764358e-04 6.06026235e-04
1.18793250e+01 1.21764348e-04 6.15347241e-04
1.19175221e+01 1.21764338e-04 6.24727248e-04
1.19557193e+01 1.21764327e-04 6.34243685e-04
1.19939165e+01 1.21764315e-04 6.44116800e-04
1.20321137e+01 1.21764302e-04 6.54567808e-04
1.20703109e+01 1.21764288e-04 6.65367576e-04
1.21085081e+01 1.21764273e-04 6.76299434e-04
1.21467053e+01 1.21764257e-04 6.87324268e-04
1.21849024e+01 1.21764240e-04 6.98594317e-04
1.22230996e+01 1.21764221e-04 7.10450981e-04
1.22612968e+01 1.21764200e-04 7.22929740e-04
1.22994940e+01 1.21764178e-04 7.35677776e-04
1.23376912e+01 1.21764154e-04 7.48550208e-04
1.23758884e+01 1.21764127e-04 7.61664778e-04
1.24140856e+01 1.21764098e-04 7.75415657e-04
1.24522827e+01 1.21764067e-04 7.89961317e-04
1.24904799e+01 1.21764033e-04 8.04867032e-04
1.25286771e+01 1.21763995e-04 8.19951312e-04
1.25668743e+01 1.21763954e-04 8.35402264e-04
1.26050715e+01 1.21763909e-04 8.51749060e-04
1.26432687e+01 1.21763860e-04 8.68920880e-04
1.26814659e+01 1.21763805e-04 8.86426016e-04
1.27196631e+01 1.21763746e-04 9.04236486e-04
1.27578602e+01 1.21763680e-04 9.22854876e-04
1.27960574e+01 1.21763607e-04 9.42649062e-04
1.28342546e+01 1.21763526e-04 9.62997314e-04
1.28724518e+01 1.21763437e-04 9.83725579e-04
1.29106490e+01 1.21763338e-04 1.00538420e-03
1.29488462e+01 1.21763227e-04 1.02844691e-03
1.29870434e+01 1.21763105e-04 1.05218313e-03
1.30252405e+01 1.21762967e-04 1.07649140e-03
1.30634377e+01 1.21762814e-04 1.10220706e-03
1.31016349e+01 1.21762642e-04 1.12936676e-03
1.31398321e+01 1.21762448e-04 1.15722062e-03
1.31780293e+01 1.21762231e-04 1.18624166e-03
1.32162265e+01 1.21761985e-04 1.21726445e-03
1.32544237e+01 1.21761707e-04 1.24935654e-03
1.32926208e+01 1.21761392e-04 1.28267903e-03
1.33308180e+01 1.21761034e-04 1.31836900e-03
1.33690152e+01 1.21760625e-04 1.35548336e-03
1.34072124e+01 1.21760158e-04 1.39424442e-03
1.34454096e+01 1.21759622e-04 1.43577634e-03
1.34836068e+01 1.21759006e-04 1.47896112e-03
1.35218040e+01 1.21758295e-04 1.52476132e-03
1.35600012e+01 1.21757471e-04 1.57343503e-03
1.35981983e+01 1.21756515e-04 1.62439113e-03
1.36363955e+01 1.21755400e-04 1.67917863e-03
1.36745927e+01 1.21754095e-04 1.73666719e-03
1.37127899e+01 1.21752562e-04 1.79844863e-03
1.37509871e+01 1.21750753e-04 1.86377814e-03
1.37891843e+01 1.21748611e-04 1.93401487e-03
1.38273815e+01 1.21746061e-04 2.00868005e-03
1.38655786e+01 1.21743012e-04 2.08927743e-03
1.39037758e+01 1.21739349e-04 2.17530505e-03
1.39419730e+01 1.21734925e-04 2.26850407e-03
1.39801702e+01 1.21729556e-04 2.36884831e-03
1.40183674e+01 1.21723002e-04 2.47735404e-03
1.40565646e+01 1.21714956e-04 2.59552251e-03
1.40947618e+01 1.21705021e-04 2.72401992e-03
1.41329589e+01 1.21692679e-04 2.86422434e-03
1.41711561e+01 1.21677253e-04 3.01792707e-03
1.42093533e+01 1.21657852e-04 3.18707830e-03
1.42475505e+01 1.21633301e-04 3.37385443e-03
1.42857477e+01 1.21602047e-04 3.58089533e-03
1.43239449e+01 1.21562039e-04 3.81142668e-03
1.43621421e+01 1.21510577e-04 4.06935809e-03
1.44003393e+01 1.21444144e-04 4.35925883e-03
1.44385364e+01 1.21358247e-04 4.68663267e-03
1.44767336e+01 1.21247347e-04 5.05865607e-03
1.45149308e+01 1.21105082e-04 5.48336771e-03
1.45531280e+01 1.20925175e-04 5.97107071e-03
1.45913252e+01 1.20703774e-04 6.53397275e-03
1.46295224e+01 1.20444376e-04 7.18654265e-03
1.46677196e+01 1.20166190e-04 7.94533769e-03
1.47059167e+01 1.19912939e-04 8.82822400e-03
1.47441139e+01 1.19742756e-04 9.85154487e-03
1.47823111e+01 1.19632519e-04 1.10243127e-02
1.48205083e+01 1.19148527e-04 1.23366788e-02
1.48587055e+01 1.16799582e-04 1.37407521e-02
1.48969027e+01 1.09929085e-04 1.51263517e-02
1.49350999e+01 9.81466170e-05 1.63072925e-02
1.49732970e+01 9.06350631e-05 1.70507349e-02
1.50114942e+01 1.02838948e-04 1.71701190e-02
1.50496914e+01 1.35135379e-04 1.66325951e-02
1.50878886e+01 1.69546845e-04 1.55802223e-02
1.51260858e+01 1.92743511e-04 1.42423895e-02
1.51642830e+01 2.04642792e-04 1.28282296e-02
1.52024802e+01 2.10043471e-04 1.14748230e-02
1.52406774e+01 2.12559559e-04 1.02496249e-02
1.52788745e+01 2.13911756e-04 9.17352934e-03
1.53170717e+01 2.14766917e-04 8.24257861e-03
1.53552689e+01 2.15367046e-04 7.44206944e-03
1.53934661e+01 2.15807564e-04 6.75428439e-03
1.54316633e+01 2.16135651e-04 6.16190106e-03
1.54698605e+01 2.16380937e-04 5.64964021e-03
1.55080577e+01 2.16564629e-04 5.20443524e-03
1.55462548e+01 2.16702536e-04 4.81536663e-03
1.55844520e+01 2.16806473e-04 4.47369237e-03
1.56226492e+01 2.16885214e-04 4.17175423e-03
1.56608464e+01 2.16945233e-04 3.90365531e-03
1.56990436e+01 2.16991292e-04 3.66447944e-03
1.57372408e+01 2.17026890e-04 3.45004922e-03
1.57754380e+01 2.17054604e-04 3.25692082e-03
1.58136351e+01 2.17076337e-04 3.08224844e-03
1.58518323e+01 2.17093504e-04 2.92368487e-03
1.58900295e+01 2.17107159e-04 2.77929294e-03
1.59282267e+01 2.17118095e-04 2.64734236e-03
1.59664239e+01 2.17126912e-04 2.52605574e-03
1.60046211e+01 2.17134064e-04 2.41445983e-03
1.60428183e+01 2.17139903e-04 2.31182723e-03
1.60810155e+01 2.17144696e-04 2.21651500e-03
1.61192126e+01 2.17148654e-04 2.12823136e-03
1.61574098e+01 2.17151939e-04 2.04634154e-03
1.61956070e+01 2.17154679e-04 1.96964815e-03
1.62338042e+01 2.17156976e-04 1.89855340e-03
1.62720014e+01 2.17158911e-04 1.83146063e-03
1.63101986e+01 2.17160547e-04 1.76916065e-03
1.63483958e+01 2.17161937e-04 1.71010804e-03
1.63865929e+01 2.17163123e-04 1.65500365e-03
1.64247901e+01 2.17164139e-04 1.60286326e-03
1.64629873e+01 2.17165012e-04 1.55360785e-03
1.65011845e+01 2.17165764e-04 1.50749390e-03
1.65393817e+01 2.17166416e-04 1.46319142e-03
1.65775789e+01 2.17166982e-04 1.42182509e-03
1.66157761e+01 2.17167474e-04 1.38237106e-03
1.66539732e+01 2.17167905e-04 1.34460721e-03
1.66921704e+01 2.17168282e-04 1.30931794e-03
1.67303676e+01 2.17168613e-04 1.27531313e-03
1.67685648e+01 2.17168905e-04 1.24274964e-03
1.68067620e+01 2.17169162e-04 1.21226362e-03
1.68449592e+01 2.17169391e-04 1.18287458e-03
1.68831564e+01 2.17169593e-04 1.15445586e-03
1.69213535e+01 2.17169773e-04 1.12777579e-03
1.69595507e+01 2.17169934e-04 1.10235367e-03
1.69977479e+01 2.17170077e-04 1.07742083e-03
1.70359451e+01 2.17170205e-04 1.05372147e-03
1.70741423e+01 2.17170320e-04 1.03142678e-03
1.71123395e+01 2.17170424e-04 1.00980448e-03
1.71505367e+01 2.17170517e-04 9.88634382e-04
1.71887339e+01 2.17170601e-04 9.68574096e-04
1.72269310e+01 2.17170676e-04 9.49643661e-04
1.72651282e+01 2.17170745e-04 9.31213923e-04
1.73033254e+01 2.17170807e-04 9.13086235e-04
1.73415226e+01 2.17170864e-04 8.95825213e-04
1.73797198e+01 2.17170915e-04 8.79542322e-04
1.74179170e+01 2.17170962e-04 8.63852250e-04
1.74561142e+01 2.17171004e-04 8.48281377e-04
1.74943113e+01 2.17171043e-04 8.33232496e-04
1.75325085e+01 2.17171079e-04 8.18993715e-04
1.75707057e+01 2.17171111e-04 8.05480620e-04
1.76089029e+01 2.17171141e-04 7.92273197e-04
1.76471001e+01 2.17171169e-04 7.79164251e-04
1.76852973e+01 2.17171194e-04 7.66539165e-04
1.77234945e+01 2.17171217e-04 7.54584581e-04
1.77616916e+01 2.17171238e-04 7.43223902e-04
1.77998888e+01 2.17171258e-04 7.32138963e-04
1.78380860e+01 2.17171276e-04 7.21089355e-04
1.78762832e+01 2.17171293e-04 7.10366623e-04
1.79144804e+01 2.17171308e-04 7.00169926e-04
1.79526776e+01 2.17171322e-04 6.90507492e-04
1.79908748e+01 2.17171336e-04 6.81211360e-04
1.80290720e+01 2.17171348e-04 6.71983525e-04
1.80672691e+01 2.17171359e-04 6.62850878e-04
1.81054663e+01 2.17171370e-04 6.54055033e-04
1.81436635e+01 2.17171380e-04 6.45704792e-04
1.81818607e+01 2.17171389e-04 6.37777497e-04
1.82200579e+01 2.17171398e-04 6.30129114e-04
1.82582551e+01 2.17171406e-04 6.22527472e-04
1.82964523e+01 2.17171413e-04 6.14992523e-04
1.83346494e+01 2.17171420e-04 6.07715378e-04
1.83728466e+01 2.17171427e-04 6.00793802e-04
1.84110438e+01 2.17171433e-04 5.94232392e-04
1.84492410e+01 2.17171438e-04 5.87949613e-04
1.84874382e+01 2.17171444e-04 5.81784662e-04
1.85256354e+01 2.17171449e-04 5.75621954e-04
1.85638326e+01 2.17171453e-04 5.69595583e-04
1.86020297e+01 2.17171458e-04 5.63821143e-04
1.86402269e+01 2.17171462e-04 5.58346269e-04
1.86784241e+01 2.17171466e-04 5.53155645e-04
1.87166213e+01 2.17171469e-04 5.48175767e-04
1.87548185e+01 2.17171473e-04 5.43279867e-04
1.87930157e+01 2.17171476e-04 5.38391835e-04
1.88312129e+01 2.17171479e-04 5.33617626e-04
1.88694101e+01 2.17171482e-04 5.29045326e-04
1.89076072e+01 2.17171485e-04 5.24715700e-04
1.89458044e+01 2.17171487e-04 5.20625651e-04
1.89840016e+01 2.17171490e-04 5.16731511e-04
1.90221988e+01 2.17171492e-04 5.12952156e-04
1.90603960e+01 2.17171494e-04 5.09191422e-04
1.90985932e+01 2.17171496e-04 5.05484199e-04
1.91367904e+01 2.17171498e-04 5.01912714e-04
1.91749875e+01 2.17171500e-04 4.98525898e-04
1.92131847e+01 2.17171501e-04 4.95341184e-04
1.92513819e+01 2.17171503e-04 4.92346817e-04
1.92895791e+01 2.17171505e-04 4.89504044e-04
1.93277763e+01 2.17171506e-04 4.86749186e-04
1.93659735e+01 2.17171507e-04 4.84015058e-04
1.94041707e+01 2.17171509e-04 4.81336374e-04
1.94423678e+01 2.17171510e-04 4.78772638e-04
1.94805650e+01 2.17171511e-04 4.76360222e-04
1.95187622e+01 2.17171512e-04 4.74113892e-04
1.95569594e+01 2.17171513e-04 4.72028375e-04
1.95951566e+01 2.17171514e-04 4.70079838e-04
1.96333538e+01 2.17171515e-04 4.68227278e-04
1.96715510e+01 2.17171516e-04 4.66416021e-04
1.97097482e+01 2.17171517e-04 4.64638785e-04
1.97479453e+01 2.17171518e-04 4.62942147e-04
1.97861425e+01 2.17171519e-04 4.61360081e-04
1.98243397e+01 2.17171519e-04 4.59911326e-04
1.98625369e+01 2.17171520e-04 4.58600455e-04
1.99007341e+01 2.17171521e-04 4.57418890e-04
1.99389313e+01 2.17171521e-04 4.56345850e-04
1.99771285e+01 2.17171522e-04 4.55349238e-04
2.00153256e+01 2.17171523e-04 4.54390133e-04
2.00535228e+01 2.17171523e-04 4.53472730e-04
2.00917200e+01 2.17171524e-04 4.52630411e-04
2.01299172e+01 2.17171524e-04 4.51886578e-04
2.01681144e+01 2.17171525e-04 4.51254386e-04
2.02063116e+01 2.17171525e-04 4.50737442e-04
2.02445088e+01 2.17171526e-04 4.50330462e-04
2.02827059e+01 2.17171526e-04 4.50019884e-04
2.03209031e+01 2.17171526e-04 4.49784431e-04
2.03591003e+01 2.17171527e-04 4.49596054e-04
2.03972975e+01 2.17171527e-04 4.49445215e-04
2.04354947e+01 2.17171528e-04 4.49354903e-04
2.04736919e+01 2.17171528e-04 4.49344113e-04
2.05118891e+01 2.17171528e-04 4.49424815e-04
2.05500863e+01 2.17171529e-04 4.49602402e-04
2.05882834e+01 2.17171529e-04 4.49876119e-04
2.06264806e+01 2.17171529e-04 4.50239465e-04
2.06646778e+01 2.17171529e-04 4.50680548e-04
2.07028750e+01 2.17171530e-04 4.51182432e-04
2.07410722e+01 2.17171530e-04 4.51725740e-04
2.07792694e+01 2.17171530e-04 4.52313835e-04
2.08174666e+01 2.17171530e-04 4.52963100e-04
2.08556637e+01 2.17171531e-04 4.53685367e-04
2.08938609e+01 2.17171531e-04 4.54487904e-04
2.09320581e+01 2.17171531e-04 4.55373689e-04
2.09702553e+01 2.17171531e-04 4.56341671e-04
2.10084525e+01 2.17171531e-04 4.57387008e-04
2.10466497e+01 2.17171532e-04 4.58501285e-04
2.10848469e+01 2.17171532e-04 4.59672715e-04
2.11230440e+01 2.17171532e-04 4.60887842e-04
2.11612412e+01 2.17171532e-04 4.62148647e-04
2.11994384e+01 2.17171532e-04 4.63466247e-04
2.12376356e+01 2.17171532e-04 4.64848849e-04
2.12758328e+01 2.17171532e-04 4.66301701e-04
2.13140300e+01 2.17171533e-04 4.67827271e-04
2.13522272e+01 2.17171533e-04 4.69425396e-04
2.13904244e+01 2.17171533e-04 4.71093436e-04
2.14286215e+01 2.17171533e-04 4.72826401e-04
2.14668187e+01 2.17171533e-04 4.74617074e-04
2.15050159e+01 2.17171533e-04 4.76456310e-04
2.15432131e+01 2.17171533e-04 4.78341348e-04
2.15814103e+01 2.17171533e-04 4.80279148e-04
2.16196075e+01 2.17171533e-04 4.82275597e-04
2.16578047e+01 2.17171533e-04 4.84334755e-04
2.16960018e+01 2.17171534e-04 4.86458960e-04
2.17341990e+01 2.17171534e-04 4.88648932e-04
2.17723962e+01 2.17171534e-04 4.90903866e-04
2.18105934e+01 2.17171534e-04 4.93221524e-04
2.18487906e+01 2.17171534e-04 4.95598312e-04
2.18869878e+01 2.17171534e-04 4.98029361e-04
2.19251850e+01 2.17171534e-04 5.00509999e-04
2.19633821e+01 2.17171534e-04 5.03042306e-04
2.20015793e+01 2.17171534e-04 5.05630049e-04
2.20397765e+01 2.17171534e-04 5.08276028e-04
2.20779737e+01 2.17171534e-04 5.10982146e-04
2.21161709e+01 2.17171534e-04 5.13749486e-04
2.21543681e+01 2.17171534e-04 5.16578382e-04
2.21925653e+01 2.17171534e-04 5.19468490e-04
2.22307625e+01 2.17171534e-04 5.22418853e-04
2.22689596e+01 2.17171534e-04 5.25427968e-04
2.23071568e+01 2.17171534e-04 5.28493868e-04
2.23453540e+01 2.17171534e-04 5.31615489e-04
2.23835512e+01 2.17171534e-04 5.34793810e-04
2.24217484e+01 2.17171534e-04 5.38029806e-04
2.24599456e+01 2.17171534e-04 5.41324264e-04
2.24981428e+01 2.17171534e-04 5.44677856e-04
2.25363399e+01 2.17171534e-04 5.48091206e-04
2.25745371e+01 2.17171534e-04 5.51564965e-04
2.26127343e+01 2.17171534e-04 5.55099875e-04
2.26509315e+01 2.17171534e-04 5.58696850e-04
2.26891287e+01 2.17171534e-04 5.62357045e-04
2.27273259e+01 2.17171534e-04 5.66081770e-04
2.27655231e+01 2.17171534e-04 5.69870470e-04
2.28037202e+01 2.17171534e-04 5.73721402e-04
2.28419174e+01 2.17171534e-04 5.77633287e-04
2.28801146e+01 2.17171534e-04 5.81605429e-04
2.29183118e+01 2.17171534e-04 5.85637798e-04
2.29565090e+01 2.17171534e-04 5.89731121e-04
2.29947062e+01 2.17171534e-04 5.93886969e-04
2.30329034e+01 2.17171534e-04 5.98107861e-04
2.30711006e+01 2.17171534e-04 6.02397354e-04
2.31092977e+01 2.17171534e-04 6.06760158e-04
2.31474949e+01 2.17171534e-04 6.11199962e-04
2.31856921e+01 2.17171534e-04 6.15713037e-04
2.32238893e+01 2.17171534e-04 6.20294835e-04
2.32620865e+01 2.17171534e-04 6.24942172e-04
2.33002837e+01 2.17171534e-04 6.29653340e-04
2.33384809e+01 2.17171534e-04 6.34428236e-04
2.33766780e+01 2.17171533e-04 6.39268486e-04
2.34148752e+01 2.17171533e-04 6.44177589e-04
2.34530724e+01 2.17171533e-04 6.49161054e-04
2.34912696e+01 2.17171533e-04 6.54226559e-04
2.35294668e+01 2.17171533e-04 6.59383507e-04
2.35676640e+01 2.17171533e-04 6.64631808e-04
2.36058612e+01 2.17171533e-04 6.69962636e-04
2.36440583e+01 2.17171533e-04 6.75369080e-04
2.36822555e+01 2.17171533e-04 6.80846727e-04
2.37204527e+01 2.17171533e-04 6.86393847e-04
2.37586499e+01 2.17171532e-04 6.92011580e-04
2.37968471e+01 2.17171532e-04 6.97704143e-04
2.38350443e+01 2.17171532e-04 7.03479037e-04
2.38732415e+01 2.17171532e-04 7.09347268e-04
2.39114387e+01 2.17171532e-04 7.15323486e-04
2.39496358e+01 2.17171532e-04 7.21414366e-04
2.39878330e+01 2.17171531e-04 7.27607123e-04
2.40260302e+01 2.17171531e-04 7.33889956e-04
2.40642274e+01 2.17171531e-04 7.40254959e-04
2.41024246e+01 2.17171531e-04 7.46698396e-04
2.41406218e+01 2.17171531e-04 7.53220983e-04
2.41788190e+01 2.17171531e-04 7.59828188e-04
2.42170161e+01 2.17171530e-04 7.66530545e-04
2.42552133e+01 2.17171530e-04 7.73343978e-04
2.42934105e+01 2.17171530e-04 7.80290014e-04
2.43316077e+01 2.17171530e-04 7.87378733e-04
2.43698049e+01 2.17171529e-04 7.94591370e-04
2.44080021e+01 2.17171529e-04 8.01910678e-04
2.44461993e+01 2.17171529e-04 8.09325350e-04
2.44843964e+01 2.17171528e-04 8.16830433e-04
2.45225936e+01 2.17171528e-04 8.24427746e-04
2.45607908e+01 2.17171528e-04 8.32126332e-04
2.45989880e+01 2.17171527e-04 8.39942924e-04
2.46371852e+01 2.17171527e-04 8.47902432e-04
2.46753824e+01 2.17171527e-04 8.56035897e-04
2.47135796e+01 2.17171526e-04 8.64340959e-04
2.47517767e+01 2.17171526e-04 8.72788819e-04
2.47899739e+01 2.17171525e-04 8.81358149e-04
2.48281711e+01 2.17171525e-04 8.90036708e-04
2.48663683e+01 2.17171524e-04 8.98821963e-04
2.49045655e+01 2.17171524e-04 9.07721726e-04
2.49427627e+01 2.17171523e-04 9.16754838e-04
2.49809599e+01 2.17171523e-04 9.25951866e-04
2.50191571e+01 2.17171522e-04 9.35355350e-04
2.50573542e+01 2.17171522e-04 9.44981691e-04
2.50955514e+01 2.17171521e-04 9.54792676e-04
2.51337486e+01 2.17171520e-04 9.64755900e-04
2.51719458e+01 2.17171520e-04 9.74852170e-04
2.52101430e+01 2.17171519e-04 9.85076413e-04
2.52483402e+01 2.17171518e-04 9.95438619e-04
2.52865374e+01 2.17171517e-04 1.00596483e-03
2.53247345e+01 2.17171516e-04 1.01669818e-03
2.53629317e+01 2.17171516e-04 1.02769761e-03
2.54011289e+01 2.17171515e-04 1.03897098e-03
2.54393261e+01 2.17171514e-04 1.05046398e-03
2.54775233e+01 2.17171513e-04 1.06213622e-03
2.55157205e+01 2.17171511e-04 1.07396702e-03
2.55539177e+01 2.17171510e-04 1.08595668e-03
2.55921148e+01 2.17171509e-04 1.09812793e-03
2.56303120e+01 2.17171508e-04 1.11052738e-03
2.56685092e+01 2.17171506e-04 1.12322708e-03
2.57067064e+01 2.17171505e-04 1.13628369e-03
2.57449036e+01 2.17171503e-04 1.14963786e-03
2.57831008e+01 2.17171502e-04 1.16322666e-03
2.58212980e+01 2.17171500e-04 1.17701519e-03
2.58594952e+01 2.17171498e-04 1.19099861e-03
2.58976923e+01 2.17171496e-04 1.20520419e-03
2.59358895e+01 2.17171494e-04 1.21969341e-03
2.59740867e+01 2.17171492e-04 1.23456414e-03
2.60122839e+01 2.17171490e-04 1.24988060e-03
2.60504811e+01 2.17171488e-04 1.26555646e-03
2.60886783e+01 2.17171485e-04 1.28151355e-03
2.61268755e+01 2.17171482e-04 1.29771495e-03
2.61650726e+01 2.17171480e-04 1.31416794e-03
2.62032698e+01 2.17171477e-04 1.33092704e-03
2.62414670e+01 2.17171473e-04 1.34809723e-03
2.62796642e+01 2.17171470e-04 1.36581326e-03
2.63178614e+01 2.17171466e-04 1.38403079e-03
2.63560586e+01 2.17171462e-04 1.40262806e-03
2.63942558e+01 2.17171458e-04 1.42154013e-03
2.64324529e+01 2.17171454e-04 1.44076458e-03
2.64706501e+01 2.17171449e-04 1.46036594e-03
2.65088473e+01 2.17171444e-04 1.48048039e-03
2.65470445e+01 2.17171439e-04 1.50128036e-03
2.65852417e+01 2.17171433e-04 1.52269195e-03
2.66234389e+01 2.17171427e-04 1.54456338e-03
2.66616361e+01 2.17171421e-04 1.56682668e-03
2.66998333e+01 2.17171414e-04 1.58950501e-03
2.67380304e+01 2.17171406e-04 1.61271922e-03
2.67762276e+01 2.17171398e-04 1.63669156e-03
2.68144248e+01 2.17171390e-04 1.66151108e-03
2.68526220e+01 2.17171381e-04 1.68697142e-03
2.68908192e+01 2.17171371e-04 1.71294574e-03
2.69290164e+01 2.17171360e-04 1.73943449e-03
2.69672136e+01 2.17171349e-04 1.76657495e-03
2.70054107e+01 2.17171336e-04 1.79464717e-03
2.70436079e+01 2.17171323e-04 1.82376917e-03
2.70818051e+01 2.17171309e-04 1.85368070e-03
2.71200023e+01 2.17171293e-04 1.88423910e-03
2.71581995e+01 2.17171277e-04 1.91548468e-03
2.71963967e+01 2.17171258e-04 1.94765474e-03
2.72345939e+01 2.17171239e-04 1.98111782e-03
2.72727910e+01 2.17171217e-04 2.01574071e-03
2.73109882e+01 2.17171194e-04 2.05123937e-03
2.73491854e+01 2.17171169e-04 2.08757684e-03
2.73873826e+01 2.17171142e-04 2.12498675e-03
2.74255798e+01 2.17171112e-04 2.16393828e-03
2.74637770e+01 2.17171079e-04 2.20437688e-03
2.75019742e+01 2.17171044e-04 2.24593555e-03
2.75401714e+01 2.17171005e-04 2.28858309e-03
2.75783685e+01 2.17170962e-04 2.33266928e-03
2.76165657e+01 2.17170915e-04 2.37874285e-03
2.76547629e+01 2.17170864e-04 2.42650008e-03
2.76929601e+01 2.17170807e-04 2.47562079e-03
2.77311573e+01 2.17170745e-04 2.52629144e-03
2.77693545e+01 2.17170676e-04 2.57919713e-03
2.78075517e+01 2.17170600e-04 2.63440432e-03
2.78457488e+01 2.17170516e-04 2.69139279e-03
2.78839460e+01 2.17170422e-04 2.75027853e-03
2.79221432e+01 2.17170319e-04 2.81186969e-03
2.79603404e+01 2.17170203e-04 2.87628771e-03
2.79985376e+01 2.17170074e-04 2.94294820e-03
2.80367348e+01 2.17169930e-04 3.01215016e-03
2.80749320e+01 2.17169769e-04 3.08491413e-03
2.81131291e+01 2.17169588e-04 3.16086591e-03
2.81513263e+01 2.17169385e-04 3.23968723e-03
2.81895235e+01 2.17169156e-04 3.32236759e-03
2.82277207e+01 2.17168897e-04 3.40933225e-03
2.82659179e+01 2.17168604e-04 3.49987836e-03
2.83041151e+01 2.17168271e-04 3.59489281e-03
2.83423123e+01 2.17167892e-04 3.69520753e-03
2.83805095e+01 2.17167459e-04 3.80003569e-03
2.84187066e+01 2.17166964e-04 3.91052076e-03
2.84569038e+01 2.17166395e-04 4.02731368e-03
2.84951010e+01 2.17165740e-04 4.14985025e-03
2.85332982e+01 2.17164983e-04 4.27992721e-03
2.85714954e+01 2.17164106e-04 4.41723700e-03
2.86096926e+01 2.17163085e-04 4.56259071e-03
2.86478898e+01 2.17161893e-04 4.71723774e-03
2.86860869e+01 2.17160495e-04 4.88099411e-03
2.87242841e+01 2.17158850e-04 5.05601936e-03
2.87624813e+01 2.17156906e-04 5.24198556e-03
2.88006785e+01 2.17154599e-04 5.44138539e-03
2.88388757e+01 2.17151848e-04 5.65423698e-03
2.88770729e+01 2.17148551e-04 5.88317354e-03
2.89152701e+01 2.17144582e-04 6.12899036e-03
2.89534672e+01 2.17139779e-04 6.39402692e-03
2.89916644e+01 2.17133934e-04 6.68068436e-03
2.90298616e+01 2.17126783e-04 6.99090688e-03
2.90680588e+01 2.17117983e-04 7.32815141e-03
2.91062560e+01 2.17107088e-04 7.69591572e-03
2.91444532e+01 2.17093519e-04 8.09790651e-03
2.91826504e+01 2.17076513e-04 8.53888640e-03
2.92208476e+01 2.17055068e-04 9.02451662e-03
2.92590447e+01 2.17027860e-04 9.56144008e-03
2.92972419e+01 2.16993140e-04 1.01575391e-02
2.93354391e+01 2.16948597e-04 1.08222445e-02
2.93736363e+01 2.16891204e-04 1.15668699e-02
2.94118335e+01 2.16817042e-04 1.24051348e-02
2.94500307e+01 2.16721166e-04 1.33540062e-02
2.94882279e+01 2.16597632e-04 1.44334875e-02
2.95264250e+01 2.16439941e-04 1.56685856e-02
2.95646222e+01 2.16242447e-04 1.70891406e-02
2.96028194e+01 2.16003650e-04 1.87311815e-02
2.96410166e+01 2.15732573e-04 2.06371117e-02
2.96792138e+01 2.15458184e-04 2.28546308e-02
2.97174110e+01 2.15234259e-04 2.54331644e-02
2.97556082e+01 2.15105133e-04 2.84140511e-02
2.97938053e+01 2.14932240e-04 3.18099328e-02
2.98320025e+01 2.13916883e-04 3.55662045e-02
2.98701997e+01 2.09966668e-04 3.95012933e-02
2.99083969e+01 2.00642230e-04 4.32415578e-02
2.99465941e+01 1.88860133e-04 4.62105439e-02
2.99847913e+01 1.88257435e-04 4.77667870e-02
3.00229885e+01 2.10482392e-04 4.75009596e-02
3.00611857e+01 2.46144206e-04 4.54863566e-02
3.00993828e+01 2.76502266e-04 4.22308086e-02
3.01375800e+01 2.94359527e-04 3.83823804e-02
3.01757772e+01 3.02895195e-04 3.44665349e-02
3.02139744e+01 3.06743757e-04 3.07980537e-02
3.02521716e+01 3.08631408e-04 2.75159534e-02
3.02903688e+01 3.09723458e-04 2.46507252e-02
3.03285660e+01 3.10451880e-04 2.21785437e-02
3.03667631e+01 3.10975908e-04 2.00541474e-02
3.04049603e+01 3.11363838e-04 1.82277931e-02
3.04431575e+01 3.11653412e-04 1.66529650e-02
3.04813547e+01 3.11870063e-04 1.52889422e-02
3.05195519e+01 3.12032458e-04 1.41014454e-02
3.05577491e+01 3.12154558e-04 1.30620670e-02
3.05959463e+01 3.12246772e-04 1.21471527e-02
3.06341434e+01 3.12316810e-04 1.13376597e-02
3.06723406e+01 3.12370346e-04 1.06177800e-02
3.07105378e+01 3.12411555e-04 9.97435769e-03
3.07487350e+01 3.12443503e-04 9.39660302e-03
3.07869322e+01 3.12468453e-04 8.87556473e-03
3.08251294e+01 3.12488080e-04 8.40371731e-03
3.08633266e+01 3.12503630e-04 7.97474235e-03
3.09015238e+01 3.12516036e-04 7.58340458e-03
3.09397209e+01 3.12526000e-04 7.22534352e-03
3.09779181e+01 3.12534054e-04 6.89660000e-03
3.10161153e+01 3.12540606e-04 6.59347263e-03
3.10543125e+01 3.12545968e-04 6.31374641e-03
3.10925097e+01 3.12550381e-04 6.05482464e-03
3.11307069e+01 3.12554032e-04 5.81405555e-03
3.11689041e+01 3.12557070e-04 5.59056553e-03
3.12071012e+01 3.12559609e-04 5.38156400e-03
3.12452984e+01 3.12561742e-04 5.18682536e-03
3.12834956e+01 3.12563542e-04 5.00391817e-03
3.13216928e+01 3.12565067e-04 4.83294473e-03
3.13598900e+01 3.12566365e-04 4.67161388e-03
3.13980872e+01 3.12567474e-04 4.52044482e-03
3.14362844e+01 3.12568426e-04 4.37727225e-03
3.14744815e+01 3.12569245e-04 4.24252397e-03
3.15126787e+01 3.12569952e-04 4.11504489e-03
3.15508759e+01 3.12570565e-04 3.99399895e-03
3.15890731e+01 3.12571098e-04 3.87987114e-03
3.16272703e+01 3.12571563e-04 3.77093002e-03
3.16654675e+01 3.12571969e-04 3.66753160e-03
3.17036647e+01 3.12572326e-04 3.56961520e-03
3.17418619e+01 3.12572639e-04 3.47568384e-03
3.17800590e+01 3.12572916e-04 3.38633193e-03
3.18182562e+01 3.12573160e-04 3.30150808e-03
3.18564534e+01 3.12573377e-04 3.21989762e-03
3.18946506e+01 3.12573570e-04 3.14185190e-03
3.19328478e+01 3.12573741e-04 3.06767341e-03
3.19710450e+01 3.12573894e-04 2.99641407e-03
3.20092422e+01 3.12574030e-04 2.92767253e-03
3.20474393e+01 3.12574153e-04 2.86209663e-03
3.20856365e+01 3.12574263e-04 2.79946196e-03
3.21238337e+01 3.12574362e-04 2.73882971e-03
3.21620309e+01 3.12574451e-04 2.68035601e-03
3.22002281e+01 3.12574531e-04 2.62448386e-03
3.22384253e+01 3.12574604e-04 2.57094659e-03
3.22766225e+01 3.12574669e-04 2.51896575e-03
3.23148196e+01 3.12574729e-04 2.46865931e-03
3.23530168e+01 3.12574783e-04 2.42044613e-03
3.23912140e+01 3.12574832e-04 2.37422705e-03
3.24294112e+01 3.12574877e-04 2.32942961e-03
3.24676084e+01 3.12574918e-04 2.28577827e-03
3.25058056e+01 3.12574956e-04 2.24370640e-03
3.25440028e+01 3.12574990e-04 2.20334614e-03
3.25821999e+01 3.12575021e-04 2.16446402e-03
3.26203971e+01 3.12575050e-04 2.12654554e-03
3.26585943e+01 3.12575076e-04 2.08959356e-03
3.26967915e+01 3.12575101e-04 2.05394797e-03
3.27349887e+01 3.12575123e-04 2.01968445e-03
3.27731859e+01 3.12575144e-04 1.98661929e-03
3.28113831e+01 3.12575163e-04 1.95434882e-03
3.28495803e+01 3.12575180e-04 1.92278698e-03
3.28877774e+01 3.12575196e-04 1.89222660e-03
3.29259746e+01 3.12575211e-04 1.86278742e-03
3.29641718e+01 3.12575225e-04 1.83440035e-03
3.30023690e+01 3.12575238e-04 1.80682138e-03
3.30405662e+01 3.12575250e-04 1.77975584e-03
3.30787634e+01 3.12575261e-04 1.75335002e-03
3.31169606e+01 3.12575271e-04 1.72779807e-03
3.31551577e+01 3.12575281e-04 1.70315342e-03
3.31933549e+01 3.12575290e-04 1.67933863e-03
3.32315521e+01 3.12575298e-04 1.65615489e-03
3.32697493e+01 3.12575306e-04 1.63337384e-03
3.33079465e+01 3.12575313e-04 1.61110938e-03
3.33461437e+01 3.12575320e-04 1.58952083e-03
3.33843409e+01 3.12575326e-04 1.56866740e-03
3.34225380e+01 3.12575332e-04 1.54851501e-03
3.34607352e+01 3.12575338e-04 1.52894289e-03
3.34989324e+01 3.12575343e-04 1.50975678e-03
3.35371296e+01 3.12575348e-04 1.49091109e-03
3.35753268e+01 3.12575352e-04 1.47255259e-03
3.36135240e+01 3.12575356e-04 1.45477065e-03
3.36517212e+01 3.12575360e-04 1.43758628e-03
3.36899184e+01 3.12575364e-04 1.42095682e-03
3.37281155e+01 3.12575368e-04 1.40478046e-03
3.37663127e+01 3.12575371e-04 1.38890785e-03
3.38045099e+01 3.12575374e-04 1.37331858e-03
3.38427071e+01 3.12575377e-04 1.35812606e-03
3.38809043e+01 3.12575380e-04 1.34340097e-03
3.39191015e+01 3.12575383e-04 1.32916602e-03
3.39572987e+01 3.12575385e-04 1.31539917e-03
3.39954958e+01 3.12575387e-04 1.30203671e-03
3.40336930e+01 3.12575390e-04 1.28897624e-03
3.40718902e+01 3.12575392e-04 1.27613542e-03
3.41100874e+01 3.12575394e-04 1.26358365e-03
3.41482846e+01 3.12575396e-04 1.25139288e-03
3.41864818e+01 3.12575397e-04 1.23960043e-03
3.42246790e+01 3.12575399e-04 1.22821127e-03
3.42628761e+01 3.12575401e-04 1.21720019e-03
3.43010733e+01 3.12575402e-04 1.20651386e-03
3.43392705e+01 3.12575403e-04 1.19607294e-03
3.43774677e+01 3.12575405e-04 1.18582526e-03
3.44156649e+01 3.12575406e-04 1.17582774e-03
3.44538621e+01 3.12575407e-04 1.16613334e-03
3.44920593e+01 3.12575408e-04 1.15677100e-03
3.45302565e+01 3.12575410e-04 1.14774720e-03
3.45684536e+01 3.12575411e-04 1.13904749e-03
3.46066508e+01 3.12575412e-04 1.13063786e-03
3.46448480e+01 3.12575412e-04 1.12246609e-03
3.46830452e+01 3.12575413e-04 1.11447387e-03
3.47212424e+01 3.12575414e-04 1.10667856e-03
3.47594396e+01 3.12575415e-04 1.09912653e-03
3.47976368e+01 3.12575416e-04 1.09184745e-03
3.48358339e+01 3.12575417e-04 1.08485502e-03
3.48740311e+01 3.12575417e-04 1.07814797e-03
3.49122283e+01 3.12575418e-04 1.07171107e-03
3.49504255e+01 3.12575419e-04 1.06551606e-03
3.49886227e+01 3.12575419e-04 1.05952255e-03
3.50268199e+01 3.12575420e-04 1.05369220e-03
3.50650171e+01 3.12575420e-04 1.04804618e-03
3.51032142e+01 3.12575421e-04 1.04261685e-03
3.51414114e+01 3.12575421e-04 1.03742498e-03
3.51796086e+01 3.12575422e-04 1.03248046e-03
3.52178058e+01 3.12575422e-04 1.02778293e-03
3.52560030e+01 3.12575423e-04 1.02332254e-03
3.52942002e+01 3.12575423e-04 1.01908047e-03
3.53323974e+01 3.12575423e-04 1.01502961e-03
3.53705946e+01 3.12575424e-04 1.01113820e-03
3.54087917e+01 3.12575424e-04 1.00740916e-03
3.54469889e+01 3.12575425e-04 1.00386743e-03
3.54851861e+01 3.12575425e-04 1.00053053e-03
3.55233833e+01 3.12575425e-04 9.97408435e-04
3.55615805e+01 3.12575426e-04 9.94504030e-04
3.55997777e+01 3.12575426e-04 9.91813561e-04
3.56379749e+01 3.12575426e-04 9.89327046e-04
3.56761720e+01 3.12575426e-04 9.87028669e-04
3.57143692e+01 3.12575427e-04 9.84897147e-04
3.57525664e+01 3.12575427e-04 9.82913912e-04
3.57907636e+01 3.12575427e-04 9.81090521e-04
3.58289608e+01 3.12575427e-04 9.79442956e-04
3.58671580e+01 3.12575428e-04 9.77981930e-04
3.59053552e+01 3.12575428e-04 9.76713205e-04
3.59435523e+01 3.12575428e-04 9.75637891e-04
3.59817495e+01 3.12575428e-04 9.74752729e-04
3.60199467e+01 3.12575428e-04 9.74050355e-04
3.60581439e+01 3.12575428e-04 9.73519545e-04
3.60963411e+01 3.12575429e-04 9.73145446e-04
3.61345383e+01 3.12575429e-04 9.72915015e-04
3.61727355e+01 3.12575429e-04 9.72835727e-04
3.62109327e+01 3.12575429e-04 9.72918330e-04
3.62491298e+01 3.12575429e-04 9.73170157e-04
3.62873270e+01 3.12575429e-04 9.73595333e-04
3.63255242e+01 3.12575429e-04 9.74194966e-04
3.63637214e+01 3.12575430e-04 9.74967327e-04
3.64019186e+01 3.12575430e-04 9.75908020e-04
3.64401158e+01 3.12575430e-04 9.77010139e-04
3.64783130e+01 3.12575430e-04 9.78264410e-04
3.65165101e+01 3.12575430e-04 9.79660513e-04
3.65547073e+01 3.12575430e-04 9.81199352e-04
3.65929045e+01 3.12575430e-04 9.82888106e-04
3.66311017e+01 3.12575430e-04 9.84731979e-04
3.66692989e+01 3.12575430e-04 9.86734205e-04
3.67074961e+01 3.12575430e-04 9.88896170e-04
3.67456933e+01 3.12575431e-04 9.91217536e-04
3.67838904e+01 3.12575431e-04 9.93696349e-04
3.68220876e+01 3.12575431e-04 9.96329148e-04
3.68602848e+01 3.12575431e-04 9.99111060e-04
3.68984820e+01 3.12575431e-04 1.00203591e-03
3.69366792e+01 3.12575431e-04 1.00509986e-03
3.69748764e+01 3.12575431e-04 1.00830613e-03
3.70130736e+01 3.12575431e-04 1.01165799e-03
3.70512708e+01 3.12575431e-04 1.01515766e-03
3.70894679e+01 3.12575431e-04 1.01880645e-03
3.71276651e+01 3.12575431e-04 1.02260480e-03
3.71658623e+01 3.12575431e-04 1.02655239e-03
3.72040595e+01 3.12575431e-04 1.03064822e-03
3.72422567e+01 3.12575431e-04 1.03489068e-03
3.72804539e+01 3.12575431e-04 1.03927761e-03
3.73186511e+01 3.12575431e-04 1.04380655e-03
3.73568482e+01 3.12575431e-04 1.04847685e-03
3.73950454e+01 3.12575431e-04 1.05328935e-03
3.74332426e+01 3.12575431e-04 1.05824474e-03
3.74714398e+01 3.12575431e-04 1.06334351e-03
3.75096370e+01 3.12575431e-04 1.06858611e-03
3.75478342e+01 3.12575431e-04 1.07397294e-03
3.75860314e+01 3.12575431e-04 1.07950450e-03
3.76242285e+01 3.12575431e-04 1.08518142e-03
3.76624257e+01 3.12575431e-04 1.09100455e-03
3.77006229e+01 3.12575431e-04 1.09697505e-03
3.77388201e+01 3.12575431e-04 1.10309389e-03
3.77770173e+01 3.12575431e-04 1.10935965e-03
3.78152145e+01 3.12575431e-04 1.11577055e-03
3.78534117e+01 3.12575431e-04 1.12232540e-03
3.78916089e+01 3.12575431e-04 1.12902367e-03
3.79298060e+01 3.12575431e-04 1.13586559e-03
3.79680032e+01 3.12575431e-04 1.14285221e-03
3.80062004e+01 3.12575431e-04 1.14998555e-03
3.80443976e+01 3.12575431e-04 1.15726861e-03
3.80825948e+01 3.12575431e-04 1.16470558e-03
3.81207920e+01 3.12575431e-04 1.17230177e-03
3.81589892e+01 3.12575431e-04 1.18005901e-03
3.81971863e+01 3.12575431e-04 1.18797261e-03
3.82353835e+01 3.12575431e-04 1.19603855e-03
3.82735807e+01 3.12575431e-04 1.20425428e-03
3.83117779e+01 3.12575430e-04 1.21261887e-03
3.83499751e+01 3.12575430e-04 1.22113314e-03
3.83881723e+01 3.12575430e-04 1.22979971e-03
3.84263695e+01 3.12575430e-04 1.23862325e-03
3.84645666e+01 3.12575430e-04 1.24761052e-03
3.85027638e+01 3.12575430e-04 1.25677058e-03
3.85409610e+01 3.12575430e-04 1.26611257e-03
3.85791582e+01 3.12575430e-04 1.27563244e-03
3.86173554e+01 3.12575430e-04 1.28532207e-03
3.86555526e+01 3.12575430e-04 1.29517581e-03
3.86937498e+01 3.12575429e-04 1.30519069e-03
3.87319470e+01 3.12575429e-04 1.31536657e-03
3.87701441e+01 3.12575429e-04 1.32570637e-03
3.88083413e+01 3.12575429e-04 1.33621620e-03
3.88465385e+01 3.12575429e-04 1.34690563e-03
3.88847357e+01 3.12575429e-04 1.35778791e-03
3.89229329e+01 3.12575429e-04 1.36887907e-03
3.89611301e+01 3.12575428e-04 1.38017959e-03
3.89993273e+01 3.12575428e-04 1.39167648e-03
3.90375244e+01 3.12575428e-04 1.40336008e-03
3.90757216e+01 3.12575428e-04 1.41522479e-03
3.91139188e+01 3.12575428e-04 1.42726942e-03
3.91521160e+01 3.12575428e-04 1.43949741e-03
3.91903132e+01 3.12575427e-04 1.45191716e-03
3.92285104e+01 3.12575427e-04 1.46454235e-03
3.92667076e+01 3.12575427e-04 1.47739223e-03
3.93049047e+01 3.12575427e-04 1.49049046e-03
3.93431019e+01 3.12575426e-04 1.50383807e-03
3.93812991e+01 3.12575426e-04 1.51741618e-03
3.94194963e+01 3.12575426e-04 1.53121085e-03
3.94576935e+01 3.12575425e-04 1.54521436e-03
3.94958907e+01 3.12575425e-04 1.55942560e-03
3.95340879e+01 3.12575425e-04 1.57385048e-03
3.95722851e+01 3.12575424e-04 1.58850243e-03
3.96104822e+01 3.12575424e-04 1.60340278e-03
3.96486794e+01 3.12575424e-04 1.61858135e-03
3.96868766e+01 3.12575423e-04 1.63406776e-03
3.97250738e+01 3.12575423e-04 1.64984760e-03
3.97632710e+01 3.12575423e-04 1.66589578e-03
3.98014682e+01 3.12575422e-04 1.68219605e-03
3.98396654e+01 3.12575422e-04 1.69874156e-03
3.98778625e+01 3.12575421e-04 1.71553555e-03
3.99160597e+01 3.12575421e-04 1.73259193e-03
3.99542569e+01 3.12575420e-04 1.74993599e-03
3.99924541e+01 3.12575419e-04 1.76760511e-03
4.00306513e+01 3.12575419e-04 1.78564544e-03
4.00688485e+01 3.12575418e-04 1.80405517e-03
4.01070457e+01 3.12575418e-04 1.82279757e-03
4.01452428e+01 3.12575417e-04 1.84184747e-03
4.01834400e+01 3.12575416e-04 1.86119341e-03
4.02216372e+01 3.12575415e-04 1.88083847e-03
4.02598344e+01 3.12575415e-04 1.90080130e-03
4.02980316e+01 3.12575414e-04 1.92111707e-03
4.03362288e+01 3.12575413e-04 1.94183853e-03
4.03744260e+01 3.12575412e-04 1.96302610e-03
4.04126231e+01 3.12575411e-04 1.98466294e-03
4.04508203e+01 3.12575410e-04 2.00670066e-03
4.04890175e+01 3.12575409e-04 2.02910943e-03
4.05272147e+01 3.12575408e-04 2.05187974e-03
4.05654119e+01 3.12575407e-04 2.07502370e-03
4.06036091e+01 3.12575405e-04 2.09857654e-03
4.06418063e+01 3.12575404e-04 2.12259804e-03
4.06800035e+01 3.12575403e-04 2.14717248e-03
4.07182006e+01 3.12575401e-04 2.17232821e-03
4.07563978e+01 3.12575400e-04 2.19799940e-03
4.07945950e+01 3.12575398e-04 2.22413781e-03
4.08327922e+01 3.12575396e-04 2.25072420e-03
4.08709894e+01 3.12575394e-04 2.27777026e-03
4.09091866e+01 3.12575392e-04 2.30532072e-03
4.09473838e+01 3.12575390e-04 2.33345551e-03
4.09855809e+01 3.12575388e-04 2.36228781e-03
4.10237781e+01 3.12575386e-04 2.39184033e-03
4.10619753e+01 3.12575383e-04 2.42202458e-03
4.11001725e+01 3.12575381e-04 2.45278353e-03
4.11383697e+01 3.12575378e-04 2.48410265e-03
4.11765669e+01 3.12575375e-04 2.51601294e-03
4.12147641e+01 3.12575372e-04 2.54859397e-03
4.12529612e+01 3.12575369e-04 2.58197721e-03
4.12911584e+01 3.12575365e-04 2.61628044e-03
4.13293556e+01 3.12575361e-04 2.65141558e-03
4.13675528e+01 3.12575357e-04 2.68728865e-03
4.14057500e+01 3.12575353e-04 2.72386581e-03
4.14439472e+01 3.12575349e-04 2.76117759e-03
4.14821444e+01 3.12575344e-04 2.79932346e-03
4.15203416e+01 3.12575339e-04 2.83847652e-03
4.15585387e+01 3.12575333e-04 2.87878045e-03
4.15967359e+01 3.12575327e-04 2.92011202e-03
4.16349331e+01 3.12575321e-04 2.96236009e-03
4.16731303e+01 3.12575314e-04 3.00550103e-03
4.17113275e+01 3.12575307e-04 3.04960502e-03
4.17495247e+01 3.12575299e-04 3.09484286e-03
4.17877219e+01 3.12575291e-04 3.14146725e-03
4.18259190e+01 3.12575282e-04 3.18946762e-03
4.18641162e+01 3.12575273e-04 3.23866314e-03
4.19023134e+01 3.12575263e-04 3.28898795e-03
4.19405106e+01 3.12575252e-04 3.34050740e-03
4.19787078e+01 3.12575240e-04 3.39342784e-03
4.20169050e+01 3.12575227e-04 3.44807373e-03
4.20551022e+01 3.12575213e-04 3.50443665e-03
4.20932993e+01 3.12575198e-04 3.56229453e-03
4.21314965e+01 3.12575182e-04 3.62159079e-03
4.21696937e+01 3.12575165e-04 3.68245757e-03
4.22078909e+01 3.12575146e-04 3.74523008e-03
4.22460881e+01 3.12575126e-04 3.81023747e-03
4.22842853e+01 3.12575103e-04 3.87724419e-03
4.23224825e+01 3.12575079e-04 3.94607931e-03
4.23606797e+01 3.12575053e-04 4.01683063e-03
4.23988768e+01 3.12575024e-04 4.08986519e-03
4.24370740e+01 3.12574993e-04 4.16566132e-03
4.24752712e+01 3.12574959e-04 4.24399995e-03
4.25134684e+01 3.12574922e-04 4.32465965e-03
4.25516656e+01 3.12574881e-04 4.40778256e-03
4.25898628e+01 3.12574837e-04 4.49390299e-03
4.26280600e+01 3.12574788e-04 4.58346396e-03
4.26662571e+01 3.12574734e-04 4.67608376e-03
4.27044543e+01 3.12574675e-04 4.77167064e-03
4.27426515e+01 3.12574609e-04 4.87065780e-03
4.27808487e+01 3.12574537e-04 4.97383290e-03
4.28190459e+01 3.12574457e-04 5.08099764e-03
4.28572431e+01 3.12574368e-04 5.19189030e-03
4.28954403e+01 3.12574270e-04 5.30696049e-03
4.29336374e+01 3.12574161e-04 5.42718114e-03
4.29718346e+01 3.12574039e-04 5.55236146e-03
4.30100318e+01 3.12573903e-04 5.68227159e-03
4.30482290e+01 3.12573751e-04 5.81767029e-03
4.30864262e+01 3.12573581e-04 5.95954208e-03
4.31246234e+01 3.12573390e-04 6.10738298e-03
4.31628206e+01 3.12573174e-04 6.26146413e-03
4.32010178e+01 3.12572931e-04 6.42319799e-03
4.32392149e+01 3.12572656e-04 6.59259312e-03
4.32774121e+01 3.12572344e-04 6.76956125e-03
4.33156093e+01 3.12571990e-04 6.95567554e-03
4.33538065e+01 3.12571586e-04 7.15132229e-03
4.33920037e+01 3.12571124e-04 7.35642885e-03
4.34302009e+01 3.12570595e-04 7.57293375e-03
4.34683981e+01 3.12569986e-04 7.80103946e-03
4.35065952e+01 3.12569284e-04 8.04134874e-03
4.35447924e+01 3.12568471e-04 8.29605637e-03
4.35829896e+01 3.12567527e-04 8.56496399e-03
4.36211868e+01 3.12566427e-04 8.85041898e-03
4.36593840e+01 3.12565140e-04 9.15330667e-03
4.36975812e+01 3.12563628e-04 9.47529619e-03
4.37357784e+01 3.12561846e-04 9.81852551e-03
4.37739755e+01 3.12559735e-04 1.01845006e-02
4.38121727e+01 3.12557223e-04 1.05761066e-02
4.38503699e+01 3.12554222e-04 1.09954771e-02
4.38885671e+01 3.12550617e-04 1.14457863e-02
4.39267643e+01 3.12546267e-04 1.19306073e-02
4.39649615e+01 3.12540988e-04 1.24532045e-02
4.40031587e+01 3.12534547e-04 1.30188941e-02
4.40413559e+01 3.12526645e-04 1.36322350e-02
4.40795530e+01 3.12516892e-04 1.42991423e-02
4.41177502e+01 3.12504783e-04 1.50269639e-02
4.41559474e+01 3.12489656e-04 1.58237872e-02
4.41941446e+01 3.12470642e-04 1.66990315e-02
4.42323418e+01 3.12446593e-04 1.76640499e-02
4.42705390e+01 3.12415993e-04 1.87323470e-02
4.43087362e+01 3.12376840e-04 1.99200137e-02
4.43469333e+01 3.12326498e-04 2.12463344e-02
4.43851305e+01 3.12261528e-04 2.27346231e-02
4.44233277e+01 3.12177524e-04 2.44132576e-02
4.44615249e+01 3.12069038e-04 2.63162180e-02
4.44997221e+01 3.11929756e-04 2.84854751e-02
4.45379193e+01 3.11753330e-04 3.09715798e-02
4.45761165e+01 3.11535549e-04 3.38360032e-02
4.46143136e+01 3.11278990e-04 3.71520016e-02
4.46525108e+01 3.11001096e-04 4.10047300e-02
4.46907080e+01 3.10743324e-04 4.54882199e-02
4.47289052e+01 3.10564330e-04 5.06949564e-02
4.47671024e+01 3.10456386e-04 5.66916396e-02
4.48052996e+01 3.10043492e-04 6.34694355e-02
4.48434968e+01 3.07952330e-04 7.08562168e-02
4.48816940e+01 3.01569702e-04 7.83920624e-02
4.49198911e+01 2.90029081e-04 8.52216851e-02
4.49580883e+01 2.81505141e-04 9.01500438e-02
4.49962855e+01 2.91627298e-04 9.20237896e-02
4.50344827e+01 3.22765763e-04 9.03331452e-02
4.50726799e+01 3.57724899e-04 8.55371519e-02
4.51108771e+01 3.82043120e-04 7.87697455e-02
4.51490743e+01 3.94740036e-04 7.12379215e-02
4.51872714e+01 4.00530234e-04 6.38205771e-02
4.52254686e+01 4.03206833e-04 5.69977755e-02
4.52636658e+01 4.04624134e-04 5.09539650e-02
4.53018630e+01 4.05509456e-04 4.57039134e-02
4.53400602e+01 4.06126832e-04 4.11830496e-02
4.53782574e+01 4.06578958e-04 3.72990903e-02
4.54164546e+01 4.06915470e-04 3.39573927e-02
4.54546517e+01 4.07167010e-04 3.10719818e-02
4.54928489e+01 4.07355356e-04 2.85687704e-02
4.55310461e+01 4.07496719e-04 2.63856008e-02
4.55692433e+01 4.07603219e-04 2.44710723e-02
4.56074405e+01 4.07683862e-04 2.27831132e-02
4.56456377e+01 4.07745296e-04 2.12870096e-02
4.56838349e+01 4.07792413e-04 1.99540750e-02
4.57220321e+01 4.07828806e-04 1.87608937e-02
4.57602292e+01 4.07857121e-04 1.76879807e-02
4.57984264e+01 4.07879312e-04 1.67190940e-02
4.58366236e+01 4.07896829e-04 1.58406422e-02
4.58748208e+01 4.07910754e-04 1.50411169e-02
4.59130180e+01 4.07921900e-04 1.43107161e-02
4.59512152e+01 4.07930881e-04 1.36414158e-02
4.59894124e+01 4.07938163e-04 1.30264315e-02
4.60276095e+01 4.07944104e-04 1.24593360e-02
4.60658067e+01 4.07948980e-04 1.19348718e-02
4.61040039e+01 4.07953003e-04 1.14492322e-02
4.61422011e+01 4.07956340e-04 1.09975550e-02
4.61803983e+01 4.07959124e-04 1.05772819e-02
4.62185955e+01 4.07961456e-04 1.01848759e-02
4.62567927e+01 4.07963419e-04 9.81801870e-03
4.62949898e+01 4.07965079e-04 9.47420272e-03
4.63331870e+01 4.07966489e-04 9.15161651e-03
4.63713842e+01 4.07967692e-04 8.84800623e-03
4.64095814e+01 4.07968721e-04 8.56251696e-03
4.64477786e+01 4.07969605e-04 8.29255827e-03
4.64859758e+01 4.07970367e-04 8.03819797e-03
4.65241730e+01 4.07971027e-04 7.79701538e-03
4.65623702e+01 4.07971600e-04 7.56867088e-03
4.66005673e+01 4.07972098e-04 7.35244859e-03
4.66387645e+01 4.07972534e-04 7.14639907e-03
4.66769617e+01 4.07972915e-04 6.95095819e-03
4.67151589e+01 4.07973250e-04 6.76502774e-03
4.67533561e+01 4.07973545e-04 6.58724022e-03
4.67915533e+01 4.07973805e-04 6.41811548e-03
4.68297505e+01 4.07974036e-04 6.25680976e-03
4.68679476e+01 4.07974240e-04 6.10200077e-03
4.69061448e+01 4.07974422e-04 5.95418934e-03
4.69443420e+01 4.07974584e-04 5.81308011e-03
4.69825392e+01 4.07974729e-04 5.67737341e-03
4.70207364e+01 4.07974859e-04 5.54706442e-03
4.70589336e+01 4.07974975e-04 5.42245423e-03
4.70971308e+01 4.07975079e-04 5.30288879e-03
4.71353279e+01 4.07975173e-04 5.18740845e-03
4.71735251e+01 4.07975258e-04 5.07639069e-03
4.72117223e+01 4.07975334e-04 4.96995357e-03
4.72499195e+01 4.07975404e-04 4.86751804e-03
4.72881167e+01 4.07975466e-04 4.76830021e-03
4.73263139e+01 4.07975523e-04 4.67262175e-03
4.73645111e+01 4.07975575e-04 4.58066425e-03
4.74027083e+01 4.07975622e-04 4.49209722e-03
4.74409054e+01 4.07975665e-04 4.40620689e-03
4.74791026e+01 4.07975704e-04 4.32296204e-03
4.75172998e+01 4.07975740e-04 4.24268961e-03
4.75554970e+01 4.07975773e-04 4.16534763e-03
4.75936942e+01 4.07975803e-04 4.09053941e-03
4.76318914e+01 4.07975830e-04 4.01773077e-03
4.76700886e+01 4.07975856e-04 3.94709778e-03
4.77082857e+01 4.07975879e-04 3.87886337e-03
4.77464829e+01 4.07975900e-04 3.81297822e-03
4.77846801e+01 4.07975920e-04 3.74914090e-03
4.78228773e+01 4.07975939e-04 3.68690573e-03
4.78610745e+01 4.07975955e-04 3.62634413e-03
4.78992717e+01 4.07975971e-04 3.56767998e-03
4.79374689e+01 4.07975985e-04 3.51094158e-03
4.79756660e+01 4.07975999e-04 3.45597335e-03
4.80138632e+01 4.07976011e-04 3.40245067e-03
4.80520604e+01 4.07976023e-04 3.35015068e-03
4.80902576e+01 4.07976033e-04 3.29927062e-03
4.81284548e+01 4.07976043e-04 3.24993685e-03
4.81666520e+01 4.07976053e-04 3.20213837e-03
4.82048492e+01 4.07976061e-04 3.15573650e-03
4.82430464e+01 4.07976069e-04 3.11047496e-03
4.82812435e+01 4.07976077e-04 3.06618235e-03
4.83194407e+01 4.07976084e-04 3.02301530e-03
4.83576379e+01 4.07976090e-04 2.98108471e-03
4.83958351e+01 4.07976096e-04 2.94040352e-03
4.84340323e+01 4.07976102e-04 2.90089349e-03
4.84722295e+01 4.07976107e-04 2.86239153e-03
4.85104267e+01 4.07976112e-04 2.82468986e-03
4.85486238e+01 4.07976117e-04 2.78781985e-03
4.85868210e+01 4.07976122e-04 2.75190726e-03
4.86250182e+01 4.07976126e-04 2.71700781e-03
4.86632154e+01 4.07976130e-04 2.68311029e-03
4.87014126e+01 4.07976133e-04 2.65014107e-03
4.87396098e+01 4.07976137e-04 2.61796840e-03
4.87778070e+01 4.07976140e-04 2.58643831e-03
4.88160041e+01 4.07976143e-04 2.55558796e-03
4.88542013e+01 4.07976146e-04 2.52551417e-03
4.88923985e+01 4.07976149e-04 2.49626395e-03
4.89305957e+01 4.07976151e-04 2.46783721e-03
4.89687929e+01 4.07976153e-04 2.44018987e-03
4.90069901e+01 4.07976156e-04 2.41323686e-03
4.90451873e+01 4.07976158e-04 2.38685716e-03
4.90833844e+01 4.07976160e-04 2.36100550e-03
4.91215816e+01 4.07976162e-04 2.33576087e-03
4.91597788e+01 4.07976164e-04 2.31117848e-03
4.91979760e+01 4.07976165e-04 2.28727945e-03
4.92361732e+01 4.07976167e-04 2.26405303e-03
4.92743704e+01 4.07976169e-04 2.24145867e-03
4.93125676e+01 4.07976170e-04 2.21942804e-03
4.93507648e+01 4.07976171e-04 2.19787008e-03
4.93889619e+01 4.07976173e-04 2.17676322e-03
4.94271591e+01 4.07976174e-04 2.15616826e-03
4.94653563e+01 4.07976175e-04 2.13612667e-03
4.95035535e+01 4.07976176e-04 2.11665626e-03
4.95417507e+01 4.07976177e-04 2.09775261e-03
4.95799479e+01 4.07976178e-04 2.07939054e-03
4.96181451e+01 4.07976179e-04 2.06152549e-03
4.96563422e+01 4.07976180e-04 2.04409479e-03
4.96945394e+01 4.07976181e-04 2.02704910e-03
4.97327366e+01 4.07976182e-04 2.01042371e-03
4.97709338e+01 4.07976183e-04 1.99425760e-03
4.98091310e+01 4.07976183e-04 1.97857278e-03
4.98473282e+01 4.07976184e-04 1.96337546e-03
4.98855254e+01 4.07976185e-04 1.94865696e-03
4.99237225e+01 4.07976186e-04 1.93439470e-03
4.99619197e+01 4.07976186e-04 1.92055311e-03
5.00001169e+01 4.07976187e-04 1.90708466e-03
5.00383141e+01 4.07976187e-04 1.89396221e-03
5.00765113e+01 4.07976188e-04 1.88121611e-03
5.01147085e+01 4.07976188e-04 1.86887363e-03
5.01529057e+01 4.07976189e-04 1.85695048e-03
5.01911029e+01 4.07976189e-04 1.84545149e-03
5.02293000e+01 4.07976190e-04 1.83437133e-03
5.02674972e+01 4.07976190e-04 1.82369510e-03
5.03056944e+01 4.07976191e-04 1.81339899e-03
5.03438916e+01 4.07976191e-04 1.80345082e-03
5.03820888e+01 4.07976191e-04 1.79382107e-03
5.04202860e+01 4.07976192e-04 1.78452436e-03
5.04584832e+01 4.07976192e-04 1.77558293e-03
5.04966803e+01 4.07976192e-04 1.76701098e-03
5.05348775e+01 4.07976193e-04 1.75881516e-03
5.05730747e+01 4.07976193e-04 1.75099500e-03
5.06112719e+01 4.07976193e-04 1.74354337e-03
5.06494691e+01 4.07976194e-04 1.73644687e-03
5.06876663e+01 4.07976194e-04 1.72968624e-03
5.07258635e+01 4.07976194e-04 1.72323688e-03
5.07640606e+01 4.07976194e-04 1.71708666e-03
5.08022578e+01 4.07976195e-04 1.71125134e-03
5.08404550e+01 4.07976195e-04 1.70574472e-03
5.08786522e+01 4.07976195e-04 1.70057532e-03
5.09168494e+01 4.07976195e-04 1.69574669e-03
5.09550466e+01 4.07976195e-04 1.69125766e-03
5.09932438e+01 4.07976196e-04 1.68710267e-03
5.10314410e+01 4.07976196e-04 1.68327203e-03
5.10696381e+01 4.07976196e-04 1.67975214e-03
5.11078353e+01 4.07976196e-04 1.67652583e-03
5.11460325e+01 4.07976196e-04 1.67358438e-03
5.11842297e+01 4.07976196e-04 1.67093815e-03
5.12224269e+01 4.07976196e-04 1.66859644e-03
5.12606241e+01 4.07976197e-04 1.66656507e-03
5.12988213e+01 4.07976197e-04 1.66484665e-03
5.13370184e+01 4.07976197e-04 1.66344070e-03
5.13752156e+01 4.07976197e-04 1.66234392e-03
5.14134128e+01 4.07976197e-04 1.66155028e-03
5.14516100e+01 4.07976197e-04 1.66105124e-03
5.14898072e+01 4.07976197e-04 1.66083586e-03
5.15280044e+01 4.07976197e-04 1.66089466e-03
5.15662016e+01 4.07976197e-04 1.66123186e-03
5.16043987e+01 4.07976198e-04 1.66185374e-03
5.16425959e+01 4.07976198e-04 1.66276445e-03
5.16807931e+01 4.07976198e-04 1.66396613e-03
5.17189903e+01 4.07976198e-04 1.66545908e-03
5.17571875e+01 4.07976198e-04 1.66724185e-03
5.17953847e+01 4.07976198e-04 1.66931138e-03
5.18335819e+01 4.07976198e-04 1.67166307e-03
5.18717791e+01 4.07976198e-04 1.67429095e-03
5.19099762e+01 4.07976198e-04 1.67718797e-03
5.19481734e+01 4.07976198e-04 1.68035217e-03
5.19863706e+01 4.07976198e-04 1.68378691e-03
5.20245678e+01 4.07976198e-04 1.68749469e-03
5.20627650e+01 4.07976198e-04 1.69147701e-03
5.21009622e+01 4.07976198e-04 1.69573444e-03
5.21391594e+01 4.07976198e-04 1.70026672e-03
5.21773565e+01 4.07976198e-04 1.70507282e-03
5.22155537e+01 4.07976198e-04 1.71015107e-03
5.22537509e+01 4.07976198e-04 1.71549919e-03
5.22919481e+01 4.07976198e-04 1.72111441e-03
5.23301453e+01 4.07976198e-04 1.72699402e-03
5.23683425e+01 4.07976198e-04 1.73313775e-03
5.24065397e+01 4.07976198e-04 1.73954609e-03
5.24447368e+01 4.07976198e-04 1.74621929e-03
5.24829340e+01 4.07976198e-04 1.75315752e-03
5.25211312e+01 4.07976198e-04 1.76036089e-03
5.25593284e+01 4.07976198e-04 1.76782954e-03
5.25975256e+01 4.07976198e-04 1.77556372e-03
5.26357228e+01 4.07976198e-04 1.78356390e-03
5.26739200e+01 4.07976198e-04 1.79183080e-03
5.27121172e+01 4.07976198e-04 1.80036548e-03
5.27503143e+01 4.07976198e-04 1.80916813e-03
5.27885115e+01 4.07976198e-04 1.81823675e-03
5.28267087e+01 4.07976198e-04 1.82756959e-03
5.28649059e+01 4.07976198e-04 1.83716552e-03
5.29031031e+01 4.07976198e-04 1.84702416e-03
5.29413003e+01 4.07976198e-04 1.85714597e-03
5.29794975e+01 4.07976198e-04 1.86753230e-03
5.30176946e+01 4.07976198e-04 1.87818552e-03
5.30558918e+01 4.07976198e-04 1.88910910e-03
5.30940890e+01 4.07976198e-04 1.90030774e-03
5.31322862e+01 4.07976198e-04 1.91178688e-03
5.31704834e+01 4.07976198e-04 1.92354591e-03
5.32086806e+01 4.07976198e-04 1.93558009e-03
5.32468778e+01 4.07976198e-04 1.94788604e-03
5.32850749e+01 4.07976198e-04 1.96046197e-03
5.33232721e+01 4.07976198e-04 1.97330778e-03
5.33614693e+01 4.07976198e-04 1.98642523e-03
5.33996665e+01 4.07976198e-04 1.99981801e-03
5.34378637e+01 4.07976197e-04 2.01349192e-03
5.34760609e+01 4.07976197e-04 2.02745499e-03
5.35142581e+01 4.07976197e-04 2.04171763e-03
5.35524553e+01 4.07976197e-04 2.05628685e-03
5.35906524e+01 4.07976197e-04 2.07115610e-03
5.36288496e+01 4.07976197e-04 2.08631860e-03
5.36670468e+01 4.07976197e-04 2.10177024e-03
5.37052440e+01 4.07976197e-04 2.11750967e-03
5.37434412e+01 4.07976197e-04 2.13353856e-03
5.37816384e+01 4.07976196e-04 2.14986171e-03
5.38198356e+01 4.07976196e-04 2.16648733e-03
5.38580327e+01 4.07976196e-04 2.18342717e-03
5.38962299e+01 4.07976196e-04 2.20069682e-03
5.39344271e+01 4.07976196e-04 2.21831189e-03
5.39726243e+01 4.07976196e-04 2.23626706e-03
5.40108215e+01 4.07976195e-04 2.25455115e-03
5.40490187e+01 4.07976195e-04 2.27315702e-03
5.40872159e+01 4.07976195e-04 2.29208180e-03
5.41254130e+01 4.07976195e-04 2.31132717e-03
5.41636102e+01 4.07976195e-04 2.33089966e-03
5.42018074e+01 4.07976194e-04 2.35081094e-03
5.42400046e+01 4.07976194e-04 2.37107812e-03
5.42782018e+01 4.07976194e-04 2.39172411e-03
5.43163990e+01 4.07976194e-04 2.41277218e-03
5.43545962e+01 4.07976193e-04 2.43421501e-03
5.43927934e+01 4.07976193e-04 2.45603657e-03
5.44309905e+01 4.07976193e-04 2.47822687e-03
5.44691877e+01 4.07976193e-04 2.50078237e-03
5.45073849e+01 4.07976192e-04 2.52370637e-03
5.45455821e+01 4.07976192e-04 2.54700949e-03
5.45837793e+01 4.07976192e-04 2.57071005e-03
5.46219765e+01 4.07976191e-04 2.59483460e-03
5.46601737e+01 4.07976191e-04 2.61941831e-03
5.46983708e+01 4.07976190e-04 2.64448369e-03
5.47365680e+01 4.07976190e-04 2.67001018e-03
5.47747652e+01 4.07976190e-04 2.69597832e-03
5.48129624e+01 4.07976189e-04 2.72237781e-03
5.48511596e+01 4.07976189e-04 2.74920811e-03
5.48893568e+01 4.07976188e-04 2.77647907e-03
5.49275540e+01 4.07976188e-04 2.80421158e-03
5.49657511e+01 4.07976187e-04 2.83243829e-03
5.50039483e+01 4.07976186e-04 2.86120424e-03
5.50421455e+01 4.07976186e-04 2.89055395e-03
5.50803427e+01 4.07976185e-04 2.92047021e-03
5.51185399e+01 4.07976185e-04 2.95092315e-03
5.51567371e+01 4.07976184e-04 2.98189613e-03
5.51949343e+01 4.07976183e-04 3.01338663e-03
5.52331315e+01 4.07976182e-04 3.04540720e-03
5.52713286e+01 4.07976181e-04 3.07798641e-03
5.53095258e+01 4.07976181e-04 3.11116987e-03
5.53477230e+01 4.07976180e-04 3.14502126e-03
5.53859202e+01 4.07976179e-04 3.17959311e-03
5.54241174e+01 4.07976178e-04 3.21485229e-03
5.54623146e+01 4.07976177e-04 3.25076164e-03
5.55005118e+01 4.07976176e-04 3.28730364e-03
5.55387089e+01 4.07976174e-04 3.32448170e-03
5.55769061e+01 4.07976173e-04 3.36232157e-03
5.56151033e+01 4.07976172e-04 3.40087280e-03
5.56533005e+01 4.07976171e-04 3.44021024e-03
5.56914977e+01 4.07976169e-04 3.48042533e-03
5.57296949e+01 4.07976168e-04 3.52151444e-03
5.57678921e+01 4.07976166e-04 3.56341995e-03
5.58060892e+01 4.07976164e-04 3.60611078e-03
5.58442864e+01 4.07976162e-04 3.64958576e-03
5.58824836e+01 4.07976161e-04 3.69387563e-03
5.59206808e+01 4.07976159e-04 3.73904517e-03
5.59588780e+01 4.07976156e-04 3.78519542e-03
5.59970752e+01 4.07976154e-04 3.83244582e-03
5.60352724e+01 4.07976152e-04 3.88077732e-03
5.60734696e+01 4.07976149e-04 3.93011709e-03
5.61116667e+01 4.07976147e-04 3.98043255e-03
5.61498639e+01 4.07976144e-04 4.03173500e-03
5.61880611e+01 4.07976141e-04 4.08408265e-03
5.62262583e+01 4.07976137e-04 4.13758382e-03
5.62644555e+01 4.07976134e-04 4.19239813e-03
5.63026527e+01 4.07976130e-04 4.24860030e-03
5.63408499e+01 4.07976127e-04 4.30609303e-03
5.63790470e+01 4.07976122e-04 4.36481618e-03
5.64172442e+01 4.07976118e-04 4.42477169e-03
5.64554414e+01 4.07976113e-04 4.48602792e-03
5.64936386e+01 4.07976108e-04 4.54872430e-03
5.65318358e+01 4.07976103e-04 4.61307161e-03
5.65700330e+01 4.07976097e-04 4.67915268e-03
5.66082302e+01 4.07976091e-04 4.74684159e-03
5.66464273e+01 4.07976085e-04 4.81607519e-03
5.66846245e+01 4.07976078e-04 4.88688070e-03
5.67228217e+01 4.07976070e-04 4.95938217e-03
5.67610189e+01 4.07976062e-04 5.03380741e-03
5.67992161e+01 4.07976054e-04 5.11040892e-03
5.68374133e+01 4.07976045e-04 5.18909744e-03
5.68756105e+01 4.07976035e-04 5.26975097e-03
5.69138076e+01 4.07976024e-04 5.35237355e-03
5.69520048e+01 4.07976013e-04 5.43710479e-03
5.69902020e+01 4.07976000e-04 5.52422981e-03
5.70283992e+01 4.07975987e-04 5.61407807e-03
5.70665964e+01 4.07975973e-04 5.70654218e-03
5.71047936e+01 4.07975957e-04 5.80148302e-03
5.71429908e+01 4.07975940e-04 5.89894251e-03
5.71811880e+01 4.07975922e-04 5.99915765e-03
5.72193851e+01 4.07975902e-04 6.10256733e-03
5.72575823e+01 4.07975881e-04 6.20938716e-03
5.72957795e+01 4.07975858e-04 6.31938804e-03
5.73339767e+01 4.07975833e-04 6.43253236e-03
5.73721739e+01 4.07975805e-04 6.54905034e-03
5.74103711e+01 4.07975775e-04 6.66945882e-03
5.74485683e+01 4.07975743e-04 6.79414548e-03
5.74867654e+01 4.07975707e-04 6.92285453e-03
5.75249626e+01 4.07975668e-04 7.05554889e-03
5.75631598e+01 4.07975625e-04 7.19256839e-03
5.76013570e+01 4.07975578e-04 7.33462736e-03
5.76395542e+01 4.07975527e-04 7.48197283e-03
5.76777514e+01 4.07975470e-04 7.63432363e-03
5.77159486e+01 4.07975407e-04 7.79184956e-03
5.77541457e+01 4.07975338e-04 7.95526439e-03
5.77923429e+01 4.07975262e-04 8.12531365e-03
5.78305401e+01 4.07975178e-04 8.30171119e-03
5.78687373e+01 4.07975084e-04 8.48454425e-03
5.79069345e+01 4.07974980e-04 8.67464211e-03
5.79451317e+01 4.07974864e-04 8.87296697e-03
5.79833289e+01 4.07974735e-04 9.07923505e-03
5.80215261e+01 4.07974591e-04 9.29369508e-03
5.80597232e+01 4.07974429e-04 9.51759154e-03
5.80979204e+01 4.07974247e-04 9.75166134e-03
5.81361176e+01 4.07974044e-04 9.99566502e-03
5.81743148e+01 4.07973814e-04 1.02505530e-02
5.82125120e+01 4.07973554e-04 1.05179380e-02
5.82507092e+01 4.07973260e-04 1.07976895e-02
5.82889064e+01 4.07972926e-04 1.10905872e-02
5.83271035e+01 4.07972545e-04 1.13986910e-02
5.83653007e+01 4.07972111e-04 1.17221570e-02
5.84034979e+01 4.07971614e-04 1.20620224e-02
5.84416951e+01 4.07971044e-04 1.24207005e-02
5.84798923e+01 4.07970386e-04 1.27984094e-02
5.85180895e+01 4.07969626e-04 1.31972650e-02
5.85562867e+01 4.07968746e-04 1.36194027e-02
5.85944838e+01 4.07967721e-04 1.40657337e-02
5.86326810e+01 4.07966524e-04 1.45398030e-02
5.86708782e+01 4.07965120e-04 1.50427286e-02
5.87090754e+01 4.07963468e-04 1.55783007e-02
5.87472726e+01 4.07961516e-04 1.61487851e-02
5.87854698e+01 4.07959198e-04 1.67582729e-02
5.88236670e+01 4.07956434e-04 1.74100762e-02
5.88618642e+01 4.07953123e-04 1.81093194e-02
5.89000613e+01 4.07949134e-04 1.88601819e-02
5.89382585e+01 4.07944307e-04 1.96694603e-02
5.89764557e+01 4.07938433e-04 2.05428458e-02
5.90146529e+01 4.07931244e-04 2.14883766e-02
5.90528501e+01 4.07922396e-04 2.25151151e-02
5.90910473e+01 4.07911440e-04 2.36328027e-02
5.91292445e+01 4.07897793e-04 2.48535034e-02
5.91674416e+01 4.07880687e-04 2.61914287e-02
5.92056388e+01 4.07859113e-04 2.76630733e-02
5.92438360e+01 4.07831737e-04 2.92878909e-02
5.92820332e+01 4.07796797e-04 3.10891395e-02
5.93202304e+01 4.07751967e-04 3.30946751e-02
5.93584276e+01 4.07694198e-04 3.53380451e-02
5.93966248e+01 4.07619547e-04 3.78597071e-02
5.94348219e+01 4.07523043e-04 4.07084890e-02
5.94730191e+01 4.07398719e-04 4.39442247e-02
5.95112163e+01 4.07240075e-04 4.76393276e-02
5.95494135e+01 4.07041521e-04 5.18820686e-02
5.95876107e+01 4.06801731e-04 5.67785560e-02
5.96258079e+01 4.06530110e-04 6.24546924e-02
5.96640051e+01 4.06256254e-04 6.90546249e-02
5.97022023e+01 4.06034415e-04 7.67327115e-02
5.97403994e+01 4.05907310e-04 8.56303778e-02
5.97785966e+01 4.05726999e-04 9.58246587e-02
5.98167938e+01 4.04668657e-04 1.07228096e-01
5.98549910e+01 4.00605573e-04 1.19423155e-01
5.98931882e+01 3.91141236e-04 1.31454068e-01
5.99313854e+01 3.79437082e-04 1.41711362e-01
5.99695826e+01 3.79337897e-04 1.48184932e-01
6.00077797e+01 4.02115574e-04 1.49258416e-01
6.00459769e+01 4.37850145e-04 1.44632062e-01
6.00841741e+01 4.67911886e-04 1.35518741e-01
6.01223713e+01 4.85469087e-04 1.23901507e-01
6.01605685e+01 4.93833684e-04 1.11600769e-01
6.01987657e+01 4.97607073e-04 9.98161399e-02
6.02369629e+01 4.99464644e-04 8.91409981e-02
6.02751600e+01 5.00543912e-04 7.97613939e-02
6.03133572e+01 5.01265778e-04 7.16450460e-02
6.03515544e+01 5.01785694e-04 6.46651517e-02
6.03897516e+01 5.02170722e-04 5.86674153e-02
6.04279488e+01 5.02458155e-04 5.35017626e-02
6.04661460e+01 5.02673213e-04 4.90346353e-02
6.05043432e+01 5.02834424e-04 4.51523234e-02
6.05425404e+01 5.02955645e-04 4.17601641e-02
6.05807375e+01 5.03047208e-04 3.87800296e-02
6.06189347e+01 5.03116762e-04 3.61476802e-02
6.06571319e+01 5.03169938e-04 3.38102748e-02
6.06953291e+01 5.03210876e-04 3.17245572e-02
6.07335263e+01 5.03242621e-04 2.98546012e-02
6.07717235e+01 5.03267417e-04 2.81705835e-02
6.08099207e+01 5.03286927e-04 2.66476600e-02
6.08481178e+01 5.03302386e-04 2.52650425e-02
6.08863150e+01 5.03314722e-04 2.40052311e-02
6.09245122e+01 5.03324631e-04 2.28532571e-02
6.09627094e+01 5.03332643e-04 2.17962212e-02
6.10009066e+01 5.03339161e-04 2.08236914e-02
6.10391038e+01 5.03344496e-04 1.99265212e-02
6.10773010e+01 5.03348887e-04 1.90959426e-02
6.11154981e+01 5.03352522e-04 1.83257542e-02
6.11536953e+01 5.03355545e-04 1.76096047e-02
6.11918925e+01 5.03358073e-04 1.69419709e-02
6.12300897e+01 5.03360197e-04 1.63188368e-02
6.12682869e+01 5.03361989e-04 1.57352464e-02
6.13064841e+01 5.03363508e-04 1.51885554e-02
6.13446813e+01 5.03364801e-04 1.46746450e-02
6.13828785e+01 5.03365906e-04 1.41914022e-02
6.14210756e+01 5.03366853e-04 1.37359407e-02
6.14592728e+01 5.03367669e-04 1.33058143e-02
6.14974700e+01 5.03368374e-04 1.28997890e-02
6.15356672e+01 5.03368984e-04 1.25147396e-02
6.15738644e+01 5.03369516e-04 1.21503177e-02
6.16120616e+01 5.03369979e-04 1.18044019e-02
6.16502588e+01 5.03370384e-04 1.14752859e-02
6.16884559e+01 5.03370739e-04 1.11628244e-02
6.17266531e+01 5.03371052e-04 1.08649498e-02
6.17648503e+01 5.03371328e-04 1.05806733e-02
6.18030475e+01 5.03371571e-04 1.03099568e-02
6.18412447e+01 5.03371787e-04 1.00511747e-02
6.18794419e+01 5.03371979e-04 9.80329564e-03
6.19176391e+01 5.03372150e-04 9.56653988e-03
6.19558362e+01 5.03372303e-04 9.33996996e-03
6.19940334e+01 5.03372439e-04 9.12216686e-03
6.20322306e+01 5.03372561e-04 8.91333032e-03
6.20704278e+01 5.03372671e-04 8.71328022e-03
6.21086250e+01 5.03372769e-04 8.52092244e-03
6.21468222e+01 5.03372858e-04 8.33549646e-03
6.21850194e+01 5.03372938e-04 8.15732581e-03
6.22232166e+01 5.03373011e-04 7.98616813e-03
6.22614137e+01 5.03373076e-04 7.82112221e-03
6.22996109e+01 5.03373136e-04 7.66157521e-03
6.23378081e+01 5.03373190e-04 7.50783720e-03
6.23760053e+01 5.03373239e-04 7.35982283e-03
6.24142025e+01 5.03373284e-04 7.21695285e-03
6.24523997e+01 5.03373325e-04 7.07847292e-03
6.24905969e+01 5.03373362e-04 6.94453119e-03
6.25287940e+01 5.03373396e-04 6.81526864e-03
6.25669912e+01 5.03373427e-04 6.69045514e-03
6.26051884e+01 5.03373456e-04 6.56952025e-03
6.26433856e+01 5.03373482e-04 6.45201931e-03
6.26815828e+01 5.03373507e-04 6.33818452e-03
6.27197800e+01 5.03373529e-04 6.22809448e-03
6.27579772e+01 5.03373549e-04 6.12156425e-03
6.27961743e+01 5.03373568e-04 6.01816511e-03
6.28343715e+01 5.03373586e-04 5.91748367e-03
6.28725687e+01 5.03373602e-04 5.81968389e-03
6.29107659e+01 5.03373617e-04 5.72488620e-03
6.29489631e+01 5.03373631e-04 5.63301906e-03
6.29871603e+01 5.03373644e-04 5.54383291e-03
6.30253575e+01 5.03373655e-04 5.45693288e-03
6.30635547e+01 5.03373667e-04 5.37221083e-03
6.31017518e+01 5.03373677e-04 5.28984305e-03
6.31399490e+01 5.03373686e-04 5.20988109e-03
6.31781462e+01 5.03373695e-04 5.13224328e-03
6.32163434e+01 5.03373704e-04 5.05672414e-03
6.32545406e+01 5.03373711e-04 4.98301781e-03
6.32927378e+01 5.03373718e-04 4.91104324e-03
6.33309350e+01 5.03373725e-04 4.84094496e-03
6.33691321e+01 5.03373732e-04 4.77277990e-03
6.34073293e+01 5.03373737e-04 4.70650989e-03
6.34455265e+01 5.03373743e-04 4.64200821e-03
6.34837237e+01 5.03373748e-04 4.57906576e-03
6.35219209e+01 5.03373753e-04 4.51749292e-03
6.35601181e+01 5.03373757e-04 4.45737299e-03
6.35983153e+01 5.03373762e-04 4.39879379e-03
6.36365124e+01 5.03373766e-04 4.34177339e-03
6.36747096e+01 5.03373770e-04 4.28626475e-03
6.37129068e+01 5.03373773e-04 4.23216016e-03
6.37511040e+01 5.03373776e-04 4.17929548e-03
6.37893012e+01 5.03373780e-04 4.12753786e-03
6.38274984e+01 5.03373782e-04 4.07695960e-03
6.38656956e+01 5.03373785e-04 4.02762997e-03
6.39038928e+01 5.03373788e-04 3.97956919e-03
6.39420899e+01 5.03373790e-04 3.93275161e-03
6.39802871e+01 5.03373793e-04 3.88710873e-03
6.40184843e+01 5.03373795e-04 3.84253212e-03
6.40566815e+01 5.03373797e-04 3.79889014e-03
6.40948787e+01 5.03373799e-04 3.75618080e-03
6.41330759e+01 5.03373801e-04 3.71447356e-03
6.41712731e+01 5.03373803e-04 3.67380425e-03
6.42094702e+01 5.03373804e-04 3.63417549e-03
6.42476674e+01 5.03373806e-04 3.59555880e-03
6.42858646e+01 5.03373807e-04 3.55789666e-03
6.43240618e+01 5.03373809e-04 3.52110442e-03
6.43622590e+01 5.03373810e-04 3.48508704e-03
6.44004562e+01 5.03373811e-04 3.44985496e-03
6.44386534e+01 5.03373813e-04 3.41546025e-03
6.44768505e+01 5.03373814e-04 3.38193092e-03
6.45150477e+01 5.03373815e-04 3.34927180e-03
6.45532449e+01 5.03373816e-04 3.31746606e-03
6.45914421e+01 5.03373817e-04 3.28647655e-03
6.46296393e+01 5.03373818e-04 3.25624722e-03
6.46678365e+01 5.03373819e-04 3.22670548e-03
6.47060337e+01 5.03373820e-04 3.19782198e-03
6.47442308e+01 5.03373820e-04 3.16963694e-03
6.47824280e+01 5.03373821e-04 3.14217982e-03
6.48206252e+01 5.03373822e-04 3.11546358e-03
6.48588224e+01 5.03373823e-04 3.08948566e-03
6.48970196e+01 5.03373823e-04 3.06422897e-03
6.49352168e+01 5.03373824e-04 3.03966279e-03
6.49734140e+01 5.03373824e-04 3.01574368e-03
6.50116112e+01 5.03373825e-04 2.99241878e-03
6.50498083e+01 5.03373826e-04 2.96967803e-03
6.50880055e+01 5.03373826e-04 2.94755217e-03
6.51262027e+01 5.03373827e-04 2.92606212e-03
6.51643999e+01 5.03373827e-04 2.90521744e-03
6.52025971e+01 5.03373828e-04 2.88501708e-03
6.52407943e+01 5.03373828e-04 2.86544998e-03
6.52789915e+01 5.03373828e-04 2.84649573e-03
6.53171886e+01 5.03373829e-04 2.82812513e-03
6.53553858e+01 5.03373829e-04 2.81030096e-03
6.53935830e+01 5.03373830e-04 2.79300229e-03
6.54317802e+01 5.03373830e-04 2.77624943e-03
6.54699774e+01 5.03373830e-04 2.76006039e-03
6.55081746e+01 5.03373831e-04 2.74444528e-03
6.55463718e+01 5.03373831e-04 2.72940677e-03
6.55845689e+01 5.03373831e-04 2.71494056e-03
6.56227661e+01 5.03373831e-04 2.70103578e-03
6.56609633e+01 5.03373832e-04 2.68767541e-03
6.56991605e+01 5.03373832e-04 2.67483665e-03
6.57373577e+01 5.03373832e-04 2.66249291e-03
6.57755549e+01 5.03373832e-04 2.65064119e-03
6.58137521e+01 5.03373833e-04 2.63929735e-03
6.58519493e+01 5.03373833e-04 2.62847248e-03
6.58901464e+01 5.03373833e-04 2.61817246e-03
6.59283436e+01 5.03373833e-04 2.60839825e-03
6.59665408e+01 5.03373833e-04 2.59914618e-03
6.60047380e+01 5.03373834e-04 2.59040825e-03
6.60429352e+01 5.03373834e-04 2.58217236e-03
6.60811324e+01 5.03373834e-04 2.57442256e-03
6.61193296e+01 5.03373834e-04 2.56714040e-03
6.61575267e+01 5.03373834e-04 2.56032336e-03
6.61957239e+01 5.03373834e-04 2.55398202e-03
6.62339211e+01 5.03373834e-04 2.54812389e-03
6.62721183e+01 5.03373835e-04 2.54275307e-03
6.63103155e+01 5.03373835e-04 2.53787046e-03
6.63485127e+01 5.03373835e-04 2.53347392e-03
6.63867099e+01 5.03373835e-04 2.52955850e-03
6.64249070e+01 5.03373835e-04 2.52611658e-03
6.64631042e+01 5.03373835e-04 2.52313802e-03
6.65013014e+01 5.03373835e-04 2.52061042e-03
6.65394986e+01 5.03373835e-04 2.51852723e-03
6.65776958e+01 5.03373835e-04 2.51689421e-03
6.66158930e+01 5.03373836e-04 2.51571644e-03
6.66540902e+01 5.03373836e-04 2.51499689e-03
6.66922874e+01 5.03373836e-04 2.51473655e-03
6.67304845e+01 5.03373836e-04 2.51493457e-03
6.67686817e+01 5.03373836e-04 2.51558839e-03
6.68068789e+01 5.03373836e-04 2.51669385e-03
6.68450761e+01 5.03373836e-04 2.51824528e-03
6.68832733e+01 5.03373836e-04 2.52023566e-03
6.69214705e+01 5.03373836e-04 2.52265775e-03
6.69596677e+01 5.03373836e-04 2.52551163e-03
6.69978648e+01 5.03373836e-04 2.52880010e-03
6.70360620e+01 5.03373836e-04 2.53252486e-03
6.70742592e+01 5.03373836e-04 2.53668663e-03
6.71124564e+01 5.03373836e-04 2.54128524e-03
6.71506536e+01 5.03373836e-04 2.54631968e-03
6.71888508e+01 5.03373836e-04 2.55178823e-03
6.72270480e+01 5.03373836e-04 2.55768854e-03
6.72652451e+01 5.03373836e-04 2.56401770e-03
6.73034423e+01 5.03373836e-04 2.57077233e-03
6.73416395e+01 5.03373836e-04 2.57794981e-03
6.73798367e+01 5.03373836e-04 2.58555003e-03
6.74180339e+01 5.03373836e-04 2.59357298e-03
6.74562311e+01 5.03373836e-04 2.60201853e-03
6.74944283e+01 5.03373836e-04 2.61088644e-03
6.75326255e+01 5.03373836e-04 2.62017650e-03
6.75708226e+01 5.03373836e-04 2.62988856e-03
6.76090198e+01 5.03373836e-04 2.64002263e-03
6.76472170e+01 5.03373836e-04 2.65057895e-03
6.76854142e+01 5.03373836e-04 2.66155811e-03
6.77236114e+01 5.03373836e-04 2.67296097e-03
6.77618086e+01 5.03373836e-04 2.68478671e-03
6.78000058e+01 5.03373836e-04 2.69703304e-03
6.78382029e+01 5.03373836e-04 2.70969822e-03
6.78764001e+01 5.03373836e-04 2.72278122e-03
6.79145973e+01 5.03373836e-04 2.73628183e-03
6.79527945e+01 5.03373836e-04 2.75020071e-03
6.79909917e+01 5.03373836e-04 2.76453952e-03
6.80291889e+01 5.03373836e-04 2.77930099e-03
6.80673861e+01 5.03373836e-04 2.79448904e-03
6.81055832e+01 5.03373836e-04 2.81010886e-03
6.81437804e+01 5.03373836e-04 2.82616529e-03
6.81819776e+01 5.03373836e-04 2.84265549e-03
6.82201748e+01 5.03373836e-04 2.85957526e-03
6.82583720e+01 5.03373836e-04 2.87692192e-03
6.82965692e+01 5.03373836e-04 2.89469450e-03
6.83347664e+01 5.03373836e-04 2.91289382e-03
6.83729636e+01 5.03373836e-04 2.93152264e-03
6.84111607e+01 5.03373835e-04 2.95058578e-03
6.84493579e+01 5.03373835e-04 2.97009024e-03
6.84875551e+01 5.03373835e-04 2.99004538e-03
6.85257523e+01 5.03373835e-04 3.01046272e-03
6.85639495e+01 5.03373835e-04 3.03134558e-03
6.86021467e+01 5.03373835e-04 3.05268690e-03
6.86403439e+01 5.03373835e-04 3.07448149e-03
6.86785410e+01 5.03373835e-04 3.09672691e-03
6.87167382e+01 5.03373835e-04 3.11942367e-03
6.87549354e+01 5.03373834e-04 3.14257538e-03
6.87931326e+01 5.03373834e-04 3.16618897e-03
6.88313298e+01 5.03373834e-04 3.19027488e-03
6.88695270e+01 5.03373834e-04 3.21484727e-03
6.89077242e+01 5.03373834e-04 3.23992423e-03
6.89459213e+01 5.03373834e-04 3.26551821e-03
6.89841185e+01 5.03373834e-04 3.29162071e-03
6.90223157e+01 5.03373833e-04 3.31822322e-03
6.90605129e+01 5.03373833e-04 3.34532149e-03
6.90987101e+01 5.03373833e-04 3.37291571e-03
6.91369073e+01 5.03373833e-04 3.40101081e-03
6.91751045e+01 5.03373833e-04 3.42961676e-03
6.92133017e+01 5.03373832e-04 3.45874885e-03
6.92514988e+01 5.03373832e-04 3.48842804e-03
6.92896960e+01 5.03373832e-04 3.51868121e-03
6.93278932e+01 5.03373832e-04 3.54952738e-03
6.93660904e+01 5.03373831e-04 3.58095471e-03
6.94042876e+01 5.03373831e-04 3.61295142e-03
6.94424848e+01 5.03373831e-04 3.64551203e-03
6.94806820e+01 5.03373830e-04 3.67863774e-03
6.95188791e+01 5.03373830e-04 3.71233689e-03
6.95570763e+01 5.03373830e-04 3.74662534e-03
6.95952735e+01 5.03373829e-04 3.78152698e-03
6.96334707e+01 5.03373829e-04 3.81707416e-03
6.96716679e+01 5.03373829e-04 3.85330675e-03
6.97098651e+01 5.03373828e-04 3.89023606e-03
6.97480623e+01 5.03373828e-04 3.92784208e-03
6.97862594e+01 5.03373827e-04 3.96611184e-03
6.98244566e+01 5.03373827e-04 4.00504184e-03
6.98626538e+01 5.03373826e-04 4.04463874e-03
6.99008510e+01 5.03373826e-04 4.08491990e-03
6.99390482e+01 5.03373825e-04 4.12591413e-03
6.99772454e+01 5.03373825e-04 4.16766234e-03
7.00154426e+01 5.03373824e-04 4.21021812e-03
7.00536398e+01 5.03373823e-04 4.25361643e-03
7.00918369e+01 5.03373823e-04 4.29783348e-03
7.01300341e+01 5.03373822e-04 4.34284864e-03
7.01682313e+01 5.03373821e-04 4.38865499e-03
7.02064285e+01 5.03373821e-04 4.43526029e-03
7.02446257e+01 5.03373820e-04 4.48268780e-03
7.02828229e+01 5.03373819e-04 4.53097737e-03
7.03210201e+01 5.03373818e-04 4.58018643e-03
7.03592172e+01 5.03373817e-04 4.63038992e-03
7.03974144e+01 5.03373816e-04 4.68162228e-03
7.04356116e+01 5.03373815e-04 4.73384784e-03
7.04738088e+01 5.03373814e-04 4.78704281e-03
7.05120060e+01 5.03373813e-04 4.84120373e-03
7.05502032e+01 5.03373812e-04 4.89634875e-03
7.05884004e+01 5.03373810e-04 4.95251915e-03
7.06265975e+01 5.03373809e-04 5.00978070e-03
7.06647947e+01 5.03373808e-04 5.06822533e-03
7.07029919e+01 5.03373806e-04 5.12794085e-03
7.07411891e+01 5.03373805e-04 5.18889982e-03
7.07793863e+01 5.03373803e-04 5.25106183e-03
7.08175835e+01 5.03373801e-04 5.31441538e-03
7.08557807e+01 5.03373799e-04 5.37897989e-03
7.08939779e+01 5.03373797e-04 5.44480777e-03
7.09321750e+01 5.03373795e-04 5.51198656e-03
7.09703722e+01 5.03373793e-04 5.58064119e-03
7.10085694e+01 5.03373791e-04 5.65088055e-03
7.10467666e+01 5.03373788e-04 5.72265967e-03
7.10849638e+01 5.03373786e-04 5.79593139e-03
7.11231610e+01 5.03373783e-04 5.87069098e-03
7.11613582e+01 5.03373780e-04 5.94697912e-03
7.11995553e+01 5.03373777e-04 6.02488495e-03
7.12377525e+01 5.03373773e-04 6.10454930e-03
7.12759497e+01 5.03373770e-04 6.18615266e-03
7.13141469e+01 5.03373766e-04 6.26971775e-03
7.13523441e+01 5.03373762e-04 6.35516664e-03
7.13905413e+01 5.03373758e-04 6.44247775e-03
7.14287385e+01 5.03373753e-04 6.53169366e-03
7.14669356e+01 5.03373748e-04 6.62292564e-03
7.15051328e+01 5.03373743e-04 6.71635838e-03
7.15433300e+01 5.03373738e-04 6.81222815e-03
7.15815272e+01 5.03373732e-04 6.91055060e-03
7.16197244e+01 5.03373725e-04 7.01123298e-03
7.16579216e+01 5.03373719e-04 7.11426669e-03
7.16961188e+01 5.03373711e-04 7.21973663e-03
7.17343160e+01 5.03373704e-04 7.32782785e-03
7.17725131e+01 5.03373695e-04 7.43883163e-03
7.18107103e+01 5.03373686e-04 7.55295422e-03
7.18489075e+01 5.03373677e-04 7.67008394e-03
7.18871047e+01 5.03373666e-04 7.79017343e-03
7.19253019e+01 5.03373655e-04 7.91330599e-03
7.19634991e+01 5.03373643e-04 8.03970527e-03
7.20016963e+01 5.03373630e-04 8.16974422e-03
7.20398934e+01 5.03373617e-04 8.30369744e-03
7.20780906e+01 5.03373601e-04 8.44143282e-03
7.21162878e+01 5.03373585e-04 8.58291597e-03
7.21544850e+01 5.03373568e-04 8.72830035e-03
7.21926822e+01 5.03373549e-04 8.87794153e-03
7.22308794e+01 5.03373528e-04 9.03235976e-03
7.22690766e+01 5.03373505e-04 9.19163867e-03
7.23072737e+01 5.03373481e-04 9.35564325e-03
7.23454709e+01 5.03373454e-04 9.52448694e-03
7.23836681e+01 5.03373426e-04 9.69856096e-03
7.24218653e+01 5.03373394e-04 9.87852303e-03
7.24600625e+01 5.03373360e-04 1.00646097e-02
7.24982597e+01 5.03373322e-04 1.02566622e-02
7.25364569e+01 5.03373281e-04 1.04548522e-02
7.25746540e+01 5.03373235e-04 1.06597432e-02
7.26128512e+01 5.03373186e-04 1.08721736e-02
7.26510484e+01 5.03373131e-04 1.10922125e-02
7.26892456e+01 5.03373071e-04 1.13198080e-02
7.27274428e+01 5.03373005e-04 1.15554257e-02
7.27656400e+01 5.03372932e-04 1.18000705e-02
7.28038372e+01 5.03372851e-04 1.20543129e-02
7.28420344e+01 5.03372761e-04 1.23180196e-02
7.28802315e+01 5.03372661e-04 1.25916766e-02
7.29184287e+01 5.03372550e-04 1.28765133e-02
7.29566259e+01 5.03372427e-04 1.31733107e-02
7.29948231e+01 5.03372289e-04 1.34820031e-02
7.30330203e+01 5.03372134e-04 1.38033873e-02
7.30712175e+01 5.03371961e-04 1.41391216e-02
7.31094147e+01 5.03371767e-04 1.44896920e-02
7.31476118e+01 5.03371548e-04 1.48554324e-02
7.31858090e+01 5.03371300e-04 1.52380416e-02
7.32240062e+01 5.03371021e-04 1.56390449e-02
7.32622034e+01 5.03370703e-04 1.60586722e-02
7.33004006e+01 5.03370343e-04 1.64987103e-02
7.33385978e+01 5.03369931e-04 1.69613653e-02
7.33767950e+01 5.03369461e-04 1.74471176e-02
7.34149921e+01 5.03368921e-04 1.79583211e-02
7.34531893e+01 5.03368300e-04 1.84974566e-02
7.34913865e+01 5.03367584e-04 1.90655567e-02
7.35295837e+01 5.03366754e-04 1.96662057e-02
7.35677809e+01 5.03365791e-04 2.03014964e-02
7.36059781e+01 5.03364667e-04 2.09742603e-02
7.36441753e+01 5.03363351e-04 2.16886725e-02
7.36823725e+01 5.03361805e-04 2.24472674e-02
7.37205696e+01 5.03359981e-04 2.32556035e-02
7.37587668e+01 5.03357819e-04 2.41170250e-02
7.37969640e+01 5.03355246e-04 2.50381862e-02
7.38351612e+01 5.03352168e-04 2.60238313e-02
7.38733584e+01 5.03348470e-04 2.70820409e-02
7.39115556e+01 5.03344003e-04 2.82195460e-02
7.39497528e+01 5.03338579e-04 2.94459903e-02
7.39879499e+01 5.03331957e-04 3.07714754e-02
7.40261471e+01 5.03323825e-04 3.22074228e-02
7.40643443e+01 5.03313780e-04 3.37681324e-02
7.41025415e+01 5.03301299e-04 3.54693736e-02
7.41407387e+01 5.03285693e-04 3.73295559e-02
7.41789359e+01 5.03266060e-04 3.93706707e-02
7.42171331e+01 5.03241207e-04 4.16186523e-02
7.42553302e+01 5.03209560e-04 4.41041758e-02
7.42935274e+01 5.03169038e-04 4.68637955e-02
7.43317246e+01 5.03116904e-04 4.99413317e-02
7.43699218e+01 5.03049595e-04 5.33895137e-02
7.44081190e+01 5.02962565e-04 5.72720716e-02
7.44463162e+01 5.02850223e-04 6.16666656e-02
7.44845134e+01 5.02706185e-04 6.66674445e-02
7.45227106e+01 5.02524223e-04 7.23891189e-02
7.45609077e+01 5.02300716e-04 7.89704938e-02
7.45991049e+01 5.02039731e-04 8.65781467e-02
7.46373021e+01 5.01761544e-04 9.54074119e-02
7.46754993e+01 5.01511172e-04 1.05677727e-01
7.47136965e+01 5.01346093e-04 1.17614053e-01
7.47518937e+01 5.01232913e-04 1.31400796e-01
7.47900909e+01 5.00701438e-04 1.47083743e-01
7.48282880e+01 4.98189983e-04 1.64390137e-01
7.48664852e+01 4.91028744e-04 1.82454666e-01
7.49046824e+01 4.79139695e-04 1.99531547e-01
7.49428796e+01 4.72291322e-04 2.12970654e-01
7.49810768e+01 4.85721947e-04 2.19871089e-01
7.50192740e+01 5.18617433e-04 2.18425332e-01
7.50574712e+01 5.52647810e-04 2.09017550e-01
7.50956683e+01 5.75183563e-04 1.93980814e-01
7.51338655e+01 5.86631798e-04 1.76267775e-01
7.51720627e+01 5.91816680e-04 1.58268809e-01
7.52102599e+01 5.94244627e-04 1.41415859e-01
7.52484571e+01 5.95560974e-04 1.26340733e-01
7.52866543e+01 5.96399298e-04 1.13180802e-01
7.53248515e+01 5.96989646e-04 1.01825616e-01
7.53630487e+01 5.97423515e-04 9.20670743e-02
7.54012458e+01 5.97746757e-04 8.36768321e-02
7.54394430e+01 5.97988443e-04 7.64412620e-02
7.54776402e+01 5.98169457e-04 7.01737025e-02
7.55158374e+01 5.98305375e-04 6.47166943e-02
7.55540346e+01 5.98407838e-04 5.99394759e-02
7.55922318e+01 5.98485485e-04 5.57345182e-02
7.56304290e+01 5.98544690e-04 5.20133826e-02
7.56686261e+01 5.98590140e-04 4.87036194e-02
7.57068233e+01 5.98625281e-04 4.57452420e-02
7.57450205e+01 5.98652650e-04 4.30886527e-02
7.57832177e+01 5.98674120e-04 4.06926493e-02
7.58214149e+01 5.98691085e-04 3.85227908e-02
7.58596121e+01 5.98704585e-04 3.65501719e-02
7.58978093e+01 5.98715400e-04 3.47504758e-02
7.59360064e+01 5.98724122e-04 3.31030980e-02
7.59742036e+01 5.98731201e-04 3.15901463e-02
7.60124008e+01 5.98736980e-04 3.01962860e-02
7.60505980e+01 5.98741726e-04 2.89091274e-02
7.60887952e+01 5.98745646e-04 2.77170082e-02
7.61269924e+01 5.98748900e-04 2.66099625e-02
7.61651896e+01 5.98751616e-04 2.55802456e-02
7.62033868e+01 5.98753893e-04 2.46192754e-02
7.62415839e+01 5.98755811e-04 2.37217937e-02
7.62797811e+01 5.98757434e-04 2.28807058e-02
7.63179783e+01 5.98758813e-04 2.20922844e-02
7.63561755e+01 5.98759990e-04 2.13505831e-02
7.63943727e+01 5.98760997e-04 2.06529923e-02
7.64325699e+01 5.98761863e-04 1.99946535e-02
7.64707671e+01 5.98762611e-04 1.93732357e-02
7.65089642e+01 5.98763257e-04 1.87856468e-02
7.65471614e+01 5.98763819e-04 1.82286975e-02
7.65853586e+01 5.98764308e-04 1.77012209e-02
7.66235558e+01 5.98764736e-04 1.71998929e-02
7.66617530e+01 5.98765110e-04 1.67233279e-02
7.66999502e+01 5.98765439e-04 1.62703286e-02
7.67381474e+01 5.98765729e-04 1.58381190e-02
7.67763445e+01 5.98765986e-04 1.54260028e-02
7.68145417e+01 5.98766212e-04 1.50330761e-02
7.68527389e+01 5.98766414e-04 1.46570842e-02
7.68909361e+01 5.98766592e-04 1.42973301e-02
7.69291333e+01 5.98766752e-04 1.39534494e-02
7.69673305e+01 5.98766895e-04 1.36238511e-02
7.70055277e+01 5.98767022e-04 1.33072789e-02
7.70437249e+01 5.98767137e-04 1.30037927e-02
7.70819220e+01 5.98767239e-04 1.27126886e-02
7.71201192e+01 5.98767332e-04 1.24325027e-02
7.71583164e+01 5.98767416e-04 1.21627549e-02
7.71965136e+01 5.98767491e-04 1.19034951e-02
7.72347108e+01 5.98767559e-04 1.16540991e-02
7.72729080e+01 5.98767621e-04 1.14133952e-02
7.73111052e+01 5.98767677e-04 1.11810137e-02
7.73493023e+01 5.98767728e-04 1.09570761e-02
7.73874995e+01 5.98767775e-04 1.07412133e-02
7.74256967e+01 5.98767817e-04 1.05325864e-02
7.74638939e+01 5.98767856e-04 1.03305433e-02
7.75020911e+01 5.98767891e-04 1.01352527e-02
7.75402883e+01 5.98767924e-04 9.94664096e-03
7.75784855e+01 5.98767953e-04 9.76427755e-03
7.76166826e+01 5.98767981e-04 9.58743546e-03
7.76548798e+01 5.98768006e-04 9.41583216e-03
7.76930770e+01 5.98768029e-04 9.24963444e-03
7.77312742e+01 5.98768050e-04 9.08876632e-03
7.77694714e+01 5.98768070e-04 8.93289772e-03
7.78076686e+01 5.98768088e-04 8.78147354e-03
7.78458658e+01 5.98768104e-04 8.63419119e-03
7.78840630e+01 5.98768120e-04 8.49120592e-03
7.79222601e+01 5.98768134e-04 8.35252428e-03
7.79604573e+01 5.98768147e-04 8.21796759e-03
7.79986545e+01 5.98768160e-04 8.08718536e-03
7.80368517e+01 5.98768171e-04 7.95974809e-03
7.80750489e+01 5.98768182e-04 7.83565571e-03
7.81132461e+01 5.98768191e-04 7.71501646e-03
7.81514433e+01 5.98768201e-04 7.59780122e-03
7.81896404e+01 5.98768209e-04 7.48385218e-03
7.82278376e+01 5.98768217e-04 7.37289194e-03
7.82660348e+01 5.98768224e-04 7.26459191e-03
7.83042320e+01 5.98768231e-04 7.15895697e-03
7.83424292e+01 5.98768238e-04 7.05608344e-03
7.83806264e+01 5.98768244e-04 6.95596983e-03
7.84188236e+01 5.98768250e-04 6.85852265e-03
7.84570207e+01 5.98768255e-04 6.76356279e-03
7.84952179e+01 5.98768260e-04 6.67083480e-03
7.85334151e+01 5.98768264e-04 6.58020321e-03
7.85716123e+01 5.98768269e-04 6.49175906e-03
7.86098095e+01 5.98768273e-04 6.40554699e-03
7.86480067e+01 5.98768277e-04 6.32154411e-03
7.86862039e+01 5.98768280e-04 6.23966449e-03
7.87244011e+01 5.98768284e-04 6.15976349e-03
7.87625982e+01 5.98768287e-04 6.08164573e-03
7.88007954e+01 5.98768290e-04 6.00522444e-03
7.88389926e+01 5.98768293e-04 5.93057403e-03
7.88771898e+01 5.98768296e-04 5.85773297e-03
7.89153870e+01 5.98768298e-04 5.78669214e-03
7.89535842e+01 5.98768301e-04 5.71739797e-03
7.89917814e+01 5.98768303e-04 5.64975539e-03
7.90299785e+01 5.98768305e-04 5.58363068e-03
7.90681757e+01 5.98768307e-04 5.51889722e-03
7.91063729e+01 5.98768309e-04 5.45558613e-03
7.91445701e+01 5.98768311e-04 5.39374634e-03
7.91827673e+01 5.98768312e-04 5.33339233e-03
7.92209645e+01 5.98768314e-04 5.27450639e-03
7.92591617e+01 5.98768316e-04 5.21704062e-03
7.92973588e+01 5.98768317e-04 5.16091897e-03
7.93355560e+01 5.98768318e-04 5.10603913e-03
7.93737532e+01 5.98768320e-04 5.05231536e-03
7.94119504e+01 5.98768321e-04 4.99977927e-03
7.94501476e+01 5.98768322e-04 4.94846781e-03
7.94883448e+01 5.98768323e-04 4.89839398e-03
7.95265420e+01 5.98768324e-04 4.84954828e-03
7.95647392e+01 5.98768325e-04 4.80190021e-03
7.96029363e+01 5.98768326e-04 4.75539955e-03
7.96411335e+01 5.98768327e-04 4.70997772e-03
7.96793307e+01 5.98768328e-04 4.66555641e-03
7.97175279e+01 5.98768329e-04 4.62212957e-03
7.97557251e+01 5.98768330e-04 4.57973215e-03
7.97939223e+01 5.98768330e-04 4.53838300e-03
7.98321195e+01 5.98768331e-04 4.49808494e-03
7.98703166e+01 5.98768332e-04 4.45882570e-03
7.99085138e+01 5.98768332e-04 4.42057890e-03
7.99467110e+01 5.98768333e-04 4.38330493e-03
7.99849082e+01 5.98768334e-04 4.34695184e-03
8.00231054e+01 5.98768334e-04 4.31146610e-03
