#	Time	Error_of_Energy	Error_of_Position
3.81971863e-02 -3.41696310e-03 1.25562172e-03
7.63943727e-02 -1.16251463e-02 2.28429268e-03
1.14591559e-01 -2.06480112e-02 2.98096311e-03
1.52788745e-01 -2.78102074e-02 3.37694129e-03
1.90985932e-01 -3.24803780e-02 3.57488955e-03
2.29183118e-01 -3.51309744e-02 3.68335880e-03
2.67380304e-01 -3.64566981e-02 3.78323799e-03
3.05577491e-01 -3.70103156e-02 3.92003928e-03
3.43774677e-01 -3.71492612e-02 4.10982727e-03
3.81971863e-01 -3.70821601e-02 4.35024433e-03
4.20169050e-01 -3.69235919e-02 4.63064421e-03
4.58366236e-01 -3.67336416e-02 4.93883275e-03
4.96563422e-01 -3.65422757e-02 5.26413317e-03
5.34760609e-01 -3.63633194e-02 5.59835411e-03
5.72957795e-01 -3.62021817e-02 5.93554996e-03
6.11154981e-01 -3.60600324e-02 6.27182949e-03
6.49352168e-01 -3.59360267e-02 6.60450028e-03
6.87549354e-01 -3.58284676e-02 6.93194338e-03
7.25746540e-01 -3.57353994e-02 7.25322993e-03
7.63943727e-01 -3.56548964e-02 7.56786496e-03
8.02140913e-01 -3.55851919e-02 7.87566468e-03
8.40338100e-01 -3.55247249e-02 8.17665129e-03
8.78535286e-01 -3.54721443e-02 8.47097080e-03
9.16732472e-01 -3.54262955e-02 8.75883224e-03
9.54929659e-01 -3.53861985e-02 9.04053082e-03
9.93126845e-01 -3.53510245e-02 9.31640514e-03
1.03132403e+00 -3.53200736e-02 9.58674061e-03
1.06952122e+00 -3.52927549e-02 9.85182007e-03
1.10771840e+00 -3.52685688e-02 1.01120257e-02
1.14591559e+00 -3.52470923e-02 1.03675831e-02
1.18411278e+00 -3.52279666e-02 1.06188218e-02
1.22230996e+00 -3.52108863e-02 1.08659977e-02
1.26050715e+00 -3.51955912e-02 1.11093606e-02
1.29870434e+00 -3.51818585e-02 1.13491654e-02
1.33690152e+00 -3.51694975e-02 1.15856286e-02
1.37509871e+00 -3.51583438e-02 1.18189609e-02
1.41329589e+00 -3.51482557e-02 1.20493860e-02
1.45149308e+00 -3.51391109e-02 1.22770433e-02
1.48969027e+00 -3.51308030e-02 1.25021755e-02
1.52788745e+00 -3.51232395e-02 1.27248780e-02
1.56608464e+00 -3.51163398e-02 1.29453546e-02
1.60428183e+00 -3.51100335e-02 1.31637468e-02
1.64247901e+00 -3.51042587e-02 1.33801510e-02
1.68067620e+00 -3.50989611e-02 1.35947508e-02
1.71887339e+00 -3.50940928e-02 1.38076404e-02
1.75707057e+00 -3.50896115e-02 1.40189142e-02
1.79526776e+00 -3.50854799e-02 1.42287238e-02
1.83346494e+00 -3.50816647e-02 1.44371511e-02
1.87166213e+00 -3.50781364e-02 1.46442676e-02
1.90985932e+00 -3.50748687e-02 1.48502014e-02
1.94805650e+00 -3.50718382e-02 1.50550375e-02
1.98625369e+00 -3.50690238e-02 1.52588254e-02
2.02445088e+00 -3.50664068e-02 1.54616614e-02
2.06264806e+00 -3.50639702e-02 1.56636367e-02
2.10084525e+00 -3.50616988e-02 1.58648066e-02
2.13904244e+00 -3.50595789e-02 1.60652205e-02
2.17723962e+00 -3.50575982e-02 1.62649641e-02
2.21543681e+00 -3.50557456e-02 1.64641065e-02
2.25363399e+00 -3.50540107e-02 1.66626933e-02
2.29183118e+00 -3.50523846e-02 1.68607674e-02
2.33002837e+00 -3.50508589e-02 1.70583985e-02
2.36822555e+00 -3.50494259e-02 1.72556452e-02
2.40642274e+00 -3.50480788e-02 1.74525512e-02
2.44461993e+00 -3.50468112e-02 1.76491512e-02
2.48281711e+00 -3.50456174e-02 1.78454968e-02
2.52101430e+00 -3.50444922e-02 1.80416414e-02
2.55921148e+00 -3.50434307e-02 1.82376278e-02
2.59740867e+00 -3.50424285e-02 1.84334907e-02
2.63560586e+00 -3.50414815e-02 1.86292637e-02
2.67380304e+00 -3.50405860e-02 1.88249918e-02
2.71200023e+00 -3.50397386e-02 1.90207168e-02
2.75019742e+00 -3.50389360e-02 1.92164741e-02
2.78839460e+00 -3.50381755e-02 1.94122954e-02
2.82659179e+00 -3.50374543e-02 1.96082113e-02
2.86478898e+00 -3.50367699e-02 1.98042583e-02
2.90298616e+00 -3.50361200e-02 2.00004713e-02
2.94118335e+00 -3.50355024e-02 2.01968815e-02
2.97938053e+00 -3.50349153e-02 2.03935184e-02
3.01757772e+00 -3.50343567e-02 2.05904109e-02
3.05577491e+00 -3.50338250e-02 2.07875892e-02
3.09397209e+00 -3.50333186e-02 2.09850830e-02
3.13216928e+00 -3.50328359e-02 2.11829201e-02
3.17036647e+00 -3.50323758e-02 2.13811272e-02
3.20856365e+00 -3.50319367e-02 2.15797311e-02
3.24676084e+00 -3.50315177e-02 2.17787600e-02
3.28495803e+00 -3.50311175e-02 2.19782419e-02
3.32315521e+00 -3.50307352e-02 2.21782013e-02
3.36135240e+00 -3.50303697e-02 2.23786617e-02
3.39954958e+00 -3.50300201e-02 2.25796468e-02
3.43774677e+00 -3.50296856e-02 2.27811811e-02
3.47594396e+00 -3.50293655e-02 2.29832915e-02
3.51414114e+00 -3.50290589e-02 2.31860061e-02
3.55233833e+00 -3.50287652e-02 2.33893480e-02
3.59053552e+00 -3.50284836e-02 2.35933373e-02
3.62873270e+00 -3.50282137e-02 2.37979945e-02
3.66692989e+00 -3.50279547e-02 2.40033419e-02
3.70512708e+00 -3.50277063e-02 2.42094032e-02
3.74332426e+00 -3.50274677e-02 2.44162053e-02
3.78152145e+00 -3.50272387e-02 2.46237762e-02
3.81971863e+00 -3.50270186e-02 2.48321366e-02
3.85791582e+00 -3.50268071e-02 2.50413040e-02
3.89611301e+00 -3.50266038e-02 2.52512973e-02
3.93431019e+00 -3.50264083e-02 2.54621373e-02
3.97250738e+00 -3.50262202e-02 2.56738467e-02
4.01070457e+00 -3.50260393e-02 2.58864512e-02
4.04890175e+00 -3.50258650e-02 2.60999797e-02
4.08709894e+00 -3.50256973e-02 2.63144560e-02
4.12529612e+00 -3.50255357e-02 2.65298964e-02
4.16349331e+00 -3.50253801e-02 2.67463182e-02
4.20169050e+00 -3.50252301e-02 2.69637404e-02
4.23988768e+00 -3.50250854e-02 2.71821840e-02
4.27808487e+00 -3.50249460e-02 2.74016728e-02
4.31628206e+00 -3.50248115e-02 2.76222335e-02
4.35447924e+00 -3.50246818e-02 2.78438957e-02
4.39267643e+00 -3.50245566e-02 2.80666825e-02
4.43087362e+00 -3.50244357e-02 2.82906097e-02
4.46907080e+00 -3.50243190e-02 2.85156945e-02
4.50726799e+00 -3.50242064e-02 2.87419561e-02
4.54546517e+00 -3.50240975e-02 2.89694158e-02
4.58366236e+00 -3.50239924e-02 2.91980975e-02
4.62185955e+00 -3.50238908e-02 2.94280278e-02
4.66005673e+00 -3.50237926e-02 2.96592368e-02
4.69825392e+00 -3.50236977e-02 2.98917525e-02
4.73645111e+00 -3.50236060e-02 3.01255928e-02
4.77464829e+00 -3.50235172e-02 3.03607749e-02
4.81284548e+00 -3.50234314e-02 3.05973181e-02
4.85104267e+00 -3.50233484e-02 3.08352435e-02
4.88923985e+00 -3.50232680e-02 3.10745747e-02
4.92743704e+00 -3.50231903e-02 3.13153379e-02
4.96563422e+00 -3.50231151e-02 3.15575619e-02
5.00383141e+00 -3.50230423e-02 3.18012786e-02
5.04202860e+00 -3.50229718e-02 3.20465162e-02
5.08022578e+00 -3.50229035e-02 3.22932935e-02
5.11842297e+00 -3.50228374e-02 3.25416299e-02
5.15662016e+00 -3.50227734e-02 3.27915467e-02
5.19481734e+00 -3.50227115e-02 3.30430670e-02
5.23301453e+00 -3.50226514e-02 3.32962164e-02
5.27121172e+00 -3.50225933e-02 3.35510229e-02
5.30940890e+00 -3.50225369e-02 3.38075169e-02
5.34760609e+00 -3.50224823e-02 3.40657317e-02
5.38580327e+00 -3.50224294e-02 3.43257001e-02
5.42400046e+00 -3.50223782e-02 3.45874453e-02
5.46219765e+00 -3.50223285e-02 3.48509889e-02
5.50039483e+00 -3.50222804e-02 3.51163545e-02
5.53859202e+00 -3.50222337e-02 3.53835677e-02
5.57678921e+00 -3.50221885e-02 3.56526559e-02
5.61498639e+00 -3.50221447e-02 3.59236489e-02
5.65318358e+00 -3.50221023e-02 3.61965786e-02
5.69138076e+00 -3.50220612e-02 3.64714796e-02
5.72957795e+00 -3.50220213e-02 3.67483887e-02
5.76777514e+00 -3.50219827e-02 3.70273391e-02
5.80597232e+00 -3.50219452e-02 3.73083563e-02
5.84416951e+00 -3.50219090e-02 3.75914670e-02
5.88236670e+00 -3.50218738e-02 3.78766993e-02
5.92056388e+00 -3.50218398e-02 3.81640835e-02
5.95876107e+00 -3.50218068e-02 3.84536515e-02
5.99695826e+00 -3.50217748e-02 3.87454375e-02
6.03515544e+00 -3.50217439e-02 3.90394777e-02
6.07335263e+00 -3.50217140e-02 3.93358107e-02
6.11154981e+00 -3.50216849e-02 3.96344770e-02
6.14974700e+00 -3.50216569e-02 3.99355143e-02
6.18794419e+00 -3.50216297e-02 4.02389538e-02
6.22614137e+00 -3.50216034e-02 4.05448278e-02
6.26433856e+00 -3.50215780e-02 4.08531700e-02
6.30253575e+00 -3.50215534e-02 4.11640161e-02
6.34073293e+00 -3.50215296e-02 4.14774035e-02
6.37893012e+00 -3.50215067e-02 4.17933715e-02
6.41712731e+00 -3.50214845e-02 4.21119611e-02
6.45532449e+00 -3.50214630e-02 4.24332157e-02
6.49352168e+00 -3.50214423e-02 4.27571804e-02
6.53171886e+00 -3.50214224e-02 4.30839003e-02
6.56991605e+00 -3.50214031e-02 4.34134148e-02
6.60811324e+00 -3.50213846e-02 4.37457630e-02
6.64631042e+00 -3.50213667e-02 4.40809861e-02
6.68450761e+00 -3.50213495e-02 4.44191264e-02
6.72270480e+00 -3.50213329e-02 4.47602280e-02
6.76090198e+00 -3.50213170e-02 4.51043370e-02
6.79909917e+00 -3.50213018e-02 4.54515008e-02
6.83729636e+00 -3.50212871e-02 4.58017688e-02
6.87549354e+00 -3.50212730e-02 4.61551921e-02
6.91369073e+00 -3.50212596e-02 4.65118234e-02
6.95188791e+00 -3.50212467e-02 4.68717131e-02
6.99008510e+00 -3.50212344e-02 4.72349101e-02
7.02828229e+00 -3.50212227e-02 4.76014644e-02
7.06647947e+00 -3.50212115e-02 4.79714277e-02
7.10467666e+00 -3.50212008e-02 4.83448530e-02
7.14287385e+00 -3.50211908e-02 4.87217951e-02
7.18107103e+00 -3.50211812e-02 4.91023100e-02
7.21926822e+00 -3.50211722e-02 4.94864557e-02
7.25746540e+00 -3.50211637e-02 4.98742914e-02
7.29566259e+00 -3.50211557e-02 5.02658778e-02
7.33385978e+00 -3.50211482e-02 5.06612771e-02
7.37205696e+00 -3.50211412e-02 5.10605507e-02
7.41025415e+00 -3.50211348e-02 5.14637611e-02
7.44845134e+00 -3.50211288e-02 5.18709722e-02
7.48664852e+00 -3.50211233e-02 5.22822493e-02
7.52484571e+00 -3.50211183e-02 5.26976589e-02
7.56304290e+00 -3.50211137e-02 5.31172690e-02
7.60124008e+00 -3.50211097e-02 5.35411491e-02
7.63943727e+00 -3.50211061e-02 5.39693698e-02
7.67763445e+00 -3.50211030e-02 5.44020031e-02
7.71583164e+00 -3.50211004e-02 5.48391223e-02
7.75402883e+00 -3.50210982e-02 5.52808030e-02
7.79222601e+00 -3.50210966e-02 5.57271243e-02
7.83042320e+00 -3.50210953e-02 5.61781665e-02
7.86862039e+00 -3.50210946e-02 5.66340115e-02
7.90681757e+00 -3.50210943e-02 5.70947422e-02
7.94501476e+00 -3.50210945e-02 5.75604427e-02
7.98321195e+00 -3.50210951e-02 5.80311985e-02
8.02140913e+00 -3.50210962e-02 5.85070959e-02
8.05960632e+00 -3.50210978e-02 5.89882226e-02
8.09780350e+00 -3.50210998e-02 5.94746669e-02
8.13600069e+00 -3.50211023e-02 5.99665191e-02
8.17419788e+00 -3.50211053e-02 6.04638769e-02
8.21239506e+00 -3.50211088e-02 6.09668433e-02
8.25059225e+00 -3.50211127e-02 6.14755225e-02
8.28878944e+00 -3.50211171e-02 6.19900196e-02
8.32698662e+00 -3.50211220e-02 6.25104410e-02
8.36518381e+00 -3.50211274e-02 6.30368939e-02
8.40338100e+00 -3.50211332e-02 6.35694867e-02
8.44157818e+00 -3.50211396e-02 6.41083280e-02
8.47977537e+00 -3.50211464e-02 6.46535276e-02
8.51797255e+00 -3.50211538e-02 6.52051957e-02
8.55616974e+00 -3.50211616e-02 6.57634495e-02
8.59436693e+00 -3.50211700e-02 6.63284211e-02
8.63256411e+00 -3.50211789e-02 6.69002449e-02
8.67076130e+00 -3.50211883e-02 6.74790566e-02
8.70895849e+00 -3.50211983e-02 6.80649927e-02
8.74715567e+00 -3.50212088e-02 6.86581904e-02
8.78535286e+00 -3.50212198e-02 6.92587873e-02
8.82355005e+00 -3.50212314e-02 6.98669217e-02
8.86174723e+00 -3.50212436e-02 7.04827320e-02
8.89994442e+00 -3.50212563e-02 7.11063568e-02
8.93814160e+00 -3.50212696e-02 7.17379397e-02
8.97633879e+00 -3.50212835e-02 7.23776490e-02
9.01453598e+00 -3.50212980e-02 7.30256606e-02
9.05273316e+00 -3.50213132e-02 7.36821514e-02
9.09093035e+00 -3.50213289e-02 7.43472988e-02
9.12912754e+00 -3.50213453e-02 7.50212804e-02
9.16732472e+00 -3.50213623e-02 7.57042742e-02
9.20552191e+00 -3.50213801e-02 7.63964580e-02
9.24371909e+00 -3.50213984e-02 7.70980093e-02
9.28191628e+00 -3.50214175e-02 7.78091050e-02
9.32011347e+00 -3.50214373e-02 7.85299291e-02
9.35831065e+00 -3.50214578e-02 7.92607025e-02
9.39650784e+00 -3.50214790e-02 8.00016574e-02
9.43470503e+00 -3.50215010e-02 8.07530263e-02
9.47290221e+00 -3.50215238e-02 8.15150419e-02
9.51109940e+00 -3.50215474e-02 8.22879366e-02
9.54929659e+00 -3.50215718e-02 8.30719423e-02
9.58749377e+00 -3.50215970e-02 8.38672901e-02
9.62569096e+00 -3.50216231e-02 8.46742098e-02
9.66388814e+00 -3.50216500e-02 8.54929300e-02
9.70208533e+00 -3.50216779e-02 8.63237049e-02
9.74028252e+00 -3.50217066e-02 8.71668373e-02
9.77847970e+00 -3.50217363e-02 8.80226352e-02
9.81667689e+00 -3.50217670e-02 8.88914062e-02
9.85487408e+00 -3.50217987e-02 8.97734572e-02
9.89307126e+00 -3.50218314e-02 9.06690936e-02
9.93126845e+00 -3.50218652e-02 9.15786195e-02
9.96946564e+00 -3.50219001e-02 9.25023365e-02
1.00076628e+01 -3.50219361e-02 9.34405436e-02
1.00458600e+01 -3.50219732e-02 9.43935563e-02
1.00840572e+01 -3.50220115e-02 9.53617661e-02
1.01222544e+01 -3.50220511e-02 9.63455835e-02
1.01604516e+01 -3.50220919e-02 9.73454180e-02
1.01986488e+01 -3.50221340e-02 9.83616770e-02
1.02368459e+01 -3.50221775e-02 9.93947657e-02
1.02750431e+01 -3.50222223e-02 1.00445086e-01
1.03132403e+01 -3.50222686e-02 1.01513036e-01
1.03514375e+01 -3.50223164e-02 1.02599010e-01
1.03896347e+01 -3.50223656e-02 1.03703438e-01
1.04278319e+01 -3.50224165e-02 1.04826853e-01
1.04660291e+01 -3.50224690e-02 1.05969806e-01
1.05042262e+01 -3.50225231e-02 1.07132841e-01
1.05424234e+01 -3.50225790e-02 1.08316502e-01
1.05806206e+01 -3.50226367e-02 1.09521327e-01
1.06188178e+01 -3.50226963e-02 1.10747847e-01
1.06570150e+01 -3.50227578e-02 1.11996590e-01
1.06952122e+01 -3.50228213e-02 1.13268090e-01
1.07334094e+01 -3.50228868e-02 1.14563017e-01
1.07716065e+01 -3.50229545e-02 1.15882109e-01
1.08098037e+01 -3.50230245e-02 1.17226100e-01
1.08480009e+01 -3.50230967e-02 1.18595716e-01
1.08861981e+01 -3.50231713e-02 1.19991680e-01
1.09243953e+01 -3.50232484e-02 1.21414703e-01
1.09625925e+01 -3.50233281e-02 1.22865488e-01
1.10007897e+01 -3.50234104e-02 1.24344758e-01
1.10389869e+01 -3.50234955e-02 1.25853432e-01
1.10771840e+01 -3.50235835e-02 1.27392501e-01
1.11153812e+01 -3.50236745e-02 1.28962949e-01
1.11535784e+01 -3.50237686e-02 1.30565750e-01
1.11917756e+01 -3.50238660e-02 1.32201868e-01
1.12299728e+01 -3.50239667e-02 1.33872254e-01
1.12681700e+01 -3.50240709e-02 1.35577848e-01
1.13063672e+01 -3.50241788e-02 1.37319758e-01
1.13445643e+01 -3.50242905e-02 1.39099308e-01
1.13827615e+01 -3.50244062e-02 1.40917828e-01
1.14209587e+01 -3.50245260e-02 1.42776631e-01
1.14591559e+01 -3.50246501e-02 1.44677016e-01
1.14973531e+01 -3.50247787e-02 1.46620263e-01
1.15355503e+01 -3.50249120e-02 1.48607642e-01
1.15737475e+01 -3.50250501e-02 1.50640666e-01
1.16119446e+01 -3.50251934e-02 1.52721124e-01
1.16501418e+01 -3.50253421e-02 1.54850801e-01
1.16883390e+01 -3.50254963e-02 1.57031462e-01
1.17265362e+01 -3.50256564e-02 1.59264846e-01
1.17647334e+01 -3.50258226e-02 1.61552667e-01
1.18029306e+01 -3.50259951e-02 1.63896738e-01
1.18411278e+01 -3.50261744e-02 1.66299365e-01
1.18793250e+01 -3.50263607e-02 1.68762958e-01
1.19175221e+01 -3.50265543e-02 1.71289901e-01
1.19557193e+01 -3.50267556e-02 1.73882545e-01
1.19939165e+01 -3.50269650e-02 1.76543201e-01
1.20321137e+01 -3.50271829e-02 1.79274313e-01
1.20703109e+01 -3.50274097e-02 1.82078978e-01
1.21085081e+01 -3.50276458e-02 1.84960431e-01
1.21467053e+01 -3.50278917e-02 1.87921869e-01
1.21849024e+01 -3.50281480e-02 1.90966442e-01
1.22230996e+01 -3.50284152e-02 1.94097262e-01
1.22612968e+01 -3.50286937e-02 1.97317992e-01
1.22994940e+01 -3.50289844e-02 2.00632952e-01
1.23376912e+01 -3.50292877e-02 2.04046453e-01
1.23758884e+01 -3.50296044e-02 2.07562745e-01
1.24140856e+01 -3.50299352e-02 2.11186013e-01
1.24522827e+01 -3.50302809e-02 2.14920994e-01
1.24904799e+01 -3.50306423e-02 2.18773421e-01
1.25286771e+01 -3.50310204e-02 2.22749059e-01
1.25668743e+01 -3.50314160e-02 2.26853590e-01
1.26050715e+01 -3.50318303e-02 2.31092666e-01
1.26432687e+01 -3.50322642e-02 2.35473053e-01
1.26814659e+01 -3.50327190e-02 2.40002462e-01
1.27196631e+01 -3.50331958e-02 2.44688535e-01
1.27578602e+01 -3.50336962e-02 2.49538796e-01
1.27960574e+01 -3.50342215e-02 2.54561489e-01
1.28342546e+01 -3.50347732e-02 2.59766657e-01
1.28724518e+01 -3.50353530e-02 2.65164481e-01
1.29106490e+01 -3.50359628e-02 2.70764987e-01
1.29488462e+01 -3.50366044e-02 2.76579083e-01
1.29870434e+01 -3.50372800e-02 2.82620011e-01
1.30252405e+01 -3.50379918e-02 2.88901203e-01
1.30634377e+01 -3.50387423e-02 2.95435980e-01
1.31016349e+01 -3.50395340e-02 3.02239783e-01
1.31398321e+01 -3.50403700e-02 3.09330294e-01
1.31780293e+01 -3.50412531e-02 3.16725072e-01
1.32162265e+01 -3.50421869e-02 3.24442746e-01
1.32544237e+01 -3.50431750e-02 3.32505862e-01
1.32926208e+01 -3.50442213e-02 3.40937484e-01
1.33308180e+01 -3.50453302e-02 3.49761518e-01
1.33690152e+01 -3.50465063e-02 3.59006850e-01
1.34072124e+01 -3.50477550e-02 3.68703488e-01
1.34454096e+01 -3.50490816e-02 3.78883171e-01
1.34836068e+01 -3.50504926e-02 3.89583807e-01
1.35218040e+01 -3.50519945e-02 4.00844265e-01
1.35600012e+01 -3.50535948e-02 4.12708453e-01
1.35981983e+01 -3.50553016e-02 4.25226076e-01
1.36363955e+01 -3.50571240e-02 4.38449272e-01
1.36745927e+01 -3.50590717e-02 4.52439765e-01
1.37127899e+01 -3.50611557e-02 4.67262456e-01
1.37509871e+01 -3.50633880e-02 4.82993232e-01
1.37891843e+01 -3.50657820e-02 4.99714070e-01
1.38273815e+01 -3.50683524e-02 5.17519795e-01
1.38655786e+01 -3.50711158e-02 5.36514386e-01
1.39037758e+01 -3.50740905e-02 5.56818442e-01
1.39419730e+01 -3.50772968e-02 5.78565438e-01
1.39801702e+01 -3.50807577e-02 6.01910122e-01
1.40183674e+01 -3.50844986e-02 6.27027734e-01
1.40565646e+01 -3.50885483e-02 6.54118668e-01
1.40947618e+01 -3.50929389e-02 6.83415156e-01
1.41329589e+01 -3.50977067e-02 7.15184717e-01
1.41711561e+01 -3.51028929e-02 7.49737571e-01
1.42093533e+01 -3.51085437e-02 7.87435586e-01
1.42475505e+01 -3.51147118e-02 8.28702701e-01
1.42857477e+01 -3.51214570e-02 8.74037485e-01
1.43239449e+01 -3.51288476e-02 9.24028866e-01
1.43621421e+01 -3.51369614e-02 9.79375518e-01
1.44003393e+01 -3.51458878e-02 1.04090984e+00
1.44385364e+01 -3.51557295e-02 1.10962645e+00
1.44767336e+01 -3.51666046e-02 1.18671522e+00
1.45149308e+01 -3.51786497e-02 1.27360181e+00
1.45531280e+01 -3.51920230e-02 1.37198671e+00
1.45913252e+01 -3.52069084e-02 1.48388258e+00
1.46295224e+01 -3.52235200e-02 1.61162958e+00
1.46677196e+01 -3.52421082e-02 1.75785697e+00
1.47059167e+01 -3.52629662e-02 1.92532324e+00
1.47441139e+01 -3.52864386e-02 2.11651065e+00
1.47823111e+01 -3.53129314e-02 2.33275918e+00
1.48205083e+01 -3.53429236e-02 2.57263655e+00
1.48587055e+01 -3.53769819e-02 2.82928920e+00
1.48969027e+01 -3.54157771e-02 3.08708981e+00
1.49350999e+01 -3.54601039e-02 3.31951386e+00
1.49732970e+01 -3.55109022e-02 3.49231977e+00
1.50114942e+01 -3.55692811e-02 3.57509199e+00
1.50496914e+01 -3.56365405e-02 3.55615306e+00
1.50878886e+01 -3.57141887e-02 3.44832079e+00
1.51260858e+01 -3.58039432e-02 3.28022933e+00
1.51642830e+01 -3.59076978e-02 3.08228336e+00
1.52024802e+01 -3.60274198e-02 2.87777259e+00
1.52406774e+01 -3.61649110e-02 2.68102259e+00
1.52788745e+01 -3.63213098e-02 2.49924825e+00
1.53170717e+01 -3.64961051e-02 2.33510585e+00
1.53552689e+01 -3.66852411e-02 2.18869641e+00
1.53934661e+01 -3.68775439e-02 2.05884324e+00
1.54316633e+01 -3.70480846e-02 1.94381774e+00
1.54698605e+01 -3.71460939e-02 1.84171744e+00
1.55080577e+01 -3.70736441e-02 1.75064359e+00
1.55462548e+01 -3.66502485e-02 1.66877005e+00
1.55844520e+01 -3.55611431e-02 1.59435714e+00
1.56226492e+01 -3.33038282e-02 1.52574272e+00
1.56608464e+01 -2.92017969e-02 1.46133689e+00
1.56990436e+01 -2.26656074e-02 1.39964544e+00
1.57372408e+01 -1.39447913e-02 1.33935325e+00
1.57754380e+01 -5.17068654e-03 1.27948626e+00
1.58136351e+01 -2.25018250e-04 1.21961469e+00
1.58518323e+01 -1.97213080e-03 1.15996705e+00
1.58900295e+01 -9.34770333e-03 1.10130741e+00
1.59282267e+01 -1.85033146e-02 1.04459875e+00
1.59664239e+01 -2.62580213e-02 9.90664784e-01
1.60046211e+01 -3.15302592e-02 9.40022017e-01
1.60428183e+01 -3.46190462e-02 8.92880502e-01
1.60810155e+01 -3.62159890e-02 8.49223929e-01
1.61192126e+01 -3.69218459e-02 8.08897076e-01
1.61574098e+01 -3.71400229e-02 7.71673816e-01
1.61956070e+01 -3.71107860e-02 7.37301188e-01
1.62338042e+01 -3.69678226e-02 7.05524177e-01
1.62720014e+01 -3.67820286e-02 6.76100721e-01
1.63101986e+01 -3.65892592e-02 6.48806227e-01
1.63483958e+01 -3.64064599e-02 6.23437819e-01
1.63865929e+01 -3.62406459e-02 5.99812195e-01
1.64247901e+01 -3.60937806e-02 5.77766323e-01
1.64629873e+01 -3.59653826e-02 5.57154526e-01
1.65011845e+01 -3.58538957e-02 5.37846907e-01
1.65393817e+01 -3.57573930e-02 5.19728668e-01
1.65775789e+01 -3.56739247e-02 5.02696175e-01
1.66157761e+01 -3.56016780e-02 4.86658074e-01
1.66539732e+01 -3.55390385e-02 4.71532284e-01
1.66921704e+01 -3.54846037e-02 4.57244636e-01
1.67303676e+01 -3.54371719e-02 4.43729704e-01
1.67685648e+01 -3.53957215e-02 4.30927856e-01
1.68067620e+01 -3.53593882e-02 4.18784973e-01
1.68449592e+01 -3.53274419e-02 4.07253159e-01
1.68831564e+01 -3.52992662e-02 3.96288549e-01
1.69213535e+01 -3.52743401e-02 3.85850716e-01
1.69595507e+01 -3.52522228e-02 3.75903696e-01
1.69977479e+01 -3.52325405e-02 3.66414959e-01
1.70359451e+01 -3.52149754e-02 3.57353793e-01
1.70741423e+01 -3.51992567e-02 3.48692450e-01
1.71123395e+01 -3.51851528e-02 3.40406148e-01
1.71505367e+01 -3.51724656e-02 3.32471824e-01
1.71887339e+01 -3.51610244e-02 3.24867635e-01
1.72269310e+01 -3.51506824e-02 3.17573887e-01
1.72651282e+01 -3.51413125e-02 3.10572907e-01
1.73033254e+01 -3.51328047e-02 3.03848091e-01
1.73415226e+01 -3.51250633e-02 2.97383503e-01
1.73797198e+01 -3.51180048e-02 2.91164688e-01
1.74179170e+01 -3.51115565e-02 2.85178619e-01
1.74561142e+01 -3.51056543e-02 2.79413292e-01
1.74943113e+01 -3.51002422e-02 2.73856885e-01
1.75325085e+01 -3.50952708e-02 2.68498451e-01
1.75707057e+01 -3.50906966e-02 2.63328061e-01
1.76089029e+01 -3.50864809e-02 2.58336729e-01
1.76471001e+01 -3.50825896e-02 2.53515918e-01
1.76852973e+01 -3.50789922e-02 2.48857169e-01
1.77234945e+01 -3.50756617e-02 2.44352698e-01
1.77616916e+01 -3.50725741e-02 2.39995418e-01
1.77998888e+01 -3.50697075e-02 2.35778890e-01
1.78380860e+01 -3.50670429e-02 2.31697021e-01
1.78762832e+01 -3.50645627e-02 2.27743656e-01
1.79144804e+01 -3.50622514e-02 2.23913061e-01
1.79526776e+01 -3.50600949e-02 2.20199990e-01
1.79908748e+01 -3.50580805e-02 2.16599653e-01
1.80290720e+01 -3.50561968e-02 2.13107656e-01
1.80672691e+01 -3.50544335e-02 2.09719589e-01
1.81054663e+01 -3.50527810e-02 2.06431103e-01
1.81436635e+01 -3.50512310e-02 2.03238187e-01
1.81818607e+01 -3.50497755e-02 2.00137158e-01
1.82200579e+01 -3.50484075e-02 1.97124639e-01
1.82582551e+01 -3.50471206e-02 1.94197524e-01
1.82964523e+01 -3.50459089e-02 1.91352656e-01
1.83346494e+01 -3.50447671e-02 1.88586891e-01
1.83728466e+01 -3.50436901e-02 1.85897318e-01
1.84110438e+01 -3.50426734e-02 1.83281252e-01
1.84492410e+01 -3.50417130e-02 1.80736223e-01
1.84874382e+01 -3.50408050e-02 1.78259963e-01
1.85256354e+01 -3.50399459e-02 1.75850284e-01
1.85638326e+01 -3.50391324e-02 1.73504882e-01
1.86020297e+01 -3.50383617e-02 1.71221575e-01
1.86402269e+01 -3.50376309e-02 1.68998341e-01
1.86784241e+01 -3.50369375e-02 1.66833313e-01
1.87166213e+01 -3.50362792e-02 1.64724767e-01
1.87548185e+01 -3.50356537e-02 1.62671115e-01
1.87930157e+01 -3.50350592e-02 1.60670801e-01
1.88312129e+01 -3.50344936e-02 1.58722175e-01
1.88694101e+01 -3.50339554e-02 1.56823674e-01
1.89076072e+01 -3.50334427e-02 1.54973845e-01
1.89458044e+01 -3.50329543e-02 1.53171342e-01
1.89840016e+01 -3.50324887e-02 1.51414917e-01
1.90221988e+01 -3.50320445e-02 1.49703419e-01
1.90603960e+01 -3.50316205e-02 1.48035766e-01
1.90985932e+01 -3.50312157e-02 1.46410802e-01
1.91367904e+01 -3.50308290e-02 1.44827374e-01
1.91749875e+01 -3.50304594e-02 1.43284406e-01
1.92131847e+01 -3.50301060e-02 1.41780898e-01
1.92513819e+01 -3.50297678e-02 1.40315922e-01
1.92895791e+01 -3.50294442e-02 1.38888614e-01
1.93277763e+01 -3.50291342e-02 1.37498179e-01
1.93659735e+01 -3.50288374e-02 1.36143858e-01
1.94041707e+01 -3.50285528e-02 1.34824829e-01
1.94423678e+01 -3.50282801e-02 1.33540276e-01
1.94805650e+01 -3.50280184e-02 1.32289437e-01
1.95187622e+01 -3.50277674e-02 1.31071602e-01
1.95569594e+01 -3.50275264e-02 1.29886111e-01
1.95951566e+01 -3.50272950e-02 1.28732349e-01
1.96333538e+01 -3.50270727e-02 1.27609746e-01
1.96715510e+01 -3.50268592e-02 1.26517772e-01
1.97097482e+01 -3.50266539e-02 1.25455872e-01
1.97479453e+01 -3.50264564e-02 1.24423457e-01
1.97861425e+01 -3.50262665e-02 1.23419974e-01
1.98243397e+01 -3.50260838e-02 1.22444905e-01
1.98625369e+01 -3.50259079e-02 1.21497767e-01
1.99007341e+01 -3.50257386e-02 1.20578109e-01
1.99389313e+01 -3.50255755e-02 1.19685512e-01
1.99771285e+01 -3.50254184e-02 1.18819586e-01
2.00153256e+01 -3.50252670e-02 1.17979965e-01
2.00535228e+01 -3.50251211e-02 1.17166252e-01
2.00917200e+01 -3.50249804e-02 1.16378037e-01
2.01299172e+01 -3.50248446e-02 1.15614931e-01
2.01681144e+01 -3.50247137e-02 1.14876571e-01
2.02063116e+01 -3.50245874e-02 1.14162618e-01
2.02445088e+01 -3.50244655e-02 1.13472753e-01
2.02827059e+01 -3.50243478e-02 1.12806680e-01
2.03209031e+01 -3.50242341e-02 1.12164121e-01
2.03591003e+01 -3.50241244e-02 1.11544817e-01
2.03972975e+01 -3.50240183e-02 1.10948500e-01
2.04354947e+01 -3.50239159e-02 1.10374875e-01
2.04736919e+01 -3.50238168e-02 1.09823662e-01
2.05118891e+01 -3.50237211e-02 1.09294597e-01
2.05500863e+01 -3.50236286e-02 1.08787431e-01
2.05882834e+01 -3.50235391e-02 1.08301930e-01
2.06264806e+01 -3.50234526e-02 1.07837874e-01
2.06646778e+01 -3.50233689e-02 1.07395057e-01
2.07028750e+01 -3.50232879e-02 1.06973286e-01
2.07410722e+01 -3.50232095e-02 1.06572376e-01
2.07792694e+01 -3.50231336e-02 1.06192124e-01
2.08174666e+01 -3.50230602e-02 1.05832320e-01
2.08556637e+01 -3.50229892e-02 1.05492762e-01
2.08938609e+01 -3.50229204e-02 1.05173261e-01
2.09320581e+01 -3.50228538e-02 1.04873636e-01
2.09702553e+01 -3.50227892e-02 1.04593718e-01
2.10084525e+01 -3.50227268e-02 1.04333345e-01
2.10466497e+01 -3.50226662e-02 1.04092365e-01
2.10848469e+01 -3.50226076e-02 1.03870634e-01
2.11230440e+01 -3.50225508e-02 1.03668013e-01
2.11612412e+01 -3.50224958e-02 1.03484352e-01
2.11994384e+01 -3.50224425e-02 1.03319492e-01
2.12376356e+01 -3.50223908e-02 1.03173284e-01
2.12758328e+01 -3.50223408e-02 1.03045585e-01
2.13140300e+01 -3.50222923e-02 1.02936257e-01
2.13522272e+01 -3.50222453e-02 1.02845171e-01
2.13904244e+01 -3.50221997e-02 1.02772202e-01
2.14286215e+01 -3.50221556e-02 1.02717233e-01
2.14668187e+01 -3.50221128e-02 1.02680152e-01
2.15050159e+01 -3.50220713e-02 1.02660851e-01
2.15432131e+01 -3.50220311e-02 1.02659220e-01
2.15814103e+01 -3.50219922e-02 1.02675140e-01
2.16196075e+01 -3.50219545e-02 1.02708496e-01
2.16578047e+01 -3.50219179e-02 1.02759180e-01
2.16960018e+01 -3.50218825e-02 1.02827087e-01
2.17341990e+01 -3.50218482e-02 1.02912117e-01
2.17723962e+01 -3.50218149e-02 1.03014177e-01
2.18105934e+01 -3.50217827e-02 1.03133174e-01
2.18487906e+01 -3.50217515e-02 1.03269025e-01
2.18869878e+01 -3.50217213e-02 1.03421648e-01
2.19251850e+01 -3.50216921e-02 1.03590963e-01
2.19633821e+01 -3.50216638e-02 1.03776890e-01
2.20015793e+01 -3.50216364e-02 1.03979346e-01
2.20397765e+01 -3.50216099e-02 1.04198254e-01
2.20779737e+01 -3.50215843e-02 1.04433541e-01
2.21161709e+01 -3.50215595e-02 1.04685138e-01
2.21543681e+01 -3.50215355e-02 1.04952980e-01
2.21925653e+01 -3.50215123e-02 1.05237008e-01
2.22307625e+01 -3.50214899e-02 1.05537164e-01
2.22689596e+01 -3.50214683e-02 1.05853397e-01
2.23071568e+01 -3.50214474e-02 1.06185657e-01
2.23453540e+01 -3.50214273e-02 1.06533900e-01
2.23835512e+01 -3.50214079e-02 1.06898081e-01
2.24217484e+01 -3.50213892e-02 1.07278160e-01
2.24599456e+01 -3.50213711e-02 1.07674100e-01
2.24981428e+01 -3.50213537e-02 1.08085870e-01
2.25363399e+01 -3.50213370e-02 1.08513440e-01
2.25745371e+01 -3.50213210e-02 1.08956788e-01
2.26127343e+01 -3.50213055e-02 1.09415893e-01
2.26509315e+01 -3.50212907e-02 1.09890738e-01
2.26891287e+01 -3.50212765e-02 1.10381313e-01
2.27273259e+01 -3.50212629e-02 1.10887609e-01
2.27655231e+01 -3.50212499e-02 1.11409625e-01
2.28037202e+01 -3.50212374e-02 1.11947367e-01
2.28419174e+01 -3.50212255e-02 1.12500844e-01
2.28801146e+01 -3.50212142e-02 1.13070068e-01
2.29183118e+01 -3.50212035e-02 1.13655057e-01
2.29565090e+01 -3.50211932e-02 1.14255833e-01
2.29947062e+01 -3.50211835e-02 1.14872422e-01
2.30329034e+01 -3.50211744e-02 1.15504853e-01
2.30711006e+01 -3.50211658e-02 1.16153160e-01
2.31092977e+01 -3.50211576e-02 1.16817383e-01
2.31474949e+01 -3.50211500e-02 1.17497565e-01
2.31856921e+01 -3.50211429e-02 1.18193766e-01
2.32238893e+01 -3.50211363e-02 1.18906050e-01
2.32620865e+01 -3.50211302e-02 1.19634487e-01
2.33002837e+01 -3.50211246e-02 1.20379152e-01
2.33384809e+01 -3.50211195e-02 1.21140122e-01
2.33766780e+01 -3.50211148e-02 1.21917480e-01
2.34148752e+01 -3.50211107e-02 1.22711313e-01
2.34530724e+01 -3.50211070e-02 1.23521711e-01
2.34912696e+01 -3.50211038e-02 1.24348771e-01
2.35294668e+01 -3.50211010e-02 1.25192592e-01
2.35676640e+01 -3.50210987e-02 1.26053293e-01
2.36058612e+01 -3.50210969e-02 1.26931005e-01
2.36440583e+01 -3.50210956e-02 1.27825870e-01
2.36822555e+01 -3.50210947e-02 1.28738029e-01
2.37204527e+01 -3.50210943e-02 1.29667631e-01
2.37586499e+01 -3.50210944e-02 1.30614828e-01
2.37968471e+01 -3.50210949e-02 1.31579778e-01
2.38350443e+01 -3.50210959e-02 1.32562642e-01
2.38732415e+01 -3.50210973e-02 1.33563584e-01
2.39114387e+01 -3.50210993e-02 1.34582776e-01
2.39496358e+01 -3.50211017e-02 1.35620404e-01
2.39878330e+01 -3.50211045e-02 1.36676686e-01
2.40260302e+01 -3.50211079e-02 1.37751845e-01
2.40642274e+01 -3.50211117e-02 1.38846113e-01
2.41024246e+01 -3.50211159e-02 1.39959722e-01
2.41406218e+01 -3.50211207e-02 1.41092914e-01
2.41788190e+01 -3.50211260e-02 1.42245932e-01
2.42170161e+01 -3.50211317e-02 1.43419024e-01
2.42552133e+01 -3.50211379e-02 1.44612444e-01
2.42934105e+01 -3.50211447e-02 1.45826449e-01
2.43316077e+01 -3.50211519e-02 1.47061319e-01
2.43698049e+01 -3.50211596e-02 1.48317380e-01
2.44080021e+01 -3.50211679e-02 1.49594963e-01
2.44461993e+01 -3.50211766e-02 1.50894409e-01
2.44843964e+01 -3.50211859e-02 1.52216061e-01
2.45225936e+01 -3.50211957e-02 1.53560269e-01
2.45607908e+01 -3.50212061e-02 1.54927388e-01
2.45989880e+01 -3.50212170e-02 1.56317777e-01
2.46371852e+01 -3.50212285e-02 1.57731799e-01
2.46753824e+01 -3.50212405e-02 1.59169827e-01
2.47135796e+01 -3.50212531e-02 1.60632282e-01
2.47517767e+01 -3.50212662e-02 1.62119632e-01
2.47899739e+01 -3.50212800e-02 1.63632351e-01
2.48281711e+01 -3.50212944e-02 1.65170920e-01
2.48663683e+01 -3.50213093e-02 1.66735825e-01
2.49045655e+01 -3.50213249e-02 1.68327558e-01
2.49427627e+01 -3.50213412e-02 1.69946616e-01
2.49809599e+01 -3.50213580e-02 1.71593504e-01
2.50191571e+01 -3.50213756e-02 1.73268728e-01
2.50573542e+01 -3.50213938e-02 1.74972845e-01
2.50955514e+01 -3.50214127e-02 1.76706495e-01
2.51337486e+01 -3.50214323e-02 1.78470330e-01
2.51719458e+01 -3.50214526e-02 1.80265011e-01
2.52101430e+01 -3.50214737e-02 1.82091205e-01
2.52483402e+01 -3.50214955e-02 1.83949585e-01
2.52865374e+01 -3.50215181e-02 1.85840833e-01
2.53247345e+01 -3.50215414e-02 1.87765635e-01
2.53629317e+01 -3.50215656e-02 1.89724686e-01
2.54011289e+01 -3.50215906e-02 1.91718765e-01
2.54393261e+01 -3.50216165e-02 1.93748751e-01
2.54775233e+01 -3.50216432e-02 1.95815536e-01
2.55157205e+01 -3.50216708e-02 1.97920021e-01
2.55539177e+01 -3.50216993e-02 2.00063117e-01
2.55921148e+01 -3.50217288e-02 2.02245741e-01
2.56303120e+01 -3.50217593e-02 2.04468819e-01
2.56685092e+01 -3.50217907e-02 2.06733283e-01
2.57067064e+01 -3.50218232e-02 2.09040121e-01
2.57449036e+01 -3.50218567e-02 2.11390492e-01
2.57831008e+01 -3.50218913e-02 2.13785601e-01
2.58212980e+01 -3.50219270e-02 2.16226666e-01
2.58594952e+01 -3.50219638e-02 2.18714913e-01
2.58976923e+01 -3.50220018e-02 2.21251583e-01
2.59358895e+01 -3.50220411e-02 2.23837920e-01
2.59740867e+01 -3.50220816e-02 2.26475182e-01
2.60122839e+01 -3.50221234e-02 2.29164717e-01
2.60504811e+01 -3.50221665e-02 2.31908105e-01
2.60886783e+01 -3.50222110e-02 2.34706977e-01
2.61268755e+01 -3.50222569e-02 2.37562977e-01
2.61650726e+01 -3.50223043e-02 2.40477764e-01
2.62032698e+01 -3.50223532e-02 2.43453010e-01
2.62414670e+01 -3.50224036e-02 2.46490398e-01
2.62796642e+01 -3.50224557e-02 2.49591652e-01
2.63178614e+01 -3.50225094e-02 2.52758784e-01
2.63560586e+01 -3.50225649e-02 2.55993981e-01
2.63942558e+01 -3.50226221e-02 2.59299455e-01
2.64324529e+01 -3.50226812e-02 2.62677433e-01
2.64706501e+01 -3.50227422e-02 2.66130161e-01
2.65088473e+01 -3.50228052e-02 2.69659900e-01
2.65470445e+01 -3.50228703e-02 2.73268977e-01
2.65852417e+01 -3.50229374e-02 2.76960122e-01
2.66234389e+01 -3.50230068e-02 2.80736287e-01
2.66616361e+01 -3.50230784e-02 2.84600446e-01
2.66998333e+01 -3.50231524e-02 2.88555601e-01
2.67380304e+01 -3.50232289e-02 2.92604777e-01
2.67762276e+01 -3.50233079e-02 2.96751023e-01
2.68144248e+01 -3.50233896e-02 3.00997707e-01
2.68526220e+01 -3.50234740e-02 3.05348729e-01
2.68908192e+01 -3.50235613e-02 3.09808073e-01
2.69290164e+01 -3.50236515e-02 3.14379758e-01
2.69672136e+01 -3.50237448e-02 3.19067835e-01
2.70054107e+01 -3.50238414e-02 3.23876389e-01
2.70436079e+01 -3.50239412e-02 3.28809934e-01
2.70818051e+01 -3.50240446e-02 3.33873696e-01
2.71200023e+01 -3.50241515e-02 3.39073019e-01
2.71581995e+01 -3.50242623e-02 3.44413294e-01
2.71963967e+01 -3.50243769e-02 3.49899955e-01
2.72345939e+01 -3.50244957e-02 3.55538582e-01
2.72727910e+01 -3.50246187e-02 3.61335724e-01
2.73109882e+01 -3.50247461e-02 3.67298485e-01
2.73491854e+01 -3.50248782e-02 3.73434044e-01
2.73873826e+01 -3.50250152e-02 3.79749641e-01
2.74255798e+01 -3.50251572e-02 3.86252651e-01
2.74637770e+01 -3.50253044e-02 3.92951598e-01
2.75019742e+01 -3.50254573e-02 3.99855926e-01
2.75401714e+01 -3.50256158e-02 4.06975197e-01
2.75783685e+01 -3.50257805e-02 4.14319062e-01
2.76165657e+01 -3.50259514e-02 4.21897543e-01
2.76547629e+01 -3.50261290e-02 4.29722471e-01
2.76929601e+01 -3.50263135e-02 4.37806456e-01
2.77311573e+01 -3.50265052e-02 4.46162240e-01
2.77693545e+01 -3.50267046e-02 4.54802762e-01
2.78075517e+01 -3.50269119e-02 4.63742731e-01
2.78457488e+01 -3.50271276e-02 4.72998690e-01
2.78839460e+01 -3.50273522e-02 4.82587443e-01
2.79221432e+01 -3.50275859e-02 4.92526054e-01
2.79603404e+01 -3.50278294e-02 5.02833852e-01
2.79985376e+01 -3.50280830e-02 5.13532607e-01
2.80367348e+01 -3.50283474e-02 5.24644457e-01
2.80749320e+01 -3.50286231e-02 5.36192251e-01
2.81131291e+01 -3.50289106e-02 5.48202714e-01
2.81513263e+01 -3.50292107e-02 5.60704610e-01
2.81895235e+01 -3.50295240e-02 5.73727144e-01
2.82277207e+01 -3.50298512e-02 5.87302869e-01
2.82659179e+01 -3.50301931e-02 6.01468810e-01
2.83041151e+01 -3.50305505e-02 6.16262808e-01
2.83423123e+01 -3.50309244e-02 6.31726229e-01
2.83805095e+01 -3.50313155e-02 6.47906717e-01
2.84187066e+01 -3.50317250e-02 6.64853341e-01
2.84569038e+01 -3.50321539e-02 6.82620696e-01
2.84951010e+01 -3.50326033e-02 7.01270632e-01
2.85332982e+01 -3.50330746e-02 7.20867412e-01
2.85714954e+01 -3.50335690e-02 7.41485350e-01
2.86096926e+01 -3.50340879e-02 7.63204710e-01
2.86478898e+01 -3.50346328e-02 7.86113729e-01
2.86860869e+01 -3.50352055e-02 8.10312799e-01
2.87242841e+01 -3.50358076e-02 8.35909748e-01
2.87624813e+01 -3.50364411e-02 8.63029266e-01
2.88006785e+01 -3.50371080e-02 8.91806064e-01
2.88388757e+01 -3.50378105e-02 9.22395836e-01
2.88770729e+01 -3.50385511e-02 9.54969303e-01
2.89152701e+01 -3.50393323e-02 9.89722815e-01
2.89534672e+01 -3.50401569e-02 1.02687620e+00
2.89916644e+01 -3.50410280e-02 1.06667962e+00
2.90298616e+01 -3.50419488e-02 1.10941974e+00
2.90680588e+01 -3.50429229e-02 1.15542242e+00
2.91062560e+01 -3.50439543e-02 1.20506290e+00
2.91444532e+01 -3.50450471e-02 1.25877468e+00
2.91826504e+01 -3.50462060e-02 1.31705906e+00
2.92208476e+01 -3.50474360e-02 1.38049895e+00
2.92590447e+01 -3.50487427e-02 1.44977528e+00
2.92972419e+01 -3.50501319e-02 1.52568679e+00
2.93354391e+01 -3.50516105e-02 1.60917414e+00
2.93736363e+01 -3.50531855e-02 1.70134934e+00
2.94118335e+01 -3.50548649e-02 1.80353102e+00
2.94500307e+01 -3.50566575e-02 1.91728563e+00
2.94882279e+01 -3.50585729e-02 2.04447746e+00
2.95264250e+01 -3.50606218e-02 2.18731780e+00
2.95646222e+01 -3.50628158e-02 2.34841629e+00
2.96028194e+01 -3.50651681e-02 2.53081022e+00
2.96410166e+01 -3.50676930e-02 2.73794433e+00
2.96792138e+01 -3.50704066e-02 2.97353357e+00
2.97174110e+01 -3.50733267e-02 3.24118162e+00
2.97556082e+01 -3.50764731e-02 3.54353191e+00
2.97938053e+01 -3.50798682e-02 3.88059172e+00
2.98320025e+01 -3.50835366e-02 4.24679087e+00
2.98701997e+01 -3.50875062e-02 4.62661780e+00
2.99083969e+01 -3.50918085e-02 4.99000611e+00
2.99465941e+01 -3.50964785e-02 5.29153696e+00
2.99847913e+01 -3.51015560e-02 5.47982760e+00
3.00229885e+01 -3.51070861e-02 5.51838929e+00
3.00611857e+01 -3.51131197e-02 5.40504686e+00
3.00993828e+01 -3.51197147e-02 5.17205609e+00
3.01375800e+01 -3.51269372e-02 4.86737653e+00
3.01757772e+01 -3.51348625e-02 4.53474674e+00
3.02139744e+01 -3.51435770e-02 4.20445787e+00
3.02521716e+01 -3.51531796e-02 3.89351843e+00
3.02903688e+01 -3.51637846e-02 3.60948538e+00
3.03285660e+01 -3.51755236e-02 3.35429777e+00
3.03667631e+01 -3.51885490e-02 3.12697526e+00
3.04049603e+01 -3.52030380e-02 2.92523494e+00
3.04431575e+01 -3.52191965e-02 2.74636860e+00
3.04813547e+01 -3.52372654e-02 2.58767961e+00
3.05195519e+01 -3.52575264e-02 2.44667858e+00
3.05577491e+01 -3.52803104e-02 2.32115290e+00
3.05959463e+01 -3.53060070e-02 2.20917432e+00
3.06341434e+01 -3.53350758e-02 2.10908023e+00
3.06723406e+01 -3.53680601e-02 2.01944251e+00
3.07105378e+01 -3.54056030e-02 1.93903542e+00
3.07487350e+01 -3.54484663e-02 1.86680546e+00
3.07869322e+01 -3.54975515e-02 1.80184413e+00
3.08251294e+01 -3.55539231e-02 1.74336444e+00
3.08633266e+01 -3.56188316e-02 1.69068101e+00
3.09015238e+01 -3.56937323e-02 1.64319328e+00
3.09397209e+01 -3.57802916e-02 1.60037124e+00
3.09779181e+01 -3.58803655e-02 1.56174304e+00
3.10161153e+01 -3.59959184e-02 1.52688459e+00
3.10543125e+01 -3.61288272e-02 1.49541144e+00
3.10925097e+01 -3.62804640e-02 1.46696914e+00
3.11307069e+01 -3.64508618e-02 1.44122603e+00
3.11689041e+01 -3.66371019e-02 1.41786675e+00
3.12071012e+01 -3.68302588e-02 1.39658232e+00
3.12452984e+01 -3.70097056e-02 1.37706418e+00
3.12834956e+01 -3.71326848e-02 1.35899200e+00
3.13216928e+01 -3.71157306e-02 1.34202459e+00
3.13598900e+01 -3.68032209e-02 1.32578420e+00
3.13980872e+01 -3.59194358e-02 1.30984338e+00
3.14362844e+01 -3.40121325e-02 1.29370749e+00
3.14744815e+01 -3.04378115e-02 1.27680619e+00
3.15126787e+01 -2.45371241e-02 1.25849865e+00
3.15508759e+01 -1.62503598e-02 1.23811857e+00
3.15890731e+01 -7.16764972e-03 1.21508143e+00
3.16272703e+01 -8.90244927e-04 1.18905611e+00
3.16654675e+01 -8.93750151e-04 1.16013759e+00
3.17036647e+01 -7.17601662e-03 1.12888887e+00
3.17418619e+01 -1.62594686e-02 1.09618380e+00
3.17800590e+01 -2.45442851e-02 1.06294684e+00
3.18182562e+01 -3.04424437e-02 1.02995194e+00
3.18564534e+01 -3.40147447e-02 9.97747448e-01
3.18946506e+01 -3.59207345e-02 9.66671715e-01
3.19328478e+01 -3.68037582e-02 9.36903907e-01
3.19710450e+01 -3.71158607e-02 9.08515789e-01
3.20092422e+01 -3.71326133e-02 8.81511524e-01
3.20474393e+01 -3.70095451e-02 8.55855158e-01
3.20856365e+01 -3.68300682e-02 8.31489017e-01
3.21238337e+01 -3.66369106e-02 8.08344982e-01
3.21620309e+01 -3.64506832e-02 7.86350752e-01
3.22002281e+01 -3.62803033e-02 7.65434024e-01
3.22384253e+01 -3.61286855e-02 7.45525110e-01
3.22766225e+01 -3.59957949e-02 7.26558132e-01
3.23148196e+01 -3.58802584e-02 7.08471044e-01
3.23530168e+01 -3.57801989e-02 6.91205976e-01
3.23912140e+01 -3.56936521e-02 6.74709523e-01
3.24294112e+01 -3.56187622e-02 6.58932578e-01
3.24676084e+01 -3.55538629e-02 6.43829762e-01
3.25058056e+01 -3.54974991e-02 6.29358932e-01
3.25440028e+01 -3.54484206e-02 6.15481350e-01
3.25821999e+01 -3.54055631e-02 6.02161465e-01
3.26203971e+01 -3.53680251e-02 5.89366638e-01
3.26585943e+01 -3.53350450e-02 5.77066491e-01
3.26967915e+01 -3.53059798e-02 5.65232755e-01
3.27349887e+01 -3.52802863e-02 5.53839379e-01
3.27731859e+01 -3.52575050e-02 5.42862362e-01
3.28113831e+01 -3.52372463e-02 5.32279572e-01
3.28495803e+01 -3.52191795e-02 5.22070301e-01
3.28877774e+01 -3.52030227e-02 5.12215069e-01
3.29259746e+01 -3.51885353e-02 5.02695818e-01
3.29641718e+01 -3.51755112e-02 4.93495816e-01
3.30023690e+01 -3.51637735e-02 4.84599563e-01
3.30405662e+01 -3.51531696e-02 4.75992621e-01
3.30787634e+01 -3.51435679e-02 4.67661228e-01
3.31169606e+01 -3.51348543e-02 4.59592453e-01
3.31551577e+01 -3.51269297e-02 4.51774252e-01
3.31933549e+01 -3.51197079e-02 4.44195407e-01
3.32315521e+01 -3.51131134e-02 4.36845464e-01
3.32697493e+01 -3.51070804e-02 4.29714629e-01
3.33079465e+01 -3.51015507e-02 4.22793466e-01
3.33461437e+01 -3.50964736e-02 4.16073050e-01
3.33843409e+01 -3.50918040e-02 4.09545028e-01
3.34225380e+01 -3.50875021e-02 4.03201576e-01
3.34607352e+01 -3.50835328e-02 3.97035371e-01
3.34989324e+01 -3.50798646e-02 3.91039553e-01
3.35371296e+01 -3.50764699e-02 3.85207540e-01
3.35753268e+01 -3.50733237e-02 3.79532965e-01
3.36135240e+01 -3.50704038e-02 3.74009832e-01
3.36517212e+01 -3.50676904e-02 3.68632504e-01
3.36899184e+01 -3.50651657e-02 3.63395679e-01
3.37281155e+01 -3.50628136e-02 3.58294374e-01
3.37663127e+01 -3.50606197e-02 3.53323898e-01
3.38045099e+01 -3.50585709e-02 3.48479707e-01
3.38427071e+01 -3.50566556e-02 3.43757379e-01
3.38809043e+01 -3.50548632e-02 3.39152736e-01
3.39191015e+01 -3.50531838e-02 3.34661833e-01
3.39572987e+01 -3.50516089e-02 3.30280948e-01
3.39954958e+01 -3.50501305e-02 3.26006572e-01
3.40336930e+01 -3.50487413e-02 3.21835390e-01
3.40718902e+01 -3.50474348e-02 3.17764234e-01
3.41100874e+01 -3.50462048e-02 3.13789967e-01
3.41482846e+01 -3.50450460e-02 3.09909586e-01
3.41864818e+01 -3.50439532e-02 3.06120250e-01
3.42246790e+01 -3.50429219e-02 3.02419272e-01
3.42628761e+01 -3.50419478e-02 2.98804105e-01
3.43010733e+01 -3.50410271e-02 2.95272342e-01
3.43392705e+01 -3.50401560e-02 2.91821705e-01
3.43774677e+01 -3.50393315e-02 2.88449999e-01
3.44156649e+01 -3.50385503e-02 2.85155034e-01
3.44538621e+01 -3.50378098e-02 2.81934716e-01
3.44920593e+01 -3.50371073e-02 2.78787056e-01
3.45302565e+01 -3.50364404e-02 2.75710171e-01
3.45684536e+01 -3.50358070e-02 2.72702271e-01
3.46066508e+01 -3.50352049e-02 2.69761663e-01
3.46448480e+01 -3.50346322e-02 2.66886738e-01
3.46830452e+01 -3.50340873e-02 2.64075967e-01
3.47212424e+01 -3.50335685e-02 2.61327818e-01
3.47594396e+01 -3.50330741e-02 2.58640798e-01
3.47976368e+01 -3.50326029e-02 2.56013489e-01
3.48358339e+01 -3.50321535e-02 2.53444541e-01
3.48740311e+01 -3.50317246e-02 2.50932674e-01
3.49122283e+01 -3.50313151e-02 2.48476672e-01
3.49504255e+01 -3.50309240e-02 2.46075382e-01
3.49886227e+01 -3.50305502e-02 2.43727710e-01
3.50268199e+01 -3.50301928e-02 2.41432606e-01
3.50650171e+01 -3.50298509e-02 2.39189011e-01
3.51032142e+01 -3.50295237e-02 2.36995898e-01
3.51414114e+01 -3.50292104e-02 2.34852292e-01
3.51796086e+01 -3.50289103e-02 2.32757264e-01
3.52178058e+01 -3.50286228e-02 2.30709932e-01
3.52560030e+01 -3.50283471e-02 2.28709461e-01
3.52942002e+01 -3.50280827e-02 2.26755056e-01
3.53323974e+01 -3.50278291e-02 2.24845964e-01
3.53705946e+01 -3.50275857e-02 2.22981468e-01
3.54087917e+01 -3.50273519e-02 2.21160851e-01
3.54469889e+01 -3.50271274e-02 2.19383401e-01
3.54851861e+01 -3.50269117e-02 2.17648444e-01
3.55233833e+01 -3.50267044e-02 2.15955339e-01
3.55615805e+01 -3.50265050e-02 2.14303478e-01
3.55997777e+01 -3.50263133e-02 2.12692281e-01
3.56379749e+01 -3.50261288e-02 2.11121203e-01
3.56761720e+01 -3.50259512e-02 2.09589724e-01
3.57143692e+01 -3.50257803e-02 2.08097354e-01
3.57525664e+01 -3.50256157e-02 2.06643620e-01
3.57907636e+01 -3.50254571e-02 2.05228042e-01
3.58289608e+01 -3.50253043e-02 2.03850156e-01
3.58671580e+01 -3.50251570e-02 2.02509518e-01
3.59053552e+01 -3.50250150e-02 2.01205712e-01
3.59435523e+01 -3.50248781e-02 1.99938341e-01
3.59817495e+01 -3.50247460e-02 1.98707030e-01
3.60199467e+01 -3.50246185e-02 1.97511424e-01
3.60581439e+01 -3.50244955e-02 1.96351187e-01
3.60963411e+01 -3.50243768e-02 1.95226004e-01
3.61345383e+01 -3.50242622e-02 1.94135570e-01
3.61727355e+01 -3.50241514e-02 1.93079576e-01
3.62109327e+01 -3.50240445e-02 1.92057719e-01
3.62491298e+01 -3.50239411e-02 1.91069717e-01
3.62873270e+01 -3.50238413e-02 1.90115301e-01
3.63255242e+01 -3.50237447e-02 1.89194215e-01
3.63637214e+01 -3.50236514e-02 1.88306221e-01
3.64019186e+01 -3.50235612e-02 1.87451091e-01
3.64401158e+01 -3.50234739e-02 1.86628611e-01
3.64783130e+01 -3.50233895e-02 1.85838582e-01
3.65165101e+01 -3.50233078e-02 1.85080812e-01
3.65547073e+01 -3.50232288e-02 1.84355108e-01
3.65929045e+01 -3.50231524e-02 1.83661281e-01
3.66311017e+01 -3.50230783e-02 1.82999150e-01
3.66692989e+01 -3.50230067e-02 1.82368545e-01
3.67074961e+01 -3.50229373e-02 1.81769307e-01
3.67456933e+01 -3.50228702e-02 1.81201283e-01
3.67838904e+01 -3.50228052e-02 1.80664332e-01
3.68220876e+01 -3.50227422e-02 1.80158319e-01
3.68602848e+01 -3.50226812e-02 1.79683119e-01
3.68984820e+01 -3.50226221e-02 1.79238612e-01
3.69366792e+01 -3.50225648e-02 1.78824685e-01
3.69748764e+01 -3.50225094e-02 1.78441220e-01
3.70130736e+01 -3.50224556e-02 1.78088108e-01
3.70512708e+01 -3.50224036e-02 1.77765243e-01
3.70894679e+01 -3.50223531e-02 1.77472528e-01
3.71276651e+01 -3.50223042e-02 1.77209870e-01
3.71658623e+01 -3.50222569e-02 1.76977183e-01
3.72040595e+01 -3.50222109e-02 1.76774384e-01
3.72422567e+01 -3.50221665e-02 1.76601398e-01
3.72804539e+01 -3.50221233e-02 1.76458153e-01
3.73186511e+01 -3.50220815e-02 1.76344584e-01
3.73568482e+01 -3.50220410e-02 1.76260626e-01
3.73950454e+01 -3.50220018e-02 1.76206216e-01
3.74332426e+01 -3.50219638e-02 1.76181299e-01
3.74714398e+01 -3.50219269e-02 1.76185821e-01
3.75096370e+01 -3.50218912e-02 1.76219733e-01
3.75478342e+01 -3.50218566e-02 1.76282989e-01
3.75860314e+01 -3.50218231e-02 1.76375550e-01
3.76242285e+01 -3.50217907e-02 1.76497377e-01
3.76624257e+01 -3.50217592e-02 1.76648437e-01
3.77006229e+01 -3.50217288e-02 1.76828700e-01
3.77388201e+01 -3.50216993e-02 1.77038141e-01
3.77770173e+01 -3.50216708e-02 1.77276741e-01
3.78152145e+01 -3.50216432e-02 1.77544486e-01
3.78534117e+01 -3.50216164e-02 1.77841365e-01
3.78916089e+01 -3.50215906e-02 1.78167372e-01
3.79298060e+01 -3.50215656e-02 1.78522502e-01
3.79680032e+01 -3.50215414e-02 1.78906758e-01
3.80062004e+01 -3.50215180e-02 1.79320142e-01
3.80443976e+01 -3.50214955e-02 1.79762663e-01
3.80825948e+01 -3.50214737e-02 1.80234333e-01
3.81207920e+01 -3.50214526e-02 1.80735167e-01
3.81589892e+01 -3.50214323e-02 1.81265191e-01
3.81971863e+01 -3.50214127e-02 1.81824441e-01
3.82353835e+01 -3.50213938e-02 1.82412960e-01
3.82735807e+01 -3.50213756e-02 1.83030794e-01
3.83117779e+01 -3.50213580e-02 1.83677995e-01
3.83499751e+01 -3.50213411e-02 1.84354617e-01
3.83881723e+01 -3.50213249e-02 1.85060721e-01
3.84263695e+01 -3.50213093e-02 1.85796371e-01
3.84645666e+01 -3.50212943e-02 1.86561636e-01
3.85027638e+01 -3.50212800e-02 1.87356591e-01
3.85409610e+01 -3.50212662e-02 1.88181316e-01
3.85791582e+01 -3.50212531e-02 1.89035916e-01
3.86173554e+01 -3.50212405e-02 1.89920506e-01
3.86555526e+01 -3.50212284e-02 1.90835206e-01
3.86937498e+01 -3.50212170e-02 1.91780145e-01
3.87319470e+01 -3.50212061e-02 1.92755455e-01
3.87701441e+01 -3.50211957e-02 1.93761275e-01
3.88083413e+01 -3.50211859e-02 1.94797749e-01
3.88465385e+01 -3.50211766e-02 1.95865029e-01
3.88847357e+01 -3.50211679e-02 1.96963271e-01
3.89229329e+01 -3.50211596e-02 1.98092640e-01
3.89611301e+01 -3.50211519e-02 1.99253327e-01
3.89993273e+01 -3.50211447e-02 2.00445551e-01
3.90375244e+01 -3.50211379e-02 2.01669536e-01
3.90757216e+01 -3.50211317e-02 2.02925516e-01
3.91139188e+01 -3.50211260e-02 2.04213732e-01
3.91521160e+01 -3.50211207e-02 2.05534431e-01
3.91903132e+01 -3.50211159e-02 2.06887869e-01
3.92285104e+01 -3.50211117e-02 2.08274310e-01
3.92667076e+01 -3.50211078e-02 2.09694025e-01
3.93049047e+01 -3.50211045e-02 2.11147294e-01
3.93431019e+01 -3.50211017e-02 2.12634437e-01
3.93812991e+01 -3.50210993e-02 2.14155812e-01
3.94194963e+01 -3.50210973e-02 2.15711785e-01
3.94576935e+01 -3.50210959e-02 2.17302734e-01
3.94958907e+01 -3.50210949e-02 2.18929046e-01
3.95340879e+01 -3.50210944e-02 2.20591115e-01
3.95722851e+01 -3.50210943e-02 2.22289349e-01
3.96104822e+01 -3.50210947e-02 2.24024160e-01
3.96486794e+01 -3.50210956e-02 2.25795975e-01
3.96868766e+01 -3.50210969e-02 2.27605236e-01
3.97250738e+01 -3.50210987e-02 2.29452457e-01
3.97632710e+01 -3.50211010e-02 2.31338184e-01
3.98014682e+01 -3.50211038e-02 2.33262975e-01
3.98396654e+01 -3.50211070e-02 2.35227399e-01
3.98778625e+01 -3.50211107e-02 2.37232039e-01
3.99160597e+01 -3.50211148e-02 2.39277487e-01
3.99542569e+01 -3.50211195e-02 2.41364349e-01
3.99924541e+01 -3.50211246e-02 2.43493241e-01
4.00306513e+01 -3.50211302e-02 2.45664796e-01
4.00688485e+01 -3.50211363e-02 2.47879729e-01
4.01070457e+01 -3.50211429e-02 2.50138821e-01
4.01452428e+01 -3.50211500e-02 2.52442871e-01
4.01834400e+01 -3.50211576e-02 2.54792693e-01
4.02216372e+01 -3.50211658e-02 2.57189115e-01
4.02598344e+01 -3.50211744e-02 2.59632981e-01
4.02980316e+01 -3.50211836e-02 2.62125147e-01
4.03362288e+01 -3.50211932e-02 2.64666487e-01
4.03744260e+01 -3.50212035e-02 2.67257899e-01
4.04126231e+01 -3.50212142e-02 2.69900409e-01
4.04508203e+01 -3.50212255e-02 2.72595119e-01
4.04890175e+01 -3.50212374e-02 2.75343152e-01
4.05272147e+01 -3.50212499e-02 2.78145647e-01
4.05654119e+01 -3.50212629e-02 2.81003764e-01
4.06036091e+01 -3.50212765e-02 2.83918682e-01
4.06418063e+01 -3.50212907e-02 2.86891598e-01
4.06800035e+01 -3.50213055e-02 2.89923729e-01
4.07182006e+01 -3.50213210e-02 2.93016408e-01
4.07563978e+01 -3.50213370e-02 2.96171135e-01
4.07945950e+01 -3.50213538e-02 2.99389447e-01
4.08327922e+01 -3.50213711e-02 3.02672902e-01
4.08709894e+01 -3.50213892e-02 3.06023087e-01
4.09091866e+01 -3.50214079e-02 3.09441611e-01
4.09473838e+01 -3.50214273e-02 3.12930109e-01
4.09855809e+01 -3.50214475e-02 3.16490242e-01
4.10237781e+01 -3.50214683e-02 3.20123854e-01
4.10619753e+01 -3.50214900e-02 3.23833001e-01
4.11001725e+01 -3.50215124e-02 3.27619780e-01
4.11383697e+01 -3.50215355e-02 3.31486323e-01
4.11765669e+01 -3.50215595e-02 3.35434793e-01
4.12147641e+01 -3.50215843e-02 3.39467385e-01
4.12529612e+01 -3.50216099e-02 3.43586329e-01
4.12911584e+01 -3.50216364e-02 3.47793969e-01
4.13293556e+01 -3.50216638e-02 3.52093008e-01
4.13675528e+01 -3.50216921e-02 3.56486273e-01
4.14057500e+01 -3.50217214e-02 3.60976633e-01
4.14439472e+01 -3.50217516e-02 3.65567001e-01
4.14821444e+01 -3.50217828e-02 3.70260337e-01
4.15203416e+01 -3.50218150e-02 3.75059640e-01
4.15585387e+01 -3.50218482e-02 3.79968092e-01
4.15967359e+01 -3.50218825e-02 3.84989359e-01
4.16349331e+01 -3.50219179e-02 3.90127261e-01
4.16731303e+01 -3.50219545e-02 3.95385675e-01
4.17113275e+01 -3.50219922e-02 4.00768538e-01
4.17495247e+01 -3.50220312e-02 4.06279848e-01
4.17877219e+01 -3.50220714e-02 4.11923694e-01
4.18259190e+01 -3.50221128e-02 4.17704716e-01
4.18641162e+01 -3.50221556e-02 4.23627999e-01
4.19023134e+01 -3.50221997e-02 4.29698724e-01
4.19405106e+01 -3.50222453e-02 4.35922152e-01
4.19787078e+01 -3.50222923e-02 4.42303628e-01
4.20169050e+01 -3.50223408e-02 4.48848621e-01
4.20551022e+01 -3.50223909e-02 4.55563340e-01
4.20932993e+01 -3.50224425e-02 4.62454605e-01
4.21314965e+01 -3.50224958e-02 4.69529362e-01
4.21696937e+01 -3.50225509e-02 4.76794673e-01
4.22078909e+01 -3.50226077e-02 4.84257711e-01
4.22460881e+01 -3.50226663e-02 4.91926070e-01
4.22842853e+01 -3.50227268e-02 4.99808553e-01
4.23224825e+01 -3.50227893e-02 5.07914362e-01
4.23606797e+01 -3.50228538e-02 5.16252853e-01
4.23988768e+01 -3.50229204e-02 5.24833545e-01
4.24370740e+01 -3.50229892e-02 5.33666373e-01
4.24752712e+01 -3.50230603e-02 5.42762875e-01
4.25134684e+01 -3.50231337e-02 5.52135276e-01
4.25516656e+01 -3.50232096e-02 5.61796019e-01
4.25898628e+01 -3.50232879e-02 5.71757771e-01
4.26280600e+01 -3.50233689e-02 5.82034155e-01
4.26662571e+01 -3.50234527e-02 5.92640895e-01
4.27044543e+01 -3.50235392e-02 6.03594290e-01
4.27426515e+01 -3.50236287e-02 6.14910942e-01
4.27808487e+01 -3.50237212e-02 6.26608075e-01
4.28190459e+01 -3.50238169e-02 6.38705603e-01
4.28572431e+01 -3.50239160e-02 6.51224909e-01
4.28954403e+01 -3.50240184e-02 6.64187799e-01
4.29336374e+01 -3.50241245e-02 6.77616882e-01
4.29718346e+01 -3.50242342e-02 6.91538271e-01
4.30100318e+01 -3.50243479e-02 7.05980071e-01
4.30482290e+01 -3.50244656e-02 7.20970974e-01
4.30864262e+01 -3.50245875e-02 7.36541589e-01
4.31246234e+01 -3.50247139e-02 7.52727363e-01
4.31628206e+01 -3.50248448e-02 7.69565323e-01
4.32010178e+01 -3.50249805e-02 7.87093717e-01
4.32392149e+01 -3.50251212e-02 8.05356382e-01
4.32774121e+01 -3.50252672e-02 8.24401059e-01
4.33156093e+01 -3.50254186e-02 8.44276898e-01
4.33538065e+01 -3.50255757e-02 8.65039541e-01
4.33920037e+01 -3.50257388e-02 8.86750503e-01
4.34302009e+01 -3.50259081e-02 9.09473595e-01
4.34683981e+01 -3.50260840e-02 9.33281865e-01
4.35065952e+01 -3.50262667e-02 9.58254801e-01
4.35447924e+01 -3.50264566e-02 9.84477079e-01
4.35829896e+01 -3.50266541e-02 1.01204650e+00
4.36211868e+01 -3.50268594e-02 1.04106650e+00
4.36593840e+01 -3.50270730e-02 1.07165455e+00
4.36975812e+01 -3.50272952e-02 1.10393967e+00
4.37357784e+01 -3.50275266e-02 1.13806481e+00
4.37739755e+01 -3.50277676e-02 1.17419096e+00
4.38121727e+01 -3.50280187e-02 1.21249584e+00
4.38503699e+01 -3.50282803e-02 1.25318080e+00
4.38885671e+01 -3.50285531e-02 1.29647080e+00
4.39267643e+01 -3.50288377e-02 1.34261965e+00
4.39649615e+01 -3.50291345e-02 1.39191626e+00
4.40031587e+01 -3.50294445e-02 1.44468553e+00
4.40413559e+01 -3.50297681e-02 1.50130095e+00
4.40795530e+01 -3.50301063e-02 1.56218849e+00
4.41177502e+01 -3.50304598e-02 1.62783637e+00
4.41559474e+01 -3.50308294e-02 1.69880847e+00
4.41941446e+01 -3.50312161e-02 1.77575786e+00
4.42323418e+01 -3.50316210e-02 1.85944314e+00
4.42705390e+01 -3.50320449e-02 1.95074979e+00
4.43087362e+01 -3.50324891e-02 2.05071560e+00
4.43469333e+01 -3.50329548e-02 2.16056156e+00
4.43851305e+01 -3.50334432e-02 2.28172884e+00
4.44233277e+01 -3.50339559e-02 2.41592281e+00
4.44615249e+01 -3.50344942e-02 2.56516620e+00
4.44997221e+01 -3.50350597e-02 2.73185381e+00
4.45379193e+01 -3.50356543e-02 2.91881373e+00
4.45761165e+01 -3.50362798e-02 3.12935345e+00
4.46143136e+01 -3.50369382e-02 3.36727341e+00
4.46525108e+01 -3.50376316e-02 3.63679130e+00
4.46907080e+01 -3.50383624e-02 3.94227678e+00
4.47289052e+01 -3.50391332e-02 4.28760928e+00
4.47671024e+01 -3.50399467e-02 4.67483340e+00
4.48052996e+01 -3.50408059e-02 5.10163411e+00
4.48434968e+01 -3.50417139e-02 5.55714764e+00
4.48816940e+01 -3.50426744e-02 6.01629063e+00
4.49198911e+01 -3.50436911e-02 6.43503973e+00
4.49580883e+01 -3.50447682e-02 6.75293821e+00
4.49962855e+01 -3.50459101e-02 6.90997838e+00
4.50344827e+01 -3.50471219e-02 6.87430247e+00
4.50726799e+01 -3.50484088e-02 6.65996804e+00
4.51108771e+01 -3.50497769e-02 6.31755364e+00
4.51490743e+01 -3.50512325e-02 5.90762170e+00
4.51872714e+01 -3.50527826e-02 5.47960698e+00
4.52254686e+01 -3.50544352e-02 5.06504336e+00
4.52636658e+01 -3.50561987e-02 4.68018412e+00
4.53018630e+01 -3.50580825e-02 4.33121647e+00
4.53400602e+01 -3.50600969e-02 4.01867865e+00
4.53782574e+01 -3.50622536e-02 3.74035059e+00
4.54164546e+01 -3.50645651e-02 3.49290778e+00
4.54546517e+01 -3.50670454e-02 3.27278417e+00
4.54928489e+01 -3.50697103e-02 3.07658101e+00
4.55310461e+01 -3.50725770e-02 2.90123440e+00
4.55692433e+01 -3.50756649e-02 2.74406111e+00
4.56074405e+01 -3.50789957e-02 2.60274739e+00
4.56456377e+01 -3.50825933e-02 2.47531273e+00
4.56838349e+01 -3.50864849e-02 2.36006723e+00
4.57220321e+01 -3.50907010e-02 2.25557023e+00
4.57602292e+01 -3.50952756e-02 2.16059129e+00
4.57984264e+01 -3.51002474e-02 2.07407698e+00
4.58366236e+01 -3.51056599e-02 1.99512256e+00
4.58748208e+01 -3.51115626e-02 1.92294810e+00
4.59130180e+01 -3.51180116e-02 1.85687859e+00
4.59512152e+01 -3.51250707e-02 1.79632801e+00
4.59894124e+01 -3.51328128e-02 1.74078511e+00
4.60276095e+01 -3.51413214e-02 1.68980116e+00
4.60658067e+01 -3.51506922e-02 1.64298179e+00
4.61040039e+01 -3.51610352e-02 1.59997945e+00
4.61422011e+01 -3.51724776e-02 1.56048392e+00
4.61803983e+01 -3.51851661e-02 1.52422084e+00
4.62185955e+01 -3.51992715e-02 1.49094328e+00
4.62567927e+01 -3.52149920e-02 1.46043034e+00
4.62949898e+01 -3.52325591e-02 1.43248230e+00
4.63331870e+01 -3.52522436e-02 1.40691873e+00
4.63713842e+01 -3.52743635e-02 1.38357499e+00
4.64095814e+01 -3.52992926e-02 1.36230179e+00
4.64477786e+01 -3.53274718e-02 1.34296073e+00
4.64859758e+01 -3.53594221e-02 1.32542635e+00
4.65241730e+01 -3.53957602e-02 1.30958065e+00
4.65623702e+01 -3.54372160e-02 1.29531543e+00
4.66005673e+01 -3.54846543e-02 1.28252923e+00
4.66387645e+01 -3.55390966e-02 1.27112583e+00
4.66769617e+01 -3.56017449e-02 1.26101568e+00
4.67151589e+01 -3.56740021e-02 1.25211230e+00
4.67533561e+01 -3.57574824e-02 1.24433225e+00
4.67915533e+01 -3.58539991e-02 1.23759521e+00
4.68297505e+01 -3.59655019e-02 1.23182097e+00
4.68679476e+01 -3.60939176e-02 1.22692867e+00
4.69061448e+01 -3.62408019e-02 1.22283624e+00
4.69443420e+01 -3.64066344e-02 1.21945703e+00
4.69825392e+01 -3.65894482e-02 1.21669731e+00
4.70207364e+01 -3.67822213e-02 1.21445378e+00
4.70589336e+01 -3.69679946e-02 1.21260875e+00
4.70971308e+01 -3.71108876e-02 1.21102378e+00
4.71353279e+01 -3.71399579e-02 1.20953228e+00
4.71735251e+01 -3.69214366e-02 1.20792989e+00
4.72117223e+01 -3.62149240e-02 1.20596130e+00
4.72499195e+01 -3.46168248e-02 1.20330552e+00
4.72881167e+01 -3.15261976e-02 1.19956236e+00
4.73263139e+01 -2.62515005e-02 1.19424742e+00
4.73645111e+01 -1.84945327e-02 1.18681056e+00
4.74027083e+01 -9.33877967e-03 1.17670228e+00
4.74409054e+01 -1.96706283e-03 1.16350442e+00
4.74791026e+01 -2.26811677e-04 1.14709694e+00
4.75172998e+01 -5.17822011e-03 1.12776258e+00
4.75554970e+01 -1.39540576e-02 1.10613119e+00
4.75936942e+01 -2.26733785e-02 1.08298751e+00
4.76318914e+01 -2.92070358e-02 1.05907320e+00
4.76700886e+01 -3.33068769e-02 1.03497724e+00
4.77082857e+01 -3.55627099e-02 1.01111536e+00
4.77464829e+01 -3.66509357e-02 9.87756275e-01
4.77846801e+01 -3.70738519e-02 9.65060180e-01
4.78228773e+01 -3.71460594e-02 9.43113005e-01
4.78610745e+01 -3.70479393e-02 9.21952062e-01
4.78992717e+01 -3.68773573e-02 9.01583924e-01
4.79374689e+01 -3.66850483e-02 8.81996368e-01
4.79756660e+01 -3.64959225e-02 8.63166111e-01
4.80138632e+01 -3.63211444e-02 8.45063778e-01
4.80520604e+01 -3.61647646e-02 8.27656966e-01
4.80902576e+01 -3.60272918e-02 8.10912109e-01
4.81284548e+01 -3.59075867e-02 7.94795821e-01
4.81666520e+01 -3.58038471e-02 7.79275659e-01
4.82048492e+01 -3.57141056e-02 7.64320550e-01
4.82430464e+01 -3.56364685e-02 7.49901019e-01
4.82812435e+01 -3.55692187e-02 7.35989209e-01
4.83194407e+01 -3.55108480e-02 7.22558787e-01
4.83576379e+01 -3.54600566e-02 7.09585054e-01
4.83958351e+01 -3.54157358e-02 6.97044894e-01
4.84340323e+01 -3.53769457e-02 6.84916710e-01
4.84722295e+01 -3.53428918e-02 6.73180333e-01
4.85104267e+01 -3.53129033e-02 6.61816919e-01
4.85486238e+01 -3.52864138e-02 6.50808728e-01
4.85868210e+01 -3.52629442e-02 6.40139099e-01
4.86250182e+01 -3.52420886e-02 6.29792442e-01
4.86632154e+01 -3.52235025e-02 6.19754166e-01
4.87014126e+01 -3.52068927e-02 6.10010611e-01
4.87396098e+01 -3.51920090e-02 6.00548981e-01
4.87778070e+01 -3.51786371e-02 5.91357271e-01
4.88160041e+01 -3.51665932e-02 5.82424087e-01
4.88542013e+01 -3.51557192e-02 5.73738670e-01
4.88923985e+01 -3.51458785e-02 5.65290896e-01
4.89305957e+01 -3.51369529e-02 5.57071245e-01
4.89687929e+01 -3.51288398e-02 5.49070751e-01
4.90069901e+01 -3.51214500e-02 5.41280974e-01
4.90451873e+01 -3.51147054e-02 5.33693957e-01
4.90833844e+01 -3.51085378e-02 5.26302134e-01
4.91215816e+01 -3.51028875e-02 5.19098270e-01
4.91597788e+01 -3.50977018e-02 5.12075515e-01
4.91979760e+01 -3.50929343e-02 5.05227392e-01
4.92361732e+01 -3.50885441e-02 4.98547777e-01
4.92743704e+01 -3.50844947e-02 4.92030870e-01
4.93125676e+01 -3.50807541e-02 4.85671183e-01
4.93507648e+01 -3.50772935e-02 4.79463517e-01
4.93889619e+01 -3.50740874e-02 4.73402886e-01
4.94271591e+01 -3.50711130e-02 4.67484490e-01
4.94653563e+01 -3.50683498e-02 4.61703767e-01
4.95035535e+01 -3.50657795e-02 4.56056386e-01
4.95417507e+01 -3.50633857e-02 4.50538229e-01
4.95799479e+01 -3.50611535e-02 4.45145386e-01
4.96181451e+01 -3.50590697e-02 4.39874140e-01
4.96563422e+01 -3.50571221e-02 4.34720957e-01
4.96945394e+01 -3.50552999e-02 4.29682458e-01
4.97327366e+01 -3.50535931e-02 4.24755355e-01
4.97709338e+01 -3.50519929e-02 4.19936502e-01
4.98091310e+01 -3.50504911e-02 4.15222901e-01
4.98473282e+01 -3.50490803e-02 4.10611694e-01
4.98855254e+01 -3.50477537e-02 4.06100160e-01
4.99237225e+01 -3.50465051e-02 4.01685704e-01
4.99619197e+01 -3.50453290e-02 3.97365852e-01
5.00001169e+01 -3.50442202e-02 3.93138248e-01
5.00383141e+01 -3.50431740e-02 3.89000620e-01
5.00765113e+01 -3.50421860e-02 3.84950752e-01
5.01147085e+01 -3.50412522e-02 3.80986519e-01
5.01529057e+01 -3.50403691e-02 3.77105894e-01
5.01911029e+01 -3.50395332e-02 3.73306939e-01
5.02293000e+01 -3.50387415e-02 3.69587806e-01
5.02674972e+01 -3.50379911e-02 3.65946732e-01
5.03056944e+01 -3.50372793e-02 3.62382031e-01
5.03438916e+01 -3.50366038e-02 3.58892096e-01
5.03820888e+01 -3.50359622e-02 3.55475386e-01
5.04202860e+01 -3.50353524e-02 3.52130387e-01
5.04584832e+01 -3.50347726e-02 3.48855642e-01
5.04966803e+01 -3.50342209e-02 3.45649756e-01
5.05348775e+01 -3.50336957e-02 3.42511399e-01
5.05730747e+01 -3.50331954e-02 3.39439301e-01
5.06112719e+01 -3.50327185e-02 3.36432248e-01
5.06494691e+01 -3.50322637e-02 3.33489081e-01
5.06876663e+01 -3.50318298e-02 3.30608695e-01
5.07258635e+01 -3.50314156e-02 3.27790037e-01
5.07640606e+01 -3.50310200e-02 3.25032087e-01
5.08022578e+01 -3.50306420e-02 3.22333843e-01
5.08404550e+01 -3.50302805e-02 3.19694348e-01
5.08786522e+01 -3.50299348e-02 3.17112687e-01
5.09168494e+01 -3.50296041e-02 3.14587987e-01
5.09550466e+01 -3.50292874e-02 3.12119418e-01
5.09932438e+01 -3.50289841e-02 3.09706186e-01
5.10314410e+01 -3.50286935e-02 3.07347537e-01
5.10696381e+01 -3.50284149e-02 3.05042754e-01
5.11078353e+01 -3.50281477e-02 3.02791152e-01
5.11460325e+01 -3.50278915e-02 3.00592072e-01
5.11842297e+01 -3.50276455e-02 2.98444867e-01
5.12224269e+01 -3.50274094e-02 2.96348918e-01
5.12606241e+01 -3.50271827e-02 2.94303639e-01
5.12988213e+01 -3.50269648e-02 2.92308471e-01
5.13370184e+01 -3.50267554e-02 2.90362884e-01
5.13752156e+01 -3.50265541e-02 2.88466376e-01
5.14134128e+01 -3.50263605e-02 2.86618470e-01
5.14516100e+01 -3.50261742e-02 2.84818715e-01
5.14898072e+01 -3.50259949e-02 2.83066684e-01
5.15280044e+01 -3.50258224e-02 2.81361973e-01
5.15662016e+01 -3.50256562e-02 2.79704182e-01
5.16043987e+01 -3.50254962e-02 2.78092932e-01
5.16425959e+01 -3.50253419e-02 2.76527864e-01
5.16807931e+01 -3.50251933e-02 2.75008640e-01
5.17189903e+01 -3.50250500e-02 2.73534941e-01
5.17571875e+01 -3.50249118e-02 2.72106467e-01
5.17953847e+01 -3.50247785e-02 2.70722938e-01
5.18335819e+01 -3.50246499e-02 2.69384089e-01
5.18717791e+01 -3.50245259e-02 2.68089674e-01
5.19099762e+01 -3.50244061e-02 2.66839462e-01
5.19481734e+01 -3.50242904e-02 2.65633231e-01
5.19863706e+01 -3.50241787e-02 2.64470770e-01
5.20245678e+01 -3.50240708e-02 2.63351881e-01
5.20627650e+01 -3.50239666e-02 2.62276380e-01
5.21009622e+01 -3.50238659e-02 2.61244097e-01
5.21391594e+01 -3.50237685e-02 2.60254873e-01
5.21773565e+01 -3.50236744e-02 2.59308563e-01
5.22155537e+01 -3.50235834e-02 2.58405034e-01
5.22537509e+01 -3.50234954e-02 2.57544164e-01
5.22919481e+01 -3.50234103e-02 2.56725840e-01
5.23301453e+01 -3.50233280e-02 2.55949962e-01
5.23683425e+01 -3.50232483e-02 2.55216435e-01
5.24065397e+01 -3.50231712e-02 2.54525174e-01
5.24447368e+01 -3.50230966e-02 2.53876102e-01
5.24829340e+01 -3.50230244e-02 2.53269152e-01
5.25211312e+01 -3.50229545e-02 2.52704264e-01
5.25593284e+01 -3.50228868e-02 2.52181386e-01
5.25975256e+01 -3.50228212e-02 2.51700476e-01
5.26357228e+01 -3.50227577e-02 2.51261497e-01
5.26739200e+01 -3.50226962e-02 2.50864418e-01
5.27121172e+01 -3.50226367e-02 2.50509219e-01
5.27503143e+01 -3.50225790e-02 2.50195883e-01
5.27885115e+01 -3.50225231e-02 2.49924405e-01
5.28267087e+01 -3.50224689e-02 2.49694786e-01
5.28649059e+01 -3.50224164e-02 2.49507030e-01
5.29031031e+01 -3.50223656e-02 2.49361151e-01
5.29413003e+01 -3.50223163e-02 2.49257164e-01
5.29794975e+01 -3.50222686e-02 2.49195092e-01
5.30176946e+01 -3.50222223e-02 2.49174963e-01
5.30558918e+01 -3.50221774e-02 2.49196807e-01
5.30940890e+01 -3.50221340e-02 2.49260663e-01
5.31322862e+01 -3.50220919e-02 2.49366571e-01
5.31704834e+01 -3.50220510e-02 2.49514585e-01
5.32086806e+01 -3.50220115e-02 2.49704770e-01
5.32468778e+01 -3.50219732e-02 2.49937195e-01
5.32850749e+01 -3.50219360e-02 2.50211932e-01
5.33232721e+01 -3.50219000e-02 2.50529058e-01
5.33614693e+01 -3.50218652e-02 2.50888657e-01
5.33996665e+01 -3.50218314e-02 2.51290815e-01
5.34378637e+01 -3.50217987e-02 2.51735623e-01
5.34760609e+01 -3.50217670e-02 2.52223176e-01
5.35142581e+01 -3.50217363e-02 2.52753574e-01
5.35524553e+01 -3.50217066e-02 2.53326928e-01
5.35906524e+01 -3.50216778e-02 2.53943369e-01
5.36288496e+01 -3.50216500e-02 2.54603037e-01
5.36670468e+01 -3.50216230e-02 2.55306077e-01
5.37052440e+01 -3.50215970e-02 2.56052640e-01
5.37434412e+01 -3.50215718e-02 2.56842881e-01
5.37816384e+01 -3.50215474e-02 2.57676962e-01
5.38198356e+01 -3.50215238e-02 2.58555048e-01
5.38580327e+01 -3.50215010e-02 2.59477315e-01
5.38962299e+01 -3.50214790e-02 2.60443938e-01
5.39344271e+01 -3.50214578e-02 2.61455109e-01
5.39726243e+01 -3.50214373e-02 2.62511047e-01
5.40108215e+01 -3.50214175e-02 2.63611992e-01
5.40490187e+01 -3.50213984e-02 2.64758190e-01
5.40872159e+01 -3.50213800e-02 2.65949895e-01
5.41254130e+01 -3.50213623e-02 2.67187369e-01
5.41636102e+01 -3.50213453e-02 2.68470882e-01
5.42018074e+01 -3.50213289e-02 2.69800712e-01
5.42400046e+01 -3.50213131e-02 2.71177145e-01
5.42782018e+01 -3.50212980e-02 2.72600476e-01
5.43163990e+01 -3.50212835e-02 2.74071015e-01
5.43545962e+01 -3.50212696e-02 2.75589119e-01
5.43927934e+01 -3.50212563e-02 2.77155174e-01
5.44309905e+01 -3.50212436e-02 2.78769575e-01
5.44691877e+01 -3.50212314e-02 2.80432728e-01
5.45073849e+01 -3.50212198e-02 2.82145051e-01
5.45455821e+01 -3.50212088e-02 2.83906973e-01
5.45837793e+01 -3.50211983e-02 2.85718935e-01
5.46219765e+01 -3.50211883e-02 2.87581389e-01
5.46601737e+01 -3.50211789e-02 2.89494801e-01
5.46983708e+01 -3.50211700e-02 2.91459671e-01
5.47365680e+01 -3.50211616e-02 2.93476569e-01
5.47747652e+01 -3.50211538e-02 2.95546092e-01
5.48129624e+01 -3.50211464e-02 2.97668848e-01
5.48511596e+01 -3.50211396e-02 2.99845463e-01
5.48893568e+01 -3.50211332e-02 3.02076579e-01
5.49275540e+01 -3.50211273e-02 3.04362851e-01
5.49657511e+01 -3.50211220e-02 3.06704953e-01
5.50039483e+01 -3.50211171e-02 3.09103573e-01
5.50421455e+01 -3.50211127e-02 3.11559430e-01
5.50803427e+01 -3.50211088e-02 3.14073346e-01
5.51185399e+01 -3.50211053e-02 3.16646193e-01
5.51567371e+01 -3.50211023e-02 3.19278861e-01
5.51949343e+01 -3.50210998e-02 3.21972262e-01
5.52331315e+01 -3.50210978e-02 3.24727328e-01
5.52713286e+01 -3.50210962e-02 3.27545012e-01
5.53095258e+01 -3.50210951e-02 3.30426288e-01
5.53477230e+01 -3.50210945e-02 3.33372152e-01
5.53859202e+01 -3.50210943e-02 3.36383655e-01
5.54241174e+01 -3.50210946e-02 3.39461993e-01
5.54623146e+01 -3.50210953e-02 3.42608415e-01
5.55005118e+01 -3.50210966e-02 3.45824197e-01
5.55387089e+01 -3.50210982e-02 3.49110644e-01
5.55769061e+01 -3.50211004e-02 3.52469087e-01
5.56151033e+01 -3.50211030e-02 3.55900883e-01
5.56533005e+01 -3.50211061e-02 3.59407420e-01
5.56914977e+01 -3.50211097e-02 3.62990122e-01
5.57296949e+01 -3.50211137e-02 3.66650592e-01
5.57678921e+01 -3.50211183e-02 3.70390560e-01
5.58060892e+01 -3.50211233e-02 3.74211798e-01
5.58442864e+01 -3.50211288e-02 3.78116111e-01
5.58824836e+01 -3.50211348e-02 3.82105342e-01
5.59206808e+01 -3.50211412e-02 3.86181370e-01
5.59588780e+01 -3.50211482e-02 3.90346109e-01
5.59970752e+01 -3.50211557e-02 3.94601535e-01
5.60352724e+01 -3.50211637e-02 3.98949882e-01
5.60734696e+01 -3.50211722e-02 4.03393543e-01
5.61116667e+01 -3.50211812e-02 4.07934964e-01
5.61498639e+01 -3.50211908e-02 4.12576634e-01
5.61880611e+01 -3.50212009e-02 4.17321094e-01
5.62262583e+01 -3.50212115e-02 4.22170932e-01
5.62644555e+01 -3.50212227e-02 4.27128789e-01
5.63026527e+01 -3.50212344e-02 4.32197530e-01
5.63408499e+01 -3.50212467e-02 4.37380372e-01
5.63790470e+01 -3.50212596e-02 4.42680621e-01
5.64172442e+01 -3.50212730e-02 4.48101647e-01
5.64554414e+01 -3.50212871e-02 4.53646886e-01
5.64936386e+01 -3.50213018e-02 4.59319841e-01
5.65318358e+01 -3.50213171e-02 4.65124084e-01
5.65700330e+01 -3.50213330e-02 4.71063527e-01
5.66082302e+01 -3.50213495e-02 4.77142539e-01
5.66464273e+01 -3.50213667e-02 4.83365605e-01
5.66846245e+01 -3.50213846e-02 4.89737299e-01
5.67228217e+01 -3.50214032e-02 4.96262282e-01
5.67610189e+01 -3.50214224e-02 5.02945307e-01
5.67992161e+01 -3.50214424e-02 5.09791330e-01
5.68374133e+01 -3.50214631e-02 5.16806022e-01
5.68756105e+01 -3.50214845e-02 5.23995371e-01
5.69138076e+01 -3.50215067e-02 5.31365490e-01
5.69520048e+01 -3.50215297e-02 5.38922610e-01
5.69902020e+01 -3.50215534e-02 5.46673088e-01
5.70283992e+01 -3.50215780e-02 5.54623554e-01
5.70665964e+01 -3.50216034e-02 5.62781608e-01
5.71047936e+01 -3.50216297e-02 5.71155289e-01
5.71429908e+01 -3.50216569e-02 5.79752801e-01
5.71811880e+01 -3.50216850e-02 5.88582518e-01
5.72193851e+01 -3.50217140e-02 5.97652990e-01
5.72575823e+01 -3.50217439e-02 6.06973584e-01
5.72957795e+01 -3.50217749e-02 6.16554835e-01
5.73339767e+01 -3.50218068e-02 6.26407591e-01
5.73721739e+01 -3.50218398e-02 6.36542930e-01
5.74103711e+01 -3.50218738e-02 6.46972162e-01
5.74485683e+01 -3.50219090e-02 6.57707481e-01
5.74867654e+01 -3.50219453e-02 6.68762790e-01
5.75249626e+01 -3.50219827e-02 6.80152490e-01
5.75631598e+01 -3.50220213e-02 6.91891302e-01
5.76013570e+01 -3.50220612e-02 7.03994316e-01
5.76395542e+01 -3.50221023e-02 7.16478330e-01
5.76777514e+01 -3.50221448e-02 7.29362052e-01
5.77159486e+01 -3.50221886e-02 7.42664700e-01
5.77541457e+01 -3.50222338e-02 7.56405926e-01
5.77923429e+01 -3.50222804e-02 7.70606705e-01
5.78305401e+01 -3.50223286e-02 7.85291131e-01
5.78687373e+01 -3.50223782e-02 8.00484368e-01
5.79069345e+01 -3.50224295e-02 8.16212178e-01
5.79451317e+01 -3.50224824e-02 8.32502019e-01
5.79833289e+01 -3.50225370e-02 8.49385479e-01
5.80215261e+01 -3.50225933e-02 8.66895613e-01
5.80597232e+01 -3.50226515e-02 8.85066353e-01
5.80979204e+01 -3.50227115e-02 9.03935215e-01
5.81361176e+01 -3.50227735e-02 9.23544398e-01
5.81743148e+01 -3.50228375e-02 9.43937460e-01
5.82125120e+01 -3.50229036e-02 9.65160470e-01
5.82507092e+01 -3.50229718e-02 9.87266553e-01
5.82889064e+01 -3.50230423e-02 1.01031178e+00
5.83271035e+01 -3.50231152e-02 1.03435492e+00
5.83653007e+01 -3.50231904e-02 1.05946361e+00
5.84034979e+01 -3.50232681e-02 1.08571012e+00
5.84416951e+01 -3.50233485e-02 1.11317102e+00
5.84798923e+01 -3.50234315e-02 1.14193456e+00
5.85180895e+01 -3.50235173e-02 1.17209409e+00
5.85562867e+01 -3.50236061e-02 1.20375249e+00
5.85944838e+01 -3.50236978e-02 1.23702587e+00
5.86326810e+01 -3.50237927e-02 1.27203749e+00
5.86708782e+01 -3.50238909e-02 1.30892920e+00
5.87090754e+01 -3.50239925e-02 1.34785333e+00
5.87472726e+01 -3.50240976e-02 1.38898321e+00
5.87854698e+01 -3.50242065e-02 1.43250892e+00
5.88236670e+01 -3.50243191e-02 1.47864566e+00
5.88618642e+01 -3.50244358e-02 1.52763186e+00
5.89000613e+01 -3.50245567e-02 1.57973913e+00
5.89382585e+01 -3.50246819e-02 1.63526957e+00
5.89764557e+01 -3.50248116e-02 1.69456971e+00
5.90146529e+01 -3.50249461e-02 1.75802993e+00
5.90528501e+01 -3.50250856e-02 1.82609568e+00
5.90910473e+01 -3.50252302e-02 1.89927854e+00
5.91292445e+01 -3.50253802e-02 1.97816452e+00
5.91674416e+01 -3.50255359e-02 2.06342923e+00
5.92056388e+01 -3.50256975e-02 2.15585555e+00
5.92438360e+01 -3.50258652e-02 2.25635389e+00
5.92820332e+01 -3.50260394e-02 2.36598675e+00
5.93202304e+01 -3.50262204e-02 2.48599916e+00
5.93584276e+01 -3.50264085e-02 2.61785526e+00
5.93966248e+01 -3.50266040e-02 2.76328248e+00
5.94348219e+01 -3.50268073e-02 2.92432384e+00
5.94730191e+01 -3.50270188e-02 3.10339521e+00
5.95112163e+01 -3.50272389e-02 3.30335135e+00
5.95494135e+01 -3.50274680e-02 3.52754480e+00
5.95876107e+01 -3.50277065e-02 3.77986775e+00
5.96258079e+01 -3.50279550e-02 4.06473344e+00
5.96640051e+01 -3.50282140e-02 4.38692753e+00
5.97022023e+01 -3.50284839e-02 4.75118391e+00
5.97403994e+01 -3.50287655e-02 5.16123089e+00
5.97785966e+01 -3.50290592e-02 5.61788339e+00
5.98167938e+01 -3.50293658e-02 6.11560801e+00
5.98549910e+01 -3.50296860e-02 6.63714322e+00
5.98931882e+01 -3.50300204e-02 7.14697314e+00
5.99313854e+01 -3.50303700e-02 7.58772152e+00
5.99695826e+01 -3.50307355e-02 7.88772452e+00
6.00077797e+01 -3.50311179e-02 7.98573491e+00
6.00459769e+01 -3.50315181e-02 7.86203330e+00
6.00841741e+01 -3.50319372e-02 7.54955980e+00
6.01223713e+01 -3.50323762e-02 7.11403508e+00
6.01605685e+01 -3.50328364e-02 6.62296702e+00
6.01987657e+01 -3.50333190e-02 6.12661203e+00
6.02369629e+01 -3.50338255e-02 5.65471207e+00
6.02751600e+01 -3.50343572e-02 5.22126156e+00
6.03133572e+01 -3.50349158e-02 4.83051391e+00
6.03515544e+01 -3.50355030e-02 4.48153199e+00
6.03897516e+01 -3.50361206e-02 4.17100377e+00
6.04279488e+01 -3.50367705e-02 3.89479350e+00
6.04661460e+01 -3.50374550e-02 3.64872052e+00
6.05043432e+01 -3.50381763e-02 3.42891091e+00
6.05425404e+01 -3.50389368e-02 3.23192611e+00
6.05807375e+01 -3.50397394e-02 3.05478181e+00
6.06189347e+01 -3.50405868e-02 2.89491848e+00
6.06571319e+01 -3.50414824e-02 2.75015311e+00
6.06953291e+01 -3.50424294e-02 2.61862812e+00
6.07335263e+01 -3.50434317e-02 2.49876128e+00
6.07717235e+01 -3.50444933e-02 2.38920281e+00
6.08099207e+01 -3.50456186e-02 2.28879816e+00
6.08481178e+01 -3.50468124e-02 2.19655658e+00
6.08863150e+01 -3.50480801e-02 2.11162479e+00
6.09245122e+01 -3.50494273e-02 2.03326484e+00
6.09627094e+01 -3.50508603e-02 1.96083609e+00
6.10009066e+01 -3.50523862e-02 1.89378155e+00
6.10391038e+01 -3.50540124e-02 1.83161378e+00
6.10773010e+01 -3.50557473e-02 1.77390360e+00
6.11154981e+01 -3.50576002e-02 1.72027520e+00
6.11536953e+01 -3.50595810e-02 1.67039486e+00
6.11918925e+01 -3.50617010e-02 1.62396661e+00
6.12300897e+01 -3.50639725e-02 1.58072821e+00
6.12682869e+01 -3.50664093e-02 1.54044344e+00
6.13064841e+01 -3.50690265e-02 1.50290308e+00
6.13446813e+01 -3.50718411e-02 1.46791665e+00
6.13828785e+01 -3.50748719e-02 1.43531447e+00
6.14210756e+01 -3.50781398e-02 1.40494178e+00
6.14592728e+01 -3.50816683e-02 1.37665837e+00
6.14974700e+01 -3.50854839e-02 1.35033778e+00
6.15356672e+01 -3.50896158e-02 1.32586234e+00
6.15738644e+01 -3.50940974e-02 1.30312709e+00
6.16120616e+01 -3.50989661e-02 1.28203372e+00
6.16502588e+01 -3.51042642e-02 1.26249205e+00
6.16884559e+01 -3.51100395e-02 1.24442023e+00
6.17266531e+01 -3.51163464e-02 1.22774065e+00
6.17648503e+01 -3.51232467e-02 1.21238222e+00
6.18030475e+01 -3.51308109e-02 1.19827957e+00
6.18412447e+01 -3.51391196e-02 1.18537038e+00
6.18794419e+01 -3.51482653e-02 1.17359688e+00
6.19176391e+01 -3.51583543e-02 1.16290591e+00
6.19558362e+01 -3.51695092e-02 1.15324666e+00
6.19940334e+01 -3.51818715e-02 1.14457100e+00
6.20322306e+01 -3.51956056e-02 1.13683473e+00
6.20704278e+01 -3.52109024e-02 1.12999580e+00
6.21086250e+01 -3.52279846e-02 1.12401384e+00
6.21468222e+01 -3.52471125e-02 1.11885080e+00
6.21850194e+01 -3.52685915e-02 1.11447120e+00
6.22232166e+01 -3.52927805e-02 1.11084088e+00
6.22614137e+01 -3.53201026e-02 1.10792682e+00
6.22996109e+01 -3.53510573e-02 1.10569759e+00
6.23378081e+01 -3.53862359e-02 1.10412340e+00
6.23760053e+01 -3.54263382e-02 1.10317524e+00
6.24142025e+01 -3.54721932e-02 1.10282462e+00
6.24523997e+01 -3.55247810e-02 1.10304352e+00
6.24905969e+01 -3.55852566e-02 1.10380463e+00
6.25287940e+01 -3.56549710e-02 1.10508053e+00
6.25669912e+01 -3.57354856e-02 1.10684318e+00
6.26051884e+01 -3.58285673e-02 1.10906338e+00
6.26433856e+01 -3.59361418e-02 1.11171043e+00
6.26815828e+01 -3.60601649e-02 1.11475141e+00
6.27197800e+01 -3.62023328e-02 1.11814977e+00
6.27579772e+01 -3.63634894e-02 1.12186392e+00
6.27961743e+01 -3.65424617e-02 1.12584534e+00
6.28343715e+01 -3.67338350e-02 1.13003605e+00
6.28725687e+01 -3.69237725e-02 1.13436538e+00
6.29107659e+01 -3.70822861e-02 1.13874496e+00
6.29489631e+01 -3.71492505e-02 1.14306231e+00
6.29871603e+01 -3.70100152e-02 1.14717226e+00
6.30253575e+01 -3.64558356e-02 1.15088571e+00
6.30635547e+01 -3.51291002e-02 1.15395588e+00
6.31017518e+01 -3.24768447e-02 1.15606328e+00
6.31399490e+01 -2.78043326e-02 1.15680425e+00
6.31781462e+01 -2.06396869e-02 1.15569493e+00
6.32163434e+01 -1.16159309e-02 1.15221074e+00
6.32545406e+01 -3.41053979e-03 1.14588324e+00
6.32927378e+01 -3.59895336e-09 1.13644920e+00
6.33309350e+01 -3.42339135e-03 1.12398350e+00
6.33691321e+01 -1.16343623e-02 1.10891263e+00
6.34073293e+01 -2.06563334e-02 1.09188245e+00
6.34455265e+01 -2.78160796e-02 1.07357424e+00
6.34837237e+01 -3.24839094e-02 1.05457494e+00
6.35219209e+01 -3.51328473e-02 1.03532985e+00
6.35601181e+01 -3.64575598e-02 1.01614977e+00
6.35983153e+01 -3.70106156e-02 9.97239092e-01
6.36365124e+01 -3.71492716e-02 9.78725406e-01
6.36747096e+01 -3.70820341e-02 9.60683615e-01
6.37129068e+01 -3.69234112e-02 9.43153522e-01
6.37511040e+01 -3.67334482e-02 9.26151990e-01
6.37893012e+01 -3.65420897e-02 9.09681111e-01
6.38274984e+01 -3.63631495e-02 8.93733605e-01
6.38656956e+01 -3.62020305e-02 8.78296447e-01
6.39038928e+01 -3.60599000e-02 8.63353250e-01
6.39420899e+01 -3.59359116e-02 8.48885825e-01
6.39802871e+01 -3.58283680e-02 8.34875194e-01
6.40184843e+01 -3.57353132e-02 8.21302253e-01
6.40566815e+01 -3.56548218e-02 8.08148191e-01
6.40948787e+01 -3.55851273e-02 7.95394693e-01
6.41330759e+01 -3.55246687e-02 7.83024114e-01
6.41712731e+01 -3.54720954e-02 7.71019596e-01
6.42094702e+01 -3.54262528e-02 7.59365107e-01
6.42476674e+01 -3.53861611e-02 7.48045453e-01
6.42858646e+01 -3.53509916e-02 7.37046264e-01
6.43240618e+01 -3.53200446e-02 7.26353971e-01
6.43622590e+01 -3.52927293e-02 7.15955765e-01
6.44004562e+01 -3.52685461e-02 7.05839513e-01
6.44386534e+01 -3.52470721e-02 6.95993738e-01
6.44768505e+01 -3.52279486e-02 6.86407611e-01
6.45150477e+01 -3.52108702e-02 6.77070917e-01
6.45532449e+01 -3.51955767e-02 6.67974010e-01
6.45914421e+01 -3.51818456e-02 6.59107788e-01
6.46296393e+01 -3.51694858e-02 6.50463653e-01
6.46678365e+01 -3.51583332e-02 6.42033480e-01
6.47060337e+01 -3.51482462e-02 6.33809560e-01
6.47442308e+01 -3.51391022e-02 6.25784553e-01
6.47824280e+01 -3.51307951e-02 6.17951508e-01
6.48206252e+01 -3.51232323e-02 6.10303833e-01
6.48588224e+01 -3.51163333e-02 6.02835285e-01
6.48970196e+01 -3.51100275e-02 5.95539940e-01
6.49352168e+01 -3.51042532e-02 5.88412180e-01
6.49734140e+01 -3.50989560e-02 5.81446670e-01
6.50116112e+01 -3.50940881e-02 5.74638345e-01
6.50498083e+01 -3.50896072e-02 5.67982362e-01
6.50880055e+01 -3.50854759e-02 5.61474083e-01
6.51262027e+01 -3.50816610e-02 5.55109095e-01
6.51643999e+01 -3.50781330e-02 5.48883196e-01
6.52025971e+01 -3.50748656e-02 5.42792386e-01
6.52407943e+01 -3.50718353e-02 5.36832854e-01
6.52789915e+01 -3.50690211e-02 5.31000969e-01
6.53171886e+01 -3.50664043e-02 5.25293272e-01
6.53553858e+01 -3.50639678e-02 5.19706463e-01
6.53935830e+01 -3.50616966e-02 5.14237384e-01
6.54317802e+01 -3.50595769e-02 5.08882988e-01
6.54699774e+01 -3.50575963e-02 5.03640360e-01
6.55081746e+01 -3.50557438e-02 4.98506721e-01
6.55463718e+01 -3.50540091e-02 4.93479414e-01
6.55845689e+01 -3.50523831e-02 4.88555902e-01
6.56227661e+01 -3.50508574e-02 4.83733761e-01
6.56609633e+01 -3.50494245e-02 4.79010677e-01
6.56991605e+01 -3.50480775e-02 4.74384439e-01
6.57373577e+01 -3.50468100e-02 4.69852932e-01
6.57755549e+01 -3.50456163e-02 4.65414118e-01
6.58137521e+01 -3.50444911e-02 4.61066029e-01
6.58519493e+01 -3.50434296e-02 4.56806785e-01
6.58901464e+01 -3.50424275e-02 4.52634587e-01
6.59283436e+01 -3.50414805e-02 4.48547716e-01
6.59665408e+01 -3.50405851e-02 4.44544528e-01
6.60047380e+01 -3.50397377e-02 4.40623453e-01
6.60429352e+01 -3.50389353e-02 4.36782990e-01
6.60811324e+01 -3.50381748e-02 4.33021705e-01
6.61193296e+01 -3.50374536e-02 4.29338228e-01
6.61575267e+01 -3.50367692e-02 4.25731237e-01
6.61957239e+01 -3.50361193e-02 4.22199455e-01
6.62339211e+01 -3.50355018e-02 4.18741662e-01
6.62721183e+01 -3.50349147e-02 4.15356695e-01
6.63103155e+01 -3.50343562e-02 4.12043441e-01
6.63485127e+01 -3.50338245e-02 4.08800841e-01
6.63867099e+01 -3.50333181e-02 4.05627883e-01
6.64249070e+01 -3.50328355e-02 4.02523604e-01
6.64631042e+01 -3.50323753e-02 3.99487086e-01
6.65013014e+01 -3.50319363e-02 3.96517455e-01
6.65394986e+01 -3.50315173e-02 3.93613873e-01
6.65776958e+01 -3.50311171e-02 3.90775532e-01
6.66158930e+01 -3.50307348e-02 3.88001662e-01
6.66540902e+01 -3.50303693e-02 3.85291532e-01
6.66922874e+01 -3.50300198e-02 3.82644446e-01
6.67304845e+01 -3.50296853e-02 3.80059747e-01
6.67686817e+01 -3.50293652e-02 3.77536809e-01
6.68068789e+01 -3.50290586e-02 3.75075041e-01
6.68450761e+01 -3.50287649e-02 3.72673886e-01
6.68832733e+01 -3.50284834e-02 3.70332814e-01
6.69214705e+01 -3.50282134e-02 3.68051329e-01
6.69596677e+01 -3.50279545e-02 3.65828953e-01
6.69978648e+01 -3.50277060e-02 3.63665236e-01
6.70360620e+01 -3.50274675e-02 3.61559753e-01
6.70742592e+01 -3.50272384e-02 3.59512106e-01
6.71124564e+01 -3.50270184e-02 3.57521924e-01
6.71506536e+01 -3.50268069e-02 3.55588857e-01
6.71888508e+01 -3.50266036e-02 3.53712582e-01
6.72270480e+01 -3.50264081e-02 3.51892798e-01
6.72652451e+01 -3.50262201e-02 3.50129226e-01
6.73034423e+01 -3.50260391e-02 3.48421609e-01
6.73416395e+01 -3.50258649e-02 3.46769708e-01
6.73798367e+01 -3.50256971e-02 3.45173303e-01
6.74180339e+01 -3.50255356e-02 3.43632193e-01
6.74562311e+01 -3.50253799e-02 3.42146196e-01
6.74944283e+01 -3.50252299e-02 3.40715146e-01
6.75326255e+01 -3.50250853e-02 3.39338895e-01
6.75708226e+01 -3.50249459e-02 3.38017314e-01
6.76090198e+01 -3.50248114e-02 3.36750287e-01
6.76472170e+01 -3.50246816e-02 3.35537714e-01
6.76854142e+01 -3.50245564e-02 3.34379512e-01
6.77236114e+01 -3.50244356e-02 3.33275610e-01
6.77618086e+01 -3.50243189e-02 3.32225953e-01
6.78000058e+01 -3.50242063e-02 3.31230503e-01
6.78382029e+01 -3.50240974e-02 3.30289233e-01
6.78764001e+01 -3.50239923e-02 3.29402130e-01
6.79145973e+01 -3.50238907e-02 3.28569189e-01
6.79527945e+01 -3.50237925e-02 3.27790421e-01
6.79909917e+01 -3.50236976e-02 3.27065846e-01
6.80291889e+01 -3.50236059e-02 3.26395493e-01
6.80673861e+01 -3.50235171e-02 3.25779403e-01
6.81055832e+01 -3.50234313e-02 3.25217627e-01
6.81437804e+01 -3.50233483e-02 3.24710223e-01
6.81819776e+01 -3.50232680e-02 3.24257272e-01
6.82201748e+01 -3.50231902e-02 3.23858861e-01
6.82583720e+01 -3.50231150e-02 3.23515089e-01
6.82965692e+01 -3.50230422e-02 3.23226063e-01
6.83347664e+01 -3.50229717e-02 3.22991894e-01
6.83729636e+01 -3.50229035e-02 3.22812706e-01
6.84111607e+01 -3.50228374e-02 3.22688626e-01
6.84493579e+01 -3.50227734e-02 3.22619790e-01
6.84875551e+01 -3.50227114e-02 3.22606339e-01
6.85257523e+01 -3.50226514e-02 3.22648424e-01
6.85639495e+01 -3.50225932e-02 3.22746210e-01
6.86021467e+01 -3.50225369e-02 3.22899881e-01
6.86403439e+01 -3.50224823e-02 3.23109629e-01
6.86785410e+01 -3.50224294e-02 3.23375654e-01
6.87167382e+01 -3.50223781e-02 3.23698161e-01
6.87549354e+01 -3.50223285e-02 3.24077359e-01
6.87931326e+01 -3.50222803e-02 3.24513469e-01
6.88313298e+01 -3.50222337e-02 3.25006712e-01
6.88695270e+01 -3.50221885e-02 3.25557320e-01
6.89077242e+01 -3.50221447e-02 3.26165528e-01
6.89459213e+01 -3.50221023e-02 3.26831589e-01
6.89841185e+01 -3.50220611e-02 3.27555785e-01
6.90223157e+01 -3.50220213e-02 3.28338412e-01
6.90605129e+01 -3.50219826e-02 3.29179771e-01
6.90987101e+01 -3.50219452e-02 3.30080173e-01
6.91369073e+01 -3.50219089e-02 3.31039934e-01
6.91751045e+01 -3.50218738e-02 3.32059380e-01
6.92133017e+01 -3.50218397e-02 3.33138844e-01
6.92514988e+01 -3.50218068e-02 3.34278665e-01
6.92896960e+01 -3.50217748e-02 3.35479194e-01
6.93278932e+01 -3.50217439e-02 3.36740803e-01
6.93660904e+01 -3.50217139e-02 3.38063909e-01
6.94042876e+01 -3.50216849e-02 3.39448949e-01
6.94424848e+01 -3.50216568e-02 3.40896370e-01
6.94806820e+01 -3.50216297e-02 3.42406628e-01
6.95188791e+01 -3.50216034e-02 3.43980193e-01
6.95570763e+01 -3.50215780e-02 3.45617545e-01
6.95952735e+01 -3.50215534e-02 3.47319176e-01
6.96334707e+01 -3.50215296e-02 3.49085589e-01
6.96716679e+01 -3.50215066e-02 3.50917304e-01
6.97098651e+01 -3.50214844e-02 3.52814890e-01
6.97480623e+01 -3.50214630e-02 3.54778976e-01
6.97862594e+01 -3.50214423e-02 3.56810209e-01
6.98244566e+01 -3.50214224e-02 3.58909251e-01
6.98626538e+01 -3.50214031e-02 3.61076782e-01
6.99008510e+01 -3.50213846e-02 3.63313498e-01
6.99390482e+01 -3.50213667e-02 3.65620113e-01
6.99772454e+01 -3.50213495e-02 3.67997359e-01
7.00154426e+01 -3.50213329e-02 3.70445984e-01
7.00536398e+01 -3.50213170e-02 3.72966793e-01
7.00918369e+01 -3.50213017e-02 3.75560687e-01
7.01300341e+01 -3.50212871e-02 3.78228603e-01
7.01682313e+01 -3.50212730e-02 3.80971502e-01
7.02064285e+01 -3.50212596e-02 3.83790369e-01
7.02446257e+01 -3.50212467e-02 3.86686211e-01
7.02828229e+01 -3.50212344e-02 3.89660062e-01
7.03210201e+01 -3.50212226e-02 3.92712979e-01
7.03592172e+01 -3.50212115e-02 3.95846047e-01
7.03974144e+01 -3.50212008e-02 3.99060444e-01
7.04356116e+01 -3.50211908e-02 4.02357480e-01
7.04738088e+01 -3.50211812e-02 4.05738505e-01
7.05120060e+01 -3.50211722e-02 4.09204905e-01
7.05502032e+01 -3.50211637e-02 4.12758094e-01
7.05884004e+01 -3.50211557e-02 4.16399524e-01
7.06265975e+01 -3.50211482e-02 4.20130678e-01
7.06647947e+01 -3.50211412e-02 4.23953076e-01
7.07029919e+01 -3.50211348e-02 4.27868306e-01
7.07411891e+01 -3.50211288e-02 4.31878168e-01
7.07793863e+01 -3.50211233e-02 4.35984549e-01
7.08175835e+01 -3.50211183e-02 4.40189384e-01
7.08557807e+01 -3.50211137e-02 4.44494653e-01
7.08939779e+01 -3.50211097e-02 4.48902379e-01
7.09321750e+01 -3.50211061e-02 4.53414633e-01
7.09703722e+01 -3.50211030e-02 4.58033531e-01
7.10085694e+01 -3.50211004e-02 4.62761303e-01
7.10467666e+01 -3.50210982e-02 4.67600471e-01
7.10849638e+01 -3.50210966e-02 4.72553668e-01
7.11231610e+01 -3.50210953e-02 4.77623586e-01
7.11613582e+01 -3.50210946e-02 4.82812981e-01
7.11995553e+01 -3.50210943e-02 4.88124666e-01
7.12377525e+01 -3.50210945e-02 4.93561520e-01
7.12759497e+01 -3.50210951e-02 4.99126502e-01
7.13141469e+01 -3.50210962e-02 5.04822910e-01
7.13523441e+01 -3.50210978e-02 5.10654323e-01
7.13905413e+01 -3.50210998e-02 5.16624403e-01
7.14287385e+01 -3.50211023e-02 5.22736897e-01
7.14669356e+01 -3.50211053e-02 5.28995635e-01
7.15051328e+01 -3.50211088e-02 5.35404529e-01
7.15433300e+01 -3.50211127e-02 5.41967612e-01
7.15815272e+01 -3.50211171e-02 5.48689404e-01
7.16197244e+01 -3.50211220e-02 5.55574786e-01
7.16579216e+01 -3.50211274e-02 5.62628753e-01
7.16961188e+01 -3.50211332e-02 5.69856410e-01
7.17343160e+01 -3.50211396e-02 5.77262980e-01
7.17725131e+01 -3.50211464e-02 5.84853796e-01
7.18107103e+01 -3.50211538e-02 5.92634584e-01
7.18489075e+01 -3.50211616e-02 6.00611798e-01
7.18871047e+01 -3.50211700e-02 6.08792121e-01
7.19253019e+01 -3.50211789e-02 6.17182390e-01
7.19634991e+01 -3.50211883e-02 6.25789596e-01
7.20016963e+01 -3.50211983e-02 6.34620886e-01
7.20398934e+01 -3.50212088e-02 6.43683935e-01
7.20780906e+01 -3.50212198e-02 6.52987415e-01
7.21162878e+01 -3.50212314e-02 6.62540311e-01
7.21544850e+01 -3.50212436e-02 6.72351821e-01
7.21926822e+01 -3.50212563e-02 6.82431353e-01
7.22308794e+01 -3.50212696e-02 6.92788605e-01
7.22690766e+01 -3.50212835e-02 7.03434486e-01
7.23072737e+01 -3.50212981e-02 7.14380849e-01
7.23454709e+01 -3.50213132e-02 7.25639847e-01
7.23836681e+01 -3.50213289e-02 7.37223923e-01
7.24218653e+01 -3.50213453e-02 7.49145862e-01
7.24600625e+01 -3.50213624e-02 7.61419885e-01
7.24982597e+01 -3.50213801e-02 7.74061694e-01
7.25364569e+01 -3.50213985e-02 7.87087431e-01
7.25746540e+01 -3.50214175e-02 8.00513634e-01
7.26128512e+01 -3.50214373e-02 8.14357476e-01
7.26510484e+01 -3.50214578e-02 8.28638498e-01
7.26892456e+01 -3.50214791e-02 8.43377708e-01
7.27274428e+01 -3.50215011e-02 8.58596660e-01
7.27656400e+01 -3.50215238e-02 8.74317497e-01
7.28038372e+01 -3.50215474e-02 8.90564643e-01
7.28420344e+01 -3.50215718e-02 9.07365414e-01
7.28802315e+01 -3.50215970e-02 9.24748008e-01
7.29184287e+01 -3.50216231e-02 9.42741414e-01
7.29566259e+01 -3.50216500e-02 9.61377575e-01
7.29948231e+01 -3.50216779e-02 9.80692318e-01
7.30330203e+01 -3.50217066e-02 1.00072267e+00
7.30712175e+01 -3.50217364e-02 1.02150706e+00
7.31094147e+01 -3.50217671e-02 1.04308910e+00
7.31476118e+01 -3.50217987e-02 1.06551625e+00
7.31858090e+01 -3.50218315e-02 1.08883734e+00
7.32240062e+01 -3.50218652e-02 1.11310575e+00
7.32622034e+01 -3.50219001e-02 1.13838189e+00
7.33004006e+01 -3.50219361e-02 1.16472855e+00
7.33385978e+01 -3.50219732e-02 1.19221339e+00
7.33767950e+01 -3.50220116e-02 1.22091374e+00
7.34149921e+01 -3.50220511e-02 1.25091049e+00
7.34531893e+01 -3.50220919e-02 1.28229216e+00
7.34913865e+01 -3.50221341e-02 1.31515896e+00
7.35295837e+01 -3.50221775e-02 1.34961603e+00
7.35677809e+01 -3.50222224e-02 1.38578262e+00
7.36059781e+01 -3.50222686e-02 1.42378908e+00
7.36441753e+01 -3.50223164e-02 1.46377722e+00
7.36823725e+01 -3.50223657e-02 1.50590838e+00
7.37205696e+01 -3.50224165e-02 1.55035582e+00
7.37587668e+01 -3.50224690e-02 1.59731842e+00
7.37969640e+01 -3.50225232e-02 1.64701174e+00
7.38351612e+01 -3.50225791e-02 1.69968299e+00
7.38733584e+01 -3.50226368e-02 1.75560341e+00
7.39115556e+01 -3.50226963e-02 1.81508381e+00
7.39497528e+01 -3.50227578e-02 1.87847054e+00
7.39879499e+01 -3.50228213e-02 1.94615809e+00
7.40261471e+01 -3.50228869e-02 2.01859540e+00
7.40643443e+01 -3.50229546e-02 2.09629187e+00
7.41025415e+01 -3.50230245e-02 2.17983284e+00
7.41407387e+01 -3.50230968e-02 2.26989112e+00
7.41789359e+01 -3.50231714e-02 2.36724212e+00
7.42171331e+01 -3.50232485e-02 2.47278420e+00
7.42553302e+01 -3.50233281e-02 2.58756251e+00
7.42935274e+01 -3.50234105e-02 2.71279763e+00
7.43317246e+01 -3.50234956e-02 2.84992022e+00
7.43699218e+01 -3.50235836e-02 3.00061309e+00
7.44081190e+01 -3.50236746e-02 3.16686102e+00
7.44463162e+01 -3.50237687e-02 3.35100770e+00
7.44845134e+01 -3.50238661e-02 3.55582253e+00
7.45227106e+01 -3.50239668e-02 3.78456668e+00
7.45609077e+01 -3.50240711e-02 4.04105293e+00
7.45991049e+01 -3.50241789e-02 4.32966972e+00
7.46373021e+01 -3.50242906e-02 4.65532216e+00
7.46754993e+01 -3.50244063e-02 5.02318655e+00
7.47136965e+01 -3.50245261e-02 5.43809292e+00
7.47518937e+01 -3.50246502e-02 5.90320166e+00
7.47900909e+01 -3.50247788e-02 6.41745844e+00
7.48282880e+01 -3.50249121e-02 6.97119847e+00
7.48664852e+01 -3.50250503e-02 7.53969661e+00
7.49046824e+01 -3.50251936e-02 8.07639672e+00
7.49428796e+01 -3.50253422e-02 8.51179845e+00
7.49810768e+01 -3.50254965e-02 8.76754372e+00
7.50192740e+01 -3.50256565e-02 8.78810425e+00
7.50574712e+01 -3.50258227e-02 8.57107117e+00
7.50956683e+01 -3.50259953e-02 8.16808818e+00
7.51338655e+01 -3.50261746e-02 7.65571948e+00
7.51720627e+01 -3.50263608e-02 7.10361518e+00
7.52102599e+01 -3.50265545e-02 6.55957761e+00
7.52484571e+01 -3.50267558e-02 6.04989009e+00
7.52866543e+01 -3.50269652e-02 5.58564874e+00
7.53248515e+01 -3.50271831e-02 5.16905737e+00
7.53630487e+01 -3.50274099e-02 4.79781687e+00
7.54012458e+01 -3.50276460e-02 4.46771893e+00
7.54394430e+01 -3.50278920e-02 4.17402696e+00
7.54776402e+01 -3.50281483e-02 3.91214347e+00
7.55158374e+01 -3.50284154e-02 3.67789381e+00
7.55540346e+01 -3.50286940e-02 3.46761321e+00
7.55922318e+01 -3.50289847e-02 3.27814227e+00
7.56304290e+01 -3.50292880e-02 3.10678137e+00
7.56686261e+01 -3.50296047e-02 2.95123389e+00
7.57068233e+01 -3.50299355e-02 2.80954648e+00
7.57450205e+01 -3.50302812e-02 2.68005673e+00
7.57832177e+01 -3.50306427e-02 2.56134664e+00
7.58214149e+01 -3.50310208e-02 2.45220292e+00
7.58596121e+01 -3.50314164e-02 2.35158395e+00
7.58978093e+01 -3.50318307e-02 2.25859233e+00
7.59360064e+01 -3.50322646e-02 2.17245190e+00
7.59742036e+01 -3.50327194e-02 2.09248808e+00
7.60124008e+01 -3.50331963e-02 2.01811302e+00
7.60505980e+01 -3.50336967e-02 1.94881406e+00
7.60887952e+01 -3.50342220e-02 1.88413929e+00
7.61269924e+01 -3.50347737e-02 1.82369098e+00
7.61651896e+01 -3.50353536e-02 1.76711924e+00
7.62033868e+01 -3.50359634e-02 1.71411063e+00
7.62415839e+01 -3.50366051e-02 1.66439029e+00
7.62797811e+01 -3.50372807e-02 1.61770880e+00
7.63179783e+01 -3.50379925e-02 1.57384721e+00
7.63561755e+01 -3.50387431e-02 1.53260477e+00
7.63943727e+01 -3.50395349e-02 1.49380510e+00
7.64325699e+01 -3.50403708e-02 1.45728517e+00
7.64707671e+01 -3.50412540e-02 1.42290058e+00
7.65089642e+01 -3.50421879e-02 1.39051886e+00
7.65471614e+01 -3.50431760e-02 1.36001912e+00
7.65853586e+01 -3.50442224e-02 1.33129350e+00
7.66235558e+01 -3.50453313e-02 1.30424044e+00
7.66617530e+01 -3.50465075e-02 1.27876915e+00
7.66999502e+01 -3.50477562e-02 1.25479631e+00
7.67381474e+01 -3.50490830e-02 1.23224324e+00
7.67763445e+01 -3.50504940e-02 1.21103967e+00
7.68145417e+01 -3.50519960e-02 1.19112028e+00
7.68527389e+01 -3.50535964e-02 1.17242298e+00
7.68909361e+01 -3.50553034e-02 1.15489171e+00
7.69291333e+01 -3.50571258e-02 1.13847458e+00
7.69673305e+01 -3.50590737e-02 1.12312189e+00
7.70055277e+01 -3.50611578e-02 1.10878748e+00
7.70437249e+01 -3.50633903e-02 1.09542935e+00
7.70819220e+01 -3.50657844e-02 1.08300732e+00
7.71201192e+01 -3.50683551e-02 1.07148288e+00
7.71583164e+01 -3.50711187e-02 1.06082063e+00
7.71965136e+01 -3.50740936e-02 1.05098758e+00
7.72347108e+01 -3.50773002e-02 1.04195195e+00
7.72729080e+01 -3.50807613e-02 1.03368320e+00
7.73111052e+01 -3.50845025e-02 1.02615301e+00
7.73493023e+01 -3.50885525e-02 1.01933485e+00
7.73874995e+01 -3.50929434e-02 1.01320311e+00
7.74256967e+01 -3.50977117e-02 1.00773308e+00
7.74638939e+01 -3.51028983e-02 1.00290138e+00
7.75020911e+01 -3.51085496e-02 9.98686266e-01
7.75402883e+01 -3.51147182e-02 9.95066827e-01
7.75784855e+01 -3.51214640e-02 9.92022865e-01
7.76166826e+01 -3.51288553e-02 9.89534923e-01
7.76548798e+01 -3.51369699e-02 9.87584699e-01
7.76930770e+01 -3.51458972e-02 9.86154972e-01
7.77312742e+01 -3.51557398e-02 9.85229130e-01
7.77694714e+01 -3.51666160e-02 9.84791157e-01
7.78076686e+01 -3.51786623e-02 9.84825629e-01
7.78458658e+01 -3.51920371e-02 9.85317941e-01
7.78840630e+01 -3.52069240e-02 9.86254352e-01
7.79222601e+01 -3.52235375e-02 9.87621624e-01
7.79604573e+01 -3.52421278e-02 9.89406977e-01
7.79986545e+01 -3.52629882e-02 9.91598069e-01
7.80368517e+01 -3.52864635e-02 9.94183001e-01
7.80750489e+01 -3.53129595e-02 9.97150476e-01
7.81132461e+01 -3.53429554e-02 1.00048958e+00
7.81514433e+01 -3.53770180e-02 1.00418961e+00
7.81896404e+01 -3.54158184e-02 1.00823997e+00
7.82278376e+01 -3.54601511e-02 1.01263010e+00
7.82660348e+01 -3.55109565e-02 1.01734935e+00
7.83042320e+01 -3.55693435e-02 1.02238695e+00
7.83424292e+01 -3.56366125e-02 1.02773167e+00
7.83806264e+01 -3.57142719e-02 1.03337149e+00
7.84188236e+01 -3.58040394e-02 1.03929322e+00
7.84570207e+01 -3.59078089e-02 1.04548201e+00
7.84952179e+01 -3.60275477e-02 1.05192076e+00
7.85334151e+01 -3.61650574e-02 1.05858929e+00
7.85716123e+01 -3.63214752e-02 1.06546324e+00
7.86098095e+01 -3.64962876e-02 1.07251242e+00
7.86480067e+01 -3.66854340e-02 1.07969873e+00
7.86862039e+01 -3.68777306e-02 1.08697328e+00
7.87244011e+01 -3.70482299e-02 1.09427240e+00
7.87625982e+01 -3.71461282e-02 1.10151220e+00
7.88007954e+01 -3.70734359e-02 1.10858112e+00
7.88389926e+01 -3.66495607e-02 1.11532992e+00
7.88771898e+01 -3.55595751e-02 1.12155872e+00
7.89153870e+01 -3.33007777e-02 1.12700183e+00
7.89535842e+01 -2.91965556e-02 1.13131326e+00
7.89917814e+01 -2.26578339e-02 1.13406146e+00
7.90299785e+01 -1.39355249e-02 1.13475001e+00
7.90681757e+01 -5.16315685e-03 1.13288723e+00
7.91063729e+01 -2.23231863e-04 1.12811374e+00
7.91445701e+01 -1.97720462e-03 1.12034575e+00
7.91827673e+01 -9.35662866e-03 1.10983849e+00
7.92209645e+01 -1.85120949e-02 1.09710922e+00
7.92591617e+01 -2.62645397e-02 1.08277463e+00
7.92973588e+01 -3.15343187e-02 1.06740882e+00
7.93355560e+01 -3.46212661e-02 1.05147363e+00
7.93737532e+01 -3.62170532e-02 1.03530841e+00
7.94119504e+01 -3.69222547e-02 1.01914854e+00
7.94501476e+01 -3.71400876e-02 1.00315080e+00
7.94883448e+01 -3.71106843e-02 9.87416043e-01
7.95265420e+01 -3.69676505e-02 9.72006634e-01
7.95647392e+01 -3.67818359e-02 9.56958864e-01
7.96029363e+01 -3.65890702e-02 9.42291580e-01
7.96411335e+01 -3.64062855e-02 9.28012044e-01
7.96793307e+01 -3.62404900e-02 9.14119894e-01
7.97175279e+01 -3.60936436e-02 9.00609801e-01
7.97557251e+01 -3.59652633e-02 8.87473280e-01
7.97939223e+01 -3.58537923e-02 8.74699924e-01
7.98321195e+01 -3.57573036e-02 8.62278238e-01
7.98703166e+01 -3.56738474e-02 8.50196191e-01
7.99085138e+01 -3.56016110e-02 8.38441601e-01
7.99467110e+01 -3.55389803e-02 8.27002379e-01
7.99849082e+01 -3.54845531e-02 8.15866697e-01
8.00231054e+01 -3.54371277e-02 8.05023086e-01
