#	Time	Error_of_Energy
4.02633697e-02 -1.54009609e-05
8.05267394e-02 -3.58721491e-05
1.20790109e-01 -4.95361371e-05
1.61053479e-01 -5.55821992e-05
2.01316848e-01 -5.77198094e-05
2.41580218e-01 -5.84865137e-05
2.81843588e-01 -5.88650925e-05
3.22106957e-01 -5.91306362e-05
3.62370327e-01 -5.93420339e-05
4.02633697e-01 -5.95105463e-05
4.42897067e-01 -5.96416927e-05
4.83160436e-01 -5.97417464e-05
5.23423806e-01 -5.98171943e-05
5.63687176e-01 -5.98738150e-05
6.03950545e-01 -5.99163082e-05
6.44213915e-01 -5.99483020e-05
6.84477285e-01 -5.99725178e-05
7.24740654e-01 -5.99909662e-05
7.65004024e-01 -6.00051222e-05
8.05267394e-01 -6.00160668e-05
8.45530763e-01 -6.00245935e-05
8.85794133e-01 -6.00312870e-05
9.26057503e-01 -6.00365808e-05
9.66320872e-01 -6.00407979e-05
1.00658424e+00 -6.00441807e-05
1.04684761e+00 -6.00469127e-05
1.08711098e+00 -6.00491331e-05
1.12737435e+00 -6.00509490e-05
1.16763772e+00 -6.00524426e-05
1.20790109e+00 -6.00536782e-05
1.24816446e+00 -6.00547058e-05
1.28842783e+00 -6.00555646e-05
1.32869120e+00 -6.00562860e-05
1.36895457e+00 -6.00568947e-05
1.40921794e+00 -6.00574106e-05
1.44948131e+00 -6.00578498e-05
1.48974468e+00 -6.00582250e-05
1.53000805e+00 -6.00585469e-05
1.57027142e+00 -6.00588241e-05
1.61053479e+00 -6.00590636e-05
1.65079816e+00 -6.00592712e-05
1.69106153e+00 -6.00594518e-05
1.73132490e+00 -6.00596093e-05
1.77158827e+00 -6.00597472e-05
1.81185164e+00 -6.00598682e-05
1.85211501e+00 -6.00599746e-05
1.89237838e+00 -6.00600686e-05
1.93264174e+00 -6.00601516e-05
1.97290511e+00 -6.00602253e-05
2.01316848e+00 -6.00602908e-05
2.05343185e+00 -6.00603491e-05
2.09369522e+00 -6.00604011e-05
2.13395859e+00 -6.00604477e-05
2.17422196e+00 -6.00604894e-05
2.21448533e+00 -6.00605269e-05
2.25474870e+00 -6.00605607e-05
2.29501207e+00 -6.00605911e-05
2.33527544e+00 -6.00606186e-05
2.37553881e+00 -6.00606434e-05
2.41580218e+00 -6.00606659e-05
2.45606555e+00 -6.00606863e-05
2.49632892e+00 -6.00607049e-05
2.53659229e+00 -6.00607218e-05
2.57685566e+00 -6.00607372e-05
2.61711903e+00 -6.00607513e-05
2.65738240e+00 -6.00607642e-05
2.69764577e+00 -6.00607760e-05
2.73790914e+00 -6.00607868e-05
2.77817251e+00 -6.00607967e-05
2.81843588e+00 -6.00608058e-05
2.85869925e+00 -6.00608142e-05
2.89896262e+00 -6.00608219e-05
2.93922599e+00 -6.00608290e-05
2.97948936e+00 -6.00608356e-05
3.01975273e+00 -6.00608416e-05
3.06001610e+00 -6.00608473e-05
3.10027947e+00 -6.00608525e-05
3.14054284e+00 -6.00608573e-05
3.18080621e+00 -6.00608617e-05
3.22106957e+00 -6.00608659e-05
3.26133294e+00 -6.00608698e-05
3.30159631e+00 -6.00608734e-05
3.34185968e+00 -6.00608767e-05
3.38212305e+00 -6.00608798e-05
3.42238642e+00 -6.00608827e-05
3.46264979e+00 -6.00608855e-05
3.50291316e+00 -6.00608880e-05
3.54317653e+00 -6.00608904e-05
3.58343990e+00 -6.00608926e-05
3.62370327e+00 -6.00608947e-05
3.66396664e+00 -6.00608966e-05
3.70423001e+00 -6.00608984e-05
3.74449338e+00 -6.00609002e-05
3.78475675e+00 -6.00609018e-05
3.82502012e+00 -6.00609033e-05
3.86528349e+00 -6.00609047e-05
3.90554686e+00 -6.00609060e-05
3.94581023e+00 -6.00609073e-05
3.98607360e+00 -6.00609085e-05
4.02633697e+00 -6.00609096e-05
4.06660034e+00 -6.00609107e-05
4.10686371e+00 -6.00609117e-05
4.14712708e+00 -6.00609126e-05
4.18739045e+00 -6.00609135e-05
4.22765382e+00 -6.00609143e-05
4.26791719e+00 -6.00609151e-05
4.30818056e+00 -6.00609159e-05
4.34844393e+00 -6.00609166e-05
4.38870730e+00 -6.00609173e-05
4.42897067e+00 -6.00609179e-05
4.46923403e+00 -6.00609185e-05
4.50949740e+00 -6.00609191e-05
4.54976077e+00 -6.00609196e-05
4.59002414e+00 -6.00609202e-05
4.63028751e+00 -6.00609207e-05
4.67055088e+00 -6.00609211e-05
4.71081425e+00 -6.00609216e-05
4.75107762e+00 -6.00609220e-05
4.79134099e+00 -6.00609224e-05
4.83160436e+00 -6.00609228e-05
4.87186773e+00 -6.00609231e-05
4.91213110e+00 -6.00609235e-05
4.95239447e+00 -6.00609238e-05
4.99265784e+00 -6.00609241e-05
5.03292121e+00 -6.00609244e-05
5.07318458e+00 -6.00609247e-05
5.11344795e+00 -6.00609250e-05
5.15371132e+00 -6.00609253e-05
5.19397469e+00 -6.00609255e-05
5.23423806e+00 -6.00609258e-05
5.27450143e+00 -6.00609260e-05
5.31476480e+00 -6.00609262e-05
5.35502817e+00 -6.00609264e-05
5.39529154e+00 -6.00609266e-05
5.43555491e+00 -6.00609268e-05
5.47581828e+00 -6.00609270e-05
5.51608165e+00 -6.00609272e-05
5.55634502e+00 -6.00609273e-05
5.59660839e+00 -6.00609275e-05
5.63687176e+00 -6.00609277e-05
5.67713513e+00 -6.00609278e-05
5.71739850e+00 -6.00609280e-05
5.75766186e+00 -6.00609281e-05
5.79792523e+00 -6.00609282e-05
5.83818860e+00 -6.00609284e-05
5.87845197e+00 -6.00609285e-05
5.91871534e+00 -6.00609286e-05
5.95897871e+00 -6.00609287e-05
5.99924208e+00 -6.00609288e-05
6.03950545e+00 -6.00609289e-05
6.07976882e+00 -6.00609290e-05
6.12003219e+00 -6.00609291e-05
6.16029556e+00 -6.00609292e-05
6.20055893e+00 -6.00609293e-05
6.24082230e+00 -6.00609294e-05
6.28108567e+00 -6.00609295e-05
6.32134904e+00 -6.00609295e-05
6.36161241e+00 -6.00609296e-05
6.40187578e+00 -6.00609297e-05
6.44213915e+00 -6.00609298e-05
6.48240252e+00 -6.00609298e-05
6.52266589e+00 -6.00609299e-05
6.56292926e+00 -6.00609300e-05
6.60319263e+00 -6.00609300e-05
6.64345600e+00 -6.00609301e-05
6.68371937e+00 -6.00609301e-05
6.72398274e+00 -6.00609302e-05
6.76424611e+00 -6.00609303e-05
6.80450948e+00 -6.00609303e-05
6.84477285e+00 -6.00609304e-05
6.88503622e+00 -6.00609304e-05
6.92529959e+00 -6.00609305e-05
6.96556296e+00 -6.00609305e-05
7.00582632e+00 -6.00609305e-05
7.04608969e+00 -6.00609306e-05
7.08635306e+00 -6.00609306e-05
7.12661643e+00 -6.00609307e-05
7.16687980e+00 -6.00609307e-05
7.20714317e+00 -6.00609307e-05
7.24740654e+00 -6.00609308e-05
7.28766991e+00 -6.00609308e-05
7.32793328e+00 -6.00609308e-05
7.36819665e+00 -6.00609309e-05
7.40846002e+00 -6.00609309e-05
7.44872339e+00 -6.00609309e-05
7.48898676e+00 -6.00609310e-05
7.52925013e+00 -6.00609310e-05
7.56951350e+00 -6.00609310e-05
7.60977687e+00 -6.00609310e-05
7.65004024e+00 -6.00609311e-05
7.69030361e+00 -6.00609311e-05
7.73056698e+00 -6.00609311e-05
7.77083035e+00 -6.00609311e-05
7.81109372e+00 -6.00609312e-05
7.85135709e+00 -6.00609312e-05
7.89162046e+00 -6.00609312e-05
7.93188383e+00 -6.00609312e-05
7.97214720e+00 -6.00609313e-05
8.01241057e+00 -6.00609313e-05
8.05267394e+00 -6.00609313e-05
8.09293731e+00 -6.00609313e-05
8.13320068e+00 -6.00609313e-05
8.17346405e+00 -6.00609314e-05
8.21372742e+00 -6.00609314e-05
8.25399079e+00 -6.00609314e-05
8.29425415e+00 -6.00609314e-05
8.33451752e+00 -6.00609314e-05
8.37478089e+00 -6.00609314e-05
8.41504426e+00 -6.00609314e-05
8.45530763e+00 -6.00609315e-05
8.49557100e+00 -6.00609315e-05
8.53583437e+00 -6.00609315e-05
8.57609774e+00 -6.00609315e-05
8.61636111e+00 -6.00609315e-05
8.65662448e+00 -6.00609315e-05
8.69688785e+00 -6.00609315e-05
8.73715122e+00 -6.00609316e-05
8.77741459e+00 -6.00609316e-05
8.81767796e+00 -6.00609316e-05
8.85794133e+00 -6.00609316e-05
8.89820470e+00 -6.00609316e-05
8.93846807e+00 -6.00609316e-05
8.97873144e+00 -6.00609316e-05
9.01899481e+00 -6.00609316e-05
9.05925818e+00 -6.00609316e-05
9.09952155e+00 -6.00609317e-05
9.13978492e+00 -6.00609317e-05
9.18004829e+00 -6.00609317e-05
9.22031166e+00 -6.00609317e-05
9.26057503e+00 -6.00609317e-05
9.30083840e+00 -6.00609317e-05
9.34110177e+00 -6.00609317e-05
9.38136514e+00 -6.00609317e-05
9.42162851e+00 -6.00609317e-05
9.46189188e+00 -6.00609317e-05
9.50215525e+00 -6.00609317e-05
9.54241862e+00 -6.00609317e-05
9.58268198e+00 -6.00609317e-05
9.62294535e+00 -6.00609318e-05
9.66320872e+00 -6.00609318e-05
9.70347209e+00 -6.00609318e-05
9.74373546e+00 -6.00609318e-05
9.78399883e+00 -6.00609318e-05
9.82426220e+00 -6.00609318e-05
9.86452557e+00 -6.00609318e-05
9.90478894e+00 -6.00609318e-05
9.94505231e+00 -6.00609318e-05
9.98531568e+00 -6.00609318e-05
1.00255791e+01 -6.00609318e-05
1.00658424e+01 -6.00609318e-05
1.01061058e+01 -6.00609318e-05
1.01463692e+01 -6.00609318e-05
1.01866325e+01 -6.00609318e-05
1.02268959e+01 -6.00609318e-05
1.02671593e+01 -6.00609318e-05
1.03074226e+01 -6.00609319e-05
1.03476860e+01 -6.00609319e-05
1.03879494e+01 -6.00609319e-05
1.04282127e+01 -6.00609319e-05
1.04684761e+01 -6.00609319e-05
1.05087395e+01 -6.00609319e-05
1.05490029e+01 -6.00609319e-05
1.05892662e+01 -6.00609319e-05
1.06295296e+01 -6.00609319e-05
1.06697930e+01 -6.00609319e-05
1.07100563e+01 -6.00609319e-05
1.07503197e+01 -6.00609319e-05
1.07905831e+01 -6.00609319e-05
1.08308464e+01 -6.00609319e-05
1.08711098e+01 -6.00609319e-05
1.09113732e+01 -6.00609319e-05
1.09516366e+01 -6.00609319e-05
1.09918999e+01 -6.00609319e-05
1.10321633e+01 -6.00609319e-05
1.10724267e+01 -6.00609319e-05
1.11126900e+01 -6.00609319e-05
1.11529534e+01 -6.00609319e-05
1.11932168e+01 -6.00609319e-05
1.12334801e+01 -6.00609319e-05
1.12737435e+01 -6.00609319e-05
1.13140069e+01 -6.00609319e-05
1.13542703e+01 -6.00609319e-05
1.13945336e+01 -6.00609319e-05
1.14347970e+01 -6.00609319e-05
1.14750604e+01 -6.00609319e-05
1.15153237e+01 -6.00609320e-05
1.15555871e+01 -6.00609320e-05
1.15958505e+01 -6.00609320e-05
1.16361138e+01 -6.00609320e-05
1.16763772e+01 -6.00609320e-05
1.17166406e+01 -6.00609320e-05
1.17569039e+01 -6.00609320e-05
1.17971673e+01 -6.00609320e-05
1.18374307e+01 -6.00609320e-05
1.18776941e+01 -6.00609320e-05
1.19179574e+01 -6.00609320e-05
1.19582208e+01 -6.00609320e-05
1.19984842e+01 -6.00609320e-05
1.20387475e+01 -6.00609320e-05
1.20790109e+01 -6.00609320e-05
1.21192743e+01 -6.00609320e-05
1.21595376e+01 -6.00609320e-05
1.21998010e+01 -6.00609320e-05
1.22400644e+01 -6.00609320e-05
1.22803278e+01 -6.00609320e-05
1.23205911e+01 -6.00609320e-05
1.23608545e+01 -6.00609320e-05
1.24011179e+01 -6.00609320e-05
1.24413812e+01 -6.00609320e-05
1.24816446e+01 -6.00609320e-05
1.25219080e+01 -6.00609320e-05
1.25621713e+01 -6.00609320e-05
1.26024347e+01 -6.00609320e-05
1.26426981e+01 -6.00609320e-05
1.26829615e+01 -6.00609320e-05
1.27232248e+01 -6.00609320e-05
1.27634882e+01 -6.00609320e-05
1.28037516e+01 -6.00609320e-05
1.28440149e+01 -6.00609320e-05
1.28842783e+01 -6.00609320e-05
1.29245417e+01 -6.00609320e-05
1.29648050e+01 -6.00609320e-05
1.30050684e+01 -6.00609320e-05
1.30453318e+01 -6.00609320e-05
1.30855951e+01 -6.00609320e-05
1.31258585e+01 -6.00609320e-05
1.31661219e+01 -6.00609320e-05
1.32063853e+01 -6.00609320e-05
1.32466486e+01 -6.00609320e-05
1.32869120e+01 -6.00609320e-05
1.33271754e+01 -6.00609320e-05
1.33674387e+01 -6.00609320e-05
1.34077021e+01 -6.00609320e-05
1.34479655e+01 -6.00609320e-05
1.34882288e+01 -6.00609320e-05
1.35284922e+01 -6.00609320e-05
1.35687556e+01 -6.00609320e-05
1.36090190e+01 -6.00609320e-05
1.36492823e+01 -6.00609320e-05
1.36895457e+01 -6.00609320e-05
1.37298091e+01 -6.00609320e-05
1.37700724e+01 -6.00609320e-05
1.38103358e+01 -6.00609320e-05
1.38505992e+01 -6.00609320e-05
1.38908625e+01 -6.00609320e-05
1.39311259e+01 -6.00609320e-05
1.39713893e+01 -6.00609320e-05
1.40116526e+01 -6.00609320e-05
1.40519160e+01 -6.00609320e-05
1.40921794e+01 -6.00609320e-05
1.41324428e+01 -6.00609320e-05
1.41727061e+01 -6.00609320e-05
1.42129695e+01 -6.00609320e-05
1.42532329e+01 -6.00609320e-05
1.42934962e+01 -6.00609320e-05
1.43337596e+01 -6.00609320e-05
1.43740230e+01 -6.00609320e-05
1.44142863e+01 -6.00609320e-05
1.44545497e+01 -6.00609320e-05
1.44948131e+01 -6.00609320e-05
1.45350765e+01 -6.00609320e-05
1.45753398e+01 -6.00609320e-05
1.46156032e+01 -6.00609320e-05
1.46558666e+01 -6.00609320e-05
1.46961299e+01 -6.00609320e-05
1.47363933e+01 -6.00609320e-05
1.47766567e+01 -6.00609321e-05
1.48169200e+01 -6.00609321e-05
1.48571834e+01 -6.00609321e-05
1.48974468e+01 -6.00609321e-05
1.49377102e+01 -6.00609321e-05
1.49779735e+01 -6.00609321e-05
1.50182369e+01 -6.00609321e-05
1.50585003e+01 -6.00609321e-05
1.50987636e+01 -6.00609321e-05
1.51390270e+01 -6.00609321e-05
1.51792904e+01 -6.00609321e-05
1.52195537e+01 -6.00609321e-05
1.52598171e+01 -6.00609321e-05
1.53000805e+01 -6.00609321e-05
1.53403438e+01 -6.00609321e-05
1.53806072e+01 -6.00609321e-05
1.54208706e+01 -6.00609321e-05
1.54611340e+01 -6.00609321e-05
1.55013973e+01 -6.00609321e-05
1.55416607e+01 -6.00609321e-05
1.55819241e+01 -6.00609321e-05
1.56221874e+01 -6.00609321e-05
1.56624508e+01 -6.00609321e-05
1.57027142e+01 -6.00609321e-05
1.57429775e+01 -6.00609321e-05
1.57832409e+01 -6.00609321e-05
1.58235043e+01 -6.00609321e-05
1.58637677e+01 -6.00609321e-05
1.59040310e+01 -6.00609321e-05
1.59442944e+01 -6.00609321e-05
1.59845578e+01 -6.00609321e-05
1.60248211e+01 -6.00609321e-05
1.60650845e+01 -6.00609321e-05
1.61053479e+01 -6.00609321e-05
1.61456112e+01 -6.00609321e-05
1.61858746e+01 -6.00609321e-05
1.62261380e+01 -6.00609321e-05
1.62664014e+01 -6.00609321e-05
1.63066647e+01 -6.00609321e-05
1.63469281e+01 -6.00609321e-05
1.63871915e+01 -6.00609321e-05
1.64274548e+01 -6.00609321e-05
1.64677182e+01 -6.00609321e-05
1.65079816e+01 -6.00609321e-05
1.65482449e+01 -6.00609321e-05
1.65885083e+01 -6.00609321e-05
1.66287717e+01 -6.00609321e-05
1.66690350e+01 -6.00609321e-05
1.67092984e+01 -6.00609321e-05
1.67495618e+01 -6.00609321e-05
1.67898252e+01 -6.00609321e-05
1.68300885e+01 -6.00609321e-05
1.68703519e+01 -6.00609321e-05
1.69106153e+01 -6.00609321e-05
1.69508786e+01 -6.00609321e-05
1.69911420e+01 -6.00609321e-05
1.70314054e+01 -6.00609321e-05
1.70716687e+01 -6.00609321e-05
1.71119321e+01 -6.00609321e-05
1.71521955e+01 -6.00609321e-05
1.71924589e+01 -6.00609321e-05
1.72327222e+01 -6.00609321e-05
1.72729856e+01 -6.00609321e-05
1.73132490e+01 -6.00609321e-05
1.73535123e+01 -6.00609321e-05
1.73937757e+01 -6.00609321e-05
1.74340391e+01 -6.00609321e-05
1.74743024e+01 -6.00609321e-05
1.75145658e+01 -6.00609321e-05
1.75548292e+01 -6.00609321e-05
1.75950926e+01 -6.00609321e-05
1.76353559e+01 -6.00609321e-05
1.76756193e+01 -6.00609321e-05
1.77158827e+01 -6.00609321e-05
1.77561460e+01 -6.00609321e-05
1.77964094e+01 -6.00609321e-05
1.78366728e+01 -6.00609321e-05
1.78769361e+01 -6.00609321e-05
1.79171995e+01 -6.00609321e-05
1.79574629e+01 -6.00609321e-05
1.79977262e+01 -6.00609321e-05
1.80379896e+01 -6.00609321e-05
1.80782530e+01 -6.00609321e-05
1.81185164e+01 -6.00609321e-05
1.81587797e+01 -6.00609321e-05
1.81990431e+01 -6.00609321e-05
1.82393065e+01 -6.00609321e-05
1.82795698e+01 -6.00609321e-05
1.83198332e+01 -6.00609321e-05
1.83600966e+01 -6.00609321e-05
1.84003599e+01 -6.00609321e-05
1.84406233e+01 -6.00609321e-05
1.84808867e+01 -6.00609321e-05
1.85211501e+01 -6.00609321e-05
1.85614134e+01 -6.00609321e-05
1.86016768e+01 -6.00609321e-05
1.86419402e+01 -6.00609321e-05
1.86822035e+01 -6.00609321e-05
1.87224669e+01 -6.00609321e-05
1.87627303e+01 -6.00609321e-05
1.88029936e+01 -6.00609321e-05
1.88432570e+01 -6.00609321e-05
1.88835204e+01 -6.00609321e-05
1.89237838e+01 -6.00609321e-05
1.89640471e+01 -6.00609321e-05
1.90043105e+01 -6.00609321e-05
1.90445739e+01 -6.00609321e-05
1.90848372e+01 -6.00609321e-05
1.91251006e+01 -6.00609321e-05
1.91653640e+01 -6.00609321e-05
1.92056273e+01 -6.00609321e-05
1.92458907e+01 -6.00609321e-05
1.92861541e+01 -6.00609321e-05
1.93264174e+01 -6.00609321e-05
1.93666808e+01 -6.00609321e-05
1.94069442e+01 -6.00609321e-05
1.94472076e+01 -6.00609321e-05
1.94874709e+01 -6.00609321e-05
1.95277343e+01 -6.00609321e-05
1.95679977e+01 -6.00609321e-05
1.96082610e+01 -6.00609321e-05
1.96485244e+01 -6.00609321e-05
1.96887878e+01 -6.00609321e-05
1.97290511e+01 -6.00609321e-05
1.97693145e+01 -6.00609321e-05
1.98095779e+01 -6.00609321e-05
1.98498413e+01 -6.00609321e-05
1.98901046e+01 -6.00609321e-05
1.99303680e+01 -6.00609321e-05
1.99706314e+01 -6.00609321e-05
2.00108947e+01 -6.00609321e-05
2.00511581e+01 -6.00609321e-05
2.00914215e+01 -6.00609321e-05
2.01316848e+01 -6.00609321e-05
2.01719482e+01 -6.00609321e-05
2.02122116e+01 -6.00609321e-05
2.02524750e+01 -6.00609321e-05
2.02927383e+01 -6.00609321e-05
2.03330017e+01 -6.00609321e-05
2.03732651e+01 -6.00609321e-05
2.04135284e+01 -6.00609321e-05
2.04537918e+01 -6.00609321e-05
2.04940552e+01 -6.00609321e-05
2.05343185e+01 -6.00609321e-05
2.05745819e+01 -6.00609321e-05
2.06148453e+01 -6.00609321e-05
2.06551086e+01 -6.00609321e-05
2.06953720e+01 -6.00609321e-05
2.07356354e+01 -6.00609321e-05
2.07758988e+01 -6.00609321e-05
2.08161621e+01 -6.00609321e-05
2.08564255e+01 -6.00609321e-05
2.08966889e+01 -6.00609321e-05
2.09369522e+01 -6.00609321e-05
2.09772156e+01 -6.00609321e-05
2.10174790e+01 -6.00609321e-05
2.10577423e+01 -6.00609321e-05
2.10980057e+01 -6.00609321e-05
2.11382691e+01 -6.00609321e-05
2.11785325e+01 -6.00609321e-05
2.12187958e+01 -6.00609321e-05
2.12590592e+01 -6.00609321e-05
2.12993226e+01 -6.00609321e-05
2.13395859e+01 -6.00609321e-05
2.13798493e+01 -6.00609321e-05
2.14201127e+01 -6.00609321e-05
2.14603760e+01 -6.00609321e-05
2.15006394e+01 -6.00609321e-05
2.15409028e+01 -6.00609321e-05
2.15811662e+01 -6.00609321e-05
2.16214295e+01 -6.00609321e-05
2.16616929e+01 -6.00609321e-05
2.17019563e+01 -6.00609321e-05
2.17422196e+01 -6.00609321e-05
2.17824830e+01 -6.00609321e-05
2.18227464e+01 -6.00609321e-05
2.18630097e+01 -6.00609321e-05
2.19032731e+01 -6.00609321e-05
2.19435365e+01 -6.00609321e-05
2.19837998e+01 -6.00609321e-05
2.20240632e+01 -6.00609321e-05
2.20643266e+01 -6.00609321e-05
2.21045900e+01 -6.00609321e-05
2.21448533e+01 -6.00609321e-05
2.21851167e+01 -6.00609321e-05
2.22253801e+01 -6.00609321e-05
2.22656434e+01 -6.00609321e-05
2.23059068e+01 -6.00609321e-05
2.23461702e+01 -6.00609321e-05
2.23864335e+01 -6.00609321e-05
2.24266969e+01 -6.00609321e-05
2.24669603e+01 -6.00609321e-05
2.25072237e+01 -6.00609321e-05
2.25474870e+01 -6.00609321e-05
2.25877504e+01 -6.00609321e-05
2.26280138e+01 -6.00609321e-05
2.26682771e+01 -6.00609321e-05
2.27085405e+01 -6.00609321e-05
2.27488039e+01 -6.00609321e-05
2.27890672e+01 -6.00609321e-05
2.28293306e+01 -6.00609321e-05
2.28695940e+01 -6.00609321e-05
2.29098573e+01 -6.00609321e-05
2.29501207e+01 -6.00609321e-05
2.29903841e+01 -6.00609321e-05
2.30306475e+01 -6.00609321e-05
2.30709108e+01 -6.00609321e-05
2.31111742e+01 -6.00609321e-05
2.31514376e+01 -6.00609321e-05
2.31917009e+01 -6.00609321e-05
2.32319643e+01 -6.00609321e-05
2.32722277e+01 -6.00609321e-05
2.33124910e+01 -6.00609321e-05
2.33527544e+01 -6.00609321e-05
2.33930178e+01 -6.00609321e-05
2.34332812e+01 -6.00609321e-05
2.34735445e+01 -6.00609321e-05
2.35138079e+01 -6.00609321e-05
2.35540713e+01 -6.00609321e-05
2.35943346e+01 -6.00609321e-05
2.36345980e+01 -6.00609321e-05
2.36748614e+01 -6.00609321e-05
2.37151247e+01 -6.00609321e-05
2.37553881e+01 -6.00609321e-05
2.37956515e+01 -6.00609321e-05
2.38359149e+01 -6.00609321e-05
2.38761782e+01 -6.00609321e-05
2.39164416e+01 -6.00609321e-05
2.39567050e+01 -6.00609321e-05
2.39969683e+01 -6.00609321e-05
2.40372317e+01 -6.00609321e-05
2.40774951e+01 -6.00609321e-05
2.41177584e+01 -6.00609321e-05
2.41580218e+01 -6.00609321e-05
2.41982852e+01 -6.00609321e-05
2.42385485e+01 -6.00609321e-05
2.42788119e+01 -6.00609321e-05
2.43190753e+01 -6.00609321e-05
2.43593387e+01 -6.00609321e-05
2.43996020e+01 -6.00609321e-05
2.44398654e+01 -6.00609321e-05
2.44801288e+01 -6.00609321e-05
2.45203921e+01 -6.00609321e-05
2.45606555e+01 -6.00609321e-05
2.46009189e+01 -6.00609321e-05
2.46411822e+01 -6.00609321e-05
2.46814456e+01 -6.00609321e-05
2.47217090e+01 -6.00609321e-05
2.47619724e+01 -6.00609321e-05
2.48022357e+01 -6.00609321e-05
2.48424991e+01 -6.00609321e-05
2.48827625e+01 -6.00609321e-05
2.49230258e+01 -6.00609321e-05
2.49632892e+01 -6.00609321e-05
2.50035526e+01 -6.00609321e-05
2.50438159e+01 -6.00609321e-05
2.50840793e+01 -6.00609321e-05
2.51243427e+01 -6.00609321e-05
2.51646061e+01 -6.00609321e-05
2.52048694e+01 -6.00609321e-05
2.52451328e+01 -6.00609321e-05
2.52853962e+01 -6.00609321e-05
2.53256595e+01 -6.00609321e-05
2.53659229e+01 -6.00609321e-05
2.54061863e+01 -6.00609321e-05
2.54464496e+01 -6.00609321e-05
2.54867130e+01 -6.00609321e-05
2.55269764e+01 -6.00609321e-05
2.55672397e+01 -6.00609321e-05
2.56075031e+01 -6.00609321e-05
2.56477665e+01 -6.00609321e-05
2.56880299e+01 -6.00609321e-05
2.57282932e+01 -6.00609321e-05
2.57685566e+01 -6.00609321e-05
2.58088200e+01 -6.00609321e-05
2.58490833e+01 -6.00609321e-05
2.58893467e+01 -6.00609321e-05
2.59296101e+01 -6.00609321e-05
2.59698734e+01 -6.00609321e-05
2.60101368e+01 -6.00609321e-05
2.60504002e+01 -6.00609321e-05
2.60906636e+01 -6.00609321e-05
2.61309269e+01 -6.00609321e-05
2.61711903e+01 -6.00609321e-05
2.62114537e+01 -6.00609321e-05
2.62517170e+01 -6.00609321e-05
2.62919804e+01 -6.00609321e-05
2.63322438e+01 -6.00609321e-05
2.63725071e+01 -6.00609321e-05
2.64127705e+01 -6.00609321e-05
2.64530339e+01 -6.00609321e-05
2.64932973e+01 -6.00609321e-05
2.65335606e+01 -6.00609321e-05
2.65738240e+01 -6.00609321e-05
2.66140874e+01 -6.00609321e-05
2.66543507e+01 -6.00609321e-05
2.66946141e+01 -6.00609321e-05
2.67348775e+01 -6.00609321e-05
2.67751408e+01 -6.00609321e-05
2.68154042e+01 -6.00609321e-05
2.68556676e+01 -6.00609321e-05
2.68959309e+01 -6.00609321e-05
2.69361943e+01 -6.00609321e-05
2.69764577e+01 -6.00609321e-05
2.70167211e+01 -6.00609321e-05
2.70569844e+01 -6.00609321e-05
2.70972478e+01 -6.00609321e-05
2.71375112e+01 -6.00609321e-05
2.71777745e+01 -6.00609321e-05
2.72180379e+01 -6.00609321e-05
2.72583013e+01 -6.00609321e-05
2.72985646e+01 -6.00609321e-05
2.73388280e+01 -6.00609321e-05
2.73790914e+01 -6.00609321e-05
2.74193548e+01 -6.00609321e-05
2.74596181e+01 -6.00609321e-05
2.74998815e+01 -6.00609321e-05
2.75401449e+01 -6.00609321e-05
2.75804082e+01 -6.00609321e-05
2.76206716e+01 -6.00609321e-05
2.76609350e+01 -6.00609321e-05
2.77011983e+01 -6.00609321e-05
2.77414617e+01 -6.00609321e-05
2.77817251e+01 -6.00609321e-05
2.78219885e+01 -6.00609321e-05
2.78622518e+01 -6.00609321e-05
2.79025152e+01 -6.00609321e-05
2.79427786e+01 -6.00609321e-05
2.79830419e+01 -6.00609321e-05
2.80233053e+01 -6.00609321e-05
2.80635687e+01 -6.00609321e-05
2.81038320e+01 -6.00609321e-05
2.81440954e+01 -6.00609321e-05
2.81843588e+01 -6.00609321e-05
2.82246221e+01 -6.00609321e-05
2.82648855e+01 -6.00609321e-05
2.83051489e+01 -6.00609321e-05
2.83454123e+01 -6.00609321e-05
2.83856756e+01 -6.00609321e-05
2.84259390e+01 -6.00609321e-05
2.84662024e+01 -6.00609321e-05
2.85064657e+01 -6.00609321e-05
2.85467291e+01 -6.00609321e-05
2.85869925e+01 -6.00609321e-05
2.86272558e+01 -6.00609321e-05
2.86675192e+01 -6.00609321e-05
2.87077826e+01 -6.00609321e-05
2.87480460e+01 -6.00609321e-05
2.87883093e+01 -6.00609321e-05
2.88285727e+01 -6.00609321e-05
2.88688361e+01 -6.00609321e-05
2.89090994e+01 -6.00609321e-05
2.89493628e+01 -6.00609321e-05
2.89896262e+01 -6.00609321e-05
2.90298895e+01 -6.00609321e-05
2.90701529e+01 -6.00609321e-05
2.91104163e+01 -6.00609321e-05
2.91506797e+01 -6.00609321e-05
2.91909430e+01 -6.00609321e-05
2.92312064e+01 -6.00609321e-05
2.92714698e+01 -6.00609321e-05
2.93117331e+01 -6.00609321e-05
2.93519965e+01 -6.00609321e-05
2.93922599e+01 -6.00609321e-05
2.94325232e+01 -6.00609321e-05
2.94727866e+01 -6.00609321e-05
2.95130500e+01 -6.00609321e-05
2.95533133e+01 -6.00609321e-05
2.95935767e+01 -6.00609321e-05
2.96338401e+01 -6.00609321e-05
2.96741035e+01 -6.00609321e-05
2.97143668e+01 -6.00609321e-05
2.97546302e+01 -6.00609321e-05
2.97948936e+01 -6.00609321e-05
2.98351569e+01 -6.00609321e-05
2.98754203e+01 -6.00609321e-05
2.99156837e+01 -6.00609321e-05
2.99559470e+01 -6.00609321e-05
2.99962104e+01 -6.00609321e-05
3.00364738e+01 -6.00609321e-05
3.00767372e+01 -6.00609321e-05
3.01170005e+01 -6.00609321e-05
3.01572639e+01 -6.00609321e-05
3.01975273e+01 -6.00609321e-05
3.02377906e+01 -6.00609321e-05
3.02780540e+01 -6.00609321e-05
3.03183174e+01 -6.00609321e-05
3.03585807e+01 -6.00609321e-05
3.03988441e+01 -6.00609321e-05
3.04391075e+01 -6.00609321e-05
3.04793709e+01 -6.00609321e-05
3.05196342e+01 -6.00609321e-05
3.05598976e+01 -6.00609321e-05
3.06001610e+01 -6.00609321e-05
3.06404243e+01 -6.00609321e-05
3.06806877e+01 -6.00609321e-05
3.07209511e+01 -6.00609321e-05
3.07612144e+01 -6.00609321e-05
3.08014778e+01 -6.00609321e-05
3.08417412e+01 -6.00609321e-05
3.08820045e+01 -6.00609321e-05
3.09222679e+01 -6.00609321e-05
3.09625313e+01 -6.00609321e-05
3.10027947e+01 -6.00609321e-05
3.10430580e+01 -6.00609321e-05
3.10833214e+01 -6.00609321e-05
3.11235848e+01 -6.00609321e-05
3.11638481e+01 -6.00609321e-05
3.12041115e+01 -6.00609321e-05
3.12443749e+01 -6.00609321e-05
3.12846382e+01 -6.00609321e-05
3.13249016e+01 -6.00609321e-05
3.13651650e+01 -6.00609321e-05
3.14054284e+01 -6.00609321e-05
3.14456917e+01 -6.00609321e-05
3.14859551e+01 -6.00609321e-05
3.15262185e+01 -6.00609321e-05
3.15664818e+01 -6.00609321e-05
3.16067452e+01 -6.00609321e-05
3.16470086e+01 -6.00609321e-05
3.16872719e+01 -6.00609321e-05
3.17275353e+01 -6.00609321e-05
3.17677987e+01 -6.00609321e-05
3.18080621e+01 -6.00609321e-05
3.18483254e+01 -6.00609321e-05
3.18885888e+01 -6.00609321e-05
3.19288522e+01 -6.00609321e-05
3.19691155e+01 -6.00609321e-05
3.20093789e+01 -6.00609321e-05
3.20496423e+01 -6.00609321e-05
3.20899056e+01 -6.00609321e-05
3.21301690e+01 -6.00609321e-05
3.21704324e+01 -6.00609321e-05
3.22106957e+01 -6.00609321e-05
3.22509591e+01 -6.00609321e-05
3.22912225e+01 -6.00609321e-05
3.23314859e+01 -6.00609321e-05
3.23717492e+01 -6.00609321e-05
3.24120126e+01 -6.00609321e-05
3.24522760e+01 -6.00609321e-05
3.24925393e+01 -6.00609321e-05
3.25328027e+01 -6.00609321e-05
3.25730661e+01 -6.00609321e-05
3.26133294e+01 -6.00609321e-05
3.26535928e+01 -6.00609321e-05
3.26938562e+01 -6.00609321e-05
3.27341196e+01 -6.00609321e-05
3.27743829e+01 -6.00609321e-05
3.28146463e+01 -6.00609321e-05
3.28549097e+01 -6.00609321e-05
3.28951730e+01 -6.00609321e-05
3.29354364e+01 -6.00609321e-05
3.29756998e+01 -6.00609321e-05
3.30159631e+01 -6.00609321e-05
3.30562265e+01 -6.00609321e-05
3.30964899e+01 -6.00609321e-05
3.31367532e+01 -6.00609321e-05
3.31770166e+01 -6.00609321e-05
3.32172800e+01 -6.00609321e-05
3.32575434e+01 -6.00609321e-05
3.32978067e+01 -6.00609321e-05
3.33380701e+01 -6.00609321e-05
3.33783335e+01 -6.00609321e-05
3.34185968e+01 -6.00609321e-05
3.34588602e+01 -6.00609321e-05
3.34991236e+01 -6.00609321e-05
3.35393869e+01 -6.00609321e-05
3.35796503e+01 -6.00609321e-05
3.36199137e+01 -6.00609321e-05
3.36601771e+01 -6.00609321e-05
3.37004404e+01 -6.00609321e-05
3.37407038e+01 -6.00609321e-05
3.37809672e+01 -6.00609321e-05
3.38212305e+01 -6.00609321e-05
3.38614939e+01 -6.00609321e-05
3.39017573e+01 -6.00609321e-05
3.39420206e+01 -6.00609321e-05
3.39822840e+01 -6.00609321e-05
3.40225474e+01 -6.00609321e-05
3.40628108e+01 -6.00609321e-05
3.41030741e+01 -6.00609321e-05
3.41433375e+01 -6.00609321e-05
3.41836009e+01 -6.00609321e-05
3.42238642e+01 -6.00609321e-05
3.42641276e+01 -6.00609321e-05
3.43043910e+01 -6.00609321e-05
3.43446543e+01 -6.00609321e-05
3.43849177e+01 -6.00609321e-05
3.44251811e+01 -6.00609321e-05
3.44654444e+01 -6.00609321e-05
3.45057078e+01 -6.00609321e-05
3.45459712e+01 -6.00609321e-05
3.45862346e+01 -6.00609321e-05
3.46264979e+01 -6.00609321e-05
3.46667613e+01 -6.00609321e-05
3.47070247e+01 -6.00609321e-05
3.47472880e+01 -6.00609321e-05
3.47875514e+01 -6.00609321e-05
3.48278148e+01 -6.00609321e-05
3.48680781e+01 -6.00609321e-05
3.49083415e+01 -6.00609321e-05
3.49486049e+01 -6.00609321e-05
3.49888683e+01 -6.00609321e-05
3.50291316e+01 -6.00609321e-05
3.50693950e+01 -6.00609321e-05
3.51096584e+01 -6.00609321e-05
3.51499217e+01 -6.00609321e-05
3.51901851e+01 -6.00609321e-05
3.52304485e+01 -6.00609321e-05
3.52707118e+01 -6.00609321e-05
3.53109752e+01 -6.00609321e-05
3.53512386e+01 -6.00609321e-05
3.53915020e+01 -6.00609321e-05
3.54317653e+01 -6.00609321e-05
3.54720287e+01 -6.00609321e-05
3.55122921e+01 -6.00609321e-05
3.55525554e+01 -6.00609321e-05
3.55928188e+01 -6.00609321e-05
3.56330822e+01 -6.00609321e-05
3.56733455e+01 -6.00609321e-05
3.57136089e+01 -6.00609321e-05
3.57538723e+01 -6.00609321e-05
3.57941356e+01 -6.00609321e-05
3.58343990e+01 -6.00609321e-05
3.58746624e+01 -6.00609321e-05
3.59149258e+01 -6.00609321e-05
3.59551891e+01 -6.00609321e-05
3.59954525e+01 -6.00609321e-05
3.60357159e+01 -6.00609321e-05
3.60759792e+01 -6.00609321e-05
3.61162426e+01 -6.00609321e-05
3.61565060e+01 -6.00609321e-05
3.61967693e+01 -6.00609321e-05
3.62370327e+01 -6.00609321e-05
3.62772961e+01 -6.00609321e-05
3.63175595e+01 -6.00609321e-05
3.63578228e+01 -6.00609321e-05
3.63980862e+01 -6.00609321e-05
3.64383496e+01 -6.00609321e-05
3.64786129e+01 -6.00609321e-05
3.65188763e+01 -6.00609321e-05
3.65591397e+01 -6.00609321e-05
3.65994030e+01 -6.00609321e-05
3.66396664e+01 -6.00609321e-05
3.66799298e+01 -6.00609321e-05
3.67201932e+01 -6.00609321e-05
3.67604565e+01 -6.00609321e-05
3.68007199e+01 -6.00609321e-05
3.68409833e+01 -6.00609321e-05
3.68812466e+01 -6.00609321e-05
3.69215100e+01 -6.00609321e-05
3.69617734e+01 -6.00609321e-05
3.70020367e+01 -6.00609321e-05
3.70423001e+01 -6.00609321e-05
3.70825635e+01 -6.00609321e-05
3.71228268e+01 -6.00609321e-05
3.71630902e+01 -6.00609321e-05
3.72033536e+01 -6.00609321e-05
3.72436170e+01 -6.00609321e-05
3.72838803e+01 -6.00609321e-05
3.73241437e+01 -6.00609321e-05
3.73644071e+01 -6.00609321e-05
3.74046704e+01 -6.00609321e-05
3.74449338e+01 -6.00609321e-05
3.74851972e+01 -6.00609321e-05
3.75254605e+01 -6.00609321e-05
3.75657239e+01 -6.00609321e-05
3.76059873e+01 -6.00609321e-05
3.76462507e+01 -6.00609321e-05
3.76865140e+01 -6.00609321e-05
3.77267774e+01 -6.00609321e-05
3.77670408e+01 -6.00609321e-05
3.78073041e+01 -6.00609321e-05
3.78475675e+01 -6.00609321e-05
3.78878309e+01 -6.00609321e-05
3.79280942e+01 -6.00609321e-05
3.79683576e+01 -6.00609321e-05
3.80086210e+01 -6.00609321e-05
3.80488844e+01 -6.00609321e-05
3.80891477e+01 -6.00609321e-05
3.81294111e+01 -6.00609321e-05
3.81696745e+01 -6.00609321e-05
3.82099378e+01 -6.00609321e-05
3.82502012e+01 -6.00609321e-05
3.82904646e+01 -6.00609321e-05
3.83307279e+01 -6.00609321e-05
3.83709913e+01 -6.00609321e-05
3.84112547e+01 -6.00609321e-05
3.84515180e+01 -6.00609321e-05
3.84917814e+01 -6.00609321e-05
3.85320448e+01 -6.00609321e-05
3.85723082e+01 -6.00609321e-05
3.86125715e+01 -6.00609321e-05
3.86528349e+01 -6.00609321e-05
3.86930983e+01 -6.00609321e-05
3.87333616e+01 -6.00609321e-05
3.87736250e+01 -6.00609321e-05
3.88138884e+01 -6.00609321e-05
3.88541517e+01 -6.00609321e-05
3.88944151e+01 -6.00609321e-05
3.89346785e+01 -6.00609321e-05
3.89749419e+01 -6.00609321e-05
3.90152052e+01 -6.00609321e-05
3.90554686e+01 -6.00609321e-05
3.90957320e+01 -6.00609321e-05
3.91359953e+01 -6.00609321e-05
3.91762587e+01 -6.00609321e-05
3.92165221e+01 -6.00609321e-05
3.92567854e+01 -6.00609321e-05
3.92970488e+01 -6.00609321e-05
3.93373122e+01 -6.00609321e-05
3.93775756e+01 -6.00609321e-05
3.94178389e+01 -6.00609321e-05
3.94581023e+01 -6.00609321e-05
3.94983657e+01 -6.00609321e-05
3.95386290e+01 -6.00609321e-05
3.95788924e+01 -6.00609321e-05
3.96191558e+01 -6.00609321e-05
3.96594191e+01 -6.00609321e-05
3.96996825e+01 -6.00609321e-05
3.97399459e+01 -6.00609321e-05
3.97802092e+01 -6.00609321e-05
3.98204726e+01 -6.00609321e-05
3.98607360e+01 -6.00609321e-05
3.99009994e+01 -6.00609321e-05
3.99412627e+01 -6.00609321e-05
3.99815261e+01 -6.00609321e-05
4.00217895e+01 -6.00609321e-05
4.00620528e+01 -6.00609321e-05
4.01023162e+01 -6.00609321e-05
4.01425796e+01 -6.00609321e-05
4.01828429e+01 -6.00609321e-05
4.02231063e+01 -6.00609321e-05
4.02633697e+01 -6.00609321e-05
4.03036331e+01 -6.00609321e-05
4.03438964e+01 -6.00609321e-05
4.03841598e+01 -6.00609321e-05
4.04244232e+01 -6.00609321e-05
4.04646865e+01 -6.00609321e-05
4.05049499e+01 -6.00609321e-05
4.05452133e+01 -6.00609321e-05
4.05854766e+01 -6.00609321e-05
4.06257400e+01 -6.00609321e-05
4.06660034e+01 -6.00609321e-05
4.07062668e+01 -6.00609321e-05
4.07465301e+01 -6.00609321e-05
4.07867935e+01 -6.00609321e-05
4.08270569e+01 -6.00609321e-05
4.08673202e+01 -6.00609321e-05
4.09075836e+01 -6.00609321e-05
4.09478470e+01 -6.00609321e-05
4.09881103e+01 -6.00609321e-05
4.10283737e+01 -6.00609321e-05
4.10686371e+01 -6.00609321e-05
4.11089004e+01 -6.00609321e-05
4.11491638e+01 -6.00609321e-05
4.11894272e+01 -6.00609321e-05
4.12296906e+01 -6.00609321e-05
4.12699539e+01 -6.00609321e-05
4.13102173e+01 -6.00609321e-05
4.13504807e+01 -6.00609321e-05
4.13907440e+01 -6.00609321e-05
4.14310074e+01 -6.00609321e-05
4.14712708e+01 -6.00609321e-05
4.15115341e+01 -6.00609321e-05
4.15517975e+01 -6.00609321e-05
4.15920609e+01 -6.00609321e-05
4.16323243e+01 -6.00609321e-05
4.16725876e+01 -6.00609321e-05
4.17128510e+01 -6.00609321e-05
4.17531144e+01 -6.00609321e-05
4.17933777e+01 -6.00609321e-05
4.18336411e+01 -6.00609321e-05
4.18739045e+01 -6.00609321e-05
4.19141678e+01 -6.00609321e-05
4.19544312e+01 -6.00609321e-05
4.19946946e+01 -6.00609321e-05
4.20349579e+01 -6.00609321e-05
4.20752213e+01 -6.00609321e-05
4.21154847e+01 -6.00609321e-05
4.21557481e+01 -6.00609321e-05
4.21960114e+01 -6.00609321e-05
4.22362748e+01 -6.00609321e-05
4.22765382e+01 -6.00609321e-05
4.23168015e+01 -6.00609321e-05
4.23570649e+01 -6.00609321e-05
4.23973283e+01 -6.00609321e-05
4.24375916e+01 -6.00609321e-05
4.24778550e+01 -6.00609321e-05
4.25181184e+01 -6.00609321e-05
4.25583818e+01 -6.00609321e-05
4.25986451e+01 -6.00609321e-05
4.26389085e+01 -6.00609321e-05
4.26791719e+01 -6.00609321e-05
4.27194352e+01 -6.00609321e-05
4.27596986e+01 -6.00609321e-05
4.27999620e+01 -6.00609321e-05
4.28402253e+01 -6.00609321e-05
4.28804887e+01 -6.00609321e-05
4.29207521e+01 -6.00609321e-05
4.29610155e+01 -6.00609321e-05
4.30012788e+01 -6.00609321e-05
4.30415422e+01 -6.00609321e-05
4.30818056e+01 -6.00609321e-05
4.31220689e+01 -6.00609321e-05
4.31623323e+01 -6.00609321e-05
4.32025957e+01 -6.00609321e-05
4.32428590e+01 -6.00609321e-05
4.32831224e+01 -6.00609321e-05
4.33233858e+01 -6.00609321e-05
4.33636491e+01 -6.00609321e-05
4.34039125e+01 -6.00609321e-05
4.34441759e+01 -6.00609321e-05
4.34844393e+01 -6.00609321e-05
4.35247026e+01 -6.00609321e-05
4.35649660e+01 -6.00609321e-05
4.36052294e+01 -6.00609321e-05
4.36454927e+01 -6.00609321e-05
4.36857561e+01 -6.00609321e-05
4.37260195e+01 -6.00609321e-05
4.37662828e+01 -6.00609321e-05
4.38065462e+01 -6.00609321e-05
4.38468096e+01 -6.00609321e-05
4.38870730e+01 -6.00609321e-05
4.39273363e+01 -6.00609321e-05
4.39675997e+01 -6.00609321e-05
4.40078631e+01 -6.00609321e-05
4.40481264e+01 -6.00609321e-05
4.40883898e+01 -6.00609321e-05
4.41286532e+01 -6.00609321e-05
4.41689165e+01 -6.00609321e-05
4.42091799e+01 -6.00609321e-05
4.42494433e+01 -6.00609321e-05
4.42897067e+01 -6.00609321e-05
4.43299700e+01 -6.00609321e-05
4.43702334e+01 -6.00609321e-05
4.44104968e+01 -6.00609321e-05
4.44507601e+01 -6.00609321e-05
4.44910235e+01 -6.00609321e-05
4.45312869e+01 -6.00609321e-05
4.45715502e+01 -6.00609321e-05
4.46118136e+01 -6.00609321e-05
4.46520770e+01 -6.00609321e-05
4.46923403e+01 -6.00609321e-05
4.47326037e+01 -6.00609321e-05
4.47728671e+01 -6.00609321e-05
4.48131305e+01 -6.00609321e-05
4.48533938e+01 -6.00609321e-05
4.48936572e+01 -6.00609321e-05
4.49339206e+01 -6.00609321e-05
4.49741839e+01 -6.00609321e-05
4.50144473e+01 -6.00609321e-05
4.50547107e+01 -6.00609321e-05
4.50949740e+01 -6.00609321e-05
4.51352374e+01 -6.00609321e-05
4.51755008e+01 -6.00609321e-05
4.52157642e+01 -6.00609321e-05
4.52560275e+01 -6.00609321e-05
4.52962909e+01 -6.00609321e-05
4.53365543e+01 -6.00609321e-05
4.53768176e+01 -6.00609321e-05
4.54170810e+01 -6.00609321e-05
4.54573444e+01 -6.00609321e-05
4.54976077e+01 -6.00609321e-05
4.55378711e+01 -6.00609321e-05
4.55781345e+01 -6.00609321e-05
4.56183979e+01 -6.00609321e-05
4.56586612e+01 -6.00609321e-05
4.56989246e+01 -6.00609321e-05
4.57391880e+01 -6.00609321e-05
4.57794513e+01 -6.00609321e-05
4.58197147e+01 -6.00609321e-05
4.58599781e+01 -6.00609321e-05
4.59002414e+01 -6.00609321e-05
4.59405048e+01 -6.00609321e-05
4.59807682e+01 -6.00609321e-05
4.60210315e+01 -6.00609321e-05
4.60612949e+01 -6.00609321e-05
4.61015583e+01 -6.00609321e-05
4.61418217e+01 -6.00609321e-05
4.61820850e+01 -6.00609321e-05
4.62223484e+01 -6.00609321e-05
4.62626118e+01 -6.00609321e-05
4.63028751e+01 -6.00609321e-05
4.63431385e+01 -6.00609321e-05
4.63834019e+01 -6.00609321e-05
4.64236652e+01 -6.00609321e-05
4.64639286e+01 -6.00609321e-05
4.65041920e+01 -6.00609321e-05
4.65444554e+01 -6.00609321e-05
4.65847187e+01 -6.00609321e-05
4.66249821e+01 -6.00609321e-05
4.66652455e+01 -6.00609321e-05
4.67055088e+01 -6.00609321e-05
4.67457722e+01 -6.00609321e-05
4.67860356e+01 -6.00609321e-05
4.68262989e+01 -6.00609321e-05
4.68665623e+01 -6.00609321e-05
4.69068257e+01 -6.00609321e-05
4.69470891e+01 -6.00609321e-05
4.69873524e+01 -6.00609321e-05
4.70276158e+01 -6.00609321e-05
4.70678792e+01 -6.00609321e-05
4.71081425e+01 -6.00609321e-05
4.71484059e+01 -6.00609321e-05
4.71886693e+01 -6.00609321e-05
4.72289326e+01 -6.00609321e-05
4.72691960e+01 -6.00609321e-05
4.73094594e+01 -6.00609321e-05
4.73497227e+01 -6.00609321e-05
4.73899861e+01 -6.00609321e-05
4.74302495e+01 -6.00609321e-05
4.74705129e+01 -6.00609321e-05
4.75107762e+01 -6.00609321e-05
4.75510396e+01 -6.00609321e-05
4.75913030e+01 -6.00609321e-05
4.76315663e+01 -6.00609321e-05
4.76718297e+01 -6.00609321e-05
4.77120931e+01 -6.00609321e-05
4.77523564e+01 -6.00609321e-05
4.77926198e+01 -6.00609321e-05
4.78328832e+01 -6.00609321e-05
4.78731466e+01 -6.00609321e-05
4.79134099e+01 -6.00609321e-05
4.79536733e+01 -6.00609321e-05
4.79939367e+01 -6.00609321e-05
4.80342000e+01 -6.00609321e-05
4.80744634e+01 -6.00609321e-05
4.81147268e+01 -6.00609321e-05
4.81549901e+01 -6.00609321e-05
4.81952535e+01 -6.00609321e-05
4.82355169e+01 -6.00609321e-05
4.82757803e+01 -6.00609321e-05
4.83160436e+01 -6.00609321e-05
4.83563070e+01 -6.00609321e-05
4.83965704e+01 -6.00609321e-05
4.84368337e+01 -6.00609321e-05
4.84770971e+01 -6.00609321e-05
4.85173605e+01 -6.00609321e-05
4.85576238e+01 -6.00609321e-05
4.85978872e+01 -6.00609321e-05
4.86381506e+01 -6.00609321e-05
4.86784139e+01 -6.00609321e-05
4.87186773e+01 -6.00609321e-05
4.87589407e+01 -6.00609321e-05
4.87992041e+01 -6.00609321e-05
4.88394674e+01 -6.00609321e-05
4.88797308e+01 -6.00609321e-05
4.89199942e+01 -6.00609321e-05
4.89602575e+01 -6.00609321e-05
4.90005209e+01 -6.00609321e-05
4.90407843e+01 -6.00609321e-05
4.90810476e+01 -6.00609321e-05
4.91213110e+01 -6.00609321e-05
4.91615744e+01 -6.00609321e-05
4.92018378e+01 -6.00609321e-05
4.92421011e+01 -6.00609321e-05
4.92823645e+01 -6.00609321e-05
4.93226279e+01 -6.00609321e-05
4.93628912e+01 -6.00609321e-05
4.94031546e+01 -6.00609321e-05
4.94434180e+01 -6.00609321e-05
4.94836813e+01 -6.00609321e-05
4.95239447e+01 -6.00609321e-05
4.95642081e+01 -6.00609321e-05
4.96044715e+01 -6.00609321e-05
4.96447348e+01 -6.00609321e-05
4.96849982e+01 -6.00609321e-05
4.97252616e+01 -6.00609321e-05
4.97655249e+01 -6.00609321e-05
4.98057883e+01 -6.00609321e-05
4.98460517e+01 -6.00609321e-05
4.98863150e+01 -6.00609321e-05
4.99265784e+01 -6.00609321e-05
4.99668418e+01 -6.00609321e-05
5.00071051e+01 -6.00609321e-05
5.00473685e+01 -6.00609321e-05
5.00876319e+01 -6.00609321e-05
5.01278953e+01 -6.00609321e-05
5.01681586e+01 -6.00609321e-05
5.02084220e+01 -6.00609321e-05
5.02486854e+01 -6.00609321e-05
5.02889487e+01 -6.00609321e-05
5.03292121e+01 -6.00609321e-05
5.03694755e+01 -6.00609321e-05
5.04097388e+01 -6.00609321e-05
5.04500022e+01 -6.00609321e-05
5.04902656e+01 -6.00609321e-05
5.05305290e+01 -6.00609321e-05
5.05707923e+01 -6.00609321e-05
5.06110557e+01 -6.00609321e-05
5.06513191e+01 -6.00609321e-05
5.06915824e+01 -6.00609321e-05
5.07318458e+01 -6.00609321e-05
5.07721092e+01 -6.00609321e-05
5.08123725e+01 -6.00609321e-05
5.08526359e+01 -6.00609321e-05
5.08928993e+01 -6.00609321e-05
5.09331626e+01 -6.00609321e-05
5.09734260e+01 -6.00609321e-05
5.10136894e+01 -6.00609321e-05
5.10539528e+01 -6.00609321e-05
5.10942161e+01 -6.00609321e-05
5.11344795e+01 -6.00609321e-05
5.11747429e+01 -6.00609321e-05
5.12150062e+01 -6.00609321e-05
5.12552696e+01 -6.00609321e-05
5.12955330e+01 -6.00609321e-05
5.13357963e+01 -6.00609321e-05
5.13760597e+01 -6.00609321e-05
5.14163231e+01 -6.00609321e-05
5.14565865e+01 -6.00609321e-05
5.14968498e+01 -6.00609321e-05
5.15371132e+01 -6.00609321e-05
5.15773766e+01 -6.00609321e-05
5.16176399e+01 -6.00609321e-05
5.16579033e+01 -6.00609321e-05
5.16981667e+01 -6.00609321e-05
5.17384300e+01 -6.00609321e-05
5.17786934e+01 -6.00609321e-05
5.18189568e+01 -6.00609321e-05
5.18592202e+01 -6.00609321e-05
5.18994835e+01 -6.00609321e-05
5.19397469e+01 -6.00609321e-05
5.19800103e+01 -6.00609321e-05
5.20202736e+01 -6.00609321e-05
5.20605370e+01 -6.00609321e-05
5.21008004e+01 -6.00609321e-05
5.21410637e+01 -6.00609321e-05
5.21813271e+01 -6.00609321e-05
5.22215905e+01 -6.00609321e-05
5.22618538e+01 -6.00609321e-05
5.23021172e+01 -6.00609321e-05
5.23423806e+01 -6.00609321e-05
5.23826440e+01 -6.00609321e-05
5.24229073e+01 -6.00609321e-05
5.24631707e+01 -6.00609321e-05
5.25034341e+01 -6.00609321e-05
5.25436974e+01 -6.00609321e-05
5.25839608e+01 -6.00609321e-05
5.26242242e+01 -6.00609321e-05
5.26644875e+01 -6.00609321e-05
5.27047509e+01 -6.00609321e-05
5.27450143e+01 -6.00609321e-05
5.27852777e+01 -6.00609321e-05
5.28255410e+01 -6.00609321e-05
5.28658044e+01 -6.00609321e-05
5.29060678e+01 -6.00609321e-05
5.29463311e+01 -6.00609321e-05
5.29865945e+01 -6.00609321e-05
5.30268579e+01 -6.00609321e-05
5.30671212e+01 -6.00609321e-05
5.31073846e+01 -6.00609321e-05
5.31476480e+01 -6.00609321e-05
5.31879114e+01 -6.00609321e-05
5.32281747e+01 -6.00609321e-05
5.32684381e+01 -6.00609321e-05
5.33087015e+01 -6.00609321e-05
5.33489648e+01 -6.00609321e-05
5.33892282e+01 -6.00609321e-05
5.34294916e+01 -6.00609321e-05
5.34697549e+01 -6.00609321e-05
5.35100183e+01 -6.00609321e-05
5.35502817e+01 -6.00609321e-05
5.35905450e+01 -6.00609321e-05
5.36308084e+01 -6.00609321e-05
5.36710718e+01 -6.00609321e-05
5.37113352e+01 -6.00609321e-05
5.37515985e+01 -6.00609321e-05
5.37918619e+01 -6.00609321e-05
5.38321253e+01 -6.00609321e-05
5.38723886e+01 -6.00609321e-05
5.39126520e+01 -6.00609321e-05
5.39529154e+01 -6.00609321e-05
5.39931787e+01 -6.00609321e-05
5.40334421e+01 -6.00609321e-05
5.40737055e+01 -6.00609321e-05
5.41139689e+01 -6.00609321e-05
5.41542322e+01 -6.00609321e-05
5.41944956e+01 -6.00609321e-05
5.42347590e+01 -6.00609321e-05
5.42750223e+01 -6.00609321e-05
5.43152857e+01 -6.00609321e-05
5.43555491e+01 -6.00609321e-05
5.43958124e+01 -6.00609321e-05
5.44360758e+01 -6.00609321e-05
5.44763392e+01 -6.00609321e-05
5.45166026e+01 -6.00609321e-05
5.45568659e+01 -6.00609321e-05
5.45971293e+01 -6.00609321e-05
5.46373927e+01 -6.00609321e-05
5.46776560e+01 -6.00609321e-05
5.47179194e+01 -6.00609321e-05
5.47581828e+01 -6.00609321e-05
5.47984461e+01 -6.00609321e-05
5.48387095e+01 -6.00609321e-05
5.48789729e+01 -6.00609321e-05
5.49192362e+01 -6.00609321e-05
5.49594996e+01 -6.00609321e-05
5.49997630e+01 -6.00609321e-05
5.50400264e+01 -6.00609321e-05
5.50802897e+01 -6.00609321e-05
5.51205531e+01 -6.00609321e-05
5.51608165e+01 -6.00609321e-05
5.52010798e+01 -6.00609321e-05
5.52413432e+01 -6.00609321e-05
5.52816066e+01 -6.00609321e-05
5.53218699e+01 -6.00609321e-05
5.53621333e+01 -6.00609321e-05
5.54023967e+01 -6.00609321e-05
5.54426601e+01 -6.00609321e-05
5.54829234e+01 -6.00609321e-05
5.55231868e+01 -6.00609321e-05
5.55634502e+01 -6.00609321e-05
5.56037135e+01 -6.00609321e-05
5.56439769e+01 -6.00609321e-05
5.56842403e+01 -6.00609321e-05
5.57245036e+01 -6.00609321e-05
5.57647670e+01 -6.00609321e-05
5.58050304e+01 -6.00609321e-05
5.58452938e+01 -6.00609321e-05
5.58855571e+01 -6.00609321e-05
5.59258205e+01 -6.00609321e-05
5.59660839e+01 -6.00609321e-05
5.60063472e+01 -6.00609321e-05
5.60466106e+01 -6.00609321e-05
5.60868740e+01 -6.00609321e-05
5.61271373e+01 -6.00609321e-05
5.61674007e+01 -6.00609321e-05
5.62076641e+01 -6.00609321e-05
5.62479274e+01 -6.00609321e-05
5.62881908e+01 -6.00609321e-05
5.63284542e+01 -6.00609321e-05
5.63687176e+01 -6.00609321e-05
5.64089809e+01 -6.00609321e-05
5.64492443e+01 -6.00609321e-05
5.64895077e+01 -6.00609321e-05
5.65297710e+01 -6.00609321e-05
5.65700344e+01 -6.00609321e-05
5.66102978e+01 -6.00609321e-05
5.66505611e+01 -6.00609321e-05
5.66908245e+01 -6.00609321e-05
5.67310879e+01 -6.00609321e-05
5.67713513e+01 -6.00609321e-05
5.68116146e+01 -6.00609321e-05
5.68518780e+01 -6.00609321e-05
5.68921414e+01 -6.00609321e-05
5.69324047e+01 -6.00609321e-05
5.69726681e+01 -6.00609321e-05
5.70129315e+01 -6.00609321e-05
5.70531948e+01 -6.00609321e-05
5.70934582e+01 -6.00609321e-05
5.71337216e+01 -6.00609321e-05
5.71739850e+01 -6.00609321e-05
5.72142483e+01 -6.00609321e-05
5.72545117e+01 -6.00609321e-05
5.72947751e+01 -6.00609321e-05
5.73350384e+01 -6.00609321e-05
5.73753018e+01 -6.00609321e-05
5.74155652e+01 -6.00609321e-05
5.74558285e+01 -6.00609321e-05
5.74960919e+01 -6.00609321e-05
5.75363553e+01 -6.00609321e-05
5.75766186e+01 -6.00609321e-05
5.76168820e+01 -6.00609321e-05
5.76571454e+01 -6.00609321e-05
5.76974088e+01 -6.00609321e-05
5.77376721e+01 -6.00609321e-05
5.77779355e+01 -6.00609321e-05
5.78181989e+01 -6.00609321e-05
5.78584622e+01 -6.00609321e-05
5.78987256e+01 -6.00609321e-05
5.79389890e+01 -6.00609321e-05
5.79792523e+01 -6.00609321e-05
5.80195157e+01 -6.00609321e-05
5.80597791e+01 -6.00609321e-05
5.81000425e+01 -6.00609321e-05
5.81403058e+01 -6.00609321e-05
5.81805692e+01 -6.00609321e-05
5.82208326e+01 -6.00609321e-05
5.82610959e+01 -6.00609321e-05
5.83013593e+01 -6.00609321e-05
5.83416227e+01 -6.00609321e-05
5.83818860e+01 -6.00609321e-05
5.84221494e+01 -6.00609321e-05
5.84624128e+01 -6.00609321e-05
5.85026762e+01 -6.00609321e-05
5.85429395e+01 -6.00609321e-05
5.85832029e+01 -6.00609321e-05
5.86234663e+01 -6.00609321e-05
5.86637296e+01 -6.00609321e-05
5.87039930e+01 -6.00609321e-05
5.87442564e+01 -6.00609321e-05
5.87845197e+01 -6.00609321e-05
5.88247831e+01 -6.00609321e-05
5.88650465e+01 -6.00609321e-05
5.89053098e+01 -6.00609321e-05
5.89455732e+01 -6.00609321e-05
5.89858366e+01 -6.00609321e-05
5.90261000e+01 -6.00609321e-05
5.90663633e+01 -6.00609321e-05
5.91066267e+01 -6.00609321e-05
5.91468901e+01 -6.00609321e-05
5.91871534e+01 -6.00609321e-05
5.92274168e+01 -6.00609321e-05
5.92676802e+01 -6.00609321e-05
5.93079435e+01 -6.00609321e-05
5.93482069e+01 -6.00609321e-05
5.93884703e+01 -6.00609321e-05
5.94287337e+01 -6.00609321e-05
5.94689970e+01 -6.00609321e-05
5.95092604e+01 -6.00609321e-05
5.95495238e+01 -6.00609321e-05
5.95897871e+01 -6.00609321e-05
5.96300505e+01 -6.00609321e-05
5.96703139e+01 -6.00609321e-05
5.97105772e+01 -6.00609321e-05
5.97508406e+01 -6.00609321e-05
5.97911040e+01 -6.00609321e-05
5.98313673e+01 -6.00609321e-05
5.98716307e+01 -6.00609321e-05
5.99118941e+01 -6.00609321e-05
5.99521575e+01 -6.00609321e-05
5.99924208e+01 -6.00609321e-05
6.00326842e+01 -6.00609321e-05
6.00729476e+01 -6.00609321e-05
6.01132109e+01 -6.00609321e-05
6.01534743e+01 -6.00609321e-05
6.01937377e+01 -6.00609321e-05
6.02340010e+01 -6.00609321e-05
6.02742644e+01 -6.00609321e-05
6.03145278e+01 -6.00609321e-05
6.03547912e+01 -6.00609321e-05
6.03950545e+01 -6.00609321e-05
6.04353179e+01 -6.00609321e-05
6.04755813e+01 -6.00609321e-05
6.05158446e+01 -6.00609321e-05
6.05561080e+01 -6.00609321e-05
6.05963714e+01 -6.00609321e-05
6.06366347e+01 -6.00609321e-05
6.06768981e+01 -6.00609321e-05
6.07171615e+01 -6.00609321e-05
6.07574249e+01 -6.00609321e-05
6.07976882e+01 -6.00609321e-05
6.08379516e+01 -6.00609321e-05
6.08782150e+01 -6.00609321e-05
6.09184783e+01 -6.00609321e-05
6.09587417e+01 -6.00609321e-05
6.09990051e+01 -6.00609321e-05
6.10392684e+01 -6.00609321e-05
6.10795318e+01 -6.00609321e-05
6.11197952e+01 -6.00609321e-05
6.11600585e+01 -6.00609321e-05
6.12003219e+01 -6.00609321e-05
6.12405853e+01 -6.00609321e-05
6.12808487e+01 -6.00609321e-05
6.13211120e+01 -6.00609321e-05
6.13613754e+01 -6.00609321e-05
6.14016388e+01 -6.00609321e-05
6.14419021e+01 -6.00609321e-05
6.14821655e+01 -6.00609321e-05
6.15224289e+01 -6.00609321e-05
6.15626922e+01 -6.00609321e-05
6.16029556e+01 -6.00609321e-05
6.16432190e+01 -6.00609321e-05
6.16834824e+01 -6.00609321e-05
6.17237457e+01 -6.00609321e-05
6.17640091e+01 -6.00609321e-05
6.18042725e+01 -6.00609321e-05
6.18445358e+01 -6.00609321e-05
6.18847992e+01 -6.00609321e-05
6.19250626e+01 -6.00609321e-05
6.19653259e+01 -6.00609321e-05
6.20055893e+01 -6.00609321e-05
6.20458527e+01 -6.00609321e-05
6.20861161e+01 -6.00609321e-05
6.21263794e+01 -6.00609321e-05
6.21666428e+01 -6.00609321e-05
6.22069062e+01 -6.00609321e-05
6.22471695e+01 -6.00609321e-05
6.22874329e+01 -6.00609321e-05
6.23276963e+01 -6.00609321e-05
6.23679596e+01 -6.00609321e-05
6.24082230e+01 -6.00609321e-05
6.24484864e+01 -6.00609321e-05
6.24887497e+01 -6.00609321e-05
6.25290131e+01 -6.00609321e-05
6.25692765e+01 -6.00609321e-05
6.26095399e+01 -6.00609321e-05
6.26498032e+01 -6.00609321e-05
6.26900666e+01 -6.00609321e-05
6.27303300e+01 -6.00609321e-05
6.27705933e+01 -6.00609321e-05
6.28108567e+01 -6.00609321e-05
6.28511201e+01 -6.00609321e-05
6.28913834e+01 -6.00609321e-05
6.29316468e+01 -6.00609321e-05
6.29719102e+01 -6.00609321e-05
6.30121736e+01 -6.00609321e-05
6.30524369e+01 -6.00609321e-05
6.30927003e+01 -6.00609321e-05
6.31329637e+01 -6.00609321e-05
6.31732270e+01 -6.00609321e-05
6.32134904e+01 -6.00609321e-05
6.32537538e+01 -6.00609321e-05
6.32940171e+01 -6.00609321e-05
6.33342805e+01 -6.00609321e-05
6.33745439e+01 -6.00609321e-05
6.34148073e+01 -6.00609321e-05
6.34550706e+01 -6.00609321e-05
6.34953340e+01 -6.00609321e-05
6.35355974e+01 -6.00609321e-05
6.35758607e+01 -6.00609321e-05
6.36161241e+01 -6.00609321e-05
6.36563875e+01 -6.00609321e-05
6.36966508e+01 -6.00609321e-05
6.37369142e+01 -6.00609321e-05
6.37771776e+01 -6.00609321e-05
6.38174409e+01 -6.00609321e-05
6.38577043e+01 -6.00609321e-05
6.38979677e+01 -6.00609321e-05
6.39382311e+01 -6.00609321e-05
6.39784944e+01 -6.00609321e-05
6.40187578e+01 -6.00609321e-05
6.40590212e+01 -6.00609321e-05
6.40992845e+01 -6.00609321e-05
6.41395479e+01 -6.00609321e-05
6.41798113e+01 -6.00609321e-05
6.42200746e+01 -6.00609321e-05
6.42603380e+01 -6.00609321e-05
6.43006014e+01 -6.00609321e-05
6.43408648e+01 -6.00609321e-05
6.43811281e+01 -6.00609321e-05
6.44213915e+01 -6.00609321e-05
6.44616549e+01 -6.00609321e-05
6.45019182e+01 -6.00609321e-05
6.45421816e+01 -6.00609321e-05
6.45824450e+01 -6.00609321e-05
6.46227083e+01 -6.00609321e-05
6.46629717e+01 -6.00609321e-05
6.47032351e+01 -6.00609321e-05
6.47434985e+01 -6.00609321e-05
6.47837618e+01 -6.00609321e-05
6.48240252e+01 -6.00609321e-05
6.48642886e+01 -6.00609321e-05
6.49045519e+01 -6.00609321e-05
6.49448153e+01 -6.00609321e-05
6.49850787e+01 -6.00609321e-05
6.50253420e+01 -6.00609321e-05
6.50656054e+01 -6.00609321e-05
6.51058688e+01 -6.00609321e-05
6.51461321e+01 -6.00609321e-05
6.51863955e+01 -6.00609321e-05
6.52266589e+01 -6.00609321e-05
6.52669223e+01 -6.00609321e-05
6.53071856e+01 -6.00609321e-05
6.53474490e+01 -6.00609321e-05
6.53877124e+01 -6.00609321e-05
6.54279757e+01 -6.00609321e-05
6.54682391e+01 -6.00609321e-05
6.55085025e+01 -6.00609321e-05
6.55487658e+01 -6.00609321e-05
6.55890292e+01 -6.00609321e-05
6.56292926e+01 -6.00609321e-05
6.56695560e+01 -6.00609321e-05
6.57098193e+01 -6.00609321e-05
6.57500827e+01 -6.00609321e-05
6.57903461e+01 -6.00609321e-05
6.58306094e+01 -6.00609321e-05
6.58708728e+01 -6.00609321e-05
6.59111362e+01 -6.00609321e-05
6.59513995e+01 -6.00609321e-05
6.59916629e+01 -6.00609321e-05
6.60319263e+01 -6.00609321e-05
6.60721897e+01 -6.00609321e-05
6.61124530e+01 -6.00609321e-05
6.61527164e+01 -6.00609321e-05
6.61929798e+01 -6.00609321e-05
6.62332431e+01 -6.00609321e-05
6.62735065e+01 -6.00609321e-05
6.63137699e+01 -6.00609321e-05
6.63540332e+01 -6.00609321e-05
6.63942966e+01 -6.00609321e-05
6.64345600e+01 -6.00609321e-05
6.64748233e+01 -6.00609321e-05
6.65150867e+01 -6.00609321e-05
6.65553501e+01 -6.00609321e-05
6.65956135e+01 -6.00609321e-05
6.66358768e+01 -6.00609321e-05
6.66761402e+01 -6.00609321e-05
6.67164036e+01 -6.00609321e-05
6.67566669e+01 -6.00609321e-05
6.67969303e+01 -6.00609321e-05
6.68371937e+01 -6.00609321e-05
6.68774570e+01 -6.00609321e-05
6.69177204e+01 -6.00609321e-05
6.69579838e+01 -6.00609321e-05
6.69982472e+01 -6.00609321e-05
6.70385105e+01 -6.00609321e-05
6.70787739e+01 -6.00609321e-05
6.71190373e+01 -6.00609321e-05
6.71593006e+01 -6.00609321e-05
6.71995640e+01 -6.00609321e-05
6.72398274e+01 -6.00609321e-05
6.72800907e+01 -6.00609321e-05
6.73203541e+01 -6.00609321e-05
6.73606175e+01 -6.00609321e-05
6.74008809e+01 -6.00609321e-05
6.74411442e+01 -6.00609321e-05
6.74814076e+01 -6.00609321e-05
6.75216710e+01 -6.00609321e-05
6.75619343e+01 -6.00609321e-05
6.76021977e+01 -6.00609321e-05
6.76424611e+01 -6.00609321e-05
6.76827244e+01 -6.00609321e-05
6.77229878e+01 -6.00609321e-05
6.77632512e+01 -6.00609321e-05
6.78035145e+01 -6.00609321e-05
6.78437779e+01 -6.00609321e-05
6.78840413e+01 -6.00609321e-05
6.79243047e+01 -6.00609321e-05
6.79645680e+01 -6.00609321e-05
6.80048314e+01 -6.00609321e-05
6.80450948e+01 -6.00609321e-05
6.80853581e+01 -6.00609321e-05
6.81256215e+01 -6.00609321e-05
6.81658849e+01 -6.00609321e-05
6.82061482e+01 -6.00609321e-05
6.82464116e+01 -6.00609321e-05
6.82866750e+01 -6.00609321e-05
6.83269384e+01 -6.00609321e-05
6.83672017e+01 -6.00609321e-05
6.84074651e+01 -6.00609321e-05
6.84477285e+01 -6.00609321e-05
6.84879918e+01 -6.00609321e-05
6.85282552e+01 -6.00609321e-05
6.85685186e+01 -6.00609321e-05
6.86087819e+01 -6.00609321e-05
6.86490453e+01 -6.00609321e-05
6.86893087e+01 -6.00609321e-05
6.87295720e+01 -6.00609321e-05
6.87698354e+01 -6.00609321e-05
6.88100988e+01 -6.00609321e-05
6.88503622e+01 -6.00609321e-05
6.88906255e+01 -6.00609321e-05
6.89308889e+01 -6.00609321e-05
6.89711523e+01 -6.00609321e-05
6.90114156e+01 -6.00609321e-05
6.90516790e+01 -6.00609321e-05
6.90919424e+01 -6.00609321e-05
6.91322057e+01 -6.00609321e-05
6.91724691e+01 -6.00609321e-05
6.92127325e+01 -6.00609321e-05
6.92529959e+01 -6.00609321e-05
6.92932592e+01 -6.00609321e-05
6.93335226e+01 -6.00609321e-05
6.93737860e+01 -6.00609321e-05
6.94140493e+01 -6.00609321e-05
6.94543127e+01 -6.00609321e-05
6.94945761e+01 -6.00609321e-05
6.95348394e+01 -6.00609321e-05
6.95751028e+01 -6.00609321e-05
6.96153662e+01 -6.00609321e-05
6.96556296e+01 -6.00609321e-05
6.96958929e+01 -6.00609321e-05
6.97361563e+01 -6.00609321e-05
6.97764197e+01 -6.00609321e-05
6.98166830e+01 -6.00609321e-05
6.98569464e+01 -6.00609321e-05
6.98972098e+01 -6.00609321e-05
6.99374731e+01 -6.00609321e-05
6.99777365e+01 -6.00609321e-05
7.00179999e+01 -6.00609321e-05
7.00582632e+01 -6.00609321e-05
7.00985266e+01 -6.00609321e-05
7.01387900e+01 -6.00609321e-05
7.01790534e+01 -6.00609321e-05
7.02193167e+01 -6.00609321e-05
7.02595801e+01 -6.00609321e-05
7.02998435e+01 -6.00609321e-05
7.03401068e+01 -6.00609321e-05
7.03803702e+01 -6.00609321e-05
7.04206336e+01 -6.00609321e-05
7.04608969e+01 -6.00609321e-05
7.05011603e+01 -6.00609321e-05
7.05414237e+01 -6.00609321e-05
7.05816871e+01 -6.00609321e-05
7.06219504e+01 -6.00609321e-05
7.06622138e+01 -6.00609321e-05
7.07024772e+01 -6.00609321e-05
7.07427405e+01 -6.00609321e-05
7.07830039e+01 -6.00609321e-05
7.08232673e+01 -6.00609321e-05
7.08635306e+01 -6.00609321e-05
7.09037940e+01 -6.00609321e-05
7.09440574e+01 -6.00609321e-05
7.09843208e+01 -6.00609321e-05
7.10245841e+01 -6.00609321e-05
7.10648475e+01 -6.00609321e-05
7.11051109e+01 -6.00609321e-05
7.11453742e+01 -6.00609321e-05
7.11856376e+01 -6.00609321e-05
7.12259010e+01 -6.00609321e-05
7.12661643e+01 -6.00609321e-05
7.13064277e+01 -6.00609321e-05
7.13466911e+01 -6.00609321e-05
7.13869544e+01 -6.00609321e-05
7.14272178e+01 -6.00609321e-05
7.14674812e+01 -6.00609321e-05
7.15077446e+01 -6.00609321e-05
7.15480079e+01 -6.00609321e-05
7.15882713e+01 -6.00609321e-05
7.16285347e+01 -6.00609321e-05
7.16687980e+01 -6.00609321e-05
7.17090614e+01 -6.00609321e-05
7.17493248e+01 -6.00609321e-05
7.17895881e+01 -6.00609321e-05
7.18298515e+01 -6.00609321e-05
7.18701149e+01 -6.00609321e-05
7.19103783e+01 -6.00609321e-05
7.19506416e+01 -6.00609321e-05
7.19909050e+01 -6.00609321e-05
7.20311684e+01 -6.00609321e-05
7.20714317e+01 -6.00609321e-05
7.21116951e+01 -6.00609321e-05
7.21519585e+01 -6.00609321e-05
7.21922218e+01 -6.00609321e-05
7.22324852e+01 -6.00609321e-05
7.22727486e+01 -6.00609321e-05
7.23130120e+01 -6.00609321e-05
7.23532753e+01 -6.00609321e-05
7.23935387e+01 -6.00609321e-05
7.24338021e+01 -6.00609321e-05
7.24740654e+01 -6.00609321e-05
7.25143288e+01 -6.00609321e-05
7.25545922e+01 -6.00609321e-05
7.25948555e+01 -6.00609321e-05
7.26351189e+01 -6.00609321e-05
7.26753823e+01 -6.00609321e-05
7.27156456e+01 -6.00609321e-05
7.27559090e+01 -6.00609321e-05
7.27961724e+01 -6.00609321e-05
7.28364358e+01 -6.00609321e-05
7.28766991e+01 -6.00609321e-05
7.29169625e+01 -6.00609321e-05
7.29572259e+01 -6.00609321e-05
7.29974892e+01 -6.00609321e-05
7.30377526e+01 -6.00609321e-05
7.30780160e+01 -6.00609321e-05
7.31182793e+01 -6.00609321e-05
7.31585427e+01 -6.00609321e-05
7.31988061e+01 -6.00609321e-05
7.32390695e+01 -6.00609321e-05
7.32793328e+01 -6.00609321e-05
7.33195962e+01 -6.00609321e-05
7.33598596e+01 -6.00609321e-05
7.34001229e+01 -6.00609321e-05
7.34403863e+01 -6.00609321e-05
7.34806497e+01 -6.00609321e-05
7.35209130e+01 -6.00609321e-05
7.35611764e+01 -6.00609321e-05
7.36014398e+01 -6.00609321e-05
7.36417032e+01 -6.00609321e-05
7.36819665e+01 -6.00609321e-05
7.37222299e+01 -6.00609321e-05
7.37624933e+01 -6.00609321e-05
7.38027566e+01 -6.00609321e-05
7.38430200e+01 -6.00609321e-05
7.38832834e+01 -6.00609321e-05
7.39235467e+01 -6.00609321e-05
7.39638101e+01 -6.00609321e-05
7.40040735e+01 -6.00609321e-05
7.40443368e+01 -6.00609321e-05
7.40846002e+01 -6.00609321e-05
7.41248636e+01 -6.00609321e-05
7.41651270e+01 -6.00609321e-05
7.42053903e+01 -6.00609321e-05
7.42456537e+01 -6.00609321e-05
7.42859171e+01 -6.00609321e-05
7.43261804e+01 -6.00609321e-05
7.43664438e+01 -6.00609321e-05
7.44067072e+01 -6.00609321e-05
7.44469705e+01 -6.00609321e-05
7.44872339e+01 -6.00609321e-05
7.45274973e+01 -6.00609321e-05
7.45677607e+01 -6.00609321e-05
7.46080240e+01 -6.00609321e-05
7.46482874e+01 -6.00609321e-05
7.46885508e+01 -6.00609321e-05
7.47288141e+01 -6.00609321e-05
7.47690775e+01 -6.00609321e-05
7.48093409e+01 -6.00609321e-05
7.48496042e+01 -6.00609321e-05
7.48898676e+01 -6.00609321e-05
7.49301310e+01 -6.00609321e-05
7.49703944e+01 -6.00609321e-05
7.50106577e+01 -6.00609321e-05
7.50509211e+01 -6.00609321e-05
7.50911845e+01 -6.00609321e-05
7.51314478e+01 -6.00609321e-05
7.51717112e+01 -6.00609321e-05
7.52119746e+01 -6.00609321e-05
7.52522379e+01 -6.00609321e-05
7.52925013e+01 -6.00609321e-05
7.53327647e+01 -6.00609321e-05
7.53730280e+01 -6.00609321e-05
7.54132914e+01 -6.00609321e-05
7.54535548e+01 -6.00609321e-05
7.54938182e+01 -6.00609321e-05
7.55340815e+01 -6.00609321e-05
7.55743449e+01 -6.00609321e-05
7.56146083e+01 -6.00609321e-05
7.56548716e+01 -6.00609321e-05
7.56951350e+01 -6.00609321e-05
7.57353984e+01 -6.00609321e-05
7.57756617e+01 -6.00609321e-05
7.58159251e+01 -6.00609321e-05
7.58561885e+01 -6.00609321e-05
7.58964519e+01 -6.00609321e-05
7.59367152e+01 -6.00609321e-05
7.59769786e+01 -6.00609321e-05
7.60172420e+01 -6.00609321e-05
7.60575053e+01 -6.00609321e-05
7.60977687e+01 -6.00609321e-05
7.61380321e+01 -6.00609321e-05
7.61782954e+01 -6.00609321e-05
7.62185588e+01 -6.00609321e-05
7.62588222e+01 -6.00609321e-05
7.62990856e+01 -6.00609321e-05
7.63393489e+01 -6.00609321e-05
7.63796123e+01 -6.00609321e-05
7.64198757e+01 -6.00609321e-05
7.64601390e+01 -6.00609321e-05
7.65004024e+01 -6.00609321e-05
7.65406658e+01 -6.00609321e-05
7.65809291e+01 -6.00609321e-05
7.66211925e+01 -6.00609321e-05
7.66614559e+01 -6.00609321e-05
7.67017192e+01 -6.00609321e-05
7.67419826e+01 -6.00609321e-05
7.67822460e+01 -6.00609321e-05
7.68225094e+01 -6.00609321e-05
7.68627727e+01 -6.00609321e-05
7.69030361e+01 -6.00609321e-05
7.69432995e+01 -6.00609321e-05
7.69835628e+01 -6.00609321e-05
7.70238262e+01 -6.00609321e-05
7.70640896e+01 -6.00609321e-05
7.71043529e+01 -6.00609321e-05
7.71446163e+01 -6.00609321e-05
7.71848797e+01 -6.00609321e-05
7.72251431e+01 -6.00609321e-05
7.72654064e+01 -6.00609321e-05
7.73056698e+01 -6.00609321e-05
7.73459332e+01 -6.00609321e-05
7.73861965e+01 -6.00609321e-05
7.74264599e+01 -6.00609321e-05
7.74667233e+01 -6.00609321e-05
7.75069866e+01 -6.00609321e-05
7.75472500e+01 -6.00609321e-05
7.75875134e+01 -6.00609321e-05
7.76277767e+01 -6.00609321e-05
7.76680401e+01 -6.00609321e-05
7.77083035e+01 -6.00609321e-05
7.77485669e+01 -6.00609321e-05
7.77888302e+01 -6.00609321e-05
7.78290936e+01 -6.00609321e-05
7.78693570e+01 -6.00609321e-05
7.79096203e+01 -6.00609321e-05
7.79498837e+01 -6.00609321e-05
7.79901471e+01 -6.00609321e-05
7.80304104e+01 -6.00609321e-05
7.80706738e+01 -6.00609321e-05
7.81109372e+01 -6.00609321e-05
7.81512006e+01 -6.00609321e-05
7.81914639e+01 -6.00609321e-05
7.82317273e+01 -6.00609321e-05
7.82719907e+01 -6.00609321e-05
7.83122540e+01 -6.00609321e-05
7.83525174e+01 -6.00609321e-05
7.83927808e+01 -6.00609321e-05
7.84330441e+01 -6.00609321e-05
7.84733075e+01 -6.00609321e-05
7.85135709e+01 -6.00609321e-05
7.85538343e+01 -6.00609321e-05
7.85940976e+01 -6.00609321e-05
7.86343610e+01 -6.00609321e-05
7.86746244e+01 -6.00609321e-05
7.87148877e+01 -6.00609321e-05
7.87551511e+01 -6.00609321e-05
7.87954145e+01 -6.00609321e-05
7.88356778e+01 -6.00609321e-05
7.88759412e+01 -6.00609321e-05
7.89162046e+01 -6.00609321e-05
7.89564679e+01 -6.00609321e-05
7.89967313e+01 -6.00609321e-05
7.90369947e+01 -6.00609321e-05
7.90772581e+01 -6.00609321e-05
7.91175214e+01 -6.00609321e-05
7.91577848e+01 -6.00609321e-05
7.91980482e+01 -6.00609321e-05
7.92383115e+01 -6.00609321e-05
7.92785749e+01 -6.00609321e-05
7.93188383e+01 -6.00609321e-05
7.93591016e+01 -6.00609321e-05
7.93993650e+01 -6.00609321e-05
7.94396284e+01 -6.00609321e-05
7.94798918e+01 -6.00609321e-05
7.95201551e+01 -6.00609321e-05
7.95604185e+01 -6.00609321e-05
7.96006819e+01 -6.00609321e-05
7.96409452e+01 -6.00609321e-05
7.96812086e+01 -6.00609321e-05
7.97214720e+01 -6.00609321e-05
7.97617353e+01 -6.00609321e-05
7.98019987e+01 -6.00609321e-05
7.98422621e+01 -6.00609321e-05
7.98825255e+01 -6.00609321e-05
7.99227888e+01 -6.00609321e-05
7.99630522e+01 -6.00609321e-05
8.00033156e+01 -6.00609321e-05
