#Omega	Iterations	Error	Preparation_Time(s)	Calculation_Time(s)
0.5000	1801451	9.99961081e-11	0.0013	544.9843
0.5025	1788643	9.99978323e-11	0.0013	550.4583
0.5050	1777442	9.99975460e-11	0.0014	540.9554
0.5075	1766083	9.99793004e-11	0.0013	537.6061
0.5100	1754686	9.99876568e-11	0.0013	534.9899
0.5125	1743285	9.99936881e-11	0.0013	532.4930
0.5150	1731789	9.99980171e-11	0.0013	523.9388
0.5175	1720674	9.99967781e-11	0.0013	530.4969
0.5200	1709528	9.99951910e-11	0.0013	516.6603
0.5225	1698541	9.99951812e-11	0.0013	517.1028
0.5250	1687711	9.99956306e-11	0.0013	509.3348
0.5275	1676781	9.99988787e-11	0.0013	505.1827
0.5300	1666048	9.99933765e-11	0.0013	506.9644
0.5325	1655472	9.99976853e-11	0.0013	499.7185
0.5350	1645009	9.99989446e-11	0.0013	506.0029
0.5375	1634675	9.99987495e-11	0.0013	506.2666
0.5400	1624407	9.99938218e-11	0.0013	516.0858
0.5425	1614200	9.99904215e-11	0.0015	487.1108
0.5450	1603979	9.99914495e-11	0.0013	489.0519
0.5475	1594085	9.99945789e-11	0.0013	481.2601
0.5500	1584284	9.99944339e-11	0.0013	485.1469
0.5525	1574364	9.99954501e-11	0.0013	483.0086
0.5550	1564415	9.99867716e-11	0.0013	484.4282
0.5575	1554836	9.99985427e-11	0.0013	477.9720
0.5600	1545256	9.99928875e-11	0.0013	470.7860
0.5625	1535978	9.99938288e-11	0.0015	467.3270
0.5650	1526372	9.99860623e-11	0.0013	461.3548
0.5675	1517099	9.99973925e-11	0.0013	478.2679
0.5700	1507800	9.99947856e-11	0.0013	454.8224
0.5725	1498772	9.99999639e-11	0.0013	457.7115
0.5750	1489694	9.99976393e-11	0.0013	450.6632
0.5775	1480638	9.99843558e-11	0.0013	447.1494
0.5800	1471784	9.99802430e-11	0.0013	443.6463
0.5825	1462876	9.99905933e-11	0.0015	441.6101
0.5850	1454117	9.99974466e-11	0.0013	443.9583
0.5875	1445446	9.99982430e-11	0.0014	440.9923
0.5900	1436828	9.99951787e-11	0.0013	444.4691
0.5925	1428267	9.99953295e-11	0.0013	433.4950
0.5950	1419870	9.99907243e-11	0.0013	433.8002
0.5975	1411377	9.99871314e-11	0.0013	429.6759
0.6000	1403047	9.99966324e-11	0.0014	423.6729
0.6025	1394857	9.99972533e-11	0.0013	420.9287
0.6050	1386607	9.99992420e-11	0.0014	425.0590
0.6075	1378464	9.99968027e-11	0.0013	420.2387
0.6100	1370438	9.99956454e-11	0.0013	417.5648
0.6125	1362495	9.99973660e-11	0.0014	419.2269
0.6150	1354441	9.99976701e-11	0.0013	413.5858
0.6175	1346658	9.99997069e-11	0.0013	406.1211
0.6200	1338915	9.99917154e-11	0.0013	404.0471
0.6225	1331100	9.99988134e-11	0.0013	401.4623
0.6250	1323785	9.99996832e-11	0.0014	399.7843
0.6275	1315867	9.99872013e-11	0.0013	396.6432
0.6300	1308318	9.99983329e-11	0.0013	394.1986
0.6325	1300761	9.99942994e-11	0.0013	396.1624
0.6350	1293376	9.99970294e-11	0.0015	393.9059
0.6375	1286027	9.99967791e-11	0.0013	396.0833
0.6400	1278663	9.99995515e-11	0.0013	386.0239
0.6425	1271483	9.99994000e-11	0.0016	387.0168
0.6450	1264183	9.99949647e-11	0.0013	380.4502
0.6475	1257076	9.99870895e-11	0.0013	378.7654
0.6500	1250061	9.99946923e-11	0.0014	386.1505
0.6525	1242963	9.99950093e-11	0.0013	379.4725
0.6550	1235947	9.99930323e-11	0.0013	371.4242
0.6575	1229066	9.99962763e-11	0.0013	373.9570
0.6600	1222220	9.99994524e-11	0.0013	367.9484
0.6625	1215335	9.99978275e-11	0.0014	373.1128
0.6650	1208339	9.99921827e-11	0.0015	369.3324
0.6675	1201954	9.99940954e-11	0.0013	365.9587
0.6700	1195262	9.99940661e-11	0.0013	368.3362
0.6725	1188465	9.99949967e-11	0.0014	361.3205
0.6750	1181957	9.99991300e-11	0.0013	361.2574
0.6775	1175364	9.99977351e-11	0.0013	357.9171
0.6800	1168862	9.99976248e-11	0.0015	352.8516
0.6825	1162512	9.99933592e-11	0.0013	355.0404
0.6850	1156151	9.99992915e-11	0.0013	356.9764
0.6875	1149926	9.99942099e-11	0.0014	346.7910
0.6900	1143525	9.99912881e-11	0.0013	348.3308
0.6925	1137261	9.99897764e-11	0.0013	346.1707
0.6950	1131089	9.99989996e-11	0.0015	345.2791
0.6975	1124897	9.99989494e-11	0.0015	339.7827
0.7000	1118975	9.99948505e-11	0.0013	338.2690
0.7025	1112768	9.99979613e-11	0.0014	339.8208
0.7050	1106753	9.99967812e-11	0.0013	334.0965
0.7075	1100757	9.99994441e-11	0.0013	335.3253
0.7100	1094869	9.99949550e-11	0.0014	333.9860
0.7125	1088964	9.99969148e-11	0.0016	331.7861
0.7150	1083140	9.99866253e-11	0.0013	326.9949
0.7175	1077219	9.99921800e-11	0.0015	327.3521
0.7200	1071494	9.99935935e-11	0.0014	326.9186
0.7225	1065745	9.99995982e-11	0.0013	324.0147
0.7250	1060107	9.99995254e-11	0.0013	322.7932
0.7275	1054412	9.99932392e-11	0.0014	321.3412
0.7300	1048782	9.99982929e-11	0.0013	316.3654
0.7325	1043197	9.99981756e-11	0.0013	316.9117
0.7350	1037656	9.99826230e-11	0.0013	315.8805
0.7375	1032244	9.99944424e-11	0.0013	315.6649
0.7400	1026740	9.99923425e-11	0.0013	316.2337
0.7425	1021275	9.99992912e-11	0.0013	308.1783
0.7450	1015875	9.99903124e-11	0.0013	312.9639
0.7475	1010558	9.99961453e-11	0.0013	308.4899
0.7500	1005605	9.99862424e-11	0.0013	306.2826
0.7525	999941	9.99943189e-11	0.0013	305.0209
0.7550	994731	9.99885959e-11	0.0013	303.1502
0.7575	989472	9.99862550e-11	0.0013	305.6878
0.7600	984312	9.99976876e-11	0.0013	296.6552
0.7625	979168	9.99973957e-11	0.0013	298.8719
0.7650	974080	9.99912393e-11	0.0013	296.6788
0.7675	969024	9.99946482e-11	0.0013	293.2079
0.7700	963994	9.99913345e-11	0.0013	294.5296
0.7725	958963	9.99960370e-11	0.0013	290.7148
0.7750	954007	9.99996369e-11	0.0013	290.0555
0.7775	948959	9.99953687e-11	0.0013	289.3293
0.7800	944100	9.99921362e-11	0.0013	287.4188
0.7825	939217	9.99729518e-11	0.0013	286.4967
0.7850	934389	9.99988813e-11	0.0015	284.7636
0.7875	929549	9.99852856e-11	0.0014	283.3980
0.7900	924741	9.99952964e-11	0.0013	281.5495
0.7925	920009	9.99853920e-11	0.0013	280.7662
0.7950	915291	9.99976758e-11	0.0014	280.9261
0.7975	910579	9.99793096e-11	0.0013	276.5205
0.8000	905887	9.99975196e-11	0.0013	273.1228
0.8025	901239	9.99979441e-11	0.0013	279.4768
0.8050	896621	9.99980848e-11	0.0013	274.3718
0.8075	892081	9.99976420e-11	0.0013	271.6896
0.8100	887559	9.99862670e-11	0.0019	268.9413
0.8125	883085	9.99999550e-11	0.0013	269.3511
0.8150	878505	9.99915063e-11	0.0013	267.2825
0.8175	874009	9.99886420e-11	0.0013	263.6114
0.8200	869609	9.99916371e-11	0.0013	265.1335
0.8225	865194	9.99905681e-11	0.0013	264.0503
0.8250	860822	9.99971146e-11	0.0013	262.2878
0.8275	856405	9.99896276e-11	0.0013	261.1680
0.8300	852073	9.99960589e-11	0.0058	263.0103
0.8325	847810	9.99896467e-11	0.0013	258.6511
0.8350	843489	9.99949054e-11	0.0013	262.1593
0.8375	839241	9.99977700e-11	0.0013	255.9205
0.8400	834985	9.99795558e-11	0.0013	257.7814
0.8425	830752	9.99879881e-11	0.0013	253.0459
0.8450	826605	9.99922995e-11	0.0013	249.4315
0.8475	822432	9.99973110e-11	0.0013	247.8471
0.8500	818337	9.99931655e-11	0.0015	248.6997
0.8525	814161	9.99922991e-11	0.0013	244.8421
0.8550	810110	9.99780296e-11	0.0013	247.0589
0.8575	806085	9.99944959e-11	0.0013	243.2676
0.8600	802005	9.99961606e-11	0.0013	242.6446
0.8625	798002	9.99993973e-11	0.0013	243.1438
0.8650	793999	9.99918193e-11	0.0014	242.7254
0.8675	789996	9.99912294e-11	0.0013	241.2619
0.8700	786123	9.99985203e-11	0.0013	239.6325
0.8725	782188	9.99972106e-11	0.0013	243.5589
0.8750	778402	9.99834783e-11	0.0013	237.4204
0.8775	774416	9.99974281e-11	0.0013	235.4246
0.8800	770573	9.99865547e-11	0.0013	237.3059
0.8825	766709	9.99905306e-11	0.0014	230.2534
0.8850	762913	9.99987081e-11	0.0013	232.3025
0.8875	759125	9.99985183e-11	0.0013	228.5926
0.8900	755338	9.99849572e-11	0.0013	229.1641
0.8925	751540	9.99971186e-11	0.0013	230.8588
0.8950	747859	9.99959277e-11	0.0013	228.3428
0.8975	744128	9.99854105e-11	0.0013	224.9995
0.9000	740512	9.99938708e-11	0.0013	225.4367
0.9025	736772	9.99888510e-11	0.0013	222.4013
0.9050	733146	9.99880245e-11	0.0013	223.7215
0.9075	729545	9.99963186e-11	0.0013	222.1806
0.9100	725955	9.99955852e-11	0.0013	219.2514
0.9125	722403	9.99826885e-11	0.0013	220.3216
0.9150	718788	9.99992456e-11	0.0013	216.5755
0.9175	715284	9.99868514e-11	0.0015	216.8353
0.9200	711752	9.99865777e-11	0.0013	214.5587
0.9225	708249	9.99995625e-11	0.0013	213.5426
0.9250	704786	9.99978726e-11	0.0013	212.9735
0.9275	701317	9.99894669e-11	0.0013	214.4041
0.9300	697867	9.99977635e-11	0.0013	210.2423
0.9325	694405	9.99927221e-11	0.0013	211.2996
0.9350	690984	9.99992169e-11	0.0013	211.7385
0.9375	687633	9.99979314e-11	0.0013	209.4582
0.9400	684188	9.99984024e-11	0.0013	207.8870
0.9425	680777	9.99966390e-11	0.0013	208.3624
0.9450	677426	9.99980114e-11	0.0013	204.1843
0.9475	674100	9.99966356e-11	0.0013	205.1364
0.9500	670815	9.99965435e-11	0.0013	202.1557
0.9525	667504	9.99964491e-11	0.0013	203.6170
0.9550	664235	9.99889595e-11	0.0014	202.6437
0.9575	660993	9.99929653e-11	0.0013	199.1997
0.9600	657774	9.99960795e-11	0.0013	200.3316
0.9625	654597	9.99989433e-11	0.0013	198.9935
0.9650	651376	9.99998725e-11	0.0013	196.2732
0.9675	648174	9.99921562e-11	0.0014	197.2313
0.9700	645032	9.99987737e-11	0.0014	194.4360
0.9725	641928	9.99904511e-11	0.0013	193.7592
0.9750	638846	9.99794366e-11	0.0014	194.5887
0.9775	635709	9.99996946e-11	0.0014	195.1237
0.9800	632606	9.99936828e-11	0.0013	193.5471
0.9825	629525	9.99984779e-11	0.0013	191.3864
0.9850	626491	9.99803449e-11	0.0013	190.4759
0.9875	623471	9.99978957e-11	0.0014	187.8250
0.9900	620313	9.99910634e-11	0.0013	188.3791
0.9925	617144	9.99994894e-11	0.0013	185.8658
0.9950	614051	9.99762783e-11	0.0014	189.1404
0.9975	611032	9.99892191e-11	0.0013	184.3624
1.0000	608214	9.99969354e-11	0.0014	188.1510
1.0025	605418	9.99858147e-11	0.0013	184.4894
1.0050	602455	9.99916862e-11	0.0013	184.2044
1.0075	599430	9.99830292e-11	0.0013	182.3257
1.0100	596394	9.99870829e-11	0.0013	179.8272
1.0125	593380	9.99967188e-11	0.0013	181.2708
1.0150	590485	9.99928128e-11	0.0013	178.7401
1.0175	587661	9.99905222e-11	0.0013	185.8975
1.0200	584837	9.99964828e-11	0.0013	185.5446
1.0225	581969	9.99952026e-11	0.0013	183.1870
1.0250	579121	9.99921978e-11	0.0013	174.4039
1.0275	576278	9.99940752e-11	0.0013	173.7816
1.0300	573560	9.99997996e-11	0.0013	173.6880
1.0325	570783	9.99955445e-11	0.0015	173.8618
1.0350	568006	9.99891829e-11	0.0013	176.6672
1.0375	565254	9.99917368e-11	0.0013	180.4250
1.0400	562481	9.99887988e-11	0.0013	172.1310
1.0425	559764	9.99913070e-11	0.0013	170.8109
1.0450	557044	9.99916235e-11	0.0013	168.1394
1.0475	554331	9.99865393e-11	0.0013	167.3279
1.0500	551656	9.99775742e-11	0.0013	174.2896
1.0525	548931	9.99950326e-11	0.0013	173.6301
1.0550	546249	9.99843247e-11	0.0014	170.2135
1.0575	543568	9.99835367e-11	0.0013	168.7660
1.0600	540896	9.99918539e-11	0.0013	165.0625
1.0625	538253	9.99894534e-11	0.0014	164.1335
1.0650	535559	9.99980530e-11	0.0013	164.9797
1.0675	532918	9.99765496e-11	0.0013	162.9434
1.0700	530331	9.99956160e-11	0.0013	159.4369
1.0725	527723	9.99888074e-11	0.0013	160.5049
1.0750	525137	9.99774748e-11	0.0013	157.6503
1.0775	522569	9.99842838e-11	0.0013	158.8014
1.0800	520012	9.99799900e-11	0.0014	158.2480
1.0825	517451	9.99937786e-11	0.0014	157.5037
1.0850	514959	9.99921126e-11	0.0013	157.0564
1.0875	512431	9.99953629e-11	0.0015	155.8849
1.0900	509963	9.99907732e-11	0.0013	155.1680
1.0925	507442	9.99945595e-11	0.0013	152.9647
1.0950	504995	9.99984928e-11	0.0013	153.6280
1.0975	502515	9.99989551e-11	0.0015	158.1775
1.1000	500091	9.99984484e-11	0.0013	152.0717
1.1025	497604	9.99853085e-11	0.0013	150.9420
1.1050	495145	9.99949027e-11	0.0013	150.6655
1.1075	492742	9.99786320e-11	0.0013	150.8995
1.1100	490309	9.99994696e-11	0.0013	149.1892
1.1125	487875	9.99964411e-11	0.0015	147.3456
1.1150	485451	9.99990872e-11	0.0013	148.1686
1.1175	483066	9.99984776e-11	0.0015	147.2256
1.1200	480665	9.99974962e-11	0.0013	146.3376
1.1225	478307	9.99998124e-11	0.0013	144.0407
1.1250	475994	9.99872101e-11	0.0013	143.3105
1.1275	473601	9.99972379e-11	0.0013	142.8368
1.1300	471274	9.99903548e-11	0.0013	144.1263
1.1325	468958	9.99967546e-11	0.0014	143.1624
1.1350	466616	9.99754111e-11	0.0013	141.8237
1.1375	464316	9.99889874e-11	0.0013	139.1617
1.1400	462056	9.99970770e-11	0.0015	140.4189
1.1425	459728	9.99995378e-11	0.0013	140.1865
1.1450	457454	9.99963497e-11	0.0013	139.7197
1.1475	455237	9.99999130e-11	0.0013	139.3684
1.1500	452997	9.99889078e-11	0.0013	136.6725
1.1525	450711	9.99991375e-11	0.0013	135.8851
1.1550	448452	9.99985921e-11	0.0014	134.9020
1.1575	446270	9.99950906e-11	0.0013	136.0187
1.1600	444027	9.99951710e-11	0.0013	135.2204
1.1625	441831	9.99987653e-11	0.0013	157.3834
1.1650	439590	9.99938236e-11	0.0013	132.4117
1.1675	437416	9.99990342e-11	0.0013	132.7730
1.1700	435245	9.99871854e-11	0.0013	131.5308
1.1725	433049	9.99937256e-11	0.0013	133.1395
1.1750	430877	9.99852633e-11	0.0013	129.4005
1.1775	428722	9.99955232e-11	0.0013	131.2564
1.1800	426597	9.99890021e-11	0.0013	129.9366
1.1825	424456	9.99971651e-11	0.0013	127.9550
1.1850	422332	9.99874828e-11	0.0013	128.5759
1.1875	420237	9.99949572e-11	0.0013	126.9337
1.1900	418087	9.99980584e-11	0.0013	126.9799
1.1925	415996	9.99887416e-11	0.0013	125.7052
1.1950	413941	9.99998093e-11	0.0014	124.8021
1.1975	411881	9.99868853e-11	0.0013	126.7328
1.2000	409768	9.99928679e-11	0.0014	123.8016
1.2025	407660	9.99985834e-11	0.0013	123.4012
1.2050	405629	9.99944405e-11	0.0013	123.3215
1.2075	403597	9.99871187e-11	0.0013	121.6025
1.2100	401592	9.99897918e-11	0.0013	122.2726
1.2125	399541	9.99823617e-11	0.0013	119.9247
1.2150	397498	9.99923857e-11	0.0013	120.2212
1.2175	395470	9.99989688e-11	0.0015	119.2479
1.2200	393485	9.99937556e-11	0.0013	118.4349
1.2225	391476	9.99975640e-11	0.0013	119.6913
1.2250	389472	9.99988298e-11	0.0013	117.6097
1.2275	387482	9.99881537e-11	0.0013	117.9037
1.2300	385508	9.99764912e-11	0.0013	116.2314
1.2325	383509	9.99972550e-11	0.0013	116.8497
1.2350	381571	9.99957734e-11	0.0013	115.7281
1.2375	379660	9.99974171e-11	0.0013	114.3609
1.2400	377672	9.99989183e-11	0.0013	115.0307
1.2425	375740	9.99799410e-11	0.0013	114.5102
1.2450	373787	9.99997809e-11	0.0013	116.3987
1.2475	371837	9.99942019e-11	0.0014	113.2455
1.2500	370010	9.99974172e-11	0.0013	111.5476
1.2525	368115	9.99860963e-11	0.0013	111.5730
1.2550	366193	9.99915444e-11	0.0013	110.6990
1.2575	364270	9.99877439e-11	0.0013	109.5903
1.2600	362397	9.99763088e-11	0.0013	110.1777
1.2625	360500	9.99995945e-11	0.0013	109.6467
1.2650	358659	9.99889220e-11	0.0013	108.1095
1.2675	356781	9.99972000e-11	0.0013	108.7194
1.2700	354950	9.99976116e-11	0.0013	107.8767
1.2725	353082	9.99994312e-11	0.0013	107.3359
1.2750	351247	9.99890898e-11	0.0013	107.2342
1.2775	349387	9.99999577e-11	0.0013	105.2463
1.2800	347557	9.99995211e-11	0.0013	106.0061
1.2825	345758	9.99906610e-11	0.0013	103.9835
1.2850	343927	9.99810436e-11	0.0013	103.9099
1.2875	342111	9.99940529e-11	0.0014	104.1106
1.2900	340339	9.99601260e-11	0.0015	103.7664
1.2925	338539	9.99956439e-11	0.0013	103.1616
1.2950	336739	9.99846010e-11	0.0013	103.3881
1.2975	334952	9.99984292e-11	0.0013	102.6604
1.3000	333186	9.99915938e-11	0.0015	101.5680
1.3025	331426	9.99865925e-11	0.0013	100.6454
1.3050	329648	9.99762497e-11	0.0013	100.1513
1.3075	327933	9.99978089e-11	0.0015	98.8283
1.3100	326193	9.99970579e-11	0.0013	98.4681
1.3125	324453	9.99871866e-11	0.0013	97.8579
1.3150	322684	9.99964496e-11	0.0013	132.7516
1.3175	320938	9.99921574e-11	0.0013	97.6447
1.3200	319236	9.99914799e-11	0.0015	96.1305
1.3225	317520	9.99885046e-11	0.0014	95.3465
1.3250	315843	9.99954081e-11	0.0013	95.3363
1.3275	314142	9.99856685e-11	0.0013	94.8144
1.3300	312452	9.99976630e-11	0.0013	94.1659
1.3325	310694	9.99858032e-11	0.0013	96.2105
1.3350	309053	9.99999065e-11	0.0013	94.1929
1.3375	307305	9.99984312e-11	0.0013	93.7401
1.3400	305663	9.99979175e-11	0.0015	92.7032
1.3425	304007	9.99908040e-11	0.0013	93.1966
1.3450	302374	9.99916292e-11	0.0014	92.0540
1.3475	300720	9.99974563e-11	0.0014	92.5605
1.3500	299091	9.99718158e-11	0.0013	90.3253
1.3525	297433	9.99980087e-11	0.0014	91.5689
1.3550	295785	9.99889930e-11	0.0013	90.2139
1.3575	294136	9.99677615e-11	0.0013	88.3228
1.3600	292507	9.99786563e-11	0.0013	89.4133
1.3625	290931	9.99993732e-11	0.0013	87.6689
1.3650	289276	9.99922675e-11	0.0014	87.2061
1.3675	287712	9.99931103e-11	0.0013	87.5737
1.3700	286111	9.99820470e-11	0.0013	87.3502
1.3725	284486	9.99868582e-11	0.0013	86.8942
1.3750	282920	9.99937021e-11	0.0013	86.4071
1.3775	281317	9.99858028e-11	0.0013	84.8714
1.3800	279726	9.99984176e-11	0.0013	84.4889
1.3825	278183	9.99875496e-11	0.0014	84.9761
1.3850	276616	9.99755205e-11	0.0013	84.6636
1.3875	275042	9.99845877e-11	0.0013	83.0399
1.3900	273472	9.99955037e-11	0.0013	83.4134
1.3925	271901	9.99494203e-11	0.0013	82.3750
1.3950	270383	9.99928865e-11	0.0013	81.7532
1.3975	268855	9.99945477e-11	0.0013	81.8599
1.4000	267288	9.99986919e-11	0.0013	81.5934
1.4025	265718	9.99874529e-11	0.0013	80.0401
1.4050	264219	9.99945015e-11	0.0013	79.7457
1.4075	262724	9.99982913e-11	0.0013	80.3799
1.4100	261213	9.99871635e-11	0.0013	79.6113
1.4125	259692	9.99820949e-11	0.0014	78.8807
1.4150	258171	9.99949248e-11	0.0013	78.4846
1.4175	256702	9.99788243e-11	0.0013	77.3176
1.4200	255181	9.99852129e-11	0.0015	77.0650
1.4225	253686	9.99642890e-11	0.0013	77.4674
1.4250	252214	9.99966289e-11	0.0013	77.6925
1.4275	250723	9.99921004e-11	0.0013	76.1384
1.4300	249236	9.99902492e-11	0.0013	75.7654
1.4325	247758	9.99997851e-11	0.0014	75.2609
1.4350	246312	9.99955947e-11	0.0013	74.4081
1.4375	244860	9.99712777e-11	0.0013	76.9800
1.4400	243383	9.99899082e-11	0.0014	74.0522
1.4425	241985	9.99885263e-11	0.0014	73.3984
1.4450	240530	9.99980989e-11	0.0014	73.0624
1.4475	239076	9.99805152e-11	0.0013	72.8420
1.4500	237626	9.99960978e-11	0.0013	72.0208
1.4525	236174	9.99799842e-11	0.0013	72.0478
1.4550	234746	9.99936541e-11	0.0013	70.8492
1.4575	233309	9.99723994e-11	0.0013	71.0452
1.4600	231903	9.99878083e-11	0.0013	70.7039
1.4625	230471	9.99887770e-11	0.0013	70.1679
1.4650	229089	9.99972343e-11	0.0013	69.3062
1.4675	227670	9.99899608e-11	0.0013	69.3073
1.4700	226346	9.99759423e-11	0.0015	68.9178
1.4725	224960	9.99853771e-11	0.0013	67.9228
1.4750	223547	9.99776346e-11	0.0013	67.8838
1.4775	222129	9.99952078e-11	0.0013	67.6696
1.4800	220732	9.99943634e-11	0.0013	67.1764
1.4825	219357	9.99859241e-11	0.0013	65.8178
1.4850	218003	9.99806284e-11	0.0013	66.3796
1.4875	216620	9.99932462e-11	0.0014	65.8045
1.4900	215211	9.99966701e-11	0.0013	66.2853
1.4925	213812	9.99998262e-11	0.0013	64.6829
1.4950	212444	9.99627522e-11	0.0015	64.8414
1.4975	211104	9.99956082e-11	0.0013	63.7247
1.5000	209856	9.99972405e-11	0.0013	64.7715
1.5025	208554	9.99772166e-11	0.0014	63.6423
1.5050	207234	9.99807823e-11	0.0015	63.1408
1.5075	205883	9.99982811e-11	0.0013	62.7153
1.5100	204525	9.99742887e-11	0.0013	62.3897
1.5125	203160	9.99922779e-11	0.0013	61.9633
1.5150	201799	9.99810225e-11	0.0013	61.2831
1.5175	200498	9.99890944e-11	0.0013	61.5736
1.5200	199194	9.99913648e-11	0.0013	60.0504
1.5225	197868	9.99743130e-11	0.0013	59.7520
1.5250	196553	9.99816294e-11	0.0013	59.3033
1.5275	195214	9.99996834e-11	0.0013	59.5446
1.5300	193904	9.99900024e-11	0.0013	59.2183
1.5325	192682	9.99681463e-11	0.0013	58.2623
1.5350	191378	9.99993638e-11	0.0013	58.2031
1.5375	190136	9.99885361e-11	0.0013	58.0298
1.5400	188821	9.99947485e-11	0.0013	57.6061
1.5425	187563	9.99844606e-11	0.0013	56.4358
1.5450	186269	9.99915993e-11	0.0013	56.7457
1.5475	184995	9.99908703e-11	0.0016	55.7762
1.5500	183723	9.99909066e-11	0.0013	55.9853
1.5525	182444	9.99972548e-11	0.0013	55.0128
1.5550	181174	9.99911794e-11	0.0013	55.0510
1.5575	179894	9.99889853e-11	0.0013	54.6783
1.5600	178669	9.99997721e-11	0.0013	53.9249
1.5625	177431	9.99638570e-11	0.0015	53.5158
1.5650	176174	9.99749351e-11	0.0013	53.6343
1.5675	174964	9.99645991e-11	0.0013	53.2995
1.5700	173729	9.99992138e-11	0.0013	52.3430
1.5725	172474	9.99587980e-11	0.0014	52.1119
1.5750	171238	9.99806527e-11	0.0013	51.6865
1.5775	170026	9.99850861e-11	0.0013	51.8086
1.5800	168798	9.99658034e-11	0.0013	51.4861
1.5825	167561	9.99819518e-11	0.0013	53.4729
1.5850	166356	9.99720679e-11	0.0013	50.5228
1.5875	165130	9.99768303e-11	0.0013	49.8294
1.5900	163910	9.99811117e-11	0.0013	49.5039
1.5925	162705	9.99848419e-11	0.0013	49.5643
1.5950	161529	9.99745418e-11	0.0013	48.7914
1.5975	160354	9.99722359e-11	0.0015	48.2969
1.6000	159122	9.99987388e-11	0.0013	48.5128
1.6025	157905	9.99893608e-11	0.0014	48.1327
1.6050	156727	9.99805668e-11	0.0013	47.4746
1.6075	155573	9.99730926e-11	0.0013	47.3397
1.6100	154379	9.99899363e-11	0.0013	46.9858
1.6125	153203	9.99899948e-11	0.0013	46.4287
1.6150	151996	9.99979229e-11	0.0015	46.7009
1.6175	150827	9.99702405e-11	0.0013	45.8703
1.6200	149658	9.99990234e-11	0.0013	45.2489
1.6225	148485	9.99841645e-11	0.0013	44.7853
1.6250	147337	9.99914555e-11	0.0013	45.4536
1.6275	146178	9.99807090e-11	0.0013	45.0469
1.6300	145013	9.99569395e-11	0.0013	44.1865
1.6325	143842	9.99863796e-11	0.0013	43.7398
1.6350	142754	9.99860400e-11	0.0013	43.0829
1.6375	141578	9.99772211e-11	0.0013	42.7016
1.6400	140433	9.99619278e-11	0.0013	42.9659
1.6425	139285	9.99882841e-11	0.0014	43.9048
1.6450	138121	9.99946245e-11	0.0013	41.7208
1.6475	136986	9.99929024e-11	0.0013	41.9863
1.6500	135859	9.99745138e-11	0.0013	41.1080
1.6525	134735	9.99987941e-11	0.0013	41.0154
1.6550	133618	9.99984830e-11	0.0013	41.3334
1.6575	132524	9.99951801e-11	0.0013	40.3852
1.6600	131412	9.99853834e-11	0.0013	40.0037
1.6625	130320	9.99917731e-11	0.0013	41.6093
1.6650	129147	9.99658932e-11	0.0013	39.0846
1.6675	128059	9.99820050e-11	0.0013	38.6273
1.6700	126916	9.99996326e-11	0.0013	39.1015
1.6725	125784	9.99741917e-11	0.0013	38.2883
1.6750	124710	9.99990544e-11	0.0013	37.6324
1.6775	123610	9.99944651e-11	0.0013	37.3697
1.6800	122544	9.99660069e-11	0.0013	36.8996
1.6825	121453	9.99928025e-11	0.0013	37.1556
1.6850	120357	9.99954485e-11	0.0013	36.9562
1.6875	119281	9.99974194e-11	0.0013	36.0671
1.6900	118183	9.99964756e-11	0.0013	36.1455
1.6925	117090	9.99810808e-11	0.0013	35.6930
1.6950	116002	9.99933780e-11	0.0013	35.0586
1.6975	114917	9.99870229e-11	0.0013	34.4920
1.7000	113850	9.99872732e-11	0.0014	34.6691
1.7025	112793	9.99453141e-11	0.0013	34.3553
1.7050	111729	9.99817710e-11	0.0013	33.4665
1.7075	110652	9.99927988e-11	0.0013	33.4415
1.7100	109608	9.99879604e-11	0.0013	33.4259
1.7125	108557	9.99568327e-11	0.0013	33.5648
1.7150	107477	9.99820304e-11	0.0013	32.9365
1.7175	106419	9.99964150e-11	0.0013	32.4407
1.7200	105380	9.99622900e-11	0.0013	32.1423
1.7225	104328	9.99798467e-11	0.0013	31.4982
1.7250	103270	9.99808033e-11	0.0013	31.2646
1.7275	102219	9.99919653e-11	0.0014	30.8203
1.7300	101168	9.99889069e-11	0.0015	30.5400
1.7325	100176	9.99964793e-11	0.0013	30.5442
1.7350	99116	9.99903030e-11	0.0013	29.8854
1.7375	98074	9.99806645e-11	0.0013	29.9104
1.7400	97033	9.99811737e-11	0.0013	29.5540
1.7425	96013	9.99752503e-11	0.0013	28.9671
1.7450	94955	9.99655992e-11	0.0013	28.9282
1.7475	93917	9.99868328e-11	0.0014	28.6045
1.7500	92933	9.99968636e-11	0.0013	28.2755
1.7525	91961	9.99922772e-11	0.0013	27.6720
1.7550	90928	9.99698687e-11	0.0013	27.7130
1.7575	89880	9.99972644e-11	0.0013	27.1068
1.7600	88872	9.99853195e-11	0.0013	26.8545
1.7625	87868	9.99548297e-11	0.0013	26.4497
1.7650	86846	9.99522962e-11	0.0013	26.0940
1.7675	85857	9.99792159e-11	0.0013	25.8961
1.7700	84856	9.99667707e-11	0.0013	25.8649
1.7725	83850	9.99579037e-11	0.0013	25.2666
1.7750	82864	9.99931100e-11	0.0013	25.0108
1.7775	81862	9.99710465e-11	0.0014	24.8103
1.7800	80853	9.99845804e-11	0.0015	24.4026
1.7825	79875	9.99882318e-11	0.0013	24.2836
1.7850	78880	9.99798896e-11	0.0013	24.3799
1.7875	77890	9.99789219e-11	0.0013	23.4683
1.7900	76902	9.99991907e-11	0.0013	23.4492
1.7925	75947	9.99834322e-11	0.0013	22.8496
1.7950	74957	9.99825730e-11	0.0013	22.5454
1.7975	73990	9.99477833e-11	0.0014	22.6383
1.8000	72991	9.99405186e-11	0.0013	22.0990
1.8025	71995	9.99941522e-11	0.0013	22.0249
1.8050	71034	9.99793211e-11	0.0015	21.4310
1.8075	70057	9.99387364e-11	0.0013	21.0436
1.8100	69118	9.99839943e-11	0.0013	20.8692
1.8125	68156	9.99696098e-11	0.0013	20.7641
1.8150	67184	9.99740146e-11	0.0013	20.6634
1.8175	66211	9.99927542e-11	0.0013	20.1918
1.8200	65238	9.99761583e-11	0.0013	19.6855
1.8225	64328	9.99570183e-11	0.0013	19.3353
1.8250	63354	9.99715447e-11	0.0013	19.0890
1.8275	62406	9.99527079e-11	0.0013	19.1987
1.8300	61433	9.99938361e-11	0.0013	18.5897
1.8325	60475	9.99821020e-11	0.0013	18.6024
1.8350	59584	9.99899476e-11	0.0013	18.0298
1.8375	58627	9.99496430e-11	0.0013	17.8313
1.8400	57664	9.99855866e-11	0.0013	18.1509
1.8425	56724	9.99604854e-11	0.0013	17.1387
1.8450	55788	9.99168637e-11	0.0013	17.0440
1.8475	54826	9.99842123e-11	0.0013	16.7172
1.8500	53900	9.99895250e-11	0.0013	16.4066
1.8525	52969	9.99576751e-11	0.0015	16.0844
1.8550	52047	9.99547854e-11	0.0013	16.0405
1.8575	51101	9.99769085e-11	0.0013	15.3196
1.8600	50146	9.99523868e-11	0.0013	15.2775
1.8625	49226	9.99548756e-11	0.0013	17.3777
1.8650	48314	9.99686166e-11	0.0013	14.6252
1.8675	47388	9.99870114e-11	0.0013	14.3081
1.8700	46455	9.99660271e-11	0.0013	10.6091
1.8725	45527	9.99823900e-11	0.0013	12.6710
1.8750	44621	9.99718885e-11	0.0014	12.3959
1.8775	43727	9.99761226e-11	0.0013	12.2028
1.8800	42794	9.99494553e-11	0.0013	11.9855
1.8825	41883	9.99891776e-11	0.0014	12.2386
1.8850	40993	9.99980617e-11	0.0015	11.5681
1.8875	40085	9.99598307e-11	0.0013	11.1633
1.8900	39156	9.99351354e-11	0.0013	11.0961
1.8925	38238	9.99564138e-11	0.0013	10.6497
1.8950	37357	9.99789179e-11	0.0013	10.5143
1.8975	36446	9.99745865e-11	0.0013	10.5407
1.9000	35546	9.99995023e-11	0.0013	9.8992
1.9025	34657	9.99346959e-11	0.0013	9.7177
1.9050	33746	9.99191546e-11	0.0013	9.4866
1.9075	32857	9.99440689e-11	0.0014	9.4243
1.9100	31946	9.99375675e-11	0.0012	8.8917
1.9125	31042	9.99300062e-11	0.0013	8.7184
1.9150	30129	9.99636335e-11	0.0013	8.5257
1.9175	29234	9.99081972e-11	0.0013	8.2601
1.9200	28323	9.99159259e-11	0.0013	7.9083
1.9225	27418	9.99561271e-11	0.0013	7.7318
1.9250	26514	9.99677348e-11	0.0013	7.4439
1.9275	25605	9.99357789e-11	0.0013	7.1996
1.9300	24718	9.98848265e-11	0.0013	6.9138
1.9325	23810	9.99116866e-11	0.0013	6.6564
1.9350	22916	9.98866922e-11	0.0013	6.4188
1.9375	22021	9.98799411e-11	0.0013	6.2120
1.9400	21137	9.99503313e-11	0.0013	5.9307
1.9425	20253	9.99124432e-11	0.0013	5.6572
1.9450	19380	9.99935928e-11	0.0015	5.4800
1.9475	18481	9.99472429e-11	0.0013	5.1456
1.9500	17586	9.99860712e-11	0.0013	4.9434
1.9525	16698	9.98916509e-11	0.0013	4.7029
1.9550	15811	9.99231793e-11	0.0014	4.3912
1.9575	14893	9.98293060e-11	0.0013	4.1341
1.9600	13992	9.99848056e-11	0.0013	3.9420
1.9625	13099	9.97938834e-11	0.0013	3.7544
1.9650	12201	9.99224556e-11	0.0013	3.3861
1.9675	11328	9.99870800e-11	0.0013	3.1772
1.9700	10452	9.99927993e-11	0.0013	2.9296
1.9725	9565	9.99664008e-11	0.0013	2.6985
1.9750	8630	9.99484574e-11	0.0013	2.4284
1.9775	7678	9.98328613e-11	0.0013	2.1578
1.9800	6708	9.99069817e-11	0.0013	1.8591
1.9825	5694	9.98625624e-11	0.0013	1.5903
1.9850	4568	9.98825162e-11	0.0013	1.2702
1.9875	3054	9.95533893e-11	0.0013	0.8640
1.9900	2968	9.92013865e-11	0.0013	0.8297
1.9925	3860	9.92158090e-11	0.0013	1.0894
1.9950  2000000 1.21354976e-10  0.0013  563.4900
1.9975  2000000 1.73328185e-10  0.0013  567.2622

