#	Time	Error_of_Energy	Error_of_Position	Error_of_Velocity
3.11408401e-03 -8.76363549e-13 6.24357691e-07 1.56042609e-06
6.22816801e-03 -3.50499020e-12 1.24983473e-06 3.12137166e-06
9.34225202e-03 -7.88518398e-12 1.87754770e-06 4.68335569e-06
1.24563360e-02 -1.40152049e-11 2.50860771e-06 6.24689619e-06
1.55704200e-02 -2.18926170e-11 3.14411774e-06 7.81250968e-06
1.86845040e-02 -3.15144044e-11 3.78517006e-06 9.38071072e-06
2.17985880e-02 -4.28768551e-11 4.43284381e-06 1.09520114e-05
2.49126720e-02 -5.59755612e-11 5.08820269e-06 1.25269210e-05
2.80267561e-02 -7.08058828e-11 5.75229286e-06 1.41059451e-05
3.11408401e-02 -8.73615560e-11 6.42614098e-06 1.56895859e-05
3.42549241e-02 -1.05636549e-10 7.11075251e-06 1.72783410e-05
3.73690081e-02 -1.25624134e-10 7.80711016e-06 1.88727032e-05
4.04830921e-02 -1.47316423e-10 8.51617259e-06 2.04731603e-05
4.35971761e-02 -1.70704831e-10 9.23887331e-06 2.20801944e-05
4.67112601e-02 -1.95780545e-10 9.97611980e-06 2.36942817e-05
4.98253441e-02 -2.22533819e-10 1.07287928e-05 2.53158919e-05
5.29394281e-02 -2.50954909e-10 1.14977460e-05 2.69454881e-05
5.60535121e-02 -2.81032680e-10 1.22838055e-05 2.85835261e-05
5.91675961e-02 -3.12755765e-10 1.30877698e-05 3.02304544e-05
6.22816801e-02 -3.46111403e-10 1.39104098e-05 3.18867134e-05
6.53957641e-02 -3.81087762e-10 1.47524693e-05 3.35527358e-05
6.85098481e-02 -4.17670459e-10 1.56146646e-05 3.52289456e-05
7.16239321e-02 -4.55846039e-10 1.64976857e-05 3.69157582e-05
7.47380161e-02 -4.95599652e-10 1.74021963e-05 3.86135801e-05
7.78521001e-02 -5.36916337e-10 1.83288345e-05 4.03228084e-05
8.09661841e-02 -5.79780316e-10 1.92782137e-05 4.20438310e-05
8.40802682e-02 -6.24174771e-10 2.02509228e-05 4.37770260e-05
8.71943522e-02 -6.70082533e-10 2.12475275e-05 4.55227619e-05
9.03084362e-02 -7.17487479e-10 2.22685706e-05 4.72813969e-05
9.34225202e-02 -7.66369309e-10 2.33145731e-05 4.90532792e-05
9.65366042e-02 -8.16711436e-10 2.43860348e-05 5.08387467e-05
9.96506882e-02 -8.68493096e-10 2.54834350e-05 5.26381267e-05
1.02764772e-01 -9.21694686e-10 2.66072337e-05 5.44517361e-05
1.05878856e-01 -9.76296369e-10 2.77578718e-05 5.62798813e-05
1.08992940e-01 -1.03227680e-09 2.89357721e-05 5.81228576e-05
1.12107024e-01 -1.08961429e-09 3.01413400e-05 5.99809498e-05
1.15221108e-01 -1.14828785e-09 3.13749642e-05 6.18544318e-05
1.18335192e-01 -1.20827427e-09 3.26370173e-05 6.37435665e-05
1.21449276e-01 -1.26955046e-09 3.39278563e-05 6.56486062e-05
1.24563360e-01 -1.33209313e-09 3.52478235e-05 6.75697920e-05
1.27677444e-01 -1.39587824e-09 3.65972466e-05 6.95073543e-05
1.30791528e-01 -1.46088168e-09 3.79764395e-05 7.14615124e-05
1.33905612e-01 -1.52707827e-09 3.93857029e-05 7.34324750e-05
1.37019696e-01 -1.59444262e-09 4.08253243e-05 7.54204397e-05
1.40133780e-01 -1.66294931e-09 4.22955787e-05 7.74255936e-05
1.43247864e-01 -1.73257190e-09 4.37967291e-05 7.94481128e-05
1.46361948e-01 -1.80328370e-09 4.53290264e-05 8.14881630e-05
1.49476032e-01 -1.87505782e-09 4.68927101e-05 8.35458992e-05
1.52590116e-01 -1.94786617e-09 4.84880085e-05 8.56214658e-05
1.55704200e-01 -2.02168139e-09 5.01151388e-05 8.77149969e-05
1.58818284e-01 -2.09647516e-09 5.17743075e-05 8.98266164e-05
1.61932368e-01 -2.17221895e-09 5.34657105e-05 9.19564376e-05
1.65046452e-01 -2.24888354e-09 5.51895332e-05 9.41045642e-05
1.68160536e-01 -2.32643922e-09 5.69459509e-05 9.62710895e-05
1.71274620e-01 -2.40485769e-09 5.87351287e-05 9.84560970e-05
1.74388704e-01 -2.48410717e-09 6.05572218e-05 1.00659661e-04
1.77502788e-01 -2.56415843e-09 6.24123754e-05 1.02881845e-04
1.80616872e-01 -2.64498014e-09 6.43007251e-05 1.05122704e-04
1.83730956e-01 -2.72654169e-09 6.62223963e-05 1.07382283e-04
1.86845040e-01 -2.80881222e-09 6.81775053e-05 1.09660618e-04
1.89959124e-01 -2.89175948e-09 7.01661582e-05 1.11957737e-04
1.93073208e-01 -2.97535238e-09 7.21884520e-05 1.14273657e-04
1.96187292e-01 -3.05955822e-09 7.42444737e-05 1.16608388e-04
1.99301376e-01 -3.14434555e-09 7.63343009e-05 1.18961931e-04
2.02415460e-01 -3.22968155e-09 7.84580015e-05 1.21334276e-04
2.05529544e-01 -3.31553351e-09 8.06156340e-05 1.23725408e-04
2.08643628e-01 -3.40186860e-09 8.28072472e-05 1.26135303e-04
2.11757712e-01 -3.48865353e-09 8.50328802e-05 1.28563928e-04
2.14871796e-01 -3.57585524e-09 8.72925627e-05 1.31011242e-04
2.17985880e-01 -3.66344091e-09 8.95863145e-05 1.33477197e-04
2.21099964e-01 -3.75137619e-09 9.19141459e-05 1.35961737e-04
2.24214048e-01 -3.83962733e-09 9.42760575e-05 1.38464799e-04
2.27328132e-01 -3.92816105e-09 9.66720399e-05 1.40986311e-04
2.30442216e-01 -4.01694358e-09 9.91020743e-05 1.43526196e-04
2.33556300e-01 -4.10594070e-09 1.01566132e-04 1.46084369e-04
2.36670384e-01 -4.19511820e-09 1.04064174e-04 1.48660738e-04
2.39784468e-01 -4.28444186e-09 1.06596152e-04 1.51255204e-04
2.42898552e-01 -4.37387804e-09 1.09162008e-04 1.53867663e-04
2.46012636e-01 -4.46339217e-09 1.11761673e-04 1.56498001e-04
2.49126720e-01 -4.55294945e-09 1.14395069e-04 1.59146102e-04
2.52240804e-01 -4.64251624e-09 1.17062108e-04 1.61811840e-04
2.55354888e-01 -4.73205844e-09 1.19762691e-04 1.64495086e-04
2.58468972e-01 -4.82154124e-09 1.22496711e-04 1.67195703e-04
2.61583056e-01 -4.91093056e-09 1.25264048e-04 1.69913549e-04
2.64697140e-01 -5.00019204e-09 1.28064575e-04 1.72648477e-04
2.67811224e-01 -5.08929148e-09 1.30898152e-04 1.75400334e-04
2.70925308e-01 -5.17819534e-09 1.33764631e-04 1.78168960e-04
2.74039392e-01 -5.26686941e-09 1.36663854e-04 1.80954192e-04
2.77153477e-01 -5.35527901e-09 1.39595650e-04 1.83755861e-04
2.80267561e-01 -5.44339130e-09 1.42559842e-04 1.86573793e-04
2.83381645e-01 -5.53117231e-09 1.45556240e-04 1.89407809e-04
2.86495729e-01 -5.61858803e-09 1.48584644e-04 1.92257726e-04
2.89609813e-01 -5.70560519e-09 1.51644845e-04 1.95123356e-04
2.92723897e-01 -5.79219061e-09 1.54736625e-04 1.98004505e-04
2.95837981e-01 -5.87831099e-09 1.57859752e-04 2.00900976e-04
2.98952065e-01 -5.96393350e-09 1.61013987e-04 2.03812569e-04
3.02066149e-01 -6.04902487e-09 1.64199082e-04 2.06739077e-04
3.05180233e-01 -6.13355317e-09 1.67414775e-04 2.09680291e-04
3.08294317e-01 -6.21748572e-09 1.70660798e-04 2.12635998e-04
3.11408401e-01 -6.30079072e-09 1.73936871e-04 2.15605979e-04
3.14522485e-01 -6.38343592e-09 1.77242704e-04 2.18590014e-04
3.17636569e-01 -6.46538977e-09 1.80577998e-04 2.21587878e-04
3.20750653e-01 -6.54662096e-09 1.83942444e-04 2.24599343e-04
3.23864737e-01 -6.62709874e-09 1.87335724e-04 2.27624178e-04
3.26978821e-01 -6.70679145e-09 1.90757509e-04 2.30662147e-04
3.30092905e-01 -6.78566985e-09 1.94207461e-04 2.33713012e-04
3.33206989e-01 -6.86370240e-09 1.97685233e-04 2.36776532e-04
3.36321073e-01 -6.94086044e-09 2.01190468e-04 2.39852463e-04
3.39435157e-01 -7.01711369e-09 2.04722799e-04 2.42940558e-04
3.42549241e-01 -7.09243270e-09 2.08281851e-04 2.46040566e-04
3.45663325e-01 -7.16678986e-09 2.11867240e-04 2.49152236e-04
3.48777409e-01 -7.24015535e-09 2.15478571e-04 2.52275313e-04
3.51891493e-01 -7.31250191e-09 2.19115443e-04 2.55409537e-04
3.55005577e-01 -7.38380137e-09 2.22777444e-04 2.58554650e-04
3.58119661e-01 -7.45402738e-09 2.26464153e-04 2.61710389e-04
3.61233745e-01 -7.52315210e-09 2.30175141e-04 2.64876490e-04
3.64347829e-01 -7.59114933e-09 2.33909971e-04 2.68052684e-04
3.67461913e-01 -7.65799285e-09 2.37668198e-04 2.71238705e-04
3.70575997e-01 -7.72365759e-09 2.41449367e-04 2.74434280e-04
3.73690081e-01 -7.78811827e-09 2.45253016e-04 2.77639137e-04
3.76804165e-01 -7.85135008e-09 2.49078674e-04 2.80853001e-04
3.79918249e-01 -7.91332841e-09 2.52925864e-04 2.84075597e-04
3.83032333e-01 -7.97403030e-09 2.56794100e-04 2.87306646e-04
3.86146417e-01 -8.03343221e-09 2.60682888e-04 2.90545869e-04
3.89260501e-01 -8.09151151e-09 2.64591728e-04 2.93792985e-04
3.92374585e-01 -8.14824558e-09 2.68520112e-04 2.97047712e-04
3.95488669e-01 -8.20361366e-09 2.72467524e-04 3.00309767e-04
3.98602753e-01 -8.25759348e-09 2.76433441e-04 3.03578864e-04
4.01716837e-01 -8.31016531e-09 2.80417337e-04 3.06854718e-04
4.04830921e-01 -8.36130794e-09 2.84418673e-04 3.10137041e-04
4.07945005e-01 -8.41100315e-09 2.88436910e-04 3.13425546e-04
4.11059089e-01 -8.45923040e-09 2.92471498e-04 3.16719944e-04
4.14173173e-01 -8.50597242e-09 2.96521882e-04 3.20019946e-04
4.17287257e-01 -8.55121111e-09 3.00587504e-04 3.23325260e-04
4.20401341e-01 -8.59492860e-09 3.04667796e-04 3.26635596e-04
4.23515425e-01 -8.63710842e-09 3.08762187e-04 3.29950662e-04
4.26629509e-01 -8.67773481e-09 3.12870101e-04 3.33270166e-04
4.29743593e-01 -8.71679174e-09 3.16990954e-04 3.36593815e-04
4.32857677e-01 -8.75426507e-09 3.21124161e-04 3.39921316e-04
4.35971761e-01 -8.79013971e-09 3.25269129e-04 3.43252376e-04
4.39085845e-01 -8.82440199e-09 3.29425261e-04 3.46586701e-04
4.42199929e-01 -8.85703948e-09 3.33591958e-04 3.49923997e-04
4.45314013e-01 -8.88803874e-09 3.37768615e-04 3.53263971e-04
4.48428097e-01 -8.91738793e-09 3.41954621e-04 3.56606329e-04
4.51542181e-01 -8.94507626e-09 3.46149365e-04 3.59950777e-04
4.54656265e-01 -8.97109353e-09 3.50352231e-04 3.63297020e-04
4.57770349e-01 -8.99542906e-09 3.54562599e-04 3.66644767e-04
4.60884433e-01 -9.01807381e-09 3.58779847e-04 3.69993723e-04
4.63998517e-01 -9.03901884e-09 3.63003349e-04 3.73343596e-04
4.67112601e-01 -9.05825661e-09 3.67232476e-04 3.76694093e-04
4.70226685e-01 -9.07577948e-09 3.71466600e-04 3.80044922e-04
4.73340769e-01 -9.09158128e-09 3.75705086e-04 3.83395791e-04
4.76454853e-01 -9.10565530e-09 3.79947299e-04 3.86746411e-04
4.79568937e-01 -9.11799596e-09 3.84192604e-04 3.90096490e-04
4.82683021e-01 -9.12859978e-09 3.88440362e-04 3.93445739e-04
4.85797105e-01 -9.13746155e-09 3.92689934e-04 3.96793869e-04
4.88911189e-01 -9.14457813e-09 3.96940678e-04 4.00140593e-04
4.92025273e-01 -9.14994663e-09 4.01191955e-04 4.03485624e-04
4.95139357e-01 -9.15356576e-09 4.05443120e-04 4.06828676e-04
4.98253441e-01 -9.15543356e-09 4.09693532e-04 4.10169465e-04
5.01367525e-01 -9.15554909e-09 4.13942549e-04 4.13507705e-04
5.04481609e-01 -9.15391260e-09 4.18189527e-04 4.16843116e-04
5.07595693e-01 -9.15052499e-09 4.22433824e-04 4.20175416e-04
5.10709777e-01 -9.14538699e-09 4.26674798e-04 4.23504325e-04
5.13823861e-01 -9.13850089e-09 4.30911808e-04 4.26829565e-04
5.16937945e-01 -9.12986926e-09 4.35144214e-04 4.30150858e-04
5.20052029e-01 -9.11949511e-09 4.39371376e-04 4.33467929e-04
5.23166113e-01 -9.10738343e-09 4.43592658e-04 4.36780505e-04
5.26280197e-01 -9.09353782e-09 4.47807422e-04 4.40088312e-04
5.29394281e-01 -9.07796348e-09 4.52015036e-04 4.43391081e-04
5.32508365e-01 -9.06066693e-09 4.56214866e-04 4.46688543e-04
5.35622449e-01 -9.04165512e-09 4.60406284e-04 4.49980430e-04
5.38736533e-01 -9.02093490e-09 4.64588663e-04 4.53266478e-04
5.41850617e-01 -8.99851379e-09 4.68761378e-04 4.56546424e-04
5.44964701e-01 -8.97440098e-09 4.72923808e-04 4.59820006e-04
5.48078785e-01 -8.94860515e-09 4.77075335e-04 4.63086965e-04
5.51192869e-01 -8.92113640e-09 4.81215345e-04 4.66347045e-04
5.54306953e-01 -8.89200598e-09 4.85343227e-04 4.69599991e-04
5.57421037e-01 -8.86122376e-09 4.89458374e-04 4.72845550e-04
5.60535121e-01 -8.82880213e-09 4.93560183e-04 4.76083473e-04
5.63649205e-01 -8.79475364e-09 4.97648057e-04 4.79313511e-04
5.66763289e-01 -8.75909115e-09 5.01721402e-04 4.82535420e-04
5.69877373e-01 -8.72182801e-09 5.05779628e-04 4.85748956e-04
5.72991457e-01 -8.68297930e-09 5.09822153e-04 4.88953880e-04
5.76105541e-01 -8.64255893e-09 5.13848397e-04 4.92149953e-04
5.79219625e-01 -8.60058303e-09 5.17857787e-04 4.95336942e-04
5.82333709e-01 -8.55706714e-09 5.21849757e-04 4.98514612e-04
5.85447793e-01 -8.51202844e-09 5.25823743e-04 5.01682736e-04
5.88561877e-01 -8.46548361e-09 5.29779192e-04 5.04841086e-04
5.91675961e-01 -8.41745124e-09 5.33715554e-04 5.07989440e-04
5.94790045e-01 -8.36794905e-09 5.37632286e-04 5.11127575e-04
5.97904129e-01 -8.31699631e-09 5.41528852e-04 5.14255275e-04
6.01018213e-01 -8.26461227e-09 5.45404724e-04 5.17372324e-04
6.04132297e-01 -8.21081689e-09 5.49259378e-04 5.20478512e-04
6.07246381e-01 -8.15563070e-09 5.53092302e-04 5.23573630e-04
6.10360465e-01 -8.09907549e-09 5.56902988e-04 5.26657473e-04
6.13474549e-01 -8.04117251e-09 5.60690935e-04 5.29729838e-04
6.16588633e-01 -7.98194402e-09 5.64455654e-04 5.32790529e-04
6.19702717e-01 -7.92141218e-09 5.68196659e-04 5.35839349e-04
6.22816801e-01 -7.85960089e-09 5.71913477e-04 5.38876107e-04
6.25930885e-01 -7.79653287e-09 5.75605639e-04 5.41900614e-04
6.29044969e-01 -7.73223296e-09 5.79272688e-04 5.44912688e-04
6.32159053e-01 -7.66672586e-09 5.82914174e-04 5.47912145e-04
6.35273137e-01 -7.60003604e-09 5.86529657e-04 5.50898810e-04
6.38387221e-01 -7.53218973e-09 5.90118704e-04 5.53872509e-04
6.41501305e-01 -7.46321220e-09 5.93680895e-04 5.56833071e-04
6.44615389e-01 -7.39313038e-09 5.97215816e-04 5.59780332e-04
6.47729473e-01 -7.32197117e-09 6.00723063e-04 5.62714129e-04
6.50843557e-01 -7.24976090e-09 6.04202244e-04 5.65634303e-04
6.53957641e-01 -7.17652822e-09 6.07652975e-04 5.68540702e-04
6.57071725e-01 -7.10230040e-09 6.11074881e-04 5.71433174e-04
6.60185809e-01 -7.02710690e-09 6.14467601e-04 5.74311573e-04
6.63299893e-01 -6.95097498e-09 6.17830780e-04 5.77175759e-04
6.66413977e-01 -6.87393503e-09 6.21164076e-04 5.80025592e-04
6.69528061e-01 -6.79601569e-09 6.24467158e-04 5.82860939e-04
6.72642145e-01 -6.71724726e-09 6.27739703e-04 5.85681672e-04
6.75756229e-01 -6.63766022e-09 6.30981401e-04 5.88487664e-04
6.78870313e-01 -6.55728406e-09 6.34191954e-04 5.91278796e-04
6.81984397e-01 -6.47615054e-09 6.37371071e-04 5.94054951e-04
6.85098481e-01 -6.39429006e-09 6.40518477e-04 5.96816018e-04
6.88212565e-01 -6.31173441e-09 6.43633905e-04 5.99561889e-04
6.91326649e-01 -6.22851433e-09 6.46717101e-04 6.02292461e-04
6.94440733e-01 -6.14466287e-09 6.49767822e-04 6.05007636e-04
6.97554817e-01 -6.06021123e-09 6.52785836e-04 6.07707321e-04
7.00668901e-01 -5.97519202e-09 6.55770924e-04 6.10391427e-04
7.03782985e-01 -5.88963806e-09 6.58722878e-04 6.13059869e-04
7.06897069e-01 -5.80358124e-09 6.61641502e-04 6.15712568e-04
7.10011153e-01 -5.71705557e-09 6.64526612e-04 6.18349450e-04
7.13125237e-01 -5.63009363e-09 6.67378036e-04 6.20970444e-04
7.16239321e-01 -5.54272824e-09 6.70195614e-04 6.23575486e-04
7.19353405e-01 -5.45499398e-09 6.72979200e-04 6.26164515e-04
7.22467489e-01 -5.36692357e-09 6.75728656e-04 6.28737476e-04
7.25581573e-01 -5.27855097e-09 6.78443862e-04 6.31294320e-04
7.28695657e-01 -5.18990996e-09 6.81124705e-04 6.33835000e-04
7.31809741e-01 -5.10103452e-09 6.83771087e-04 6.36359477e-04
7.34923825e-01 -5.01195863e-09 6.86382924e-04 6.38867716e-04
7.38037909e-01 -4.92271640e-09 6.88960141e-04 6.41359686e-04
7.41151993e-01 -4.83334193e-09 6.91502679e-04 6.43835362e-04
7.44266077e-01 -4.74386957e-09 6.94010489e-04 6.46294726e-04
7.47380161e-01 -4.65433351e-09 6.96483535e-04 6.48737762e-04
7.50494245e-01 -4.56476812e-09 6.98921796e-04 6.51164461e-04
7.53608329e-01 -4.47520747e-09 7.01325261e-04 6.53574819e-04
7.56722413e-01 -4.38568581e-09 7.03693933e-04 6.55968837e-04
7.59836497e-01 -4.29623791e-09 7.06027827e-04 6.58346523e-04
7.62950581e-01 -4.20689732e-09 7.08326972e-04 6.60707887e-04
7.66064665e-01 -4.11769836e-09 7.10591408e-04 6.63052946e-04
7.69178749e-01 -4.02867571e-09 7.12821189e-04 6.65381725e-04
7.72292833e-01 -3.93986291e-09 7.15016382e-04 6.67694249e-04
7.75406917e-01 -3.85129416e-09 7.17177066e-04 6.69990554e-04
7.78521001e-01 -3.76300381e-09 7.19303332e-04 6.72270677e-04
7.81635085e-01 -3.67502503e-09 7.21395286e-04 6.74534662e-04
7.84749169e-01 -3.58739181e-09 7.23453043e-04 6.76782560e-04
7.87863253e-01 -3.50013743e-09 7.25476736e-04 6.79014426e-04
7.90977337e-01 -3.41329520e-09 7.27466505e-04 6.81230320e-04
7.94091421e-01 -3.32689909e-09 7.29422507e-04 6.83430309e-04
7.97205505e-01 -3.24098171e-09 7.31344908e-04 6.85614464e-04
8.00319589e-01 -3.15557588e-09 7.33233890e-04 6.87782862e-04
8.03433673e-01 -3.07071431e-09 7.35089644e-04 6.89935586e-04
8.06547757e-01 -2.98642948e-09 7.36912377e-04 6.92072724e-04
8.09661841e-01 -2.90275398e-09 7.38702306e-04 6.94194370e-04
8.12775925e-01 -2.81971950e-09 7.40459660e-04 6.96300624e-04
8.15890009e-01 -2.73735779e-09 7.42184683e-04 6.98391590e-04
8.19004093e-01 -2.65570113e-09 7.43877627e-04 7.00467378e-04
8.22118177e-01 -2.57477965e-09 7.45538760e-04 7.02528105e-04
8.25232261e-01 -2.49462493e-09 7.47168361e-04 7.04573892e-04
8.28346346e-01 -2.41526757e-09 7.48766719e-04 7.06604866e-04
8.31460430e-01 -2.33673843e-09 7.50334137e-04 7.08621160e-04
8.34574514e-01 -2.25906676e-09 7.51870930e-04 7.10622911e-04
8.37688598e-01 -2.18228293e-09 7.53377422e-04 7.12610263e-04
8.40802682e-01 -2.10641606e-09 7.54853953e-04 7.14583365e-04
8.43916766e-01 -2.03149527e-09 7.56300870e-04 7.16542371e-04
8.47030850e-01 -1.95754921e-09 7.57718534e-04 7.18487442e-04
8.50144934e-01 -1.88460630e-09 7.59107317e-04 7.20418743e-04
8.53259018e-01 -1.81269414e-09 7.60467601e-04 7.22336445e-04
8.56373102e-01 -1.74184082e-09 7.61799782e-04 7.24240723e-04
8.59487186e-01 -1.67207300e-09 7.63104263e-04 7.26131759e-04
8.62601270e-01 -1.60341772e-09 7.64381460e-04 7.28009740e-04
8.65715354e-01 -1.53590084e-09 7.65631800e-04 7.29874859e-04
8.68829438e-01 -1.46954881e-09 7.66855721e-04 7.31727312e-04
8.71943522e-01 -1.40438610e-09 7.68053669e-04 7.33567303e-04
8.75057606e-01 -1.34043859e-09 7.69226102e-04 7.35395039e-04
8.78171690e-01 -1.27773040e-09 7.70373488e-04 7.37210733e-04
8.81285774e-01 -1.21628577e-09 7.71496306e-04 7.39014603e-04
8.84399858e-01 -1.15612814e-09 7.72595042e-04 7.40806873e-04
8.87513942e-01 -1.09728036e-09 7.73670196e-04 7.42587771e-04
8.90628026e-01 -1.03976516e-09 7.74722272e-04 7.44357530e-04
8.93742110e-01 -9.83604463e-10 7.75751789e-04 7.46116388e-04
8.96856194e-01 -9.28820200e-10 7.76759272e-04 7.47864589e-04
8.99970278e-01 -8.75432550e-10 7.77745256e-04 7.49602380e-04
9.03084362e-01 -8.23462394e-10 7.78710283e-04 7.51330013e-04
9.06198446e-01 -7.72929798e-10 7.79654908e-04 7.53047747e-04
9.09312530e-01 -7.23854136e-10 7.80579689e-04 7.54755843e-04
9.12426614e-01 -6.76253501e-10 7.81485197e-04 7.56454568e-04
9.15540698e-01 -6.30147151e-10 7.82372009e-04 7.58144192e-04
9.18654782e-01 -5.85551556e-10 7.83240711e-04 7.59824992e-04
9.21768866e-01 -5.42484580e-10 7.84091895e-04 7.61497246e-04
9.24882950e-01 -5.00962696e-10 7.84926162e-04 7.63161240e-04
9.27997034e-01 -4.61001910e-10 7.85744120e-04 7.64817261e-04
9.31111118e-01 -4.22617070e-10 7.86546384e-04 7.66465601e-04
9.34225202e-01 -3.85823025e-10 7.87333576e-04 7.68106558e-04
9.37339286e-01 -3.50634738e-10 7.88106326e-04 7.69740432e-04
9.40453370e-01 -3.17064156e-10 7.88865269e-04 7.71367526e-04
9.43567454e-01 -2.85125316e-10 7.89611046e-04 7.72988149e-04
9.46681538e-01 -2.54829584e-10 7.90344306e-04 7.74602612e-04
9.49795622e-01 -2.26189374e-10 7.91065701e-04 7.76211231e-04
9.52909706e-01 -1.99215124e-10 7.91775892e-04 7.77814323e-04
9.56023790e-01 -1.73917159e-10 7.92475543e-04 7.79412212e-04
9.59137874e-01 -1.50306034e-10 7.93165324e-04 7.81005221e-04
9.62251958e-01 -1.28389522e-10 7.93845910e-04 7.82593680e-04
9.65366042e-01 -1.08176669e-10 7.94517980e-04 7.84177920e-04
9.68480126e-01 -8.96753646e-11 7.95182219e-04 7.85758275e-04
9.71594210e-01 -7.28922196e-11 7.95839314e-04 7.87335081e-04
9.74708294e-01 -5.78338463e-11 7.96489958e-04 7.88908679e-04
9.77822378e-01 -4.45065085e-11 7.97134847e-04 7.90479410e-04
9.80936462e-01 -3.29144981e-11 7.97774679e-04 7.92047620e-04
9.84050546e-01 -2.30630351e-11 7.98410157e-04 7.93613654e-04
9.87164630e-01 -1.49551353e-11 7.99041988e-04 7.95177863e-04
9.90278714e-01 -8.59451066e-12 7.99670877e-04 7.96740595e-04
9.93392798e-01 -3.98301723e-12 8.00297537e-04 7.98302206e-04
9.96506882e-01 -1.12332291e-12 8.00922679e-04 7.99863048e-04
9.99620966e-01 -1.54277104e-14 8.01547019e-04 8.01423479e-04
1.00273505e+00 -6.60839594e-13 8.02171271e-04 8.02983855e-04
1.00584913e+00 -3.05839859e-12 8.02796153e-04 8.04544535e-04
1.00896322e+00 -7.20775669e-12 8.03422384e-04 8.06105879e-04
1.01207730e+00 -1.31069420e-11 8.04050681e-04 8.07668248e-04
1.01519139e+00 -2.07539824e-11 8.04681766e-04 8.09232004e-04
1.01830547e+00 -3.01456301e-11 8.05316357e-04 8.10797509e-04
1.02141955e+00 -4.12788691e-11 8.05955173e-04 8.12365126e-04
1.02453364e+00 -5.41483635e-11 8.06598934e-04 8.13935218e-04
1.02764772e+00 -6.87504014e-11 8.07248358e-04 8.15508148e-04
1.03076181e+00 -8.50788349e-11 8.07904162e-04 8.17084280e-04
1.03387589e+00 -1.03127632e-10 8.08567063e-04 8.18663977e-04
1.03698997e+00 -1.22889833e-10 8.09237774e-04 8.20247602e-04
1.04010406e+00 -1.44357318e-10 8.09917007e-04 8.21835518e-04
1.04321814e+00 -1.67522431e-10 8.10605474e-04 8.23428086e-04
1.04633223e+00 -1.92376241e-10 8.11303882e-04 8.25025667e-04
1.04944631e+00 -2.18908887e-10 8.12012936e-04 8.26628621e-04
1.05256039e+00 -2.47110161e-10 8.12733338e-04 8.28237307e-04
1.05567448e+00 -2.76970669e-10 8.13465785e-04 8.29852082e-04
1.05878856e+00 -3.08476837e-10 8.14210974e-04 8.31473303e-04
1.06190265e+00 -3.41617879e-10 8.14969593e-04 8.33101323e-04
1.06501673e+00 -3.76380686e-10 8.15742331e-04 8.34736495e-04
1.06813081e+00 -4.12752732e-10 8.16529867e-04 8.36379170e-04
1.07124490e+00 -4.50719167e-10 8.17332880e-04 8.38029694e-04
1.07435898e+00 -4.90265145e-10 8.18152041e-04 8.39688415e-04
1.07747307e+00 -5.31376745e-10 8.18988015e-04 8.41355674e-04
1.08058715e+00 -5.74037032e-10 8.19841463e-04 8.43031813e-04
1.08370123e+00 -6.18230694e-10 8.20713039e-04 8.44717169e-04
1.08681532e+00 -6.63940332e-10 8.21603390e-04 8.46412075e-04
1.08992940e+00 -7.11148314e-10 8.22513156e-04 8.48116864e-04
1.09304349e+00 -7.59836428e-10 8.23442973e-04 8.49831862e-04
1.09615757e+00 -8.09986463e-10 8.24393465e-04 8.51557394e-04
1.09927165e+00 -8.61578814e-10 8.25365252e-04 8.53293780e-04
1.10238574e+00 -9.14594575e-10 8.26358945e-04 8.55041335e-04
1.10549982e+00 -9.69012401e-10 8.27375145e-04 8.56800372e-04
1.10861391e+00 -1.02481188e-09 8.28414448e-04 8.58571199e-04
1.11172799e+00 -1.08197143e-09 8.29477438e-04 8.60354118e-04
1.11484207e+00 -1.14046983e-09 8.30564691e-04 8.62149428e-04
1.11795616e+00 -1.20028387e-09 8.31676775e-04 8.63957423e-04
1.12107024e+00 -1.26139094e-09 8.32814247e-04 8.65778391e-04
1.12418433e+00 -1.32376796e-09 8.33977653e-04 8.67612617e-04
1.12729841e+00 -1.38739080e-09 8.35167531e-04 8.69460379e-04
1.13041249e+00 -1.45223462e-09 8.36384408e-04 8.71321949e-04
1.13352658e+00 -1.51827520e-09 8.37628800e-04 8.73197594e-04
1.13664066e+00 -1.58548689e-09 8.38901212e-04 8.75087578e-04
1.13975475e+00 -1.65384475e-09 8.40202137e-04 8.76992154e-04
1.14286883e+00 -1.72332130e-09 8.41532059e-04 8.78911573e-04
1.14598291e+00 -1.79389090e-09 8.42891449e-04 8.80846078e-04
1.14909700e+00 -1.86552640e-09 8.44280764e-04 8.82795906e-04
1.15221108e+00 -1.93820008e-09 8.45700453e-04 8.84761289e-04
1.15532517e+00 -2.01188444e-09 8.47150949e-04 8.86742450e-04
1.15843925e+00 -2.08655097e-09 8.48632674e-04 8.88739607e-04
1.16155333e+00 -2.16217076e-09 8.50146039e-04 8.90752971e-04
1.16466742e+00 -2.23871575e-09 8.51691438e-04 8.92782745e-04
1.16778150e+00 -2.31615590e-09 8.53269256e-04 8.94829127e-04
1.17089559e+00 -2.39446139e-09 8.54879862e-04 8.96892305e-04
1.17400967e+00 -2.47360357e-09 8.56523612e-04 8.98972463e-04
1.17712375e+00 -2.55355031e-09 8.58200850e-04 9.01069775e-04
1.18023784e+00 -2.63427238e-09 8.59911902e-04 9.03184409e-04
1.18335192e+00 -2.71573800e-09 8.61657086e-04 9.05316525e-04
1.18646601e+00 -2.79791678e-09 8.63436700e-04 9.07466276e-04
1.18958009e+00 -2.88077657e-09 8.65251032e-04 9.09633806e-04
1.19269417e+00 -2.96428619e-09 8.67100354e-04 9.11819253e-04
1.19580826e+00 -3.04841326e-09 8.68984922e-04 9.14022745e-04
1.19892234e+00 -3.13312589e-09 8.70904979e-04 9.16244404e-04
1.20203643e+00 -3.21839102e-09 8.72860754e-04 9.18484344e-04
1.20515051e+00 -3.30417651e-09 8.74852459e-04 9.20742669e-04
1.20826459e+00 -3.39044966e-09 8.76880293e-04 9.23019477e-04
1.21137868e+00 -3.47717729e-09 8.78944439e-04 9.25314857e-04
1.21449276e+00 -3.56432611e-09 8.81045064e-04 9.27628890e-04
1.21760685e+00 -3.65186235e-09 8.83182321e-04 9.29961648e-04
1.22072093e+00 -3.73975344e-09 8.85356348e-04 9.32313197e-04
1.22383501e+00 -3.82796491e-09 8.87567266e-04 9.34683592e-04
1.22694910e+00 -3.91646313e-09 8.89815184e-04 9.37072882e-04
1.23006318e+00 -4.00521480e-09 8.92100192e-04 9.39481107e-04
1.23317727e+00 -4.09418548e-09 8.94422366e-04 9.41908297e-04
1.23629135e+00 -4.18334106e-09 8.96781768e-04 9.44354476e-04
1.23940543e+00 -4.27264767e-09 8.99178442e-04 9.46819659e-04
1.24251952e+00 -4.36207039e-09 9.01612418e-04 9.49303853e-04
1.24563360e+00 -4.45157593e-09 9.04083711e-04 9.51807056e-04
1.24874769e+00 -4.54112962e-09 9.06592320e-04 9.54329257e-04
1.25186177e+00 -4.63069745e-09 9.09138228e-04 9.56870439e-04
1.25497585e+00 -4.72024441e-09 9.11721405e-04 9.59430576e-04
1.25808994e+00 -4.80973696e-09 9.14341802e-04 9.62009632e-04
1.26120402e+00 -4.89914054e-09 9.16999359e-04 9.64607565e-04
1.26431811e+00 -4.98842105e-09 9.19693998e-04 9.67224324e-04
1.26743219e+00 -5.07754449e-09 9.22425626e-04 9.69859850e-04
1.27054627e+00 -5.16647585e-09 9.25194137e-04 9.72514076e-04
1.27366036e+00 -5.25518194e-09 9.27999407e-04 9.75186928e-04
1.27677444e+00 -5.34362912e-09 9.30841299e-04 9.77878322e-04
1.27988853e+00 -5.43178270e-09 9.33719662e-04 9.80588167e-04
1.28300261e+00 -5.51960918e-09 9.36634329e-04 9.83316366e-04
1.28611669e+00 -5.60707502e-09 9.39585118e-04 9.86062812e-04
1.28923078e+00 -5.69414658e-09 9.42571834e-04 9.88827392e-04
1.29234486e+00 -5.78079080e-09 9.45594267e-04 9.91609983e-04
1.29545895e+00 -5.86697417e-09 9.48652193e-04 9.94410457e-04
1.29857303e+00 -5.95266408e-09 9.51745372e-04 9.97228678e-04
1.30168711e+00 -6.03782771e-09 9.54873554e-04 1.00006450e-03
1.30480120e+00 -6.12243223e-09 9.58036472e-04 1.00291778e-03
1.30791528e+00 -6.20644516e-09 9.61233846e-04 1.00578835e-03
1.31102937e+00 -6.28983472e-09 9.64465383e-04 1.00867605e-03
1.31414345e+00 -6.37256878e-09 9.67730777e-04 1.01158071e-03
1.31725753e+00 -6.45461589e-09 9.71029708e-04 1.01450215e-03
1.32037162e+00 -6.53594475e-09 9.74361844e-04 1.01744018e-03
1.32348570e+00 -6.61652322e-09 9.77726838e-04 1.02039461e-03
1.32659979e+00 -6.69632171e-09 9.81124333e-04 1.02336525e-03
1.32971387e+00 -6.77530916e-09 9.84553959e-04 1.02635189e-03
1.33282795e+00 -6.85345515e-09 9.88015332e-04 1.02935431e-03
1.33594204e+00 -6.93073035e-09 9.91508058e-04 1.03237230e-03
1.33905612e+00 -7.00710470e-09 9.95031730e-04 1.03540564e-03
1.34217021e+00 -7.08254888e-09 9.98585930e-04 1.03845410e-03
1.34528429e+00 -7.15703433e-09 1.00217023e-03 1.04151745e-03
1.34839837e+00 -7.23053229e-09 1.00578418e-03 1.04459543e-03
1.35151246e+00 -7.30301492e-09 1.00942734e-03 1.04768782e-03
1.35462654e+00 -7.37445450e-09 1.01309924e-03 1.05079435e-03
1.35774063e+00 -7.44482318e-09 1.01679941e-03 1.05391477e-03
1.36085471e+00 -7.51409476e-09 1.02052736e-03 1.05704882e-03
1.36396879e+00 -7.58224221e-09 1.02428260e-03 1.06019623e-03
1.36708288e+00 -7.64923942e-09 1.02806463e-03 1.06335672e-03
1.37019696e+00 -7.71506157e-09 1.03187293e-03 1.06653004e-03
1.37331105e+00 -7.77968222e-09 1.03570698e-03 1.06971588e-03
1.37642513e+00 -7.84307769e-09 1.03956624e-03 1.07291398e-03
1.37953921e+00 -7.90522295e-09 1.04345018e-03 1.07612404e-03
1.38265330e+00 -7.96609501e-09 1.04735824e-03 1.07934576e-03
1.38576738e+00 -8.02566998e-09 1.05128986e-03 1.08257885e-03
1.38888147e+00 -8.08392479e-09 1.05524449e-03 1.08582300e-03
1.39199555e+00 -8.14083796e-09 1.05922153e-03 1.08907792e-03
1.39510963e+00 -8.19638699e-09 1.06322041e-03 1.09234330e-03
1.39822372e+00 -8.25055148e-09 1.06724054e-03 1.09561881e-03
1.40133780e+00 -8.30330961e-09 1.07128132e-03 1.09890415e-03
1.40445189e+00 -8.35464259e-09 1.07534215e-03 1.10219901e-03
1.40756597e+00 -8.40452977e-09 1.07942240e-03 1.10550305e-03
1.41068005e+00 -8.45295156e-09 1.08352147e-03 1.10881595e-03
1.41379414e+00 -8.49989089e-09 1.08763873e-03 1.11213739e-03
1.41690822e+00 -8.54532840e-09 1.09177354e-03 1.11546704e-03
1.42002231e+00 -8.58924819e-09 1.09592527e-03 1.11880457e-03
1.42313639e+00 -8.63163170e-09 1.10009328e-03 1.12214964e-03
1.42625047e+00 -8.67246445e-09 1.10427692e-03 1.12550191e-03
1.42936456e+00 -8.71172948e-09 1.10847553e-03 1.12886105e-03
1.43247864e+00 -8.74941241e-09 1.11268846e-03 1.13222672e-03
1.43559273e+00 -8.78549852e-09 1.11691504e-03 1.13559858e-03
1.43870681e+00 -8.81997482e-09 1.12115461e-03 1.13897628e-03
1.44182089e+00 -8.85282668e-09 1.12540650e-03 1.14235948e-03
1.44493498e+00 -8.88404297e-09 1.12967003e-03 1.14574784e-03
1.44804906e+00 -8.91361046e-09 1.13394452e-03 1.14914100e-03
1.45116315e+00 -8.94151873e-09 1.13822930e-03 1.15253862e-03
1.45427723e+00 -8.96775720e-09 1.14252367e-03 1.15594035e-03
1.45739131e+00 -8.99231510e-09 1.14682694e-03 1.15934584e-03
1.46050540e+00 -9.01518361e-09 1.15113844e-03 1.16275474e-03
1.46361948e+00 -9.03635391e-09 1.15545746e-03 1.16616670e-03
1.46673357e+00 -9.05581730e-09 1.15978331e-03 1.16958136e-03
1.46984765e+00 -9.07356740e-09 1.16411530e-03 1.17299839e-03
1.47296173e+00 -9.08959644e-09 1.16845272e-03 1.17641742e-03
1.47607582e+00 -9.10389874e-09 1.17279488e-03 1.17983810e-03
1.47918990e+00 -9.11646873e-09 1.17714107e-03 1.18326009e-03
1.48230399e+00 -9.12730153e-09 1.18149060e-03 1.18668303e-03
1.48541807e+00 -9.13639344e-09 1.18584276e-03 1.19010657e-03
1.48853215e+00 -9.14374086e-09 1.19019685e-03 1.19353036e-03
1.49164624e+00 -9.14934031e-09 1.19455217e-03 1.19695406e-03
1.49476032e+00 -9.15319016e-09 1.19890802e-03 1.20037732e-03
1.49787441e+00 -9.15528879e-09 1.20326369e-03 1.20379978e-03
1.50098849e+00 -9.15563586e-09 1.20761849e-03 1.20722110e-03
1.50410257e+00 -9.15423078e-09 1.21197171e-03 1.21064093e-03
1.50721666e+00 -9.15107413e-09 1.21632266e-03 1.21405894e-03
1.51033074e+00 -9.14616672e-09 1.22067063e-03 1.21747478e-03
1.51344483e+00 -9.13951123e-09 1.22501494e-03 1.22088810e-03
1.51655891e+00 -9.13110998e-09 1.22935489e-03 1.22429858e-03
1.51967299e+00 -9.12096608e-09 1.23368979e-03 1.22770586e-03
1.52278708e+00 -9.10908292e-09 1.23801894e-03 1.23110962e-03
1.52590116e+00 -9.09546570e-09 1.24234167e-03 1.23450952e-03
1.52901525e+00 -9.08011965e-09 1.24665728e-03 1.23790522e-03
1.53212933e+00 -9.06305034e-09 1.25096510e-03 1.24129640e-03
1.53524341e+00 -9.04426415e-09 1.25526446e-03 1.24468274e-03
1.53835750e+00 -9.02376861e-09 1.25955467e-03 1.24806389e-03
1.54147158e+00 -9.00157161e-09 1.26383507e-03 1.25143955e-03
1.54458567e+00 -8.97768128e-09 1.26810499e-03 1.25480939e-03
1.54769975e+00 -8.95210736e-09 1.27236377e-03 1.25817310e-03
1.55081383e+00 -8.92485865e-09 1.27661076e-03 1.26153035e-03
1.55392792e+00 -8.89594666e-09 1.28084529e-03 1.26488084e-03
1.55704200e+00 -8.86538193e-09 1.28506673e-03 1.26822425e-03
1.56015609e+00 -8.83317595e-09 1.28927444e-03 1.27156028e-03
1.56327017e+00 -8.79934124e-09 1.29346776e-03 1.27488863e-03
1.56638425e+00 -8.76389126e-09 1.29764609e-03 1.27820900e-03
1.56949834e+00 -8.72683854e-09 1.30180878e-03 1.28152109e-03
1.57261242e+00 -8.68819816e-09 1.30595522e-03 1.28482460e-03
1.57572651e+00 -8.64798461e-09 1.31008480e-03 1.28811925e-03
1.57884059e+00 -8.60621298e-09 1.31419691e-03 1.29140475e-03
1.58195467e+00 -8.56289940e-09 1.31829095e-03 1.29468082e-03
1.58506876e+00 -8.51806067e-09 1.32236632e-03 1.29794717e-03
1.58818284e+00 -8.47171386e-09 1.32642245e-03 1.30120354e-03
1.59129693e+00 -8.42387612e-09 1.33045876e-03 1.30444965e-03
1.59441101e+00 -8.37456696e-09 1.33447466e-03 1.30768523e-03
1.59752509e+00 -8.32380434e-09 1.33846961e-03 1.31091002e-03
1.60063918e+00 -8.27160787e-09 1.34244303e-03 1.31412376e-03
1.60375326e+00 -8.21799808e-09 1.34639439e-03 1.31732620e-03
1.60686735e+00 -8.16299435e-09 1.35032315e-03 1.32051708e-03
1.60998143e+00 -8.10661860e-09 1.35422878e-03 1.32369615e-03
1.61309551e+00 -8.04889228e-09 1.35811075e-03 1.32686319e-03
1.61620960e+00 -7.98983710e-09 1.36196854e-03 1.33001793e-03
1.61932368e+00 -7.92947589e-09 1.36580167e-03 1.33316016e-03
1.62243777e+00 -7.86783175e-09 1.36960962e-03 1.33628965e-03
1.62555185e+00 -7.80492879e-09 1.37339192e-03 1.33940616e-03
1.62866593e+00 -7.74079012e-09 1.37714808e-03 1.34250948e-03
1.63178002e+00 -7.67544101e-09 1.38087765e-03 1.34559940e-03
1.63489410e+00 -7.60890581e-09 1.38458016e-03 1.34867570e-03
1.63800819e+00 -7.54121018e-09 1.38825516e-03 1.35173818e-03
1.64112227e+00 -7.47238102e-09 1.39190223e-03 1.35478664e-03
1.64423635e+00 -7.40244338e-09 1.39552093e-03 1.35782089e-03
1.64735044e+00 -7.33142429e-09 1.39911084e-03 1.36084072e-03
1.65046452e+00 -7.25935160e-09 1.40267157e-03 1.36384597e-03
1.65357861e+00 -7.18625209e-09 1.40620271e-03 1.36683644e-03
1.65669269e+00 -7.11215396e-09 1.40970388e-03 1.36981196e-03
1.65980678e+00 -7.03708620e-09 1.41317471e-03 1.37277237e-03
1.66292086e+00 -6.96107630e-09 1.41661484e-03 1.37571750e-03
1.66603494e+00 -6.88415420e-09 1.42002391e-03 1.37864718e-03
1.66914903e+00 -6.80634959e-09 1.42340159e-03 1.38156128e-03
1.67226311e+00 -6.72769170e-09 1.42674755e-03 1.38445963e-03
1.67537720e+00 -6.64821092e-09 1.43006146e-03 1.38734209e-03
1.67849128e+00 -6.56793683e-09 1.43334304e-03 1.39020853e-03
1.68160536e+00 -6.48690168e-09 1.43659198e-03 1.39305882e-03
1.68471945e+00 -6.40513516e-09 1.43980800e-03 1.39589283e-03
1.68783353e+00 -6.32266953e-09 1.44299083e-03 1.39871043e-03
1.69094762e+00 -6.23953528e-09 1.44614022e-03 1.40151152e-03
1.69406170e+00 -6.15576513e-09 1.44925593e-03 1.40429599e-03
1.69717578e+00 -6.07139075e-09 1.45233771e-03 1.40706372e-03
1.70028987e+00 -5.98644485e-09 1.45538535e-03 1.40981463e-03
1.70340395e+00 -5.90095944e-09 1.45839865e-03 1.41254862e-03
1.70651804e+00 -5.81496724e-09 1.46137740e-03 1.41526561e-03
1.70963212e+00 -5.72850142e-09 1.46432143e-03 1.41796551e-03
1.71274620e+00 -5.64159504e-09 1.46723057e-03 1.42064826e-03
1.71586029e+00 -5.55428151e-09 1.47010465e-03 1.42331377e-03
1.71897437e+00 -5.46659377e-09 1.47294354e-03 1.42596200e-03
1.72208846e+00 -5.37856604e-09 1.47574710e-03 1.42859287e-03
1.72520254e+00 -5.29023137e-09 1.47851522e-03 1.43120635e-03
1.72831662e+00 -5.20162400e-09 1.48124778e-03 1.43380239e-03
1.73143071e+00 -5.11277767e-09 1.48394471e-03 1.43638094e-03
1.73454479e+00 -5.02372626e-09 1.48660591e-03 1.43894198e-03
1.73765888e+00 -4.93450410e-09 1.48923132e-03 1.44148548e-03
1.74077296e+00 -4.84514518e-09 1.49182089e-03 1.44401142e-03
1.74388704e+00 -4.75568371e-09 1.49437458e-03 1.44651978e-03
1.74700113e+00 -4.66615381e-09 1.49689237e-03 1.44901056e-03
1.75011521e+00 -4.57659050e-09 1.49937423e-03 1.45148375e-03
1.75322930e+00 -4.48702742e-09 1.50182017e-03 1.45393936e-03
1.75634338e+00 -4.39749844e-09 1.50423019e-03 1.45637739e-03
1.75945746e+00 -4.30803872e-09 1.50660434e-03 1.45879787e-03
1.76257155e+00 -4.21868189e-09 1.50894264e-03 1.46120081e-03
1.76568563e+00 -4.12946204e-09 1.51124514e-03 1.46358624e-03
1.76879972e+00 -4.04041446e-09 1.51351192e-03 1.46595419e-03
1.77191380e+00 -3.95157254e-09 1.51574305e-03 1.46830471e-03
1.77502788e+00 -3.86296957e-09 1.51793863e-03 1.47063785e-03
1.77814197e+00 -3.77464025e-09 1.52009875e-03 1.47295365e-03
1.78125605e+00 -3.68661832e-09 1.52222354e-03 1.47525217e-03
1.78437014e+00 -3.59893742e-09 1.52431312e-03 1.47753348e-03
1.78748422e+00 -3.51163108e-09 1.52636764e-03 1.47979764e-03
1.79059830e+00 -3.42473259e-09 1.52838727e-03 1.48204475e-03
1.79371239e+00 -3.33827593e-09 1.53037216e-03 1.48427486e-03
1.79682647e+00 -3.25229370e-09 1.53232250e-03 1.48648809e-03
1.79994056e+00 -3.16681816e-09 1.53423848e-03 1.48868451e-03
1.80305464e+00 -3.08188293e-09 1.53612032e-03 1.49086424e-03
1.80616872e+00 -2.99752003e-09 1.53796823e-03 1.49302737e-03
1.80928281e+00 -2.91376241e-09 1.53978246e-03 1.49517402e-03
1.81239689e+00 -2.83064139e-09 1.54156323e-03 1.49730431e-03
1.81551098e+00 -2.74818932e-09 1.54331083e-03 1.49941837e-03
1.81862506e+00 -2.66643765e-09 1.54502550e-03 1.50151631e-03
1.82173914e+00 -2.58541723e-09 1.54670755e-03 1.50359829e-03
1.82485323e+00 -2.50516020e-09 1.54835725e-03 1.50566444e-03
1.82796731e+00 -2.42569600e-09 1.54997493e-03 1.50771490e-03
1.83108140e+00 -2.34705574e-09 1.55156090e-03 1.50974984e-03
1.83419548e+00 -2.26926900e-09 1.55311550e-03 1.51176941e-03
1.83730956e+00 -2.19236638e-09 1.55463906e-03 1.51377377e-03
1.84042365e+00 -2.11637667e-09 1.55613194e-03 1.51576310e-03
1.84353773e+00 -2.04132933e-09 1.55759451e-03 1.51773757e-03
1.84665182e+00 -1.96725301e-09 1.55902714e-03 1.51969736e-03
1.84976590e+00 -1.89417612e-09 1.56043024e-03 1.52164267e-03
1.85287998e+00 -1.82212616e-09 1.56180419e-03 1.52357367e-03
1.85599407e+00 -1.75113155e-09 1.56314941e-03 1.52549058e-03
1.85910815e+00 -1.68121896e-09 1.56446632e-03 1.52739359e-03
1.86222224e+00 -1.61241532e-09 1.56575535e-03 1.52928291e-03
1.86533632e+00 -1.54474683e-09 1.56701696e-03 1.53115876e-03
1.86845040e+00 -1.47823948e-09 1.56825159e-03 1.53302135e-03
1.87156449e+00 -1.41291867e-09 1.56945972e-03 1.53487091e-03
1.87467857e+00 -1.34880957e-09 1.57064180e-03 1.53670767e-03
1.87779266e+00 -1.28593678e-09 1.57179834e-03 1.53853185e-03
1.88090674e+00 -1.22432396e-09 1.57292983e-03 1.54034371e-03
1.88402082e+00 -1.16399535e-09 1.57403677e-03 1.54214348e-03
1.88713491e+00 -1.10497333e-09 1.57511967e-03 1.54393141e-03
1.89024899e+00 -1.04728089e-09 1.57617906e-03 1.54570776e-03
1.89336308e+00 -9.90940630e-10 1.57721548e-03 1.54747278e-03
1.89647716e+00 -9.35972858e-10 1.57822946e-03 1.54922673e-03
1.89959124e+00 -8.82399843e-10 1.57922156e-03 1.55096989e-03
1.90270533e+00 -8.30241538e-10 1.58019233e-03 1.55270252e-03
1.90581941e+00 -7.79517779e-10 1.58114235e-03 1.55442490e-03
1.90893350e+00 -7.30248399e-10 1.58207218e-03 1.55613731e-03
1.91204758e+00 -6.82452193e-10 1.58298242e-03 1.55784003e-03
1.91516166e+00 -6.36147254e-10 1.58387366e-03 1.55953335e-03
1.91827575e+00 -5.91351679e-10 1.58474649e-03 1.56121757e-03
1.92138983e+00 -5.48082403e-10 1.58560153e-03 1.56289297e-03
1.92450392e+00 -5.06355898e-10 1.58643938e-03 1.56455986e-03
1.92761800e+00 -4.66187941e-10 1.58726068e-03 1.56621854e-03
1.93073208e+00 -4.27594305e-10 1.58806603e-03 1.56786932e-03
1.93384617e+00 -3.90589840e-10 1.58885609e-03 1.56951251e-03
1.93696025e+00 -3.55188464e-10 1.58963150e-03 1.57114843e-03
1.94007434e+00 -3.21403518e-10 1.59039289e-03 1.57277738e-03
1.94318842e+00 -2.89248226e-10 1.59114092e-03 1.57439969e-03
1.94630250e+00 -2.58735463e-10 1.59187625e-03 1.57601568e-03
1.94941659e+00 -2.29875785e-10 1.59259955e-03 1.57762569e-03
1.95253067e+00 -2.02681371e-10 1.59331147e-03 1.57923003e-03
1.95564476e+00 -1.77161270e-10 1.59401271e-03 1.58082904e-03
1.95875884e+00 -1.53326966e-10 1.59470393e-03 1.58242306e-03
1.96187292e+00 -1.31186229e-10 1.59538581e-03 1.58401242e-03
1.96498701e+00 -1.10748225e-10 1.59605906e-03 1.58559745e-03
1.96810109e+00 -9.20206086e-11 1.59672434e-03 1.58717851e-03
1.97121518e+00 -7.50105719e-11 1.59738237e-03 1.58875594e-03
1.97432926e+00 -5.97241468e-11 1.59803383e-03 1.59033008e-03
1.97744334e+00 -4.61677133e-11 1.59867943e-03 1.59190128e-03
1.98055743e+00 -3.43466072e-11 1.59931987e-03 1.59346988e-03
1.98367151e+00 -2.42650045e-11 1.59995586e-03 1.59503624e-03
1.98678560e+00 -1.59270810e-11 1.60058811e-03 1.59660072e-03
1.98989968e+00 -9.33538875e-12 1.60121732e-03 1.59816366e-03
1.99301376e+00 -4.49317565e-12 1.60184422e-03 1.59972542e-03
1.99612785e+00 -1.40218168e-12 1.60246951e-03 1.60128636e-03
1.99924193e+00 -6.29868176e-14 1.60309391e-03 1.60284683e-03
2.00235602e+00 -4.77099044e-13 1.60371813e-03 1.60440719e-03
2.00547010e+00 -2.64335838e-12 1.60434290e-03 1.60596780e-03
2.00858418e+00 -6.56164882e-12 1.60496892e-03 1.60752902e-03
2.01169827e+00 -1.22301144e-11 1.60559693e-03 1.60909120e-03
2.01481235e+00 -1.96464352e-11 1.60622763e-03 1.61065471e-03
2.01792644e+00 -2.88079432e-11 1.60686174e-03 1.61221991e-03
2.02104052e+00 -3.97116225e-11 1.60749997e-03 1.61378716e-03
2.02415460e+00 -5.23524852e-11 1.60814306e-03 1.61535681e-03
2.02726869e+00 -6.67258914e-11 1.60879169e-03 1.61692923e-03
2.03038277e+00 -8.28269691e-11 1.60944660e-03 1.61850477e-03
2.03349686e+00 -1.00649107e-10 1.61010849e-03 1.62008380e-03
2.03661094e+00 -1.20185112e-10 1.61077807e-03 1.62166666e-03
2.03972502e+00 -1.41428373e-10 1.61145604e-03 1.62325372e-03
2.04283911e+00 -1.64369494e-10 1.61214311e-03 1.62484533e-03
2.04595319e+00 -1.89001168e-10 1.61283998e-03 1.62644184e-03
2.04906728e+00 -2.15312838e-10 1.61354734e-03 1.62804361e-03
2.05218136e+00 -2.43294413e-10 1.61426590e-03 1.62965099e-03
2.05529544e+00 -2.72936148e-10 1.61499633e-03 1.63126433e-03
2.05840953e+00 -3.04225981e-10 1.61573933e-03 1.63288397e-03
2.06152361e+00 -3.37151731e-10 1.61649558e-03 1.63451026e-03
2.06463770e+00 -3.71701914e-10 1.61726575e-03 1.63614355e-03
2.06775178e+00 -4.07861683e-10 1.61805052e-03 1.63778418e-03
2.07086586e+00 -4.45618743e-10 1.61885055e-03 1.63943248e-03
2.07397995e+00 -4.84957316e-10 1.61966651e-03 1.64108879e-03
2.07709403e+00 -5.25862904e-10 1.62049904e-03 1.64275344e-03
2.08020812e+00 -5.68319615e-10 1.62134881e-03 1.64442677e-03
2.08332220e+00 -6.12312021e-10 1.62221645e-03 1.64610910e-03
2.08643628e+00 -6.57822375e-10 1.62310260e-03 1.64780076e-03
2.08955037e+00 -7.04833625e-10 1.62400789e-03 1.64950206e-03
2.09266445e+00 -7.53327674e-10 1.62493294e-03 1.65121333e-03
2.09577854e+00 -8.03286196e-10 1.62587837e-03 1.65293488e-03
2.09889262e+00 -8.54689355e-10 1.62684478e-03 1.65466702e-03
2.10200670e+00 -9.07518592e-10 1.62783278e-03 1.65641005e-03
2.10512079e+00 -9.61752098e-10 1.62884296e-03 1.65816428e-03
2.10823487e+00 -1.01737062e-09 1.62987590e-03 1.65993001e-03
2.11134896e+00 -1.07435246e-09 1.63093218e-03 1.66170753e-03
2.11446304e+00 -1.13267500e-09 1.63201235e-03 1.66349712e-03
2.11757712e+00 -1.19231645e-09 1.63311699e-03 1.66529908e-03
2.12069121e+00 -1.25325428e-09 1.63424664e-03 1.66711368e-03
2.12380529e+00 -1.31546507e-09 1.63540182e-03 1.66894120e-03
2.12691938e+00 -1.37892493e-09 1.63658308e-03 1.67078191e-03
2.13003346e+00 -1.44360902e-09 1.63779094e-03 1.67263607e-03
2.13314754e+00 -1.50949324e-09 1.63902589e-03 1.67450394e-03
2.13626163e+00 -1.57655227e-09 1.64028843e-03 1.67638578e-03
2.13937571e+00 -1.64476004e-09 1.64157906e-03 1.67828184e-03
2.14248980e+00 -1.71409019e-09 1.64289824e-03 1.68019236e-03
2.14560388e+00 -1.78451723e-09 1.64424645e-03 1.68211757e-03
2.14871796e+00 -1.85601341e-09 1.64562414e-03 1.68405771e-03
2.15183205e+00 -1.92855161e-09 1.64703174e-03 1.68601301e-03
2.15494613e+00 -2.00210420e-09 1.64846968e-03 1.68798368e-03
2.15806022e+00 -2.07664278e-09 1.64993840e-03 1.68996993e-03
2.16117430e+00 -2.15213846e-09 1.65143828e-03 1.69197198e-03
2.16428838e+00 -2.22856258e-09 1.65296973e-03 1.69399003e-03
2.16740247e+00 -2.30588649e-09 1.65453312e-03 1.69602427e-03
2.17051655e+00 -2.38407981e-09 1.65612883e-03 1.69807488e-03
2.17363064e+00 -2.46311307e-09 1.65775721e-03 1.70014205e-03
2.17674472e+00 -2.54295542e-09 1.65941860e-03 1.70222596e-03
2.17985880e+00 -2.62357669e-09 1.66111333e-03 1.70432677e-03
2.18297289e+00 -2.70494638e-09 1.66284172e-03 1.70644464e-03
2.18608697e+00 -2.78703247e-09 1.66460407e-03 1.70857972e-03
2.18920106e+00 -2.86980457e-09 1.66640067e-03 1.71073217e-03
2.19231514e+00 -2.95322997e-09 1.66823180e-03 1.71290211e-03
2.19542922e+00 -3.03727736e-09 1.67009772e-03 1.71508970e-03
2.19854331e+00 -3.12191435e-09 1.67199868e-03 1.71729504e-03
2.20165739e+00 -3.20710895e-09 1.67393491e-03 1.71951826e-03
2.20477148e+00 -3.29282787e-09 1.67590663e-03 1.72175946e-03
2.20788556e+00 -3.37903849e-09 1.67791405e-03 1.72401876e-03
2.21099964e+00 -3.46570789e-09 1.67995736e-03 1.72629624e-03
2.21411373e+00 -3.55280300e-09 1.68203673e-03 1.72859200e-03
2.21722781e+00 -3.64029018e-09 1.68415234e-03 1.73090611e-03
2.22034190e+00 -3.72813614e-09 1.68630433e-03 1.73323865e-03
2.22345598e+00 -3.81630759e-09 1.68849283e-03 1.73558968e-03
2.22657006e+00 -3.90476985e-09 1.69071796e-03 1.73795926e-03
2.22968415e+00 -3.99349021e-09 1.69297983e-03 1.74034744e-03
2.23279823e+00 -4.08243374e-09 1.69527853e-03 1.74275427e-03
2.23591232e+00 -4.17156705e-09 1.69761413e-03 1.74517977e-03
2.23902640e+00 -4.26085545e-09 1.69998669e-03 1.74762398e-03
2.24214048e+00 -4.35026506e-09 1.70239627e-03 1.75008691e-03
2.24525457e+00 -4.43976132e-09 1.70484288e-03 1.75256858e-03
2.24836865e+00 -4.52931037e-09 1.70732655e-03 1.75506899e-03
2.25148274e+00 -4.61887843e-09 1.70984728e-03 1.75758813e-03
2.25459682e+00 -4.70843014e-09 1.71240506e-03 1.76012599e-03
2.25771090e+00 -4.79793186e-09 1.71499985e-03 1.76268255e-03
2.26082499e+00 -4.88734913e-09 1.71763161e-03 1.76525780e-03
2.26393907e+00 -4.97664785e-09 1.72030030e-03 1.76785168e-03
2.26705316e+00 -5.06579380e-09 1.72300582e-03 1.77046416e-03
2.27016724e+00 -5.15475241e-09 1.72574811e-03 1.77309519e-03
2.27328132e+00 -5.24349063e-09 1.72852705e-03 1.77574471e-03
2.27639541e+00 -5.33197342e-09 1.73134253e-03 1.77841266e-03
2.27950949e+00 -5.42016749e-09 1.73419442e-03 1.78109896e-03
2.28262358e+00 -5.50803886e-09 1.73708258e-03 1.78380353e-03
2.28573766e+00 -5.59555411e-09 1.74000684e-03 1.78652628e-03
2.28885174e+00 -5.68267985e-09 1.74296703e-03 1.78926713e-03
2.29196583e+00 -5.76938207e-09 1.74596297e-03 1.79202595e-03
2.29507991e+00 -5.85562866e-09 1.74899445e-03 1.79480266e-03
2.29819400e+00 -5.94138596e-09 1.75206126e-03 1.79759712e-03
2.30130808e+00 -6.02662035e-09 1.75516316e-03 1.80040922e-03
2.30442216e+00 -6.11130050e-09 1.75829992e-03 1.80323882e-03
2.30753625e+00 -6.19539347e-09 1.76147127e-03 1.80608579e-03
2.31065033e+00 -6.27886736e-09 1.76467695e-03 1.80894997e-03
2.31376442e+00 -6.36168946e-09 1.76791667e-03 1.81183123e-03
2.31687850e+00 -6.44382914e-09 1.77119014e-03 1.81472939e-03
2.31999258e+00 -6.52525416e-09 1.77449703e-03 1.81764429e-03
2.32310667e+00 -6.60593366e-09 1.77783704e-03 1.82057576e-03
2.32622075e+00 -6.68583690e-09 1.78120982e-03 1.82352362e-03
2.32933484e+00 -6.76493327e-09 1.78461502e-03 1.82648768e-03
2.33244892e+00 -6.84319189e-09 1.78805229e-03 1.82946776e-03
2.33556300e+00 -6.92058378e-09 1.79152124e-03 1.83246365e-03
2.33867709e+00 -6.99707820e-09 1.79502150e-03 1.83547515e-03
2.34179117e+00 -7.07264719e-09 1.79855266e-03 1.83850205e-03
2.34490526e+00 -7.14726070e-09 1.80211431e-03 1.84154414e-03
2.34801934e+00 -7.22089089e-09 1.80570603e-03 1.84460118e-03
2.35113342e+00 -7.29350878e-09 1.80932739e-03 1.84767295e-03
2.35424751e+00 -7.36508767e-09 1.81297794e-03 1.85075923e-03
2.35736159e+00 -7.43559927e-09 1.81665723e-03 1.85385976e-03
2.36047568e+00 -7.50501700e-09 1.82036478e-03 1.85697430e-03
2.36358976e+00 -7.57331455e-09 1.82410013e-03 1.86010261e-03
2.36670384e+00 -7.64046534e-09 1.82786278e-03 1.86324443e-03
2.36981793e+00 -7.70644351e-09 1.83165224e-03 1.86639949e-03
2.37293201e+00 -7.77122412e-09 1.83546800e-03 1.86956754e-03
2.37604610e+00 -7.83478257e-09 1.83930953e-03 1.87274830e-03
2.37916018e+00 -7.89709417e-09 1.84317631e-03 1.87594149e-03
2.38227426e+00 -7.95813570e-09 1.84706781e-03 1.87914684e-03
2.38538835e+00 -8.01788317e-09 1.85098347e-03 1.88236407e-03
2.38850243e+00 -8.07631324e-09 1.85492274e-03 1.88559288e-03
2.39161652e+00 -8.13340505e-09 1.85888506e-03 1.88883298e-03
2.39473060e+00 -8.18913551e-09 1.86286985e-03 1.89208408e-03
2.39784468e+00 -8.24348385e-09 1.86687653e-03 1.89534587e-03
2.40095877e+00 -8.29642897e-09 1.87090451e-03 1.89861805e-03
2.40407285e+00 -8.34795091e-09 1.87495320e-03 1.90190032e-03
2.40718694e+00 -8.39802949e-09 1.87902199e-03 1.90519235e-03
2.41030102e+00 -8.44664626e-09 1.88311026e-03 1.90849384e-03
2.41341510e+00 -8.49378198e-09 1.88721741e-03 1.91180447e-03
2.41652919e+00 -8.53941923e-09 1.89134280e-03 1.91512391e-03
2.41964327e+00 -8.58353982e-09 1.89548580e-03 1.91845184e-03
2.42275736e+00 -8.62612749e-09 1.89964577e-03 1.92178793e-03
2.42587144e+00 -8.66716532e-09 1.90382207e-03 1.92513186e-03
2.42898552e+00 -8.70663822e-09 1.90801405e-03 1.92848329e-03
2.43209961e+00 -8.74453099e-09 1.91222105e-03 1.93184188e-03
2.43521369e+00 -8.78082880e-09 1.91644240e-03 1.93520730e-03
2.43832778e+00 -8.81551795e-09 1.92067745e-03 1.93857921e-03
2.44144186e+00 -8.84858475e-09 1.92492553e-03 1.94195727e-03
2.44455594e+00 -8.88001749e-09 1.92918594e-03 1.94534113e-03
2.44767003e+00 -8.90980353e-09 1.93345803e-03 1.94873044e-03
2.45078411e+00 -8.93793115e-09 1.93774109e-03 1.95212487e-03
2.45389820e+00 -8.96439071e-09 1.94203446e-03 1.95552405e-03
2.45701228e+00 -8.98917110e-09 1.94633742e-03 1.95892765e-03
2.46012636e+00 -9.01226278e-09 1.95064930e-03 1.96233531e-03
2.46324045e+00 -9.03365742e-09 1.95496939e-03 1.96574668e-03
2.46635453e+00 -9.05334689e-09 1.95929699e-03 1.96916141e-03
2.46946862e+00 -9.07132331e-09 1.96363140e-03 1.97257914e-03
2.47258270e+00 -9.08757994e-09 1.96797192e-03 1.97599951e-03
2.47569678e+00 -9.10211029e-09 1.97231784e-03 1.97942218e-03
2.47881087e+00 -9.11490949e-09 1.97666845e-03 1.98284679e-03
2.48192495e+00 -9.12597185e-09 1.98102305e-03 1.98627298e-03
2.48503904e+00 -9.13529355e-09 1.98538093e-03 1.98970040e-03
2.48815312e+00 -9.14287099e-09 1.98974136e-03 1.99312869e-03
2.49126720e+00 -9.14870104e-09 1.99410365e-03 1.99655749e-03
2.49438129e+00 -9.15278162e-09 1.99846709e-03 1.99998645e-03
2.49749537e+00 -9.15511178e-09 2.00283095e-03 2.00341522e-03
2.50060946e+00 -9.15569003e-09 2.00719453e-03 2.00684344e-03
2.50372354e+00 -9.15451602e-09 2.01155713e-03 2.01027077e-03
2.50683762e+00 -9.15158997e-09 2.01591802e-03 2.01369683e-03
2.50995171e+00 -9.14691398e-09 2.02027650e-03 2.01712129e-03
2.51306579e+00 -9.14048910e-09 2.02463187e-03 2.02054379e-03
2.51617988e+00 -9.13231786e-09 2.02898341e-03 2.02396399e-03
2.51929396e+00 -9.12240341e-09 2.03333043e-03 2.02738153e-03
2.52240804e+00 -9.11074981e-09 2.03767222e-03 2.03079607e-03
2.52552213e+00 -9.09736110e-09 2.04200808e-03 2.03420727e-03
2.52863621e+00 -9.08224288e-09 2.04633733e-03 2.03761478e-03
2.53175030e+00 -9.06540057e-09 2.05065925e-03 2.04101825e-03
2.53486438e+00 -9.04684046e-09 2.05497317e-03 2.04441735e-03
2.53797846e+00 -9.02657019e-09 2.05927839e-03 2.04781175e-03
2.54109255e+00 -9.00459730e-09 2.06357424e-03 2.05120110e-03
2.54420663e+00 -8.98092991e-09 2.06786003e-03 2.05458507e-03
2.54732072e+00 -8.95557731e-09 2.07213508e-03 2.05796334e-03
2.55043480e+00 -8.92854924e-09 2.07639873e-03 2.06133557e-03
2.55354888e+00 -8.89985602e-09 2.08065031e-03 2.06470143e-03
2.55666297e+00 -8.86950844e-09 2.08488916e-03 2.06806061e-03
2.55977705e+00 -8.83751856e-09 2.08911462e-03 2.07141279e-03
2.56289114e+00 -8.80389810e-09 2.09332604e-03 2.07475764e-03
2.56600522e+00 -8.76865993e-09 2.09752277e-03 2.07809486e-03
2.56911930e+00 -8.73181809e-09 2.10170417e-03 2.08142413e-03
2.57223339e+00 -8.69338639e-09 2.10586962e-03 2.08474514e-03
2.57534747e+00 -8.65337944e-09 2.11001848e-03 2.08805759e-03
2.57846156e+00 -8.61181255e-09 2.11415013e-03 2.09136118e-03
2.58157564e+00 -8.56870149e-09 2.11826396e-03 2.09465561e-03
2.58468972e+00 -8.52406321e-09 2.12235935e-03 2.09794059e-03
2.58780381e+00 -8.47791441e-09 2.12643572e-03 2.10121582e-03
2.59091789e+00 -8.43027271e-09 2.13049246e-03 2.10448103e-03
2.59403198e+00 -8.38115621e-09 2.13452899e-03 2.10773592e-03
2.59714606e+00 -8.33058453e-09 2.13854474e-03 2.11098022e-03
2.60026014e+00 -8.27857632e-09 2.14253912e-03 2.11421366e-03
2.60337423e+00 -8.22515144e-09 2.14651159e-03 2.11743597e-03
2.60648831e+00 -8.17033087e-09 2.15046159e-03 2.12064688e-03
2.60960240e+00 -8.11413456e-09 2.15438856e-03 2.12384612e-03
2.61271648e+00 -8.05658526e-09 2.15829199e-03 2.12703345e-03
2.61583056e+00 -7.99770407e-09 2.16217133e-03 2.13020860e-03
2.61894465e+00 -7.93751396e-09 2.16602608e-03 2.13337134e-03
2.62205873e+00 -7.87603790e-09 2.16985572e-03 2.13652141e-03
2.62517282e+00 -7.81329955e-09 2.17365975e-03 2.13965859e-03
2.62828690e+00 -7.74932234e-09 2.17743769e-03 2.14278263e-03
2.63140098e+00 -7.68413156e-09 2.18118905e-03 2.14589330e-03
2.63451507e+00 -7.61775123e-09 2.18491337e-03 2.14899039e-03
2.63762915e+00 -7.55020755e-09 2.18861018e-03 2.15207368e-03
2.64074324e+00 -7.48152605e-09 2.19227904e-03 2.15514295e-03
2.64385732e+00 -7.41173318e-09 2.19591951e-03 2.15819799e-03
2.64697140e+00 -7.34085538e-09 2.19953116e-03 2.16123860e-03
2.65008549e+00 -7.26891991e-09 2.20311357e-03 2.16426458e-03
2.65319957e+00 -7.19595426e-09 2.20666633e-03 2.16727574e-03
2.65631366e+00 -7.12198651e-09 2.21018906e-03 2.17027190e-03
2.65942774e+00 -7.04704484e-09 2.21368137e-03 2.17325287e-03
2.66254182e+00 -6.97115791e-09 2.21714288e-03 2.17621847e-03
2.66565591e+00 -6.89435482e-09 2.22057323e-03 2.17916853e-03
2.66876999e+00 -6.81666481e-09 2.22397207e-03 2.18210290e-03
2.67188408e+00 -6.73811759e-09 2.22733908e-03 2.18502141e-03
2.67499816e+00 -6.65874352e-09 2.23067391e-03 2.18792390e-03
2.67811224e+00 -6.57857279e-09 2.23397626e-03 2.19081023e-03
2.68122633e+00 -6.49763589e-09 2.23724582e-03 2.19368027e-03
2.68434041e+00 -6.41596426e-09 2.24048231e-03 2.19653386e-03
2.68745450e+00 -6.33358898e-09 2.24368544e-03 2.19937089e-03
2.69056858e+00 -6.25054162e-09 2.24685496e-03 2.20219122e-03
2.69368266e+00 -6.16685360e-09 2.24999061e-03 2.20499475e-03
2.69679675e+00 -6.08255740e-09 2.25309215e-03 2.20778136e-03
2.69991083e+00 -5.99768469e-09 2.25615935e-03 2.21055094e-03
2.70302492e+00 -5.91226854e-09 2.25919200e-03 2.21330339e-03
2.70613900e+00 -5.82634176e-09 2.26218990e-03 2.21603862e-03
2.70925308e+00 -5.73993637e-09 2.26515286e-03 2.21875654e-03
2.71236717e+00 -5.65308648e-09 2.26808070e-03 2.22145708e-03
2.71548125e+00 -5.56582457e-09 2.27097326e-03 2.22414015e-03
2.71859534e+00 -5.47818450e-09 2.27383039e-03 2.22680569e-03
2.72170942e+00 -5.39019923e-09 2.27665196e-03 2.22945364e-03
2.72482350e+00 -5.30190331e-09 2.27943784e-03 2.23208393e-03
2.72793759e+00 -5.21332992e-09 2.28218792e-03 2.23469653e-03
2.73105167e+00 -5.12451294e-09 2.28490210e-03 2.23729138e-03
2.73416576e+00 -5.03548647e-09 2.28758031e-03 2.23986845e-03
2.73727984e+00 -4.94628507e-09 2.29022247e-03 2.24242770e-03
2.74039392e+00 -4.85694192e-09 2.29282852e-03 2.24496912e-03
2.74350801e+00 -4.76749206e-09 2.29539842e-03 2.24749269e-03
2.74662209e+00 -4.67796981e-09 2.29793215e-03 2.24999839e-03
2.74973618e+00 -4.58840882e-09 2.30042968e-03 2.25248622e-03
2.75285026e+00 -4.49884342e-09 2.30289101e-03 2.25495618e-03
2.75596434e+00 -4.40930818e-09 2.30531616e-03 2.25740828e-03
2.75907843e+00 -4.31983755e-09 2.30770514e-03 2.25984253e-03
2.76219251e+00 -4.23046518e-09 2.31005800e-03 2.26225895e-03
2.76530660e+00 -4.14122562e-09 2.31237479e-03 2.26465758e-03
2.76842068e+00 -4.05215309e-09 2.31465556e-03 2.26703843e-03
2.77153477e+00 -3.96328194e-09 2.31690041e-03 2.26940156e-03
2.77464885e+00 -3.87464557e-09 2.31910941e-03 2.27174700e-03
2.77776293e+00 -3.78627831e-09 2.32128268e-03 2.27407482e-03
2.78087702e+00 -3.69821369e-09 2.32342033e-03 2.27638506e-03
2.78399110e+00 -3.61048581e-09 2.32552249e-03 2.27867780e-03
2.78710519e+00 -3.52312832e-09 2.32758931e-03 2.28095310e-03
2.79021927e+00 -3.43617461e-09 2.32962094e-03 2.28321105e-03
2.79333335e+00 -3.34965763e-09 2.33161756e-03 2.28545172e-03
2.79644744e+00 -3.26361045e-09 2.33357935e-03 2.28767522e-03
2.79956152e+00 -3.17806635e-09 2.33550650e-03 2.28988162e-03
2.80267561e+00 -3.09305781e-09 2.33739923e-03 2.29207105e-03
2.80578969e+00 -3.00861766e-09 2.33925776e-03 2.29424359e-03
2.80890377e+00 -2.92477884e-09 2.34108232e-03 2.29639938e-03
2.81201786e+00 -2.84157232e-09 2.34287317e-03 2.29853854e-03
2.81513194e+00 -2.75903001e-09 2.34463056e-03 2.30066118e-03
2.81824603e+00 -2.67718369e-09 2.34635476e-03 2.30276744e-03
2.82136011e+00 -2.59606537e-09 2.34804607e-03 2.30485747e-03
2.82447419e+00 -2.51570533e-09 2.34970478e-03 2.30693141e-03
2.82758828e+00 -2.43613488e-09 2.35133120e-03 2.30898940e-03
2.83070236e+00 -2.35738373e-09 2.35292566e-03 2.31103161e-03
2.83381645e+00 -2.27948307e-09 2.35448848e-03 2.31305820e-03
2.83693053e+00 -2.20246191e-09 2.35602002e-03 2.31506934e-03
2.84004461e+00 -2.12635040e-09 2.35752064e-03 2.31706520e-03
2.84315870e+00 -2.05117708e-09 2.35899070e-03 2.31904596e-03
2.84627278e+00 -1.97697096e-09 2.36043058e-03 2.32101181e-03
2.84938687e+00 -1.90376032e-09 2.36184069e-03 2.32296295e-03
2.85250095e+00 -1.83157383e-09 2.36322142e-03 2.32489956e-03
2.85561503e+00 -1.76043817e-09 2.36457319e-03 2.32682185e-03
2.85872912e+00 -1.69038117e-09 2.36589643e-03 2.32873003e-03
2.86184320e+00 -1.62142939e-09 2.36719158e-03 2.33062431e-03
2.86495729e+00 -1.55360930e-09 2.36845908e-03 2.33250491e-03
2.86807137e+00 -1.48694767e-09 2.36969939e-03 2.33437206e-03
2.87118545e+00 -1.42146852e-09 2.37091298e-03 2.33622598e-03
2.87429954e+00 -1.35719830e-09 2.37210034e-03 2.33806690e-03
2.87741362e+00 -1.29416103e-09 2.37326194e-03 2.33989507e-03
2.88052771e+00 -1.23238024e-09 2.37439830e-03 2.34171074e-03
2.88364179e+00 -1.17188111e-09 2.37550992e-03 2.34351414e-03
2.88675587e+00 -1.11268556e-09 2.37659731e-03 2.34530553e-03
2.88986996e+00 -1.05481634e-09 2.37766102e-03 2.34708518e-03
2.89298404e+00 -9.98295820e-10 2.37870157e-03 2.34885334e-03
2.89609813e+00 -9.43146163e-10 2.37971951e-03 2.35061028e-03
2.89921221e+00 -8.89387668e-10 2.38071539e-03 2.35235627e-03
2.90232629e+00 -8.37041563e-10 2.38168979e-03 2.35409159e-03
2.90544038e+00 -7.86127103e-10 2.38264327e-03 2.35581652e-03
2.90855446e+00 -7.36665051e-10 2.38357641e-03 2.35753135e-03
2.91166855e+00 -6.88673620e-10 2.38448980e-03 2.35923636e-03
2.91478263e+00 -6.42170557e-10 2.38538404e-03 2.36093185e-03
2.91789671e+00 -5.97174770e-10 2.38625972e-03 2.36261811e-03
2.92101080e+00 -5.53702614e-10 2.38711747e-03 2.36429544e-03
2.92412488e+00 -5.11771837e-10 2.38795790e-03 2.36596414e-03
2.92723897e+00 -4.71397635e-10 2.38878164e-03 2.36762453e-03
2.93035305e+00 -4.32595203e-10 2.38958931e-03 2.36927692e-03
2.93346713e+00 -3.95380318e-10 2.39038155e-03 2.37092161e-03
2.93658122e+00 -3.59766434e-10 2.39115901e-03 2.37255894e-03
2.93969530e+00 -3.25767473e-10 2.39192234e-03 2.37418921e-03
2.94280939e+00 -2.93396888e-10 2.39267219e-03 2.37581275e-03
2.94592347e+00 -2.62666281e-10 2.39340923e-03 2.37742989e-03
2.94903755e+00 -2.33587831e-10 2.39413412e-03 2.37904095e-03
2.95215164e+00 -2.06173022e-10 2.39484753e-03 2.38064628e-03
2.95526572e+00 -1.80431713e-10 2.39555015e-03 2.38224620e-03
2.95837981e+00 -1.56374344e-10 2.39624264e-03 2.38384105e-03
2.96149389e+00 -1.34009616e-10 2.39692570e-03 2.38543117e-03
2.96460797e+00 -1.13346228e-10 2.39760001e-03 2.38701691e-03
2.96772206e+00 -9.43924160e-11 2.39826627e-03 2.38859860e-03
2.97083614e+00 -7.71553716e-11 2.39892518e-03 2.39017659e-03
2.97395023e+00 -6.16413588e-11 2.39957743e-03 2.39175123e-03
2.97706431e+00 -4.78560616e-11 2.40022372e-03 2.39332287e-03
2.98017839e+00 -3.58059758e-11 2.40086476e-03 2.39489186e-03
2.98329248e+00 -2.54946974e-11 2.40150126e-03 2.39645855e-03
2.98640656e+00 -1.69260543e-11 2.40213393e-03 2.39802329e-03
2.98952065e+00 -1.01041063e-11 2.40276348e-03 2.39958644e-03
2.99263473e+00 -5.03105755e-12 2.40339062e-03 2.40114836e-03
2.99574881e+00 -1.70911192e-12 2.40401607e-03 2.40270940e-03
2.99886290e+00 -1.38385402e-13 2.40464054e-03 2.40426992e-03
3.00197698e+00 -3.21313968e-13 2.40526474e-03 2.40583027e-03
3.00509107e+00 -2.25638964e-12 2.40588940e-03 2.40739082e-03
3.00820515e+00 -5.94338043e-12 2.40651524e-03 2.40895192e-03
3.01131923e+00 -1.13807784e-11 2.40714296e-03 2.41051393e-03
3.01443332e+00 -1.85669595e-11 2.40777329e-03 2.41207721e-03
3.01754740e+00 -2.74984438e-11 2.40840694e-03 2.41364213e-03
3.02066149e+00 -3.81722154e-11 2.40904463e-03 2.41520903e-03
3.02377557e+00 -5.05842144e-11 2.40968707e-03 2.41677828e-03
3.02688965e+00 -6.47298009e-11 2.41033498e-03 2.41835023e-03
3.03000374e+00 -8.06029429e-11 2.41098906e-03 2.41992525e-03
3.03311782e+00 -9.81983046e-11 2.41165002e-03 2.42150368e-03
3.03623191e+00 -1.17509042e-10 2.41231857e-03 2.42308589e-03
3.03934599e+00 -1.38527036e-10 2.41299542e-03 2.42467223e-03
3.04246007e+00 -1.61244745e-10 2.41368127e-03 2.42626305e-03
3.04557416e+00 -1.85653703e-10 2.41437681e-03 2.42785870e-03
3.04868824e+00 -2.11743933e-10 2.41508275e-03 2.42945953e-03
3.05180233e+00 -2.39506388e-10 2.41579976e-03 2.43106589e-03
3.05491641e+00 -2.68929468e-10 2.41652854e-03 2.43267814e-03
3.05803049e+00 -3.00002964e-10 2.41726978e-03 2.43429660e-03
3.06114458e+00 -3.32713190e-10 2.41802415e-03 2.43592164e-03
3.06425866e+00 -3.67049474e-10 2.41879232e-03 2.43755358e-03
3.06737275e+00 -4.02998359e-10 2.41957497e-03 2.43919276e-03
3.07048683e+00 -4.40544534e-10 2.42037275e-03 2.44083953e-03
3.07360091e+00 -4.79675703e-10 2.42118633e-03 2.44249421e-03
3.07671500e+00 -5.20375627e-10 2.42201636e-03 2.44415713e-03
3.07982908e+00 -5.62628878e-10 2.42286348e-03 2.44582862e-03
3.08294317e+00 -6.06419332e-10 2.42372834e-03 2.44750901e-03
3.08605725e+00 -6.51730401e-10 2.42461157e-03 2.44919862e-03
3.08917133e+00 -6.98544803e-10 2.42551380e-03 2.45089776e-03
3.09228542e+00 -7.46844208e-10 2.42643564e-03 2.45260675e-03
3.09539950e+00 -7.96610290e-10 2.42737770e-03 2.45432589e-03
3.09851359e+00 -8.47824024e-10 2.42834060e-03 2.45605551e-03
3.10162767e+00 -9.00465924e-10 2.42932493e-03 2.45779589e-03
3.10474175e+00 -9.54515805e-10 2.43033127e-03 2.45954734e-03
3.10785584e+00 -1.00995279e-09 2.43136022e-03 2.46131015e-03
3.11096992e+00 -1.06675565e-09 2.43241233e-03 2.46308461e-03
3.11408401e+00 -1.12490269e-09 2.43348817e-03 2.46487101e-03
3.11719809e+00 -1.18437164e-09 2.43458830e-03 2.46666963e-03
3.12031217e+00 -1.24514011e-09 2.43571326e-03 2.46848075e-03
3.12342626e+00 -1.30718399e-09 2.43686359e-03 2.47030464e-03
3.12654034e+00 -1.37048028e-09 2.43803981e-03 2.47214156e-03
3.12965443e+00 -1.43500407e-09 2.43924243e-03 2.47399178e-03
3.13276851e+00 -1.50073146e-09 2.44047197e-03 2.47585556e-03
3.13588259e+00 -1.56763645e-09 2.44172891e-03 2.47773314e-03
3.13899668e+00 -1.63569434e-09 2.44301374e-03 2.47962478e-03
3.14211076e+00 -1.70487858e-09 2.44432694e-03 2.48153071e-03
3.14522485e+00 -1.77516189e-09 2.44566897e-03 2.48345117e-03
3.14833893e+00 -1.84651853e-09 2.44704027e-03 2.48538639e-03
3.15145301e+00 -1.91892089e-09 2.44844130e-03 2.48733659e-03
3.15456710e+00 -1.99234113e-09 2.44987247e-03 2.48930199e-03
3.15768118e+00 -2.06675107e-09 2.45133420e-03 2.49128281e-03
3.16079527e+00 -2.14212216e-09 2.45282690e-03 2.49327924e-03
3.16390935e+00 -2.21842564e-09 2.45435097e-03 2.49529150e-03
3.16702343e+00 -2.29563240e-09 2.45590678e-03 2.49731976e-03
3.17013752e+00 -2.37371274e-09 2.45749469e-03 2.49936422e-03
3.17325160e+00 -2.45263673e-09 2.45911508e-03 2.50142507e-03
3.17636569e+00 -2.53237398e-09 2.46076827e-03 2.50350246e-03
3.17947977e+00 -2.61289422e-09 2.46245460e-03 2.50559658e-03
3.18259385e+00 -2.69416716e-09 2.46417439e-03 2.50770758e-03
3.18570794e+00 -2.77616046e-09 2.46592794e-03 2.50983561e-03
3.18882202e+00 -2.85884370e-09 2.46771553e-03 2.51198083e-03
3.19193611e+00 -2.94218501e-09 2.46953746e-03 2.51414337e-03
3.19505019e+00 -3.02615200e-09 2.47139398e-03 2.51632337e-03
3.19816427e+00 -3.11071314e-09 2.47328534e-03 2.51852095e-03
3.20127836e+00 -3.19583571e-09 2.47521178e-03 2.52073624e-03
3.20439244e+00 -3.28148734e-09 2.47717352e-03 2.52296934e-03
3.20750653e+00 -3.36763521e-09 2.47917078e-03 2.52522036e-03
3.21062061e+00 -3.45424614e-09 2.48120374e-03 2.52748939e-03
3.21373469e+00 -3.54128650e-09 2.48327258e-03 2.52977654e-03
3.21684878e+00 -3.62872404e-09 2.48537748e-03 2.53208187e-03
3.21996286e+00 -3.71652499e-09 2.48751859e-03 2.53440547e-03
3.22307695e+00 -3.80465492e-09 2.48969603e-03 2.53674741e-03
3.22619103e+00 -3.89308110e-09 2.49190995e-03 2.53910775e-03
3.22930511e+00 -3.98176909e-09 2.49416045e-03 2.54148653e-03
3.23241920e+00 -4.07068525e-09 2.49644761e-03 2.54388382e-03
3.23553328e+00 -4.15979547e-09 2.49877153e-03 2.54629963e-03
3.23864737e+00 -4.24906543e-09 2.50113227e-03 2.54873402e-03
3.24176145e+00 -4.33846089e-09 2.50352988e-03 2.55118699e-03
3.24487553e+00 -4.42794799e-09 2.50596440e-03 2.55365857e-03
3.24798962e+00 -4.51749216e-09 2.50843586e-03 2.55614877e-03
3.25110370e+00 -4.60705976e-09 2.51094425e-03 2.55865758e-03
3.25421779e+00 -4.69661553e-09 2.51348957e-03 2.56118501e-03
3.25733187e+00 -4.78612572e-09 2.51607180e-03 2.56373103e-03
3.26044595e+00 -4.87555621e-09 2.51869091e-03 2.56629562e-03
3.26356004e+00 -4.96487221e-09 2.52134685e-03 2.56887876e-03
3.26667412e+00 -5.05404032e-09 2.52403955e-03 2.57148042e-03
3.26978821e+00 -5.14302585e-09 2.52676893e-03 2.57410053e-03
3.27290229e+00 -5.23179469e-09 2.52953490e-03 2.57673907e-03
3.27601637e+00 -5.32031355e-09 2.53233735e-03 2.57939596e-03
3.27913046e+00 -5.40854753e-09 2.53517616e-03 2.58207114e-03
3.28224454e+00 -5.49646332e-09 2.53805119e-03 2.58476454e-03
3.28535863e+00 -5.58402764e-09 2.54096229e-03 2.58747607e-03
3.28847271e+00 -5.67120673e-09 2.54390931e-03 2.59020566e-03
3.29158679e+00 -5.75796649e-09 2.54689205e-03 2.59295320e-03
3.29470088e+00 -5.84427490e-09 2.54991032e-03 2.59571859e-03
3.29781496e+00 -5.93009845e-09 2.55296393e-03 2.59850172e-03
3.30092905e+00 -6.01540394e-09 2.55605264e-03 2.60130248e-03
3.30404313e+00 -6.10015926e-09 2.55917622e-03 2.60412074e-03
3.30715721e+00 -6.18433157e-09 2.56233444e-03 2.60695637e-03
3.31027130e+00 -6.26788909e-09 2.56552701e-03 2.60980924e-03
3.31338538e+00 -6.35079912e-09 2.56875368e-03 2.61267920e-03
3.31649947e+00 -6.43303067e-09 2.57201415e-03 2.61556609e-03
3.31961355e+00 -6.51455185e-09 2.57530812e-03 2.61846977e-03
3.32272763e+00 -6.59533146e-09 2.57863528e-03 2.62139007e-03
3.32584172e+00 -6.67533887e-09 2.58199530e-03 2.62432681e-03
3.32895580e+00 -6.75454311e-09 2.58538783e-03 2.62727982e-03
3.33206989e+00 -6.83291449e-09 2.58881254e-03 2.63024892e-03
3.33518397e+00 -6.91042249e-09 2.59226905e-03 2.63323391e-03
3.33829805e+00 -6.98703685e-09 2.59575698e-03 2.63623461e-03
3.34141214e+00 -7.06272960e-09 2.59927595e-03 2.63925080e-03
3.34452622e+00 -7.13747094e-09 2.60282555e-03 2.64228228e-03
3.34764031e+00 -7.21123210e-09 2.60640538e-03 2.64532884e-03
3.35075439e+00 -7.28398547e-09 2.61001500e-03 2.64839025e-03
3.35386847e+00 -7.35570322e-09 2.61365399e-03 2.65146628e-03
3.35698256e+00 -7.42635691e-09 2.61732189e-03 2.65455672e-03
3.36009664e+00 -7.49592046e-09 2.62101825e-03 2.65766132e-03
3.36321073e+00 -7.56436752e-09 2.62474259e-03 2.66077983e-03
3.36632481e+00 -7.63167074e-09 2.62849444e-03 2.66391202e-03
3.36943889e+00 -7.69780562e-09 2.63227331e-03 2.66705762e-03
3.37255298e+00 -7.76274537e-09 2.63607869e-03 2.67021638e-03
3.37566706e+00 -7.82646692e-09 2.63991008e-03 2.67338804e-03
3.37878115e+00 -7.88894474e-09 2.64376695e-03 2.67657233e-03
3.38189523e+00 -7.95015494e-09 2.64764878e-03 2.67976897e-03
3.38500931e+00 -8.01007419e-09 2.65155502e-03 2.68297769e-03
3.38812340e+00 -8.06868012e-09 2.65548513e-03 2.68619821e-03
3.39123748e+00 -8.12594906e-09 2.65943855e-03 2.68943024e-03
3.39435157e+00 -8.18186059e-09 2.66341470e-03 2.69267349e-03
3.39746565e+00 -8.23639232e-09 2.66741303e-03 2.69592766e-03
3.40057973e+00 -8.28952397e-09 2.67143294e-03 2.69919246e-03
3.40369382e+00 -8.34123464e-09 2.67547383e-03 2.70246759e-03
3.40680790e+00 -8.39150484e-09 2.67953512e-03 2.70575273e-03
3.40992199e+00 -8.44031557e-09 2.68361620e-03 2.70904759e-03
3.41303607e+00 -8.48764801e-09 2.68771645e-03 2.71235183e-03
3.41615015e+00 -8.53348351e-09 2.69183525e-03 2.71566516e-03
3.41926424e+00 -8.57780523e-09 2.69597197e-03 2.71898724e-03
3.42237832e+00 -8.62059637e-09 2.70012597e-03 2.72231776e-03
3.42549241e+00 -8.66183962e-09 2.70429663e-03 2.72565639e-03
3.42860649e+00 -8.70151981e-09 2.70848328e-03 2.72900280e-03
3.43172057e+00 -8.73962185e-09 2.71268528e-03 2.73235666e-03
3.43483466e+00 -8.77613065e-09 2.71690197e-03 2.73571763e-03
3.43794874e+00 -8.81103278e-09 2.72113268e-03 2.73908538e-03
3.44106283e+00 -8.84431533e-09 2.72537675e-03 2.74245957e-03
3.44417691e+00 -8.87596418e-09 2.72963350e-03 2.74583985e-03
3.44729099e+00 -8.90596795e-09 2.73390225e-03 2.74922590e-03
3.45040508e+00 -8.93431549e-09 2.73818232e-03 2.75261735e-03
3.45351916e+00 -8.96099534e-09 2.74247303e-03 2.75601386e-03
3.45663325e+00 -8.98599798e-09 2.74677369e-03 2.75941509e-03
3.45974733e+00 -9.00931284e-09 2.75108360e-03 2.76282069e-03
3.46286141e+00 -9.03093217e-09 2.75540206e-03 2.76623030e-03
3.46597550e+00 -9.05084714e-09 2.75972837e-03 2.76964357e-03
3.46908958e+00 -9.06904986e-09 2.76406184e-03 2.77306016e-03
3.47220367e+00 -9.08553373e-09 2.76840176e-03 2.77647969e-03
3.47531775e+00 -9.10029237e-09 2.77274742e-03 2.77990183e-03
3.47843183e+00 -9.11331985e-09 2.77709811e-03 2.78332621e-03
3.48154592e+00 -9.12461201e-09 2.78145312e-03 2.78675248e-03
3.48466000e+00 -9.13416350e-09 2.78581175e-03 2.79018028e-03
3.48777409e+00 -9.14197120e-09 2.79017328e-03 2.79360926e-03
3.49088817e+00 -9.14803243e-09 2.79453699e-03 2.79703905e-03
3.49400225e+00 -9.15234361e-09 2.79890217e-03 2.80046931e-03
3.49711634e+00 -9.15490496e-09 2.80326811e-03 2.80389967e-03
3.50023042e+00 -9.15571439e-09 2.80763410e-03 2.80732978e-03
3.50334451e+00 -9.15477144e-09 2.81199941e-03 2.81075928e-03
3.50645859e+00 -9.15207658e-09 2.81636335e-03 2.81418782e-03
3.50957267e+00 -9.14763131e-09 2.82072519e-03 2.81761504e-03
3.51268676e+00 -9.14143726e-09 2.82508422e-03 2.82104059e-03
3.51580084e+00 -9.13349640e-09 2.82943974e-03 2.82446412e-03
3.51891493e+00 -9.12381174e-09 2.83379104e-03 2.82788528e-03
3.52202901e+00 -9.11238700e-09 2.83813741e-03 2.83130371e-03
3.52514309e+00 -9.09922728e-09 2.84247814e-03 2.83471906e-03
3.52825718e+00 -9.08433675e-09 2.84681255e-03 2.83813099e-03
3.53137126e+00 -9.06772134e-09 2.85113992e-03 2.84153916e-03
3.53448535e+00 -9.04938812e-09 2.85545956e-03 2.84494321e-03
3.53759943e+00 -9.02934323e-09 2.85977078e-03 2.84834281e-03
3.54071351e+00 -9.00759410e-09 2.86407289e-03 2.85173761e-03
3.54382760e+00 -8.98414978e-09 2.86836521e-03 2.85512729e-03
3.54694168e+00 -8.95901920e-09 2.87264705e-03 2.85851149e-03
3.55005577e+00 -8.93221152e-09 2.87691774e-03 2.86188989e-03
3.55316985e+00 -8.90373777e-09 2.88117661e-03 2.86526216e-03
3.55628393e+00 -8.87360757e-09 2.88542298e-03 2.86862796e-03
3.55939802e+00 -8.84183391e-09 2.88965619e-03 2.87198698e-03
3.56251210e+00 -8.80842770e-09 2.89387560e-03 2.87533888e-03
3.56562619e+00 -8.77340239e-09 2.89808053e-03 2.87868336e-03
3.56874027e+00 -8.73677120e-09 2.90227036e-03 2.88202008e-03
3.57185435e+00 -8.69854888e-09 2.90644443e-03 2.88534875e-03
3.57496844e+00 -8.65874851e-09 2.91060211e-03 2.88866903e-03
3.57808252e+00 -8.61738671e-09 2.91474278e-03 2.89198064e-03
3.58119661e+00 -8.57447865e-09 2.91886581e-03 2.89528327e-03
3.58431069e+00 -8.53004069e-09 2.92297060e-03 2.89857660e-03
3.58742477e+00 -8.48409013e-09 2.92705652e-03 2.90186036e-03
3.59053886e+00 -8.43664458e-09 2.93112299e-03 2.90513424e-03
3.59365294e+00 -8.38772215e-09 2.93516941e-03 2.90839796e-03
3.59676703e+00 -8.33734070e-09 2.93919519e-03 2.91165123e-03
3.59988111e+00 -8.28552088e-09 2.94319976e-03 2.91489376e-03
3.60299519e+00 -8.23228229e-09 2.94718254e-03 2.91812529e-03
3.60610928e+00 -8.17764407e-09 2.95114299e-03 2.92134554e-03
3.60922336e+00 -8.12162837e-09 2.95508054e-03 2.92455425e-03
3.61233745e+00 -8.06425608e-09 2.95899466e-03 2.92775114e-03
3.61545153e+00 -8.00554993e-09 2.96288480e-03 2.93093596e-03
3.61856561e+00 -7.94553115e-09 2.96675045e-03 2.93410845e-03
3.62167970e+00 -7.88422328e-09 2.97059109e-03 2.93726836e-03
3.62479378e+00 -7.82165000e-09 2.97440621e-03 2.94041546e-03
3.62790787e+00 -7.75783495e-09 2.97819531e-03 2.94354949e-03
3.63102195e+00 -7.69280286e-09 2.98195792e-03 2.94667023e-03
3.63413603e+00 -7.62657808e-09 2.98569355e-03 2.94977743e-03
3.63725012e+00 -7.55918660e-09 2.98940173e-03 2.95287088e-03
3.64036420e+00 -7.49065392e-09 2.99308201e-03 2.95595036e-03
3.64347829e+00 -7.42100558e-09 2.99673395e-03 2.95901565e-03
3.64659237e+00 -7.35026941e-09 3.00035711e-03 2.96206655e-03
3.64970645e+00 -7.27847233e-09 3.00395107e-03 2.96510283e-03
3.65282054e+00 -7.20564078e-09 3.00751541e-03 2.96812432e-03
3.65593462e+00 -7.13180352e-09 3.01104973e-03 2.97113081e-03
3.65904871e+00 -7.05698864e-09 3.01455364e-03 2.97412212e-03
3.66216279e+00 -6.98122489e-09 3.01802677e-03 2.97709806e-03
3.66527687e+00 -6.90454105e-09 3.02146874e-03 2.98005846e-03
3.66839096e+00 -6.82696647e-09 3.02487920e-03 2.98300315e-03
3.67150504e+00 -6.74853071e-09 3.02825781e-03 2.98593196e-03
3.67461913e+00 -6.66926429e-09 3.03160423e-03 2.98884474e-03
3.67773321e+00 -6.58919691e-09 3.03491815e-03 2.99174132e-03
3.68084729e+00 -6.50835942e-09 3.03819925e-03 2.99462157e-03
3.68396138e+00 -6.42678303e-09 3.04144725e-03 2.99748534e-03
3.68707546e+00 -6.34449881e-09 3.04466185e-03 3.00033249e-03
3.69018955e+00 -6.26153786e-09 3.04784280e-03 3.00316290e-03
3.69330363e+00 -6.17793243e-09 3.05098983e-03 3.00597645e-03
3.69641771e+00 -6.09371442e-09 3.05410269e-03 3.00877301e-03
3.69953180e+00 -6.00891595e-09 3.05718116e-03 3.01155248e-03
3.70264588e+00 -5.92356974e-09 3.06022501e-03 3.01431475e-03
3.70575997e+00 -5.83770815e-09 3.06323404e-03 3.01705973e-03
3.70887405e+00 -5.75136483e-09 3.06620806e-03 3.01978732e-03
3.71198813e+00 -5.66457119e-09 3.06914688e-03 3.02249743e-03
3.71510222e+00 -5.57736206e-09 3.07205035e-03 3.02519000e-03
3.71821630e+00 -5.48976967e-09 3.07491830e-03 3.02786494e-03
3.72133039e+00 -5.40182835e-09 3.07775059e-03 3.03052219e-03
3.72444447e+00 -5.31357141e-09 3.08054710e-03 3.03316169e-03
3.72755855e+00 -5.22503225e-09 3.08330772e-03 3.03578339e-03
3.73067264e+00 -5.13624612e-09 3.08603233e-03 3.03838723e-03
3.73378672e+00 -5.04724505e-09 3.08872087e-03 3.04097319e-03
3.73690081e+00 -4.95806465e-09 3.09137325e-03 3.04354122e-03
3.74001489e+00 -4.86873832e-09 3.09398942e-03 3.04609130e-03
3.74312897e+00 -4.77930075e-09 3.09656932e-03 3.04862341e-03
3.74624306e+00 -4.68978605e-09 3.09911293e-03 3.05113753e-03
3.74935714e+00 -4.60022784e-09 3.10162022e-03 3.05363366e-03
3.75247123e+00 -4.51066128e-09 3.10409120e-03 3.05611180e-03
3.75558531e+00 -4.42112036e-09 3.10652587e-03 3.05857194e-03
3.75869939e+00 -4.33163906e-09 3.10892424e-03 3.06101411e-03
3.76181348e+00 -4.24225148e-09 3.11128636e-03 3.06343832e-03
3.76492756e+00 -4.15299290e-09 3.11361228e-03 3.06584460e-03
3.76804165e+00 -4.06389601e-09 3.11590206e-03 3.06823297e-03
3.77115573e+00 -3.97499644e-09 3.11815577e-03 3.07060349e-03
3.77426981e+00 -3.88632690e-09 3.12037350e-03 3.07295618e-03
3.77738390e+00 -3.79792252e-09 3.12255536e-03 3.07529111e-03
3.78049798e+00 -3.70981603e-09 3.12470146e-03 3.07760833e-03
3.78361207e+00 -3.62204175e-09 3.12681194e-03 3.07990791e-03
3.78672615e+00 -3.53463345e-09 3.12888693e-03 3.08218991e-03
3.78984023e+00 -3.44762418e-09 3.13092659e-03 3.08445442e-03
3.79295432e+00 -3.36104723e-09 3.13293110e-03 3.08670151e-03
3.79606840e+00 -3.27493648e-09 3.13490063e-03 3.08893129e-03
3.79918249e+00 -3.18932405e-09 3.13683538e-03 3.09114384e-03
3.80229657e+00 -3.10424325e-09 3.13873557e-03 3.09333926e-03
3.80541065e+00 -3.01972665e-09 3.14060141e-03 3.09551767e-03
3.80852474e+00 -2.93580571e-09 3.14243313e-03 3.09767919e-03
3.81163882e+00 -2.85251359e-09 3.14423100e-03 3.09982392e-03
3.81475291e+00 -2.76988173e-09 3.14599526e-03 3.10195201e-03
3.81786699e+00 -2.68794226e-09 3.14772620e-03 3.10406359e-03
3.82098107e+00 -2.60672580e-09 3.14942409e-03 3.10615879e-03
3.82409516e+00 -2.52626380e-09 3.15108923e-03 3.10823776e-03
3.82720924e+00 -2.44658756e-09 3.15272195e-03 3.11030066e-03
3.83032333e+00 -2.36772702e-09 3.15432255e-03 3.11234764e-03
3.83343741e+00 -2.28971222e-09 3.15589139e-03 3.11437886e-03
3.83655149e+00 -2.21257378e-09 3.15742879e-03 3.11639451e-03
3.83966558e+00 -2.13633990e-09 3.15893513e-03 3.11839475e-03
3.84277966e+00 -2.06104107e-09 3.16041077e-03 3.12037976e-03
3.84589375e+00 -1.98670607e-09 3.16185609e-03 3.12234974e-03
3.84900783e+00 -1.91336239e-09 3.16327150e-03 3.12430487e-03
3.85212191e+00 -1.84103891e-09 3.16465739e-03 3.12624535e-03
3.85523600e+00 -1.76976335e-09 3.16601419e-03 3.12817140e-03
3.85835008e+00 -1.69956228e-09 3.16734231e-03 3.13008321e-03
3.86146417e+00 -1.63046284e-09 3.16864221e-03 3.13198100e-03
3.86457825e+00 -1.56249241e-09 3.16991432e-03 3.13386500e-03
3.86769234e+00 -1.49567604e-09 3.17115912e-03 3.13573543e-03
3.87080642e+00 -1.43003995e-09 3.17237707e-03 3.13759252e-03
3.87392050e+00 -1.36560838e-09 3.17356864e-03 3.13943651e-03
3.87703459e+00 -1.30240708e-09 3.17473434e-03 3.14126764e-03
3.88014867e+00 -1.24045925e-09 3.17587467e-03 3.14308614e-03
3.88326276e+00 -1.17978938e-09 3.17699012e-03 3.14489229e-03
3.88637684e+00 -1.12042018e-09 3.17808123e-03 3.14668632e-03
3.88949092e+00 -1.06237476e-09 3.17914853e-03 3.14846850e-03
3.89260501e+00 -1.00567537e-09 3.18019255e-03 3.15023910e-03
3.89571909e+00 -9.50343132e-10 3.18121384e-03 3.15199839e-03
3.89883318e+00 -8.96400200e-10 3.18221295e-03 3.15374663e-03
3.90194726e+00 -8.43866643e-10 3.18319046e-03 3.15548411e-03
3.90506134e+00 -7.92762410e-10 3.18414694e-03 3.15721110e-03
3.90817543e+00 -7.43107570e-10 3.18508297e-03 3.15892791e-03
3.91128951e+00 -6.94921031e-10 3.18599913e-03 3.16063481e-03
3.91440360e+00 -6.48220771e-10 3.18689603e-03 3.16233210e-03
3.91751768e+00 -6.03024772e-10 3.18777427e-03 3.16402008e-03
3.92063176e+00 -5.59350896e-10 3.18863446e-03 3.16569905e-03
3.92374585e+00 -5.17215731e-10 3.18947722e-03 3.16736932e-03
3.92685993e+00 -4.76635052e-10 3.19030318e-03 3.16903120e-03
3.92997402e+00 -4.37624521e-10 3.19111298e-03 3.17068500e-03
3.93308810e+00 -4.00199215e-10 3.19190724e-03 3.17233103e-03
3.93620218e+00 -3.64373172e-10 3.19268663e-03 3.17396962e-03
3.93931627e+00 -3.30160542e-10 3.19345177e-03 3.17560108e-03
3.94243035e+00 -2.97574086e-10 3.19420335e-03 3.17722574e-03
3.94554444e+00 -2.66626679e-10 3.19494201e-03 3.17884394e-03
3.94865852e+00 -2.37329573e-10 3.19566843e-03 3.18045600e-03
3.95177260e+00 -2.09694600e-10 3.19638327e-03 3.18206225e-03
3.95488669e+00 -1.83732199e-10 3.19708722e-03 3.18366303e-03
3.95800077e+00 -1.59451651e-10 3.19778095e-03 3.18525868e-03
3.96111486e+00 -1.36863395e-10 3.19846516e-03 3.18684954e-03
3.96422894e+00 -1.15975319e-10 3.19914053e-03 3.18843595e-03
3.96734302e+00 -9.67954269e-11 3.19980776e-03 3.19001826e-03
3.97045711e+00 -7.93314908e-11 3.20046754e-03 3.19159681e-03
3.97357119e+00 -6.35893103e-11 3.20112057e-03 3.19317195e-03
3.97668528e+00 -4.95758453e-11 3.20176756e-03 3.19474403e-03
3.97979936e+00 -3.72960839e-11 3.20240921e-03 3.19631341e-03
3.98291344e+00 -2.67551297e-11 3.20304623e-03 3.19788043e-03
3.98602753e+00 -1.79565789e-11 3.20367933e-03 3.19944544e-03
3.98914161e+00 -1.09039113e-11 3.20430922e-03 3.20100882e-03
3.99225570e+00 -5.59991088e-12 3.20493661e-03 3.20257090e-03
3.99536978e+00 -2.04666558e-12 3.20556223e-03 3.20413205e-03
3.99848386e+00 -2.44871403e-13 3.20618678e-03 3.20569262e-03
4.00159795e+00 -1.95920322e-13 3.20681098e-03 3.20725297e-03
4.00471203e+00 -1.89992833e-12 3.20743554e-03 3.20881346e-03
4.00782612e+00 -5.35596746e-12 3.20806120e-03 3.21037446e-03
4.01094020e+00 -1.05626457e-11 3.20868865e-03 3.21193631e-03
4.01405428e+00 -1.75176432e-11 3.20931862e-03 3.21349937e-03
4.01716837e+00 -2.62191038e-11 3.20995183e-03 3.21506401e-03
4.02028245e+00 -3.66630837e-11 3.21058898e-03 3.21663058e-03
4.02339654e+00 -4.88458710e-11 3.21123080e-03 3.21819944e-03
4.02651062e+00 -6.27627098e-11 3.21187799e-03 3.21977095e-03
4.02962470e+00 -7.84083801e-11 3.21253127e-03 3.22134546e-03
4.03273879e+00 -9.57765020e-11 3.21319134e-03 3.22292334e-03
4.03585287e+00 -1.14861044e-10 3.21385891e-03 3.22450492e-03
4.03896696e+00 -1.35654465e-10 3.21453468e-03 3.22609058e-03
4.04208104e+00 -1.58148415e-10 3.21521936e-03 3.22768065e-03
4.04519512e+00 -1.82334541e-10 3.21591364e-03 3.22927549e-03
4.04830921e+00 -2.08203912e-10 3.21661821e-03 3.23087546e-03
4.05142329e+00 -2.35745970e-10 3.21733377e-03 3.23248089e-03
4.05453738e+00 -2.64950626e-10 3.21806100e-03 3.23409213e-03
4.05765146e+00 -2.95806395e-10 3.21880059e-03 3.23570953e-03
4.06076554e+00 -3.28302025e-10 3.21955320e-03 3.23733343e-03
4.06387963e+00 -3.62424176e-10 3.22031953e-03 3.23896417e-03
4.06699371e+00 -3.98160554e-10 3.22110022e-03 3.24060208e-03
4.07010780e+00 -4.35497585e-10 3.22189595e-03 3.24224749e-03
4.07322188e+00 -4.74420074e-10 3.22270737e-03 3.24390075e-03
4.07633596e+00 -5.14913522e-10 3.22353514e-03 3.24556218e-03
4.07945005e+00 -5.56963196e-10 3.22437990e-03 3.24723210e-03
4.08256413e+00 -6.00551930e-10 3.22524228e-03 3.24891084e-03
4.08567822e+00 -6.45663019e-10 3.22612293e-03 3.25059871e-03
4.08879230e+00 -6.92280224e-10 3.22702246e-03 3.25229604e-03
4.09190638e+00 -7.40384289e-10 3.22794149e-03 3.25400313e-03
4.09502047e+00 -7.89957815e-10 3.22888064e-03 3.25572030e-03
4.09813455e+00 -8.40981777e-10 3.22984051e-03 3.25744785e-03
4.10124864e+00 -8.93436340e-10 3.23082169e-03 3.25918608e-03
4.10436272e+00 -9.47301321e-10 3.23182477e-03 3.26093529e-03
4.10747680e+00 -1.00255677e-09 3.23285033e-03 3.26269577e-03
4.11059089e+00 -1.05918041e-09 3.23389894e-03 3.26446781e-03
4.11370497e+00 -1.11715148e-09 3.23497117e-03 3.26625170e-03
4.11681906e+00 -1.17644725e-09 3.23606756e-03 3.26804771e-03
4.11993314e+00 -1.23704509e-09 3.23718866e-03 3.26985613e-03
4.12304722e+00 -1.29892239e-09 3.23833500e-03 3.27167722e-03
4.12616131e+00 -1.36205455e-09 3.23950712e-03 3.27351124e-03
4.12927539e+00 -1.42641803e-09 3.24070551e-03 3.27535847e-03
4.13238948e+00 -1.49198777e-09 3.24193069e-03 3.27721914e-03
4.13550356e+00 -1.55873918e-09 3.24318315e-03 3.27909353e-03
4.13861764e+00 -1.62664640e-09 3.24446338e-03 3.28098187e-03
4.14173173e+00 -1.69568296e-09 3.24577185e-03 3.28288439e-03
4.14484581e+00 -1.76582314e-09 3.24710901e-03 3.28480135e-03
4.14795990e+00 -1.83703965e-09 3.24847533e-03 3.28673295e-03
4.15107398e+00 -1.90930548e-09 3.24987124e-03 3.28867944e-03
4.15418806e+00 -1.98259314e-09 3.25129717e-03 3.29064102e-03
4.15730215e+00 -2.05687397e-09 3.25275353e-03 3.29261790e-03
4.16041623e+00 -2.13211990e-09 3.25424073e-03 3.29461030e-03
4.16353032e+00 -2.20830193e-09 3.25575917e-03 3.29661841e-03
4.16664440e+00 -2.28539119e-09 3.25730922e-03 3.29864242e-03
4.16975848e+00 -2.36335808e-09 3.25889126e-03 3.30068253e-03
4.17287257e+00 -2.44217257e-09 3.26050564e-03 3.30273890e-03
4.17598665e+00 -2.52180426e-09 3.26215270e-03 3.30481173e-03
4.17910074e+00 -2.60222288e-09 3.26383277e-03 3.30690116e-03
4.18221482e+00 -2.68339781e-09 3.26554617e-03 3.30900737e-03
4.18532890e+00 -2.76529842e-09 3.26729322e-03 3.31113051e-03
4.18844299e+00 -2.84789212e-09 3.26907419e-03 3.31327073e-03
4.19155707e+00 -2.93114840e-09 3.27088936e-03 3.31542817e-03
4.19467116e+00 -3.01503477e-09 3.27273902e-03 3.31760295e-03
4.19778524e+00 -3.09951970e-09 3.27462339e-03 3.31979522e-03
4.20089932e+00 -3.18457000e-09 3.27654273e-03 3.32200509e-03
4.20401341e+00 -3.27015342e-09 3.27849726e-03 3.32423267e-03
4.20712749e+00 -3.35623738e-09 3.28048718e-03 3.32647807e-03
4.21024158e+00 -3.44278904e-09 3.28251271e-03 3.32874139e-03
4.21335566e+00 -3.52977511e-09 3.28457401e-03 3.33102272e-03
4.21646974e+00 -3.61716230e-09 3.28667126e-03 3.33332215e-03
4.21958383e+00 -3.70491674e-09 3.28880461e-03 3.33563975e-03
4.22269791e+00 -3.79300526e-09 3.29097420e-03 3.33797560e-03
4.22581200e+00 -3.88139444e-09 3.29318017e-03 3.34032975e-03
4.22892608e+00 -3.97005018e-09 3.29542262e-03 3.34270227e-03
4.23204016e+00 -4.05893792e-09 3.29770166e-03 3.34509320e-03
4.23515425e+00 -4.14802436e-09 3.30001736e-03 3.34750258e-03
4.23826833e+00 -4.23727506e-09 3.30236979e-03 3.34993045e-03
4.24138242e+00 -4.32665602e-09 3.30475902e-03 3.35237683e-03
4.24449650e+00 -4.41613268e-09 3.30718507e-03 3.35484174e-03
4.24761058e+00 -4.50567187e-09 3.30964799e-03 3.35732520e-03
4.25072467e+00 -4.59523784e-09 3.31214777e-03 3.35982721e-03
4.25383875e+00 -4.68479744e-09 3.31468443e-03 3.36234776e-03
4.25695284e+00 -4.77431563e-09 3.31725793e-03 3.36488685e-03
4.26006692e+00 -4.86375842e-09 3.31986826e-03 3.36744446e-03
4.26318100e+00 -4.95309171e-09 3.32251535e-03 3.37002056e-03
4.26629509e+00 -5.04228092e-09 3.32519917e-03 3.37261511e-03
4.26940917e+00 -5.13129255e-09 3.32791962e-03 3.37522809e-03
4.27252326e+00 -5.22009213e-09 3.33067662e-03 3.37785944e-03
4.27563734e+00 -5.30864580e-09 3.33347007e-03 3.38050911e-03
4.27875142e+00 -5.39691944e-09 3.33629986e-03 3.38317703e-03
4.28186551e+00 -5.48487943e-09 3.33916584e-03 3.38586314e-03
4.28497959e+00 -5.57249177e-09 3.34206788e-03 3.38856736e-03
4.28809368e+00 -5.65972376e-09 3.34500581e-03 3.39128960e-03
4.29120776e+00 -5.74654082e-09 3.34797946e-03 3.39402978e-03
4.29432184e+00 -5.83291083e-09 3.35098864e-03 3.39678780e-03
4.29743593e+00 -5.91879979e-09 3.35403316e-03 3.39956356e-03
4.30055001e+00 -6.00417570e-09 3.35711280e-03 3.40235693e-03
4.30366410e+00 -6.08900560e-09 3.36022732e-03 3.40516781e-03
4.30677818e+00 -6.17325645e-09 3.36337649e-03 3.40799606e-03
4.30989226e+00 -6.25689679e-09 3.36656005e-03 3.41084156e-03
4.31300635e+00 -6.33989381e-09 3.36977773e-03 3.41370416e-03
4.31612043e+00 -6.42221700e-09 3.37302925e-03 3.41658372e-03
4.31923452e+00 -6.50383377e-09 3.37631431e-03 3.41948009e-03
4.32234860e+00 -6.58471313e-09 3.37963261e-03 3.42239310e-03
4.32546268e+00 -6.66482436e-09 3.38298382e-03 3.42532260e-03
4.32857677e+00 -6.74413671e-09 3.38636762e-03 3.42826840e-03
4.33169085e+00 -6.82261922e-09 3.38978364e-03 3.43123033e-03
4.33480494e+00 -6.90024252e-09 3.39323154e-03 3.43420821e-03
4.33791902e+00 -6.97697682e-09 3.39671094e-03 3.43720183e-03
4.34103310e+00 -7.05279277e-09 3.40022146e-03 3.44021102e-03
4.34414719e+00 -7.12766078e-09 3.40376270e-03 3.44323556e-03
4.34726127e+00 -7.20155371e-09 3.40733426e-03 3.44627524e-03
4.35037536e+00 -7.27444164e-09 3.41093572e-03 3.44932984e-03
4.35348944e+00 -7.34629730e-09 3.41456664e-03 3.45239916e-03
4.35660352e+00 -7.41709321e-09 3.41822658e-03 3.45548295e-03
4.35971761e+00 -7.48680279e-09 3.42191510e-03 3.45858100e-03
4.36283169e+00 -7.55539811e-09 3.42563172e-03 3.46169305e-03
4.36594578e+00 -7.62285397e-09 3.42937598e-03 3.46481887e-03
4.36905986e+00 -7.68914429e-09 3.43314739e-03 3.46795821e-03
4.37217394e+00 -7.75424320e-09 3.43694544e-03 3.47111081e-03
4.37528803e+00 -7.81812668e-09 3.44076964e-03 3.47427642e-03
4.37840211e+00 -7.88076945e-09 3.44461948e-03 3.47745478e-03
4.38151620e+00 -7.94214853e-09 3.44849441e-03 3.48064561e-03
4.38463028e+00 -8.00223993e-09 3.45239392e-03 3.48384864e-03
4.38774436e+00 -8.06102009e-09 3.45631746e-03 3.48706359e-03
4.39085845e+00 -8.11846720e-09 3.46026446e-03 3.49029019e-03
4.39397253e+00 -8.17455876e-09 3.46423438e-03 3.49352814e-03
4.39708662e+00 -8.22927400e-09 3.46822663e-03 3.49677716e-03
4.40020070e+00 -8.28259170e-09 3.47224064e-03 3.50003695e-03
4.40331478e+00 -8.33449099e-09 3.47627583e-03 3.50330720e-03
4.40642887e+00 -8.38495259e-09 3.48033159e-03 3.50658763e-03
4.40954295e+00 -8.43395680e-09 3.48440733e-03 3.50987792e-03
4.41265704e+00 -8.48148505e-09 3.48850243e-03 3.51317776e-03
4.41577112e+00 -8.52751948e-09 3.49261627e-03 3.51648684e-03
4.41888520e+00 -8.57204200e-09 3.49674824e-03 3.51980484e-03
4.42199929e+00 -8.61503578e-09 3.50089769e-03 3.52313144e-03
4.42511337e+00 -8.65648447e-09 3.50506400e-03 3.52646633e-03
4.42822746e+00 -8.69637194e-09 3.50924650e-03 3.52980916e-03
4.43134154e+00 -8.73468289e-09 3.51344457e-03 3.53315961e-03
4.43445562e+00 -8.77140351e-09 3.51765753e-03 3.53651736e-03
4.43756971e+00 -8.80651791e-09 3.52188474e-03 3.53988206e-03
4.44068379e+00 -8.84001460e-09 3.52612551e-03 3.54325339e-03
4.44379788e+00 -8.87187990e-09 3.53037919e-03 3.54663099e-03
4.44691196e+00 -8.90210127e-09 3.53464508e-03 3.55001454e-03
4.45002604e+00 -8.93066829e-09 3.53892252e-03 3.55340368e-03
4.45314013e+00 -8.95756876e-09 3.54321082e-03 3.55679807e-03
4.45625421e+00 -8.98279307e-09 3.54750929e-03 3.56019736e-03
4.45936830e+00 -9.00633158e-09 3.55181723e-03 3.56360122e-03
4.46248238e+00 -9.02817467e-09 3.55613395e-03 3.56700927e-03
4.46559646e+00 -9.04831467e-09 3.56045876e-03 3.57042119e-03
4.46871055e+00 -9.06674418e-09 3.56479094e-03 3.57383660e-03
4.47182463e+00 -9.08345505e-09 3.56912980e-03 3.57725516e-03
4.47493872e+00 -9.09844151e-09 3.57347463e-03 3.58067652e-03
4.47805280e+00 -9.11169786e-09 3.57782472e-03 3.58410032e-03
4.48116688e+00 -9.12321888e-09 3.58217936e-03 3.58752619e-03
4.48428097e+00 -9.13300086e-09 3.58653784e-03 3.59095380e-03
4.48739505e+00 -9.14103881e-09 3.59089945e-03 3.59438277e-03
4.49050914e+00 -9.14733053e-09 3.59526346e-03 3.59781275e-03
4.49362322e+00 -9.15187312e-09 3.59962918e-03 3.60124339e-03
4.49673730e+00 -9.15466519e-09 3.60399587e-03 3.60467433e-03
4.49985139e+00 -9.15570581e-09 3.60836284e-03 3.60810521e-03
4.50296547e+00 -9.15499416e-09 3.61272935e-03 3.61153567e-03
4.50607956e+00 -9.15253083e-09 3.61709471e-03 3.61496536e-03
4.50919364e+00 -9.14831651e-09 3.62145819e-03 3.61839392e-03
4.51230772e+00 -9.14235306e-09 3.62581908e-03 3.62182099e-03
4.51542181e+00 -9.13464234e-09 3.63017667e-03 3.62524623e-03
4.51853589e+00 -9.12518782e-09 3.63453026e-03 3.62866928e-03
4.52164998e+00 -9.11399241e-09 3.63887912e-03 3.63208978e-03
4.52476406e+00 -9.10106120e-09 3.64322257e-03 3.63550739e-03
4.52787814e+00 -9.08639861e-09 3.64755988e-03 3.63892176e-03
4.53099223e+00 -9.07001102e-09 3.65189037e-03 3.64233254e-03
4.53410631e+00 -9.05190365e-09 3.65621333e-03 3.64573937e-03
4.53722040e+00 -9.03208403e-09 3.66052807e-03 3.64914193e-03
4.54033448e+00 -9.01055947e-09 3.66483390e-03 3.65253986e-03
4.54344856e+00 -8.98733833e-09 3.66913012e-03 3.65593282e-03
4.54656265e+00 -8.96242919e-09 3.67341606e-03 3.65932048e-03
4.54967673e+00 -8.93584272e-09 3.67769103e-03 3.66270249e-03
4.55279082e+00 -8.90758774e-09 3.68195436e-03 3.66607853e-03
4.55590490e+00 -8.87767561e-09 3.68620538e-03 3.66944826e-03
4.55901898e+00 -8.84611783e-09 3.69044342e-03 3.67281136e-03
4.56213307e+00 -8.81292656e-09 3.69466781e-03 3.67616749e-03
4.56524715e+00 -8.77811445e-09 3.69887791e-03 3.67951633e-03
4.56836124e+00 -8.74169438e-09 3.70307307e-03 3.68285757e-03
4.57147532e+00 -8.70368074e-09 3.70725263e-03 3.68619088e-03
4.57458940e+00 -8.66408836e-09 3.71141596e-03 3.68951596e-03
4.57770349e+00 -8.62293129e-09 3.71556243e-03 3.69283248e-03
4.58081757e+00 -8.58022611e-09 3.71969142e-03 3.69614014e-03
4.58393166e+00 -8.53598918e-09 3.72380229e-03 3.69943865e-03
4.58704574e+00 -8.49023709e-09 3.72789446e-03 3.70272769e-03
4.59015982e+00 -8.44298769e-09 3.73196730e-03 3.70600697e-03
4.59327391e+00 -8.39425863e-09 3.73602022e-03 3.70927620e-03
4.59638799e+00 -8.34406916e-09 3.74005264e-03 3.71253508e-03
4.59950208e+00 -8.29243748e-09 3.74406396e-03 3.71578334e-03
4.60261616e+00 -8.23938483e-09 3.74805363e-03 3.71902069e-03
4.60573024e+00 -8.18493012e-09 3.75202107e-03 3.72224686e-03
4.60884433e+00 -8.12909503e-09 3.75596573e-03 3.72546157e-03
4.61195841e+00 -8.07190092e-09 3.75988705e-03 3.72866455e-03
4.61507250e+00 -8.01336888e-09 3.76378451e-03 3.73185555e-03
4.61818658e+00 -7.95352212e-09 3.76765757e-03 3.73503430e-03
4.62130066e+00 -7.89238315e-09 3.77150571e-03 3.73820054e-03
4.62441475e+00 -7.82997516e-09 3.77532843e-03 3.74135404e-03
4.62752883e+00 -7.76632240e-09 3.77912521e-03 3.74449454e-03
4.63064292e+00 -7.70144934e-09 3.78289557e-03 3.74762180e-03
4.63375700e+00 -7.63538069e-09 3.78663903e-03 3.75073559e-03
4.63687108e+00 -7.56814140e-09 3.79035511e-03 3.75383569e-03
4.63998517e+00 -7.49975732e-09 3.79404336e-03 3.75692186e-03
4.64309925e+00 -7.43025548e-09 3.79770333e-03 3.75999388e-03
4.64621334e+00 -7.35966141e-09 3.80133458e-03 3.76305155e-03
4.64932742e+00 -7.28800225e-09 3.80493667e-03 3.76609465e-03
4.65244150e+00 -7.21530572e-09 3.80850920e-03 3.76912299e-03
4.65555559e+00 -7.14159954e-09 3.81205175e-03 3.77213635e-03
4.65866967e+00 -7.06691179e-09 3.81556394e-03 3.77513456e-03
4.66178376e+00 -6.99127100e-09 3.81904537e-03 3.77811743e-03
4.66489784e+00 -6.91470664e-09 3.82249568e-03 3.78108477e-03
4.66801192e+00 -6.83724793e-09 3.82591451e-03 3.78403641e-03
4.67112601e+00 -6.75892388e-09 3.82930150e-03 3.78697218e-03
4.67424009e+00 -6.67976511e-09 3.83265633e-03 3.78989192e-03
4.67735418e+00 -6.59980132e-09 3.83597867e-03 3.79279548e-03
4.68046826e+00 -6.51906359e-09 3.83926821e-03 3.79568269e-03
4.68358234e+00 -6.43758266e-09 3.84252465e-03 3.79855342e-03
4.68669643e+00 -6.35538973e-09 3.84574770e-03 3.80140753e-03
4.68981051e+00 -6.27251648e-09 3.84893708e-03 3.80424489e-03
4.69292460e+00 -6.18899422e-09 3.85209255e-03 3.80706536e-03
4.69603868e+00 -6.10485497e-09 3.85521384e-03 3.80986883e-03
4.69915276e+00 -6.02013143e-09 3.85830073e-03 3.81265519e-03
4.70226685e+00 -5.93485494e-09 3.86135299e-03 3.81542433e-03
4.70538093e+00 -5.84905947e-09 3.86437041e-03 3.81817614e-03
4.70849502e+00 -5.76277715e-09 3.86735280e-03 3.82091053e-03
4.71160910e+00 -5.67604083e-09 3.87029996e-03 3.82362742e-03
4.71472318e+00 -5.58888424e-09 3.87321174e-03 3.82632672e-03
4.71783727e+00 -5.50134057e-09 3.87608797e-03 3.82900835e-03
4.72095135e+00 -5.41344287e-09 3.87892851e-03 3.83167225e-03
4.72406544e+00 -5.32522536e-09 3.88173324e-03 3.83431836e-03
4.72717952e+00 -5.23672111e-09 3.88450202e-03 3.83694662e-03
4.73029360e+00 -5.14796526e-09 3.88723477e-03 3.83955698e-03
4.73340769e+00 -5.05899064e-09 3.88993140e-03 3.84214940e-03
4.73652177e+00 -4.96983135e-09 3.89259181e-03 3.84472384e-03
4.73963586e+00 -4.88052219e-09 3.89521597e-03 3.84728027e-03
4.74274994e+00 -4.79109715e-09 3.89780380e-03 3.84981867e-03
4.74586402e+00 -4.70158975e-09 3.90035529e-03 3.85233903e-03
4.74897811e+00 -4.61203514e-09 3.90287041e-03 3.85484133e-03
4.75209219e+00 -4.52246719e-09 3.90534915e-03 3.85732558e-03
4.75520628e+00 -4.43292070e-09 3.90779152e-03 3.85979177e-03
4.75832036e+00 -4.34342861e-09 3.91019754e-03 3.86223992e-03
4.76143444e+00 -4.25402631e-09 3.91256723e-03 3.86467005e-03
4.76454853e+00 -4.16474847e-09 3.91490066e-03 3.86708217e-03
4.76766261e+00 -4.07562792e-09 3.91719788e-03 3.86947633e-03
4.77077670e+00 -3.98669970e-09 3.91945896e-03 3.87185255e-03
4.77389078e+00 -3.89799790e-09 3.92168399e-03 3.87421088e-03
4.77700486e+00 -3.80955583e-09 3.92387308e-03 3.87655137e-03
4.78011895e+00 -3.72140769e-09 3.92602634e-03 3.87887408e-03
4.78323303e+00 -3.63358736e-09 3.92814390e-03 3.88117908e-03
4.78634712e+00 -3.54612790e-09 3.93022589e-03 3.88346642e-03
4.78946120e+00 -3.45906388e-09 3.93227249e-03 3.88573620e-03
4.79257528e+00 -3.37242731e-09 3.93428385e-03 3.88798849e-03
4.79568937e+00 -3.28625253e-09 3.93626015e-03 3.89022338e-03
4.79880345e+00 -3.20057167e-09 3.93820161e-03 3.89244097e-03
4.80191754e+00 -3.11541790e-09 3.94010841e-03 3.89464136e-03
4.80503162e+00 -3.03082405e-09 3.94198078e-03 3.89682467e-03
4.80814570e+00 -2.94682225e-09 3.94381897e-03 3.89899100e-03
4.81125979e+00 -2.86344487e-09 3.94562321e-03 3.90114048e-03
4.81437387e+00 -2.78072335e-09 3.94739377e-03 3.90327323e-03
4.81748796e+00 -2.69868946e-09 3.94913092e-03 3.90538940e-03
4.82060204e+00 -2.61737498e-09 3.95083495e-03 3.90748912e-03
4.82371612e+00 -2.53681125e-09 3.95250616e-03 3.90957254e-03
4.82683021e+00 -2.45702818e-09 3.95414485e-03 3.91163981e-03
4.82994429e+00 -2.37805709e-09 3.95575135e-03 3.91369109e-03
4.83305838e+00 -2.29992815e-09 3.95732600e-03 3.91572655e-03
4.83617246e+00 -2.22267082e-09 3.95886914e-03 3.91774635e-03
4.83928654e+00 -2.14631513e-09 3.96038114e-03 3.91975068e-03
4.84240063e+00 -2.07088998e-09 3.96186236e-03 3.92173971e-03
4.84551471e+00 -1.99642472e-09 3.96331319e-03 3.92371364e-03
4.84862880e+00 -1.92294787e-09 3.96473403e-03 3.92567265e-03
4.85174288e+00 -1.85048681e-09 3.96612528e-03 3.92761696e-03
4.85485696e+00 -1.77907032e-09 3.96748735e-03 3.92954676e-03
4.85797105e+00 -1.70872472e-09 3.96882069e-03 3.93146227e-03
4.86108513e+00 -1.63947750e-09 3.97012572e-03 3.93336370e-03
4.86419922e+00 -1.57135499e-09 3.97140289e-03 3.93525127e-03
4.86731330e+00 -1.50438353e-09 3.97265268e-03 3.93712521e-03
4.87042738e+00 -1.43858841e-09 3.97387555e-03 3.93898576e-03
4.87354147e+00 -1.37399513e-09 3.97507199e-03 3.94083315e-03
4.87665555e+00 -1.31062773e-09 3.97624248e-03 3.94266763e-03
4.87976964e+00 -1.24851205e-09 3.97738753e-03 3.94448943e-03
4.88288372e+00 -1.18766992e-09 3.97850765e-03 3.94629882e-03
4.88599780e+00 -1.12812603e-09 3.97960337e-03 3.94809605e-03
4.88911189e+00 -1.06990302e-09 3.98067521e-03 3.94988139e-03
4.89222597e+00 -1.01302325e-09 3.98172371e-03 3.95165509e-03
4.89534006e+00 -9.57507621e-10 3.98274943e-03 3.95341744e-03
4.89845414e+00 -9.03378165e-10 3.98375293e-03 3.95516871e-03
4.90156822e+00 -8.50655067e-10 3.98473476e-03 3.95690918e-03
4.90468231e+00 -7.99358974e-10 3.98569552e-03 3.95863912e-03
4.90779639e+00 -7.49509606e-10 3.98663577e-03 3.96035884e-03
4.91091048e+00 -7.01125522e-10 3.98755612e-03 3.96206863e-03
4.91402456e+00 -6.54225747e-10 3.98845716e-03 3.96376877e-03
4.91713864e+00 -6.08828027e-10 3.98933950e-03 3.96545958e-03
4.92025273e+00 -5.64949647e-10 3.99020375e-03 3.96714135e-03
4.92336681e+00 -5.22607773e-10 3.99105054e-03 3.96881439e-03
4.92648090e+00 -4.81818415e-10 3.99188050e-03 3.97047902e-03
4.92959498e+00 -4.42596535e-10 3.99269425e-03 3.97213555e-03
4.93270906e+00 -4.04958374e-10 3.99349245e-03 3.97378430e-03
4.93582315e+00 -3.68917503e-10 3.99427574e-03 3.97542560e-03
4.93893723e+00 -3.34488073e-10 3.99504478e-03 3.97705975e-03
4.94205132e+00 -3.01683077e-10 3.99580022e-03 3.97868710e-03
4.94516540e+00 -2.70515274e-10 3.99654273e-03 3.98030797e-03
4.94827948e+00 -2.40996264e-10 3.99727298e-03 3.98192270e-03
4.95139357e+00 -2.13137763e-10 3.99799165e-03 3.98353162e-03
4.95450765e+00 -1.86950094e-10 3.99869941e-03 3.98513507e-03
4.95762174e+00 -1.62443235e-10 3.99939696e-03 3.98673339e-03
4.96073582e+00 -1.39627159e-10 4.00008498e-03 3.98832693e-03
4.96384990e+00 -1.18510103e-10 4.00076416e-03 3.98991603e-03
4.96696399e+00 -9.91000717e-11 4.00143520e-03 3.99150104e-03
4.97007807e+00 -8.14046038e-11 4.00209881e-03 3.99308230e-03
4.97319216e+00 -6.54307757e-11 4.00275568e-03 3.99466017e-03
4.97630624e+00 -5.11841552e-11 4.00340652e-03 3.99623500e-03
4.97942033e+00 -3.86707741e-11 4.00405204e-03 3.99780715e-03
4.98253441e+00 -2.78949243e-11 4.00469296e-03 3.99937696e-03
4.98564849e+00 -1.88611299e-11 4.00532998e-03 4.00094481e-03
4.98876258e+00 -1.15722908e-11 4.00596382e-03 4.00251103e-03
4.99187666e+00 -6.03211876e-12 4.00659521e-03 4.00407600e-03
4.99499075e+00 -2.24177392e-12 4.00722485e-03 4.00564008e-03
4.99810483e+00 -2.02880191e-13 4.00785347e-03 4.00720362e-03
5.00121891e+00 8.34024343e-14 4.00848180e-03 4.00876698e-03
