#	Time	Error_of_Energy	Error_of_Position	Error_of_Velocity
6.22816801e-03 -2.24708430e-10 9.98750118e-06 5.01279164e-06
1.24563360e-02 -8.98485609e-10 1.99549557e-05 1.00995606e-05
1.86845040e-02 -2.02028941e-09 2.98825401e-05 1.53323784e-05
2.49126720e-02 -3.58838127e-09 3.97508788e-05 2.07796929e-05
3.11408401e-02 -5.60033462e-09 4.95412713e-05 2.65049470e-05
3.73690081e-02 -8.05303480e-09 5.92359240e-05 3.25656190e-05
4.35971761e-02 -1.09426844e-08 6.88181865e-05 3.90126993e-05
4.98253441e-02 -1.42648112e-08 7.82727952e-05 4.58905601e-05
5.60535121e-02 -1.80142744e-08 8.75861238e-05 5.32371376e-05
6.22816801e-02 -2.21852712e-08 9.67464425e-05 6.10843356e-05
6.85098481e-02 -2.67713487e-08 1.05744185e-04 6.94585600e-05
7.47380161e-02 -3.17654132e-08 1.14572225e-04 7.83813137e-05
8.09661841e-02 -3.71597403e-08 1.23226161e-04 8.78697960e-05
8.71943522e-02 -4.29459884e-08 1.31704604e-04 9.79374730e-05
9.34225202e-02 -4.91152130e-08 1.40009477e-04 1.08594597e-04
9.96506882e-02 -5.56578783e-08 1.48146308e-04 1.19848666e-04
1.05878856e-01 -6.25638748e-08 1.56124525e-04 1.31704822e-04
1.12107024e-01 -6.98225343e-08 1.63957736e-04 1.44166194e-04
1.18335192e-01 -7.74226458e-08 1.71663994e-04 1.57234182e-04
1.24563360e-01 -8.53524759e-08 1.79266031e-04 1.70908697e-04
1.30791528e-01 -9.35997852e-08 1.86791452e-04 1.85188365e-04
1.37019696e-01 -1.02151848e-07 1.94272872e-04 2.00070695e-04
1.43247864e-01 -1.10995472e-07 2.01747983e-04 2.15552210e-04
1.49476032e-01 -1.20117021e-07 2.09259529e-04 2.31628571e-04
1.55704200e-01 -1.29502436e-07 2.16855178e-04 2.48294669e-04
1.61932368e-01 -1.39137255e-07 2.24587274e-04 2.65544704e-04
1.68160536e-01 -1.49006636e-07 2.32512451e-04 2.83372255e-04
1.74388704e-01 -1.59095385e-07 2.40691113e-04 3.01770334e-04
1.80616872e-01 -1.69387974e-07 2.49186773e-04 3.20731435e-04
1.86845040e-01 -1.79868567e-07 2.58065257e-04 3.40247575e-04
1.93073208e-01 -1.90521047e-07 2.67393806e-04 3.60310329e-04
1.99301376e-01 -2.01329037e-07 2.77240083e-04 3.80910859e-04
2.05529544e-01 -2.12275933e-07 2.87671146e-04 4.02039942e-04
2.11757712e-01 -2.23344918e-07 2.98752413e-04 4.23687990e-04
2.17985880e-01 -2.34518999e-07 3.10546664e-04 4.45845076e-04
2.24214048e-01 -2.45781028e-07 3.23113133e-04 4.68500946e-04
2.30442216e-01 -2.57113731e-07 3.36506727e-04 4.91645041e-04
2.36670384e-01 -2.68499732e-07 3.50777379e-04 5.15266509e-04
2.42898552e-01 -2.79921579e-07 3.65969582e-04 5.39354220e-04
2.49126720e-01 -2.91361777e-07 3.82122090e-04 5.63896779e-04
2.55354888e-01 -3.02802809e-07 3.99267770e-04 5.88882536e-04
2.61583056e-01 -3.14227163e-07 4.17433622e-04 6.14299604e-04
2.67811224e-01 -3.25617362e-07 4.36640904e-04 6.40135860e-04
2.74039392e-01 -3.36955990e-07 4.56905366e-04 6.66378966e-04
2.80267561e-01 -3.48225715e-07 4.78237558e-04 6.93016371e-04
2.86495729e-01 -3.59409320e-07 5.00643172e-04 7.20035324e-04
2.92723897e-01 -3.70489727e-07 5.24123422e-04 7.47422885e-04
2.98952065e-01 -3.81450021e-07 5.48675425e-04 7.75165933e-04
3.05180233e-01 -3.92273480e-07 5.74292570e-04 8.03251175e-04
3.11408401e-01 -4.02943597e-07 6.00964873e-04 8.31665154e-04
3.17636569e-01 -4.13444106e-07 6.28679308e-04 8.60394261e-04
3.23864737e-01 -4.23759006e-07 6.57420101e-04 8.89424744e-04
3.30092905e-01 -4.33872584e-07 6.87169010e-04 9.18742711e-04
3.36321073e-01 -4.43769441e-07 7.17905556e-04 9.48334148e-04
3.42549241e-01 -4.53434515e-07 7.49607239e-04 9.78184921e-04
3.48777409e-01 -4.62853102e-07 7.82249725e-04 1.00828079e-03
3.55005577e-01 -4.72010876e-07 8.15807010e-04 1.03860740e-03
3.61233745e-01 -4.80893915e-07 8.50251558e-04 1.06915033e-03
3.67461913e-01 -4.89488720e-07 8.85554432e-04 1.09989506e-03
3.73690081e-01 -4.97782234e-07 9.21685400e-04 1.13082700e-03
3.79918249e-01 -5.05761860e-07 9.58613036e-04 1.16193149e-03
3.86146417e-01 -5.13415484e-07 9.96304805e-04 1.19319382e-03
3.92374585e-01 -5.20731490e-07 1.03472714e-03 1.22459924e-03
3.98602753e-01 -5.27698777e-07 1.07384554e-03 1.25613295e-03
4.04830921e-01 -5.34306776e-07 1.11362457e-03 1.28778013e-03
4.11059089e-01 -5.40545467e-07 1.15402801e-03 1.31952593e-03
4.17287257e-01 -5.46405391e-07 1.19501886e-03 1.35135550e-03
4.23515425e-01 -5.51877666e-07 1.23655941e-03 1.38325398e-03
4.29743593e-01 -5.56954000e-07 1.27861129e-03 1.41520652e-03
4.35971761e-01 -5.61626701e-07 1.32113555e-03 1.44719829e-03
4.42199929e-01 -5.65888692e-07 1.36409268e-03 1.47921449e-03
4.48428097e-01 -5.69733518e-07 1.40744268e-03 1.51124034e-03
4.54656265e-01 -5.73155357e-07 1.45114512e-03 1.54326112e-03
4.60884433e-01 -5.76149028e-07 1.49515919e-03 1.57526215e-03
4.67112601e-01 -5.78709999e-07 1.53944373e-03 1.60722882e-03
4.73340769e-01 -5.80834393e-07 1.58395733e-03 1.63914660e-03
4.79568937e-01 -5.82518995e-07 1.62865834e-03 1.67100103e-03
4.85797105e-01 -5.83761255e-07 1.67350495e-03 1.70277773e-03
4.92025273e-01 -5.84559294e-07 1.71845524e-03 1.73446245e-03
4.98253441e-01 -5.84911905e-07 1.76346723e-03 1.76604103e-03
5.04481609e-01 -5.84818553e-07 1.80849894e-03 1.79749944e-03
5.10709777e-01 -5.84279378e-07 1.85350843e-03 1.82882377e-03
5.16937945e-01 -5.83295199e-07 1.89845391e-03 1.86000025e-03
5.23166113e-01 -5.81867504e-07 1.94329372e-03 1.89101526e-03
5.29394281e-01 -5.79998453e-07 1.98798644e-03 1.92185534e-03
5.35622449e-01 -5.77690875e-07 2.03249093e-03 1.95250720e-03
5.41850617e-01 -5.74948264e-07 2.07676638e-03 1.98295772e-03
5.48078785e-01 -5.71774770e-07 2.12077236e-03 2.01319398e-03
5.54306953e-01 -5.68175198e-07 2.16446892e-03 2.04320324e-03
5.60535121e-01 -5.64154999e-07 2.20781658e-03 2.07297299e-03
5.66763289e-01 -5.59720260e-07 2.25077644e-03 2.10249090e-03
5.72991457e-01 -5.54877698e-07 2.29331018e-03 2.13174491e-03
5.79219625e-01 -5.49634649e-07 2.33538018e-03 2.16072317e-03
5.85447793e-01 -5.43999058e-07 2.37694950e-03 2.18941409e-03
5.91675961e-01 -5.37979466e-07 2.41798200e-03 2.21780633e-03
5.97904129e-01 -5.31584996e-07 2.45844234e-03 2.24588881e-03
6.04132297e-01 -5.24825345e-07 2.49829605e-03 2.27365075e-03
6.10360465e-01 -5.17710765e-07 2.53750957e-03 2.30108164e-03
6.16588633e-01 -5.10252049e-07 2.57605033e-03 2.32817127e-03
6.22816801e-01 -5.02460516e-07 2.61388673e-03 2.35490974e-03
6.29044969e-01 -4.94347991e-07 2.65098826e-03 2.38128747e-03
6.35273137e-01 -4.85926795e-07 2.68732549e-03 2.40729522e-03
6.41501305e-01 -4.77209718e-07 2.72287013e-03 2.43292406e-03
6.47729473e-01 -4.68210005e-07 2.75759507e-03 2.45816543e-03
6.53957641e-01 -4.58941335e-07 2.79147444e-03 2.48301113e-03
6.60185809e-01 -4.49417802e-07 2.82448359e-03 2.50745333e-03
6.66413977e-01 -4.39653891e-07 2.85659920e-03 2.53148458e-03
6.72642145e-01 -4.29664460e-07 2.88779923e-03 2.55509781e-03
6.78870313e-01 -4.19464715e-07 2.91806304e-03 2.57828636e-03
6.85098481e-01 -4.09070189e-07 2.94737135e-03 2.60104400e-03
6.91326649e-01 -3.98496718e-07 2.97570630e-03 2.62336489e-03
6.97554817e-01 -3.87760417e-07 3.00305148e-03 2.64524364e-03
7.03782985e-01 -3.76877656e-07 3.02939194e-03 2.66667531e-03
7.10011153e-01 -3.65865035e-07 3.05471420e-03 2.68765541e-03
7.16239321e-01 -3.54739360e-07 3.07900631e-03 2.70817990e-03
7.22467489e-01 -3.43517617e-07 3.10225784e-03 2.72824523e-03
7.28695657e-01 -3.32216947e-07 3.12445990e-03 2.74784833e-03
7.34923825e-01 -3.20854616e-07 3.14560513e-03 2.76698663e-03
7.41151993e-01 -3.09447997e-07 3.16568777e-03 2.78565805e-03
7.47380161e-01 -2.98014532e-07 3.18470363e-03 2.80386104e-03
7.53608329e-01 -2.86571718e-07 3.20265009e-03 2.82159457e-03
7.59836497e-01 -2.75137070e-07 3.21952612e-03 2.83885815e-03
7.66064665e-01 -2.63728101e-07 3.23533229e-03 2.85565183e-03
7.72292833e-01 -2.52362292e-07 3.25007077e-03 2.87197621e-03
7.78521001e-01 -2.41057064e-07 3.26374530e-03 2.88783245e-03
7.84749169e-01 -2.29829755e-07 3.27636124e-03 2.90322229e-03
7.90977337e-01 -2.18697589e-07 3.28792550e-03 2.91814806e-03
7.97205505e-01 -2.07677654e-07 3.29844660e-03 2.93261266e-03
8.03433673e-01 -1.96786870e-07 3.30793461e-03 2.94661959e-03
8.09661841e-01 -1.86041969e-07 3.31640116e-03 2.96017297e-03
8.15890009e-01 -1.75459464e-07 3.32385944e-03 2.97327753e-03
8.22118177e-01 -1.65055626e-07 3.33032416e-03 2.98593859e-03
8.28346346e-01 -1.54846457e-07 3.33581153e-03 2.99816215e-03
8.34574514e-01 -1.44847665e-07 3.34033929e-03 3.00995479e-03
8.40802682e-01 -1.35074644e-07 3.34392663e-03 3.02132377e-03
8.47030850e-01 -1.25542443e-07 3.34659420e-03 3.03227696e-03
8.53259018e-01 -1.16265747e-07 3.34836409e-03 3.04282291e-03
8.59487186e-01 -1.07258852e-07 3.34925979e-03 3.05297079e-03
8.65715354e-01 -9.85356432e-08 3.34930616e-03 3.06273045e-03
8.71943522e-01 -9.01095738e-08 3.34852943e-03 3.07211238e-03
8.78171690e-01 -8.19936430e-08 3.34695714e-03 3.08112774e-03
8.84399858e-01 -7.42003743e-08 3.34461812e-03 3.08978835e-03
8.90628026e-01 -6.67417990e-08 3.34154245e-03 3.09810668e-03
8.96856194e-01 -5.96294336e-08 3.33776146e-03 3.10609585e-03
9.03084362e-01 -5.28742635e-08 3.33330764e-03 3.11376964e-03
9.09312530e-01 -4.64867255e-08 3.32821464e-03 3.12114250e-03
9.15540698e-01 -4.04766909e-08 3.32251724e-03 3.12822949e-03
9.21768866e-01 -3.48534493e-08 3.31625125e-03 3.13504633e-03
9.27997034e-01 -2.96256957e-08 3.30945357e-03 3.14160935e-03
9.34225202e-01 -2.48015136e-08 3.30216203e-03 3.14793552e-03
9.40453370e-01 -2.03883648e-08 3.29441546e-03 3.15404240e-03
9.46681538e-01 -1.63930769e-08 3.28625355e-03 3.15994815e-03
9.52909706e-01 -1.28218317e-08 3.27771687e-03 3.16567151e-03
9.59137874e-01 -9.68015516e-09 3.26884678e-03 3.17123178e-03
9.65366042e-01 -6.97291005e-09 3.25968541e-03 3.17664879e-03
9.71594210e-01 -4.70428717e-09 3.25027557e-03 3.18194292e-03
9.77822378e-01 -2.87779752e-09 3.24066076e-03 3.18713500e-03
9.84050546e-01 -1.49626902e-09 3.23088505e-03 3.19224638e-03
9.90278714e-01 -5.61841369e-10 3.22099305e-03 3.19729882e-03
9.96506882e-01 -7.59603620e-11 3.21102987e-03 3.20231451e-03
1.00273505e+00 -3.93787088e-11 3.20104102e-03 3.20731601e-03
1.00896322e+00 -4.52153016e-10 3.19107238e-03 3.21232622e-03
1.01519139e+00 -1.31364425e-09 3.18117012e-03 3.21736837e-03
1.02141955e+00 -2.62251844e-09 3.17138063e-03 3.22246592e-03
1.02764772e+00 -4.37674910e-09 3.16175047e-03 3.22764259e-03
1.03387589e+00 -6.57362061e-09 3.15232625e-03 3.23292225e-03
1.04010406e+00 -9.20973191e-09 3.14315462e-03 3.23832891e-03
1.04633223e+00 -1.22810028e-08 3.13428214e-03 3.24388669e-03
1.05256039e+00 -1.57826794e-08 3.12575521e-03 3.24961969e-03
1.05878856e+00 -1.97093436e-08 3.11762002e-03 3.25555202e-03
1.06501673e+00 -2.40549184e-08 3.10992240e-03 3.26170771e-03
1.07124490e+00 -2.88126821e-08 3.10270779e-03 3.26811064e-03
1.07747307e+00 -3.39752749e-08 3.09602113e-03 3.27478451e-03
1.08370123e+00 -3.95347127e-08 3.08990675e-03 3.28175274e-03
1.08992940e+00 -4.54824007e-08 3.08440829e-03 3.28903846e-03
1.09615757e+00 -5.18091441e-08 3.07956859e-03 3.29666442e-03
1.10238574e+00 -5.85051654e-08 3.07542963e-03 3.30465290e-03
1.10861391e+00 -6.55601186e-08 3.07203236e-03 3.31302572e-03
1.11484207e+00 -7.29631072e-08 3.06941668e-03 3.32180410e-03
1.12107024e+00 -8.07026988e-08 3.06762125e-03 3.33100865e-03
1.12729841e+00 -8.87669458e-08 3.06668350e-03 3.34065930e-03
1.13352658e+00 -9.71434024e-08 3.06663942e-03 3.35077521e-03
1.13975475e+00 -1.05819146e-07 3.06752355e-03 3.36137474e-03
1.14598291e+00 -1.14780796e-07 3.06936882e-03 3.37247542e-03
1.15221108e+00 -1.24014536e-07 3.07220653e-03 3.38409381e-03
1.15843925e+00 -1.33506135e-07 3.07606618e-03 3.39624556e-03
1.16466742e+00 -1.43240970e-07 3.08097548e-03 3.40894528e-03
1.17089559e+00 -1.53204049e-07 3.08696019e-03 3.42220650e-03
1.17712375e+00 -1.63380035e-07 3.09404410e-03 3.43604170e-03
1.18335192e+00 -1.73753267e-07 3.10224895e-03 3.45046218e-03
1.18958009e+00 -1.84307790e-07 3.11159440e-03 3.46547809e-03
1.19580826e+00 -1.95027374e-07 3.12209792e-03 3.48109839e-03
1.20203643e+00 -2.05895545e-07 3.13377483e-03 3.49733079e-03
1.20826459e+00 -2.16895604e-07 3.14663821e-03 3.51418179e-03
1.21449276e+00 -2.28010661e-07 3.16069888e-03 3.53165660e-03
1.22072093e+00 -2.39223653e-07 3.17596542e-03 3.54975919e-03
1.22694910e+00 -2.50517374e-07 3.19244413e-03 3.56849225e-03
1.23317727e+00 -2.61874507e-07 3.21013907e-03 3.58785719e-03
1.23940543e+00 -2.73277641e-07 3.22905202e-03 3.60785415e-03
1.24563360e+00 -2.84709301e-07 3.24918254e-03 3.62848203e-03
1.25186177e+00 -2.96151980e-07 3.27052796e-03 3.64973845e-03
1.25808994e+00 -3.07588159e-07 3.29308346e-03 3.67161983e-03
1.26431811e+00 -3.19000340e-07 3.31684205e-03 3.69412135e-03
1.27054627e+00 -3.30371066e-07 3.34179468e-03 3.71723704e-03
1.27677444e+00 -3.41682954e-07 3.36793022e-03 3.74095974e-03
1.28300261e+00 -3.52918716e-07 3.39523558e-03 3.76528119e-03
1.28923078e+00 -3.64061191e-07 3.42369573e-03 3.79019202e-03
1.29545895e+00 -3.75093366e-07 3.45329375e-03 3.81568183e-03
1.30168711e+00 -3.85998403e-07 3.48401093e-03 3.84173919e-03
1.30791528e+00 -3.96759668e-07 3.51582681e-03 3.86835170e-03
1.31414345e+00 -4.07360750e-07 3.54871928e-03 3.89550604e-03
1.32037162e+00 -4.17785493e-07 3.58266460e-03 3.92318799e-03
1.32659979e+00 -4.28018012e-07 3.61763750e-03 3.95138251e-03
1.33282795e+00 -4.38042724e-07 3.65361124e-03 3.98007377e-03
1.33905612e+00 -4.47844368e-07 3.69055771e-03 4.00924518e-03
1.34528429e+00 -4.57408029e-07 3.72844743e-03 4.03887948e-03
1.35151246e+00 -4.66719158e-07 3.76724970e-03 4.06895874e-03
1.35774063e+00 -4.75763596e-07 3.80693261e-03 4.09946444e-03
1.36396879e+00 -4.84527597e-07 3.84746311e-03 4.13037751e-03
1.37019696e+00 -4.92997843e-07 3.88880711e-03 4.16167839e-03
1.37642513e+00 -5.01161466e-07 3.93092952e-03 4.19334704e-03
1.38265330e+00 -5.09006072e-07 3.97379431e-03 4.22536303e-03
1.38888147e+00 -5.16519750e-07 4.01736457e-03 4.25770554e-03
1.39510963e+00 -5.23691100e-07 4.06160260e-03 4.29035346e-03
1.40133780e+00 -5.30509241e-07 4.10646992e-03 4.32328538e-03
1.40756597e+00 -5.36963833e-07 4.15192738e-03 4.35647965e-03
1.41379414e+00 -5.43045087e-07 4.19793516e-03 4.38991444e-03
1.42002231e+00 -5.48743786e-07 4.24445290e-03 4.42356775e-03
1.42625047e+00 -5.54051292e-07 4.29143968e-03 4.45741748e-03
1.43247864e+00 -5.58959563e-07 4.33885412e-03 4.49144143e-03
1.43870681e+00 -5.63461164e-07 4.38665443e-03 4.52561735e-03
1.44493498e+00 -5.67549276e-07 4.43479846e-03 4.55992299e-03
1.45116315e+00 -5.71217709e-07 4.48324372e-03 4.59433612e-03
1.45739131e+00 -5.74460906e-07 4.53194751e-03 4.62883455e-03
1.46361948e+00 -5.77273959e-07 4.58086688e-03 4.66339619e-03
1.46984765e+00 -5.79652610e-07 4.62995876e-03 4.69799904e-03
1.47607582e+00 -5.81593256e-07 4.67917997e-03 4.73262124e-03
1.48230399e+00 -5.83092963e-07 4.72848729e-03 4.76724112e-03
1.48853215e+00 -5.84149459e-07 4.77783749e-03 4.80183717e-03
1.49476032e+00 -5.84761147e-07 4.82718741e-03 4.83638810e-03
1.50098849e+00 -5.84927100e-07 4.87649399e-03 4.87087286e-03
1.50721666e+00 -5.84647068e-07 4.92571435e-03 4.90527066e-03
1.51344483e+00 -5.83921473e-07 4.97480578e-03 4.93956099e-03
1.51967299e+00 -5.82751415e-07 5.02372589e-03 4.97372364e-03
1.52590116e+00 -5.81138664e-07 5.07243256e-03 5.00773870e-03
1.53212933e+00 -5.79085660e-07 5.12088407e-03 5.04158663e-03
1.53835750e+00 -5.76595511e-07 5.16903909e-03 5.07524821e-03
1.54458567e+00 -5.73671986e-07 5.21685678e-03 5.10870462e-03
1.55081383e+00 -5.70319511e-07 5.26429681e-03 5.14193740e-03
1.55704200e+00 -5.66543162e-07 5.31131943e-03 5.17492852e-03
1.56327017e+00 -5.62348655e-07 5.35788550e-03 5.20766034e-03
1.56949834e+00 -5.57742346e-07 5.40395656e-03 5.24011568e-03
1.57572651e+00 -5.52731209e-07 5.44949486e-03 5.27227777e-03
1.58195467e+00 -5.47322838e-07 5.49446343e-03 5.30413033e-03
1.58818284e+00 -5.41525428e-07 5.53882611e-03 5.33565753e-03
1.59441101e+00 -5.35347765e-07 5.58254761e-03 5.36684403e-03
1.60063918e+00 -5.28799216e-07 5.62559352e-03 5.39767499e-03
1.60686735e+00 -5.21889711e-07 5.66793042e-03 5.42813605e-03
1.61309551e+00 -5.14629729e-07 5.70952589e-03 5.45821340e-03
1.61932368e+00 -5.07030286e-07 5.75034852e-03 5.48789372e-03
1.62555185e+00 -4.99102916e-07 5.79036801e-03 5.51716425e-03
1.63178002e+00 -4.90859653e-07 5.82955519e-03 5.54601278e-03
1.63800819e+00 -4.82313015e-07 5.86788204e-03 5.57442763e-03
1.64423635e+00 -4.73475988e-07 5.90532175e-03 5.60239770e-03
1.65046452e+00 -4.64361999e-07 5.94184878e-03 5.62991247e-03
1.65669269e+00 -4.54984903e-07 5.97743882e-03 5.65696199e-03
1.66292086e+00 -4.45358961e-07 6.01206891e-03 5.68353688e-03
1.66914903e+00 -4.35498817e-07 6.04571742e-03 5.70962841e-03
1.67537720e+00 -4.25419478e-07 6.07836410e-03 5.73522839e-03
1.68160536e+00 -4.15136288e-07 6.10999011e-03 5.76032930e-03
1.68783353e+00 -4.04664911e-07 6.14057804e-03 5.78492420e-03
1.69406170e+00 -3.94021302e-07 6.17011194e-03 5.80900678e-03
1.70028987e+00 -3.83221685e-07 6.19857734e-03 5.83257139e-03
1.70651804e+00 -3.72282532e-07 6.22596129e-03 5.85561299e-03
1.71274620e+00 -3.61220529e-07 6.25225236e-03 5.87812719e-03
1.71897437e+00 -3.50052564e-07 6.27744065e-03 5.90011026e-03
1.72520254e+00 -3.38795688e-07 6.30151785e-03 5.92155911e-03
1.73143071e+00 -3.27467098e-07 6.32447720e-03 5.94247132e-03
1.73765888e+00 -3.16084109e-07 6.34631354e-03 5.96284514e-03
1.74388704e+00 -3.04664125e-07 6.36702331e-03 5.98267948e-03
1.75011521e+00 -2.93224616e-07 6.38660455e-03 6.00197393e-03
1.75634338e+00 -2.81783088e-07 6.40505693e-03 6.02072874e-03
1.76257155e+00 -2.70357060e-07 6.42238171e-03 6.03894486e-03
1.76879972e+00 -2.58964034e-07 6.43858178e-03 6.05662392e-03
1.77502788e+00 -2.47621469e-07 6.45366166e-03 6.07376823e-03
1.78125605e+00 -2.36346755e-07 6.46762747e-03 6.09038078e-03
1.78748422e+00 -2.25157185e-07 6.48048696e-03 6.10646527e-03
1.79371239e+00 -2.14069929e-07 6.49224945e-03 6.12202606e-03
1.79994056e+00 -2.03102009e-07 6.50292590e-03 6.13706823e-03
1.80616872e+00 -1.92270269e-07 6.51252882e-03 6.15159754e-03
1.81239689e+00 -1.81591352e-07 6.52107231e-03 6.16562043e-03
1.81862506e+00 -1.71081673e-07 6.52857201e-03 6.17914403e-03
1.82485323e+00 -1.60757394e-07 6.53504513e-03 6.19217617e-03
1.83108140e+00 -1.50634396e-07 6.54051036e-03 6.20472536e-03
1.83730956e+00 -1.40728260e-07 6.54498793e-03 6.21680077e-03
1.84353773e+00 -1.31054237e-07 6.54849951e-03 6.22841227e-03
1.84976590e+00 -1.21627227e-07 6.55106824e-03 6.23957040e-03
1.85599407e+00 -1.12461755e-07 6.55271868e-03 6.25028635e-03
1.86222224e+00 -1.03571948e-07 6.55347677e-03 6.26057198e-03
1.86845040e+00 -9.49715125e-08 6.55336983e-03 6.27043981e-03
1.87467857e+00 -8.66737148e-08 6.55242651e-03 6.27990300e-03
1.88090674e+00 -7.86913567e-08 6.55067673e-03 6.28897532e-03
1.88713491e+00 -7.10367578e-08 6.54815169e-03 6.29767121e-03
1.89336308e+00 -6.37217372e-08 6.54488381e-03 6.30600569e-03
1.89959124e+00 -5.67575907e-08 6.54090666e-03 6.31399439e-03
1.90581941e+00 -5.01550759e-08 6.53625497e-03 6.32165353e-03
1.91204758e+00 -4.39243958e-08 6.53096457e-03 6.32899991e-03
1.91827575e+00 -3.80751793e-08 6.52507229e-03 6.33605088e-03
1.92450392e+00 -3.26164685e-08 6.51861602e-03 6.34282433e-03
1.93073208e+00 -2.75567044e-08 6.51163455e-03 6.34933869e-03
1.93696025e+00 -2.29037124e-08 6.50416758e-03 6.35561287e-03
1.94318842e+00 -1.86646895e-08 6.49625568e-03 6.36166627e-03
1.94941659e+00 -1.48461940e-08 6.48794017e-03 6.36751877e-03
1.95564476e+00 -1.14541348e-08 6.47926314e-03 6.37319067e-03
1.96187292e+00 -8.49376133e-09 6.47026735e-03 6.37870269e-03
1.96810109e+00 -5.96965544e-09 6.46099617e-03 6.38407594e-03
1.97432926e+00 -3.88572475e-09 6.45149354e-03 6.38933188e-03
1.98055743e+00 -2.24519458e-09 6.44180390e-03 6.39449232e-03
1.98678560e+00 -1.05060527e-09 6.43197210e-03 6.39957935e-03
1.99301376e+00 -3.03805953e-10 6.42204340e-03 6.40461537e-03
1.99924193e+00 -5.95312425e-12 6.41206334e-03 6.40962296e-03
2.00547010e+00 -1.57508687e-10 6.40207771e-03 6.41462496e-03
2.01169827e+00 -7.58236818e-10 6.39213244e-03 6.41964436e-03
2.01792644e+00 -1.80720814e-09 6.38227360e-03 6.42470426e-03
2.02415460e+00 -3.30279823e-09 6.37254726e-03 6.42982788e-03
2.03038277e+00 -5.24269175e-09 6.36299947e-03 6.43503850e-03
2.03661094e+00 -7.62388508e-09 6.35367613e-03 6.44035940e-03
2.04283911e+00 -1.04426929e-08 6.34462299e-03 6.44581385e-03
2.04906728e+00 -1.36947515e-08 6.33588550e-03 6.45142504e-03
2.05529544e+00 -1.73750285e-08 6.32750879e-03 6.45721607e-03
2.06152361e+00 -2.14778282e-08 6.31953756e-03 6.46320986e-03
2.06775178e+00 -2.59968031e-08 6.31201603e-03 6.46942915e-03
2.07397995e+00 -3.09249631e-08 6.30498784e-03 6.47589646e-03
2.08020812e+00 -3.62546851e-08 6.29849599e-03 6.48263398e-03
2.08643628e+00 -4.19777284e-08 6.29258274e-03 6.48966361e-03
2.09266445e+00 -4.80852442e-08 6.28728956e-03 6.49700684e-03
2.09889262e+00 -5.45677927e-08 6.28265705e-03 6.50468477e-03
2.10512079e+00 -6.14153569e-08 6.27872483e-03 6.51271802e-03
2.11134896e+00 -6.86173573e-08 6.27553151e-03 6.52112668e-03
2.11757712e+00 -7.61626715e-08 6.27311458e-03 6.52993032e-03
2.12380529e+00 -8.40396492e-08 6.27151037e-03 6.53914788e-03
2.13003346e+00 -9.22361317e-08 6.27075394e-03 6.54879768e-03
2.13626163e+00 -1.00739472e-07 6.27087903e-03 6.55889734e-03
2.14248980e+00 -1.09536551e-07 6.27191801e-03 6.56946377e-03
2.14871796e+00 -1.18613806e-07 6.27390178e-03 6.58051311e-03
2.15494613e+00 -1.27957242e-07 6.27685973e-03 6.59206069e-03
2.16117430e+00 -1.37552463e-07 6.28081966e-03 6.60412101e-03
2.16740247e+00 -1.47384687e-07 6.28580774e-03 6.61670771e-03
2.17363064e+00 -1.57438776e-07 6.29184845e-03 6.62983351e-03
2.17985880e+00 -1.67699254e-07 6.29896454e-03 6.64351021e-03
2.18608697e+00 -1.78150333e-07 6.30717695e-03 6.65774862e-03
2.19231514e+00 -1.88775942e-07 6.31650480e-03 6.67255860e-03
2.19854331e+00 -1.99559743e-07 6.32696533e-03 6.68794898e-03
2.20477148e+00 -2.10485167e-07 6.33857390e-03 6.70392755e-03
2.21099964e+00 -2.21535431e-07 6.35134391e-03 6.72050108e-03
2.21722781e+00 -2.32693569e-07 6.36528680e-03 6.73767526e-03
2.22345598e+00 -2.43942456e-07 6.38041204e-03 6.75545468e-03
2.22968415e+00 -2.55264836e-07 6.39672708e-03 6.77384290e-03
2.23591232e+00 -2.66643347e-07 6.41423739e-03 6.79284235e-03
2.24214048e+00 -2.78060551e-07 6.43294640e-03 6.81245436e-03
2.24836865e+00 -2.89498955e-07 6.45285553e-03 6.83267919e-03
2.25459682e+00 -3.00941045e-07 6.47396418e-03 6.85351600e-03
2.26082499e+00 -3.12369306e-07 6.49626974e-03 6.87496285e-03
2.26705316e+00 -3.23766254e-07 6.51976760e-03 6.89701673e-03
2.27328132e+00 -3.35114460e-07 6.54445118e-03 6.91967355e-03
2.27950949e+00 -3.46396579e-07 6.57031193e-03 6.94292818e-03
2.28573766e+00 -3.57595370e-07 6.59733937e-03 6.96677443e-03
2.29196583e+00 -3.68693734e-07 6.62552111e-03 6.99120511e-03
2.29819400e+00 -3.79674725e-07 6.65484289e-03 7.01621200e-03
2.30442216e+00 -3.90521591e-07 6.68528861e-03 7.04178593e-03
2.31065033e+00 -4.01217784e-07 6.71684037e-03 7.06791676e-03
2.31687850e+00 -4.11747001e-07 6.74947851e-03 7.09459341e-03
2.32310667e+00 -4.22093193e-07 6.78318167e-03 7.12180394e-03
2.32933484e+00 -4.32240601e-07 6.81792682e-03 7.14953549e-03
2.33556300e+00 -4.42173773e-07 6.85368933e-03 7.17777442e-03
2.34179117e+00 -4.51877590e-07 6.89044300e-03 7.20650623e-03
2.34801934e+00 -4.61337288e-07 6.92816014e-03 7.23571570e-03
2.35424751e+00 -4.70538478e-07 6.96681159e-03 7.26538686e-03
2.36047568e+00 -4.79467172e-07 7.00636683e-03 7.29550303e-03
2.36670384e+00 -4.88109800e-07 7.04679399e-03 7.32604689e-03
2.37293201e+00 -4.96453230e-07 7.08805996e-03 7.35700049e-03
2.37916018e+00 -5.04484791e-07 7.13013041e-03 7.38834530e-03
2.38538835e+00 -5.12192288e-07 7.17296986e-03 7.42006225e-03
2.39161652e+00 -5.19564023e-07 7.21654176e-03 7.45213178e-03
2.39784468e+00 -5.26588811e-07 7.26080857e-03 7.48453383e-03
2.40407285e+00 -5.33255995e-07 7.30573178e-03 7.51724796e-03
2.41030102e+00 -5.39555463e-07 7.35127199e-03 7.55025331e-03
2.41652919e+00 -5.45477666e-07 7.39738901e-03 7.58352870e-03
2.42275736e+00 -5.51013625e-07 7.44404189e-03 7.61705263e-03
2.42898552e+00 -5.56154953e-07 7.49118898e-03 7.65080333e-03
2.43521369e+00 -5.60893859e-07 7.53878804e-03 7.68475881e-03
2.44144186e+00 -5.65223164e-07 7.58679626e-03 7.71889689e-03
2.44767003e+00 -5.69136312e-07 7.63517034e-03 7.75319523e-03
2.45389820e+00 -5.72627377e-07 7.68386658e-03 7.78763139e-03
2.46012636e+00 -5.75691073e-07 7.73284091e-03 7.82218281e-03
2.46635453e+00 -5.78322763e-07 7.78204896e-03 7.85682692e-03
2.47258270e+00 -5.80518462e-07 7.83144616e-03 7.89154114e-03
2.47881087e+00 -5.82274847e-07 7.88098775e-03 7.92630288e-03
2.48503904e+00 -5.83589260e-07 7.93062890e-03 7.96108964e-03
2.49126720e+00 -5.84459713e-07 7.98032473e-03 7.99587898e-03
2.49749537e+00 -5.84884887e-07 8.03003039e-03 8.03064861e-03
2.50372354e+00 -5.84864139e-07 8.07970113e-03 8.06537635e-03
2.50995171e+00 -5.84397500e-07 8.12929233e-03 8.10004024e-03
2.51617988e+00 -5.83485678e-07 8.17875960e-03 8.13461850e-03
2.52240804e+00 -5.82130051e-07 8.22805884e-03 8.16908959e-03
2.52863621e+00 -5.80332671e-07 8.27714626e-03 8.20343224e-03
2.53486438e+00 -5.78096259e-07 8.32597848e-03 8.23762546e-03
2.54109255e+00 -5.75424199e-07 8.37451254e-03 8.27164857e-03
2.54732072e+00 -5.72320537e-07 8.42270604e-03 8.30548125e-03
2.55354888e+00 -5.68789970e-07 8.47051711e-03 8.33910351e-03
2.55977705e+00 -5.64837845e-07 8.51790450e-03 8.37249577e-03
2.56600522e+00 -5.60470146e-07 8.56482766e-03 8.40563885e-03
2.57223339e+00 -5.55693488e-07 8.61124676e-03 8.43851397e-03
2.57846156e+00 -5.50515107e-07 8.65712275e-03 8.47110284e-03
2.58468972e+00 -5.44942851e-07 8.70241742e-03 8.50338761e-03
2.59091789e+00 -5.38985161e-07 8.74709344e-03 8.53535091e-03
2.59714606e+00 -5.32651070e-07 8.79111443e-03 8.56697590e-03
2.60337423e+00 -5.25950182e-07 8.83444497e-03 8.59824623e-03
2.60960240e+00 -5.18892658e-07 8.87705071e-03 8.62914611e-03
2.61583056e+00 -5.11489205e-07 8.91889834e-03 8.65966028e-03
2.62205873e+00 -5.03751056e-07 8.95995569e-03 8.68977408e-03
2.62828690e+00 -4.95689958e-07 9.00019175e-03 8.71947341e-03
2.63451507e+00 -4.87318150e-07 9.03957673e-03 8.74874476e-03
2.64074324e+00 -4.78648347e-07 9.07808206e-03 8.77757525e-03
2.64697140e+00 -4.69693722e-07 9.11568048e-03 8.80595261e-03
2.65319957e+00 -4.60467885e-07 9.15234604e-03 8.83386520e-03
2.65942774e+00 -4.50984863e-07 9.18805415e-03 8.86130205e-03
2.66565591e+00 -4.41259079e-07 9.22278162e-03 8.88825281e-03
2.67188408e+00 -4.31305332e-07 9.25650666e-03 8.91470782e-03
2.67811224e+00 -4.21138773e-07 9.28920897e-03 8.94065810e-03
2.68434041e+00 -4.10774884e-07 9.32086969e-03 8.96609535e-03
2.69056858e+00 -4.00229451e-07 9.35147149e-03 8.99101194e-03
2.69679675e+00 -3.89518547e-07 9.38099857e-03 9.01540098e-03
2.70302492e+00 -3.78658502e-07 9.40943668e-03 9.03925627e-03
2.70925308e+00 -3.67665881e-07 9.43677316e-03 9.06257232e-03
2.71548125e+00 -3.56557457e-07 9.46299691e-03 9.08534437e-03
2.72170942e+00 -3.45350189e-07 9.48809848e-03 9.10756838e-03
2.72793759e+00 -3.34061193e-07 9.51207001e-03 9.12924107e-03
2.73416576e+00 -3.22707718e-07 9.53490530e-03 9.15035985e-03
2.74039392e+00 -3.11307121e-07 9.55659978e-03 9.17092291e-03
2.74662209e+00 -2.99876835e-07 9.57715054e-03 9.19092917e-03
2.75285026e+00 -2.88434349e-07 9.59655633e-03 9.21037830e-03
2.75907843e+00 -2.76997178e-07 9.61481758e-03 9.22927070e-03
2.76530660e+00 -2.65582837e-07 9.63193635e-03 9.24760754e-03
2.77153477e+00 -2.54208812e-07 9.64791639e-03 9.26539075e-03
2.77776293e+00 -2.42892539e-07 9.66276312e-03 9.28262298e-03
2.78399110e+00 -2.31651369e-07 9.67648358e-03 9.29930765e-03
2.79021927e+00 -2.20502547e-07 9.68908650e-03 9.31544893e-03
2.79644744e+00 -2.09463185e-07 9.70058221e-03 9.33105173e-03
2.80267561e+00 -1.98550232e-07 9.71098271e-03 9.34612170e-03
2.80890377e+00 -1.87780452e-07 9.72030158e-03 9.36066526e-03
2.81513194e+00 -1.77170396e-07 9.72855402e-03 9.37468951e-03
2.82136011e+00 -1.66736376e-07 9.73575678e-03 9.38820234e-03
2.82758828e+00 -1.56494438e-07 9.74192820e-03 9.40121234e-03
2.83381645e+00 -1.46460343e-07 9.74708815e-03 9.41372881e-03
2.84004461e+00 -1.36649535e-07 9.75125800e-03 9.42576178e-03
2.84627278e+00 -1.27077121e-07 9.75446061e-03 9.43732197e-03
2.85250095e+00 -1.17757848e-07 9.75672030e-03 9.44842081e-03
2.85872912e+00 -1.08706076e-07 9.75806281e-03 9.45907039e-03
2.86495729e+00 -9.99357584e-08 9.75851527e-03 9.46928351e-03
2.87118545e+00 -9.14604214e-08 9.75810618e-03 9.47907359e-03
2.87741362e+00 -8.32931379e-08 9.75686534e-03 9.48845473e-03
2.88364179e+00 -7.54465116e-08 9.75482385e-03 9.49744165e-03
2.88986996e+00 -6.79326542e-08 9.75201404e-03 9.50604969e-03
2.89609813e+00 -6.07631676e-08 9.74846944e-03 9.51429480e-03
2.90232629e+00 -5.39491253e-08 9.74422473e-03 9.52219353e-03
2.90855446e+00 -4.75010546e-08 9.73931570e-03 9.52976296e-03
2.91478263e+00 -4.14289194e-08 9.73377919e-03 9.53702076e-03
2.92101080e+00 -3.57421050e-08 9.72765307e-03 9.54398512e-03
2.92723897e+00 -3.04494044e-08 9.72097614e-03 9.55067473e-03
2.93346713e+00 -2.55590018e-08 9.71378812e-03 9.55710876e-03
2.93969530e+00 -2.10784603e-08 9.70612958e-03 9.56330688e-03
2.94592347e+00 -1.70147127e-08 9.69804187e-03 9.56928915e-03
2.95215164e+00 -1.33740453e-08 9.68956709e-03 9.57507610e-03
2.95837981e+00 -1.01620922e-08 9.68074800e-03 9.58068859e-03
2.96460797e+00 -7.38382503e-09 9.67162798e-03 9.58614787e-03
2.97083614e+00 -5.04354298e-09 9.66225097e-03 9.59147554e-03
2.97706431e+00 -3.14487009e-09 9.65266139e-03 9.59669346e-03
2.98329248e+00 -1.69074401e-09 9.64290409e-03 9.60182378e-03
2.98952065e+00 -6.83417759e-10 9.63302427e-03 9.60688890e-03
2.99574881e+00 -1.24450352e-10 9.62306743e-03 9.61191141e-03
3.00197698e+00 -1.47067839e-11 9.61307928e-03 9.61691407e-03
3.00820515e+00 -3.54357804e-10 9.60310572e-03 9.62191980e-03
3.01443332e+00 -1.14287655e-09 9.59319268e-03 9.62695160e-03
3.02066149e+00 -2.37904319e-09 9.58338616e-03 9.63203254e-03
3.02688965e+00 -4.06094329e-09 9.57373205e-03 9.63718572e-03
3.03311782e+00 -6.18597305e-09 9.56427617e-03 9.64243424e-03
3.03934599e+00 -8.75084255e-09 9.55506408e-03 9.64780115e-03
3.04557416e+00 -1.17515818e-08 9.54614111e-03 9.65330940e-03
3.05180233e+00 -1.51835463e-08 9.53755221e-03 9.65898182e-03
3.05803049e+00 -1.90414252e-08 9.52934194e-03 9.66484109e-03
3.06425866e+00 -2.33192486e-08 9.52155435e-03 9.67090967e-03
3.07048683e+00 -2.80103987e-08 9.51423293e-03 9.67720978e-03
3.07671500e+00 -3.31076185e-08 9.50742051e-03 9.68376333e-03
3.08294317e+00 -3.86030258e-08 9.50115924e-03 9.69059195e-03
3.08917133e+00 -4.44881227e-08 9.49549046e-03 9.69771685e-03
3.09539950e+00 -5.07538120e-08 9.49045467e-03 9.70515887e-03
3.10162767e+00 -5.73904108e-08 9.48609143e-03 9.71293839e-03
3.10785584e+00 -6.43876635e-08 9.48243932e-03 9.72107529e-03
3.11408401e+00 -7.17347617e-08 9.47953583e-03 9.72958895e-03
3.12031217e+00 -7.94203602e-08 9.47741736e-03 9.73849816e-03
3.12654034e+00 -8.74325932e-08 9.47611907e-03 9.74782111e-03
3.13276851e+00 -9.57590949e-08 9.47567488e-03 9.75757536e-03
3.13899668e+00 -1.04387019e-07 9.47611739e-03 9.76777780e-03
3.14522485e+00 -1.13303058e-07 9.47747781e-03 9.77844459e-03
3.15145301e+00 -1.22493464e-07 9.47978591e-03 9.78959116e-03
3.15768118e+00 -1.31944074e-07 9.48306996e-03 9.80123216e-03
3.16390935e+00 -1.41640326e-07 9.48735670e-03 9.81338145e-03
3.17013752e+00 -1.51567286e-07 9.49267124e-03 9.82605202e-03
3.17636569e+00 -1.61709673e-07 9.49903707e-03 9.83925602e-03
3.18259385e+00 -1.72051876e-07 9.50647599e-03 9.85300472e-03
3.18882202e+00 -1.82577986e-07 9.51500804e-03 9.86730846e-03
3.19505019e+00 -1.93271816e-07 9.52465152e-03 9.88217666e-03
3.20127836e+00 -2.04116932e-07 9.53542292e-03 9.89761777e-03
3.20750653e+00 -2.15096668e-07 9.54733690e-03 9.91363929e-03
3.21373469e+00 -2.26194163e-07 9.56040624e-03 9.93024772e-03
3.21996286e+00 -2.37392381e-07 9.57464186e-03 9.94744857e-03
3.22619103e+00 -2.48674139e-07 9.59005277e-03 9.96524632e-03
3.23241920e+00 -2.60022134e-07 9.60664604e-03 9.98364445e-03
3.23864737e+00 -2.71418968e-07 9.62442685e-03 1.00026454e-02
3.24487553e+00 -2.82847177e-07 9.64339842e-03 1.00222506e-02
3.25110370e+00 -2.94289256e-07 9.66356201e-03 1.00424605e-02
3.25733187e+00 -3.05727687e-07 9.68491696e-03 1.00632743e-02
3.26356004e+00 -3.17144965e-07 9.70746068e-03 1.00846905e-02
3.26978821e+00 -3.28523627e-07 9.73118864e-03 1.01067063e-02
3.27601637e+00 -3.39846273e-07 9.75609438e-03 1.01293180e-02
3.28224454e+00 -3.51095601e-07 9.78216955e-03 1.01525210e-02
3.28847271e+00 -3.62254425e-07 9.80940391e-03 1.01763095e-02
3.29470088e+00 -3.73305707e-07 9.83778538e-03 1.02006767e-02
3.30092905e+00 -3.84232580e-07 9.86730001e-03 1.02256152e-02
3.30715721e+00 -3.95018373e-07 9.89793207e-03 1.02511163e-02
3.31338538e+00 -4.05646639e-07 9.92966406e-03 1.02771704e-02
3.31961355e+00 -4.16101177e-07 9.96247672e-03 1.03037672e-02
3.32584172e+00 -4.26366058e-07 9.99634912e-03 1.03308953e-02
3.33206989e+00 -4.36425646e-07 1.00312586e-02 1.03585426e-02
3.33829805e+00 -4.46264629e-07 1.00671811e-02 1.03866962e-02
3.34452622e+00 -4.55868031e-07 1.01040907e-02 1.04153422e-02
3.35075439e+00 -4.65221244e-07 1.01419601e-02 1.04444661e-02
3.35698256e+00 -4.74310044e-07 1.01807606e-02 1.04740526e-02
3.36321073e+00 -4.83120615e-07 1.02204621e-02 1.05040857e-02
3.36943889e+00 -4.91639568e-07 1.02610329e-02 1.05345488e-02
3.37566706e+00 -4.99853963e-07 1.03024403e-02 1.05654244e-02
3.38189523e+00 -5.07751324e-07 1.03446502e-02 1.05966948e-02
3.38812340e+00 -5.15319664e-07 1.03876273e-02 1.06283414e-02
3.39435157e+00 -5.22547495e-07 1.04313353e-02 1.06603452e-02
3.40057973e+00 -5.29423853e-07 1.04757368e-02 1.06926867e-02
3.40680790e+00 -5.35938307e-07 1.05207933e-02 1.07253458e-02
3.41303607e+00 -5.42080978e-07 1.05664656e-02 1.07583021e-02
3.41926424e+00 -5.47842556e-07 1.06127133e-02 1.07915350e-02
3.42549241e+00 -5.53214306e-07 1.06594955e-02 1.08250231e-02
3.43172057e+00 -5.58188090e-07 1.07067704e-02 1.08587450e-02
3.43794874e+00 -5.62756372e-07 1.07544957e-02 1.08926789e-02
3.44417691e+00 -5.66912233e-07 1.08026284e-02 1.09268030e-02
3.45040508e+00 -5.70649379e-07 1.08511249e-02 1.09610949e-02
3.45663325e+00 -5.73962150e-07 1.08999413e-02 1.09955323e-02
3.46286141e+00 -5.76845532e-07 1.09490331e-02 1.10300927e-02
3.46908958e+00 -5.79295160e-07 1.09983557e-02 1.10647535e-02
3.47531775e+00 -5.81307325e-07 1.10478641e-02 1.10994921e-02
3.48154592e+00 -5.82878983e-07 1.10975132e-02 1.11342858e-02
3.48777409e+00 -5.84007755e-07 1.11472576e-02 1.11691118e-02
3.49400225e+00 -5.84691932e-07 1.11970522e-02 1.12039477e-02
3.50023042e+00 -5.84930479e-07 1.12468514e-02 1.12387707e-02
3.50645859e+00 -5.84723035e-07 1.12966102e-02 1.12735586e-02
3.51268676e+00 -5.84069915e-07 1.13462833e-02 1.13082889e-02
3.51891493e+00 -5.82972106e-07 1.13958260e-02 1.13429395e-02
3.52514309e+00 -5.81431270e-07 1.14451935e-02 1.13774885e-02
3.53137126e+00 -5.79449739e-07 1.14943416e-02 1.14119142e-02
3.53759943e+00 -5.77030512e-07 1.15432263e-02 1.14461952e-02
3.54382760e+00 -5.74177250e-07 1.15918044e-02 1.14803102e-02
3.55005577e+00 -5.70894273e-07 1.16400327e-02 1.15142385e-02
3.55628393e+00 -5.67186551e-07 1.16878691e-02 1.15479596e-02
3.56251210e+00 -5.63059699e-07 1.17352717e-02 1.15814532e-02
3.56874027e+00 -5.58519965e-07 1.17821997e-02 1.16146998e-02
3.57496844e+00 -5.53574228e-07 1.18286127e-02 1.16476798e-02
3.58119661e+00 -5.48229979e-07 1.18744712e-02 1.16803746e-02
3.58742477e+00 -5.42495315e-07 1.19197368e-02 1.17127656e-02
3.59365294e+00 -5.36378929e-07 1.19643718e-02 1.17448349e-02
3.59988111e+00 -5.29890093e-07 1.20083394e-02 1.17765651e-02
3.60610928e+00 -5.23038646e-07 1.20516039e-02 1.18079393e-02
3.61233745e+00 -5.15834980e-07 1.20941308e-02 1.18389411e-02
3.61856561e+00 -5.08290024e-07 1.21358866e-02 1.18695548e-02
3.62479378e+00 -5.00415229e-07 1.21768389e-02 1.18997650e-02
3.63102195e+00 -4.92222548e-07 1.22169566e-02 1.19295573e-02
3.63725012e+00 -4.83724423e-07 1.22562097e-02 1.19589175e-02
3.64347829e+00 -4.74933764e-07 1.22945697e-02 1.19878324e-02
3.64970645e+00 -4.65863926e-07 1.23320094e-02 1.20162893e-02
3.65593462e+00 -4.56528699e-07 1.23685027e-02 1.20442759e-02
3.66216279e+00 -4.46942278e-07 1.24040252e-02 1.20717811e-02
3.66839096e+00 -4.37119246e-07 1.24385538e-02 1.20987940e-02
3.67461913e+00 -4.27074551e-07 1.24720669e-02 1.21253047e-02
3.68084729e+00 -4.16823486e-07 1.25045444e-02 1.21513038e-02
3.68707546e+00 -4.06381663e-07 1.25359676e-02 1.21767829e-02
3.69330363e+00 -3.95764992e-07 1.25663195e-02 1.22017339e-02
3.69953180e+00 -3.84989656e-07 1.25955847e-02 1.22261500e-02
3.70575997e+00 -3.74072085e-07 1.26237493e-02 1.22500245e-02
3.71198813e+00 -3.63028934e-07 1.26508009e-02 1.22733521e-02
3.71821630e+00 -3.51877061e-07 1.26767290e-02 1.22961278e-02
3.72444447e+00 -3.40633489e-07 1.27015246e-02 1.23183475e-02
3.73067264e+00 -3.29315397e-07 1.27251804e-02 1.23400079e-02
3.73690081e+00 -3.17940079e-07 1.27476907e-02 1.23611065e-02
3.74312897e+00 -3.06524928e-07 1.27690515e-02 1.23816415e-02
3.74935714e+00 -2.95087405e-07 1.27892605e-02 1.24016119e-02
3.75558531e+00 -2.83645013e-07 1.28083172e-02 1.24210176e-02
3.76181348e+00 -2.72215268e-07 1.28262227e-02 1.24398591e-02
3.76804165e+00 -2.60815678e-07 1.28429797e-02 1.24581379e-02
3.77426981e+00 -2.49463712e-07 1.28585927e-02 1.24758560e-02
3.78049798e+00 -2.38176771e-07 1.28730679e-02 1.24930165e-02
3.78672615e+00 -2.26972167e-07 1.28864132e-02 1.25096230e-02
3.79295432e+00 -2.15867092e-07 1.28986381e-02 1.25256801e-02
3.79918249e+00 -2.04878593e-07 1.29097538e-02 1.25411931e-02
3.80541065e+00 -1.94023545e-07 1.29197730e-02 1.25561679e-02
3.81163882e+00 -1.83318626e-07 1.29287102e-02 1.25706116e-02
3.81786699e+00 -1.72780289e-07 1.29365816e-02 1.25845315e-02
3.82409516e+00 -1.62424739e-07 1.29434047e-02 1.25979362e-02
3.83032333e+00 -1.52267905e-07 1.29491987e-02 1.26108346e-02
3.83655149e+00 -1.42325419e-07 1.29539845e-02 1.26232366e-02
3.84277966e+00 -1.32612587e-07 1.29577843e-02 1.26351527e-02
3.84900783e+00 -1.23144367e-07 1.29606218e-02 1.26465943e-02
3.85523600e+00 -1.13935347e-07 1.29625224e-02 1.26575732e-02
3.86146417e+00 -1.04999720e-07 1.29635125e-02 1.26681022e-02
3.86769234e+00 -9.63512628e-08 1.29636203e-02 1.26781946e-02
3.87392050e+00 -8.80033155e-08 1.29628751e-02 1.26878644e-02
3.88014867e+00 -7.99687551e-08 1.29613075e-02 1.26971263e-02
3.88637684e+00 -7.22599834e-08 1.29589496e-02 1.27059955e-02
3.89260501e+00 -6.48889007e-08 1.29558344e-02 1.27144879e-02
3.89883318e+00 -5.78668891e-08 1.29519964e-02 1.27226202e-02
3.90506134e+00 -5.12047960e-08 1.29474709e-02 1.27304093e-02
3.91128951e+00 -4.49129144e-08 1.29422946e-02 1.27378728e-02
3.91751768e+00 -3.90009694e-08 1.29365051e-02 1.27450290e-02
3.92374585e+00 -3.34780987e-08 1.29301407e-02 1.27518965e-02
3.92997402e+00 -2.83528423e-08 1.29232412e-02 1.27584946e-02
3.93620218e+00 -2.36331258e-08 1.29158467e-02 1.27648428e-02
3.94243035e+00 -1.93262512e-08 1.29079985e-02 1.27709611e-02
3.94865852e+00 -1.54388797e-08 1.28997385e-02 1.27768702e-02
3.95488669e+00 -1.19770277e-08 1.28911093e-02 1.27825909e-02
3.96111486e+00 -8.94605192e-09 1.28821540e-02 1.27881443e-02
3.96734302e+00 -6.35064403e-09 1.28729166e-02 1.27935521e-02
3.97357119e+00 -4.19482125e-09 1.28634412e-02 1.27988361e-02
3.97979936e+00 -2.48192061e-09 1.28537727e-02 1.28040185e-02
3.98602753e+00 -1.21459418e-09 1.28439561e-02 1.28091215e-02
3.99225570e+00 -3.94803925e-10 1.28340369e-02 1.28141677e-02
3.99848386e+00 -2.38194569e-11 1.28240607e-02 1.28191798e-02
4.00471203e+00 -1.02215193e-10 1.28140734e-02 1.28241808e-02
4.01094020e+00 -6.29869684e-10 1.28041207e-02 1.28291935e-02
4.01716837e+00 -1.60596561e-09 1.27942488e-02 1.28342409e-02
4.02339654e+00 -3.02899209e-09 1.27845034e-02 1.28393461e-02
4.02962470e+00 -4.89674588e-09 1.27749303e-02 1.28445321e-02
4.03585287e+00 -7.20633560e-09 1.27655753e-02 1.28498219e-02
4.04208104e+00 -9.95418505e-09 1.27564835e-02 1.28552384e-02
4.04830921e+00 -1.31360422e-08 1.27477000e-02 1.28608043e-02
4.05453738e+00 -1.67469820e-08 1.27392694e-02 1.28665422e-02
4.06076554e+00 -2.07814166e-08 1.27312358e-02 1.28724746e-02
4.06699371e+00 -2.52331036e-08 1.27236429e-02 1.28786235e-02
4.07322188e+00 -3.00951570e-08 1.27165335e-02 1.28850110e-02
4.07945005e+00 -3.53600560e-08 1.27099500e-02 1.28916585e-02
4.08567822e+00 -4.10196591e-08 1.27039338e-02 1.28985873e-02
4.09190638e+00 -4.70652162e-08 1.26985257e-02 1.29058182e-02
4.09813455e+00 -5.34873820e-08 1.26937655e-02 1.29133716e-02
4.10436272e+00 -6.02762330e-08 1.26896920e-02 1.29212673e-02
4.11059089e+00 -6.74212805e-08 1.26863430e-02 1.29295250e-02
4.11681906e+00 -7.49114882e-08 1.26837552e-02 1.29381633e-02
4.12304722e+00 -8.27352908e-08 1.26819641e-02 1.29472006e-02
4.12927539e+00 -9.08806119e-08 1.26810042e-02 1.29566545e-02
4.13550356e+00 -9.93348813e-08 1.26809084e-02 1.29665423e-02
4.14173173e+00 -1.08085057e-07 1.26817086e-02 1.29768801e-02
4.14795990e+00 -1.17117646e-07 1.26834349e-02 1.29876837e-02
4.15418806e+00 -1.26418723e-07 1.26861163e-02 1.29989680e-02
4.16041623e+00 -1.35973954e-07 1.26897802e-02 1.30107471e-02
4.16664440e+00 -1.45768620e-07 1.26944524e-02 1.30230344e-02
4.17287257e+00 -1.55787639e-07 1.27001572e-02 1.30358424e-02
4.17910074e+00 -1.66015587e-07 1.27069172e-02 1.30491828e-02
4.18532890e+00 -1.76436727e-07 1.27147533e-02 1.30630665e-02
4.19155707e+00 -1.87035031e-07 1.27236847e-02 1.30775033e-02
4.19778524e+00 -1.97794204e-07 1.27337290e-02 1.30925023e-02
4.20401341e+00 -2.08697713e-07 1.27449018e-02 1.31080715e-02
4.21024158e+00 -2.19728806e-07 1.27572170e-02 1.31242181e-02
4.21646974e+00 -2.30870547e-07 1.27706867e-02 1.31409484e-02
4.22269791e+00 -2.42105834e-07 1.27853211e-02 1.31582674e-02
4.22892608e+00 -2.53417431e-07 1.28011285e-02 1.31761794e-02
4.23515425e+00 -2.64787991e-07 1.28181155e-02 1.31946878e-02
4.24138242e+00 -2.76200087e-07 1.28362865e-02 1.32137947e-02
4.24761058e+00 -2.87636234e-07 1.28556443e-02 1.32335014e-02
4.25383875e+00 -2.99078917e-07 1.28761896e-02 1.32538082e-02
4.26006692e+00 -3.10510622e-07 1.28979213e-02 1.32747144e-02
4.26629509e+00 -3.21913857e-07 1.29208362e-02 1.32962181e-02
4.27252326e+00 -3.33271182e-07 1.29449296e-02 1.33183168e-02
4.27875142e+00 -3.44565236e-07 1.29701945e-02 1.33410066e-02
4.28497959e+00 -3.55778762e-07 1.29966224e-02 1.33642830e-02
4.29120776e+00 -3.66894632e-07 1.30242026e-02 1.33881403e-02
4.29743593e+00 -3.77895878e-07 1.30529227e-02 1.34125718e-02
4.30366410e+00 -3.88765710e-07 1.30827687e-02 1.34375700e-02
4.30989226e+00 -3.99487549e-07 1.31137246e-02 1.34631266e-02
4.31612043e+00 -4.10045047e-07 1.31457726e-02 1.34892321e-02
4.32234860e+00 -4.20422115e-07 1.31788934e-02 1.35158764e-02
4.32857677e+00 -4.30602944e-07 1.32130659e-02 1.35430482e-02
4.33480494e+00 -4.40572030e-07 1.32482673e-02 1.35707357e-02
4.34103310e+00 -4.50314198e-07 1.32844733e-02 1.35989261e-02
4.34726127e+00 -4.59814625e-07 1.33216581e-02 1.36276058e-02
4.35348944e+00 -4.69058861e-07 1.33597943e-02 1.36567607e-02
4.35971761e+00 -4.78032849e-07 1.33988529e-02 1.36863755e-02
4.36594578e+00 -4.86722951e-07 1.34388039e-02 1.37164346e-02
4.37217394e+00 -4.95115962e-07 1.34796155e-02 1.37469216e-02
4.37840211e+00 -5.03199134e-07 1.35212549e-02 1.37778193e-02
4.38463028e+00 -5.10960195e-07 1.35636880e-02 1.38091101e-02
4.39085845e+00 -5.18387364e-07 1.36068794e-02 1.38407758e-02
4.39708662e+00 -5.25469370e-07 1.36507926e-02 1.38727976e-02
4.40331478e+00 -5.32195470e-07 1.36953902e-02 1.39051561e-02
4.40954295e+00 -5.38555463e-07 1.37406337e-02 1.39378315e-02
4.41577112e+00 -5.44539706e-07 1.37864836e-02 1.39708037e-02
4.42199929e+00 -5.50139127e-07 1.38328995e-02 1.40040520e-02
4.42822746e+00 -5.55345242e-07 1.38798405e-02 1.40375554e-02
4.43445562e+00 -5.60150162e-07 1.39272646e-02 1.40712926e-02
4.44068379e+00 -5.64546608e-07 1.39751293e-02 1.41052419e-02
4.44691196e+00 -5.68527921e-07 1.40233914e-02 1.41393815e-02
4.45314013e+00 -5.72088072e-07 1.40720073e-02 1.41736893e-02
4.45936830e+00 -5.75221671e-07 1.41209329e-02 1.42081428e-02
4.46559646e+00 -5.77923974e-07 1.41701236e-02 1.42427198e-02
4.47182463e+00 -5.80190890e-07 1.42195344e-02 1.42773975e-02
4.47805280e+00 -5.82018988e-07 1.42691204e-02 1.43121534e-02
4.48428097e+00 -5.83405502e-07 1.43188361e-02 1.43469647e-02
4.49050914e+00 -5.84348332e-07 1.43686361e-02 1.43818088e-02
4.49673730e+00 -5.84846052e-07 1.44184749e-02 1.44166629e-02
4.50296547e+00 -5.84897910e-07 1.44683070e-02 1.44515043e-02
4.50919364e+00 -5.84503826e-07 1.45180869e-02 1.44863106e-02
4.51542181e+00 -5.83664397e-07 1.45677693e-02 1.45210594e-02
4.52164998e+00 -5.82380892e-07 1.46173093e-02 1.45557282e-02
4.52787814e+00 -5.80655256e-07 1.46666619e-02 1.45902951e-02
4.53410631e+00 -5.78490099e-07 1.47157827e-02 1.46247382e-02
4.54033448e+00 -5.75888698e-07 1.47646278e-02 1.46590358e-02
4.54656265e+00 -5.72854991e-07 1.48131534e-02 1.46931666e-02
4.55279082e+00 -5.69393571e-07 1.48613165e-02 1.47271095e-02
4.55901898e+00 -5.65509678e-07 1.49090747e-02 1.47608438e-02
4.56524715e+00 -5.61209195e-07 1.49563862e-02 1.47943492e-02
4.57147532e+00 -5.56498632e-07 1.50032099e-02 1.48276057e-02
4.57770349e+00 -5.51385128e-07 1.50495055e-02 1.48605937e-02
4.58393166e+00 -5.45876428e-07 1.50952334e-02 1.48932942e-02
4.59015982e+00 -5.39980882e-07 1.51403551e-02 1.49256884e-02
4.59638799e+00 -5.33707424e-07 1.51848329e-02 1.49577582e-02
4.60261616e+00 -5.27065567e-07 1.52286301e-02 1.49894859e-02
4.60884433e+00 -5.20065383e-07 1.52717111e-02 1.50208544e-02
4.61507250e+00 -5.12717491e-07 1.53140413e-02 1.50518470e-02
4.62130066e+00 -5.05033039e-07 1.53555873e-02 1.50824479e-02
4.62752883e+00 -4.97023691e-07 1.53963169e-02 1.51126416e-02
4.63375700e+00 -4.88701608e-07 1.54361991e-02 1.51424132e-02
4.63998517e+00 -4.80079428e-07 1.54752042e-02 1.51717486e-02
4.64621334e+00 -4.71170252e-07 1.55133038e-02 1.52006342e-02
4.65244150e+00 -4.61987620e-07 1.55504708e-02 1.52290572e-02
4.65866967e+00 -4.52545491e-07 1.55866797e-02 1.52570053e-02
4.66489784e+00 -4.42858226e-07 1.56219061e-02 1.52844671e-02
4.67112601e+00 -4.32940565e-07 1.56561273e-02 1.53114317e-02
4.67735418e+00 -4.22807602e-07 1.56893221e-02 1.53378890e-02
4.68358234e+00 -4.12474767e-07 1.57214706e-02 1.53638297e-02
4.68981051e+00 -4.01957799e-07 1.57525549e-02 1.53892451e-02
4.69603868e+00 -3.91272725e-07 1.57825581e-02 1.54141274e-02
4.70226685e+00 -3.80435835e-07 1.58114653e-02 1.54384694e-02
4.70849502e+00 -3.69463658e-07 1.58392632e-02 1.54622649e-02
4.71472318e+00 -3.58372934e-07 1.58659399e-02 1.54855082e-02
4.72095135e+00 -3.47180593e-07 1.58914854e-02 1.55081945e-02
4.72717952e+00 -3.35903729e-07 1.59158913e-02 1.55303199e-02
4.73340769e+00 -3.24559571e-07 1.59391508e-02 1.55518811e-02
4.73963586e+00 -3.13165457e-07 1.59612590e-02 1.55728758e-02
4.74586402e+00 -3.01738814e-07 1.59822124e-02 1.55933023e-02
4.75209219e+00 -2.90297120e-07 1.60020095e-02 1.56131599e-02
4.75832036e+00 -2.78857890e-07 1.60206503e-02 1.56324485e-02
4.76454853e+00 -2.67438640e-07 1.60381367e-02 1.56511689e-02
4.77077670e+00 -2.56056863e-07 1.60544722e-02 1.56693229e-02
4.77700486e+00 -2.44730003e-07 1.60696620e-02 1.56869128e-02
4.78323303e+00 -2.33475429e-07 1.60837129e-02 1.57039419e-02
4.78946120e+00 -2.22310404e-07 1.60966337e-02 1.57204142e-02
4.79568937e+00 -2.11252063e-07 1.61084347e-02 1.57363345e-02
4.80191754e+00 -2.00317385e-07 1.61191277e-02 1.57517085e-02
4.80814570e+00 -1.89523165e-07 1.61287265e-02 1.57665425e-02
4.81437387e+00 -1.78885989e-07 1.61372462e-02 1.57808439e-02
4.82060204e+00 -1.68422211e-07 1.61447037e-02 1.57946205e-02
4.82683021e+00 -1.58147924e-07 1.61511176e-02 1.58078811e-02
4.83305838e+00 -1.48078933e-07 1.61565078e-02 1.58206353e-02
4.83928654e+00 -1.38230738e-07 1.61608959e-02 1.58328932e-02
4.84551471e+00 -1.28618503e-07 1.61643049e-02 1.58446658e-02
4.85174288e+00 -1.19257033e-07 1.61667595e-02 1.58559649e-02
4.85797105e+00 -1.10160753e-07 1.61682857e-02 1.58668028e-02
4.86419922e+00 -1.01343685e-07 1.61689108e-02 1.58771927e-02
4.87042738e+00 -9.28194258e-08 1.61686637e-02 1.58871483e-02
4.87665555e+00 -8.46011240e-08 1.61675746e-02 1.58966841e-02
4.88288372e+00 -7.67014603e-08 1.61656747e-02 1.59058152e-02
4.88911189e+00 -6.91326284e-08 1.61629969e-02 1.59145574e-02
4.89534006e+00 -6.19063138e-08 1.61595749e-02 1.59229269e-02
4.90156822e+00 -5.50336779e-08 1.61554439e-02 1.59309407e-02
4.90779639e+00 -4.85253375e-08 1.61506399e-02 1.59386162e-02
4.91402456e+00 -4.23913491e-08 1.61452002e-02 1.59459716e-02
4.92025273e+00 -3.66411946e-08 1.61391629e-02 1.59530254e-02
4.92648090e+00 -3.12837633e-08 1.61325672e-02 1.59597966e-02
4.93270906e+00 -2.63273393e-08 1.61254532e-02 1.59663048e-02
4.93893723e+00 -2.17795887e-08 1.61178617e-02 1.59725699e-02
4.94516540e+00 -1.76475461e-08 1.61098344e-02 1.59786124e-02
4.95139357e+00 -1.39376053e-08 1.61014136e-02 1.59844530e-02
4.95762174e+00 -1.06555063e-08 1.60926425e-02 1.59901129e-02
4.96384990e+00 -7.80632924e-09 1.60835645e-02 1.59956135e-02
4.97007807e+00 -5.39448326e-09 1.60742239e-02 1.60009768e-02
4.97630624e+00 -3.42370287e-09 1.60646652e-02 1.60062247e-02
4.98253441e+00 -1.89703848e-09 1.60549335e-02 1.60113795e-02
4.98876258e+00 -8.16853534e-10 1.60450741e-02 1.60164637e-02
4.99499075e+00 -1.84820838e-10 1.60351326e-02 1.60215001e-02
5.00121891e+00 -1.91848799e-12 1.60251548e-02 1.60265115e-02
