#	Time	Error_of_Energy	Error_of_Position	Error_of_Velocity
3.11408401e-03 -3.50789015e-12 1.24846453e-06 6.24828000e-07
6.22816801e-03 -1.40305166e-11 2.49630195e-06 1.25198148e-06
9.34225202e-03 -3.15641675e-11 3.74288688e-06 1.88377062e-06
1.24563360e-02 -5.61014188e-11 4.98759742e-06 2.52247535e-06
1.55704200e-02 -8.76333389e-11 6.22981692e-06 3.17033126e-06
1.86845040e-02 -1.26147748e-10 7.46893570e-06 3.82951646e-06
2.17985880e-02 -1.71629914e-10 8.70435286e-06 4.50214000e-06
2.49126720e-02 -2.24062206e-10 9.93547800e-06 5.19023169e-06
2.80267561e-02 -2.83424555e-10 1.11617331e-05 5.89573372e-06
3.11408401e-02 -3.49694227e-10 1.23825542e-05 6.62049405e-06
3.42549241e-02 -4.22845818e-10 1.35973935e-05 7.36626151e-06
3.73690081e-02 -5.02851140e-10 1.48057209e-05 8.13468261e-06
4.04830921e-02 -5.89679454e-10 1.60070259e-05 8.92729991e-06
4.35971761e-02 -6.83298049e-10 1.72008201e-05 9.74555180e-06
4.67112601e-02 -7.83669805e-10 1.83866381e-05 1.05907735e-05
4.98253441e-02 -8.90757370e-10 1.95640406e-05 1.14641992e-05
5.29394281e-02 -1.00451829e-09 2.07326154e-05 1.23669648e-05
5.60535121e-02 -1.12491057e-09 2.18919803e-05 1.33001117e-05
5.91675961e-02 -1.25188666e-09 2.30417844e-05 1.42645909e-05
6.22816801e-02 -1.38539830e-09 2.41817109e-05 1.52612670e-05
6.53957641e-02 -1.52539445e-09 2.53114787e-05 1.62909237e-05
6.85098481e-02 -1.67182082e-09 2.64308449e-05 1.73542677e-05
7.16239321e-02 -1.82462174e-09 2.75396068e-05 1.84519340e-05
7.47380161e-02 -1.98373873e-09 2.86376044e-05 1.95844904e-05
7.78521001e-02 -2.14911010e-09 2.97247224e-05 2.07524421e-05
8.09661841e-02 -2.32067227e-09 3.08008924e-05 2.19562361e-05
8.40802682e-02 -2.49836052e-09 3.18660958e-05 2.31962654e-05
8.71943522e-02 -2.68210525e-09 3.29203652e-05 2.44728729e-05
9.03084362e-02 -2.87183685e-09 3.39637877e-05 2.57863553e-05
9.34225202e-02 -3.06748226e-09 3.49965064e-05 2.71369662e-05
9.65366042e-02 -3.26896677e-09 3.60187231e-05 2.85249197e-05
9.96506882e-02 -3.47621219e-09 3.70307006e-05 2.99503933e-05
1.02764772e-01 -3.68913988e-09 3.80327649e-05 3.14135306e-05
1.05878856e-01 -3.90766794e-09 3.90253072e-05 3.29144437e-05
1.08992940e-01 -4.13171217e-09 4.00087862e-05 3.44532160e-05
1.12107024e-01 -4.36118649e-09 4.09837301e-05 3.60299037e-05
1.15221108e-01 -4.59600366e-09 4.19507386e-05 3.76445384e-05
1.18335192e-01 -4.83607276e-09 4.29104844e-05 3.92971284e-05
1.21449276e-01 -5.08130236e-09 4.38637151e-05 4.09876605e-05
1.24563360e-01 -5.33159817e-09 4.48112544e-05 4.27161017e-05
1.27677444e-01 -5.58686379e-09 4.57540037e-05 4.44824001e-05
1.30791528e-01 -5.84700167e-09 4.66929425e-05 4.62864866e-05
1.33905612e-01 -6.11191239e-09 4.76291296e-05 4.81282757e-05
1.37019696e-01 -6.38149376e-09 4.85637032e-05 5.00076667e-05
1.40133780e-01 -6.65564255e-09 4.94978810e-05 5.19245446e-05
1.43247864e-01 -6.93425343e-09 5.04329597e-05 5.38787809e-05
1.46361948e-01 -7.21722026e-09 5.13703145e-05 5.58702345e-05
1.49476032e-01 -7.50443365e-09 5.23113979e-05 5.78987522e-05
1.52590116e-01 -7.79578364e-09 5.32577376e-05 5.99641695e-05
1.55704200e-01 -8.09115922e-09 5.42109348e-05 6.20663113e-05
1.58818284e-01 -8.39044648e-09 5.51726610e-05 6.42049922e-05
1.61932368e-01 -8.69353069e-09 5.61446553e-05 6.63800171e-05
1.65046452e-01 -9.00029563e-09 5.71287201e-05 6.85911816e-05
1.68160536e-01 -9.31062438e-09 5.81267172e-05 7.08382727e-05
1.71274620e-01 -9.62439721e-09 5.91405624e-05 7.31210688e-05
1.74388704e-01 -9.94149361e-09 6.01722204e-05 7.54393402e-05
1.77502788e-01 -1.02617928e-08 6.12236988e-05 7.77928497e-05
1.80616872e-01 -1.05851720e-08 6.22970414e-05 8.01813522e-05
1.83730956e-01 -1.09115063e-08 6.33943218e-05 8.26045959e-05
1.86845040e-01 -1.12406718e-08 6.45176357e-05 8.50623219e-05
1.89959124e-01 -1.15725414e-08 6.56690931e-05 8.75542646e-05
1.93073208e-01 -1.19069886e-08 6.68508113e-05 9.00801519e-05
1.96187292e-01 -1.22438850e-08 6.80649060e-05 9.26397056e-05
1.99301376e-01 -1.25831015e-08 6.93134833e-05 9.52326416e-05
2.02415460e-01 -1.29245079e-08 7.05986320e-05 9.78586696e-05
2.05529544e-01 -1.32679738e-08 7.19224150e-05 1.00517494e-04
2.08643628e-01 -1.36133679e-08 7.32868615e-05 1.03208813e-04
2.11757712e-01 -1.39605569e-08 7.46939597e-05 1.05932321e-04
2.14871796e-01 -1.43094086e-08 7.61456486e-05 1.08687704e-04
2.17985880e-01 -1.46597891e-08 7.76438122e-05 1.11474648e-04
2.21099964e-01 -1.50115637e-08 7.91902721e-05 1.14292829e-04
2.24214048e-01 -1.53645986e-08 8.07867820e-05 1.17141920e-04
2.27328132e-01 -1.57187583e-08 8.24350225e-05 1.20021591e-04
2.30442216e-01 -1.60739065e-08 8.41365962e-05 1.22931506e-04
2.33556300e-01 -1.64299080e-08 8.58930238e-05 1.25871323e-04
2.36670384e-01 -1.67866257e-08 8.77057405e-05 1.28840699e-04
2.39784468e-01 -1.71439240e-08 8.95760937e-05 1.31839283e-04
2.42898552e-01 -1.75016653e-08 9.15053409e-05 1.34866723e-04
2.46012636e-01 -1.78597132e-08 9.34946481e-05 1.37922661e-04
2.49126720e-01 -1.82179307e-08 9.55450889e-05 1.41006735e-04
2.52240804e-01 -1.85761794e-08 9.76576452e-05 1.44118581e-04
2.55354888e-01 -1.89343237e-08 9.98332063e-05 1.47257830e-04
2.58468972e-01 -1.92922259e-08 1.02072571e-04 1.50424108e-04
2.61583056e-01 -1.96497489e-08 1.04376448e-04 1.53617039e-04
2.64697140e-01 -2.00067556e-08 1.06745457e-04 1.56836243e-04
2.67811224e-01 -2.03631098e-08 1.09180133e-04 1.60081337e-04
2.70925308e-01 -2.07186751e-08 1.11680926e-04 1.63351934e-04
2.74039392e-01 -2.10733156e-08 1.14248206e-04 1.66647643e-04
2.77153477e-01 -2.14268954e-08 1.16882263e-04 1.69968071e-04
2.80267561e-01 -2.17792789e-08 1.19583310e-04 1.73312821e-04
2.83381645e-01 -2.21303317e-08 1.22351491e-04 1.76681494e-04
2.86495729e-01 -2.24799194e-08 1.25186876e-04 1.80073687e-04
2.89609813e-01 -2.28279080e-08 1.28089470e-04 1.83488993e-04
2.92723897e-01 -2.31741646e-08 1.31059213e-04 1.86927006e-04
2.95837981e-01 -2.35185570e-08 1.34095984e-04 1.90387312e-04
2.98952065e-01 -2.38609531e-08 1.37199606e-04 1.93869498e-04
3.02066149e-01 -2.42012220e-08 1.40369844e-04 1.97373147e-04
3.05180233e-01 -2.45392334e-08 1.43606410e-04 2.00897840e-04
3.08294317e-01 -2.48748585e-08 1.46908969e-04 2.04443155e-04
3.11408401e-01 -2.52079684e-08 1.50277135e-04 2.08008667e-04
3.14522485e-01 -2.55384359e-08 1.53710479e-04 2.11593949e-04
3.17636569e-01 -2.58661352e-08 1.57208528e-04 2.15198573e-04
3.20750653e-01 -2.61909403e-08 1.60770771e-04 2.18822107e-04
3.23864737e-01 -2.65127271e-08 1.64396654e-04 2.22464117e-04
3.26978821e-01 -2.68313728e-08 1.68085589e-04 2.26124169e-04
3.30092905e-01 -2.71467558e-08 1.71836954e-04 2.29801824e-04
3.33206989e-01 -2.74587555e-08 1.75650092e-04 2.33496642e-04
3.36321073e-01 -2.77672520e-08 1.79524314e-04 2.37208182e-04
3.39435157e-01 -2.80721275e-08 1.83458903e-04 2.40936002e-04
3.42549241e-01 -2.83732657e-08 1.87453112e-04 2.44679654e-04
3.45663325e-01 -2.86705520e-08 1.91506167e-04 2.48438694e-04
3.48777409e-01 -2.89638721e-08 1.95617267e-04 2.52212671e-04
3.51891493e-01 -2.92531140e-08 1.99785587e-04 2.56001137e-04
3.55005577e-01 -2.95381670e-08 2.04010279e-04 2.59803640e-04
3.58119661e-01 -2.98189230e-08 2.08290470e-04 2.63619726e-04
3.61233745e-01 -3.00952737e-08 2.12625266e-04 2.67448942e-04
3.64347829e-01 -3.03671146e-08 2.17013752e-04 2.71290832e-04
3.67461913e-01 -3.06343405e-08 2.21454993e-04 2.75144939e-04
3.70575997e-01 -3.08968502e-08 2.25948035e-04 2.79010805e-04
3.73690081e-01 -3.11545430e-08 2.30491903e-04 2.82887971e-04
3.76804165e-01 -3.14073207e-08 2.35085607e-04 2.86775978e-04
3.79918249e-01 -3.16550871e-08 2.39728138e-04 2.90674365e-04
3.83032333e-01 -3.18977467e-08 2.44418470e-04 2.94582669e-04
3.86146417e-01 -3.21352072e-08 2.49155561e-04 2.98500428e-04
3.89260501e-01 -3.23673781e-08 2.53938356e-04 3.02427179e-04
3.92374585e-01 -3.25941704e-08 2.58765780e-04 3.06362458e-04
3.95488669e-01 -3.28154973e-08 2.63636749e-04 3.10305801e-04
3.98602753e-01 -3.30312752e-08 2.68550161e-04 3.14256742e-04
4.01716837e-01 -3.32414209e-08 2.73504902e-04 3.18214816e-04
4.04830921e-01 -3.34458541e-08 2.78499846e-04 3.22179558e-04
4.07945005e-01 -3.36444968e-08 2.83533854e-04 3.26150501e-04
4.11059089e-01 -3.38372741e-08 2.88605774e-04 3.30127179e-04
4.14173173e-01 -3.40241111e-08 2.93714443e-04 3.34109125e-04
4.17287257e-01 -3.42049369e-08 2.98858687e-04 3.38095874e-04
4.20401341e-01 -3.43796823e-08 3.04037322e-04 3.42086958e-04
4.23515425e-01 -3.45482802e-08 3.09249153e-04 3.46081912e-04
4.26629509e-01 -3.47106677e-08 3.14492974e-04 3.50080269e-04
4.29743593e-01 -3.48667813e-08 3.19767572e-04 3.54081562e-04
4.32857677e-01 -3.50165622e-08 3.25071724e-04 3.58085327e-04
4.35971761e-01 -3.51599530e-08 3.30404198e-04 3.62091097e-04
4.39085845e-01 -3.52968990e-08 3.35763754e-04 3.66098409e-04
4.42199929e-01 -3.54273473e-08 3.41149145e-04 3.70106797e-04
4.45314013e-01 -3.55512493e-08 3.46559116e-04 3.74115798e-04
4.48428097e-01 -3.56685561e-08 3.51992406e-04 3.78124948e-04
4.51542181e-01 -3.57792245e-08 3.57447747e-04 3.82133785e-04
4.54656265e-01 -3.58832119e-08 3.62923864e-04 3.86141848e-04
4.57770349e-01 -3.59804777e-08 3.68419478e-04 3.90148675e-04
4.60884433e-01 -3.60709855e-08 3.73933304e-04 3.94153808e-04
4.63998517e-01 -3.61547009e-08 3.79464053e-04 3.98156787e-04
4.67112601e-01 -3.62315912e-08 3.85010430e-04 4.02157154e-04
4.70226685e-01 -3.63016275e-08 3.90571138e-04 4.06154454e-04
4.73340769e-01 -3.63647835e-08 3.96144876e-04 4.10148231e-04
4.76454853e-01 -3.64210342e-08 4.01730338e-04 4.14138032e-04
4.79568937e-01 -3.64703592e-08 4.07326219e-04 4.18123403e-04
4.82683021e-01 -3.65127383e-08 4.12931208e-04 4.22103895e-04
4.85797105e-01 -3.65481564e-08 4.18543996e-04 4.26079057e-04
4.88911189e-01 -3.65765999e-08 4.24163269e-04 4.30048442e-04
4.92025273e-01 -3.65980576e-08 4.29787715e-04 4.34011605e-04
4.95139357e-01 -3.66125212e-08 4.35416020e-04 4.37968100e-04
4.98253441e-01 -3.66199852e-08 4.41046870e-04 4.41917487e-04
5.01367525e-01 -3.66204472e-08 4.46678952e-04 4.45859323e-04
5.04481609e-01 -3.66139068e-08 4.52310954e-04 4.49793172e-04
5.07595693e-01 -3.66003664e-08 4.57941565e-04 4.53718597e-04
5.10709777e-01 -3.65798312e-08 4.63569475e-04 4.57635164e-04
5.13823861e-01 -3.65523092e-08 4.69193377e-04 4.61542441e-04
5.16937945e-01 -3.65178112e-08 4.74811967e-04 4.65439999e-04
5.20052029e-01 -3.64763494e-08 4.80423943e-04 4.69327411e-04
5.23166113e-01 -3.64279404e-08 4.86028007e-04 4.73204252e-04
5.26280197e-01 -3.63726025e-08 4.91622866e-04 4.77070101e-04
5.29394281e-01 -3.63103565e-08 4.97207229e-04 4.80924538e-04
5.32508365e-01 -3.62412269e-08 5.02779812e-04 4.84767148e-04
5.35622449e-01 -3.61652393e-08 5.08339335e-04 4.88597515e-04
5.38736533e-01 -3.60824232e-08 5.13884525e-04 4.92415229e-04
5.41850617e-01 -3.59928099e-08 5.19414112e-04 4.96219883e-04
5.44964701e-01 -3.58964335e-08 5.24926838e-04 5.00011072e-04
5.48078785e-01 -3.57933309e-08 5.30421446e-04 5.03788394e-04
5.51192869e-01 -3.56835418e-08 5.35896691e-04 5.07551451e-04
5.54306953e-01 -3.55671081e-08 5.41351334e-04 5.11299847e-04
5.57421037e-01 -3.54440741e-08 5.46784143e-04 5.15033190e-04
5.60535121e-01 -3.53144865e-08 5.52193898e-04 5.18751094e-04
5.63649205e-01 -3.51783949e-08 5.57579385e-04 5.22453171e-04
5.66763289e-01 -3.50358519e-08 5.62939401e-04 5.26139042e-04
5.69877373e-01 -3.48869112e-08 5.68272754e-04 5.29808329e-04
5.72991457e-01 -3.47316295e-08 5.73578259e-04 5.33460658e-04
5.76105541e-01 -3.45700667e-08 5.78854746e-04 5.37095658e-04
5.79219625e-01 -3.44022847e-08 5.84101054e-04 5.40712965e-04
5.82333709e-01 -3.42283466e-08 5.89316033e-04 5.44312216e-04
5.85447793e-01 -3.40483194e-08 5.94498546e-04 5.47893053e-04
5.88561877e-01 -3.38622719e-08 5.99647469e-04 5.51455123e-04
5.91675961e-01 -3.36702749e-08 6.04761690e-04 5.54998076e-04
5.94790045e-01 -3.34724016e-08 6.09840110e-04 5.58521566e-04
5.97904129e-01 -3.32687282e-08 6.14881645e-04 5.62025254e-04
6.01018213e-01 -3.30593320e-08 6.19885222e-04 5.65508802e-04
6.04132297e-01 -3.28442929e-08 6.24849786e-04 5.68971879e-04
6.07246381e-01 -3.26236929e-08 6.29774295e-04 5.72414158e-04
6.10360465e-01 -3.23976167e-08 6.34657721e-04 5.75835317e-04
6.13474549e-01 -3.21661509e-08 6.39499054e-04 5.79235038e-04
6.16588633e-01 -3.19293829e-08 6.44297298e-04 5.82613009e-04
6.19702717e-01 -3.16874045e-08 6.49051473e-04 5.85968921e-04
6.22816801e-01 -3.14403070e-08 6.53760616e-04 5.89302473e-04
6.25930885e-01 -3.11881851e-08 6.58423783e-04 5.92613367e-04
6.29044969e-01 -3.09311352e-08 6.63040043e-04 5.95901310e-04
6.32159053e-01 -3.06692555e-08 6.67608485e-04 5.99166016e-04
6.35273137e-01 -3.04026461e-08 6.72128217e-04 6.02407204e-04
6.38387221e-01 -3.01314089e-08 6.76598363e-04 6.05624596e-04
6.41501305e-01 -2.98556475e-08 6.81018066e-04 6.08817923e-04
6.44615389e-01 -2.95754666e-08 6.85386488e-04 6.11986919e-04
6.47729473e-01 -2.92909741e-08 6.89702811e-04 6.15131326e-04
6.50843557e-01 -2.90022788e-08 6.93966235e-04 6.18250889e-04
6.53957641e-01 -2.87094906e-08 6.98175980e-04 6.21345362e-04
6.57071725e-01 -2.84127213e-08 7.02331286e-04 6.24414503e-04
6.60185809e-01 -2.81120847e-08 7.06431415e-04 6.27458076e-04
6.63299893e-01 -2.78076960e-08 7.10475645e-04 6.30475852e-04
6.66413977e-01 -2.74996707e-08 7.14463281e-04 6.33467607e-04
6.69528061e-01 -2.71881270e-08 7.18393643e-04 6.36433124e-04
6.72642145e-01 -2.68731839e-08 7.22266075e-04 6.39372194e-04
6.75756229e-01 -2.65549618e-08 7.26079944e-04 6.42284610e-04
6.78870313e-01 -2.62335822e-08 7.29834636e-04 6.45170177e-04
6.81984397e-01 -2.59091685e-08 7.33529560e-04 6.48028702e-04
6.85098481e-01 -2.55818439e-08 7.37164148e-04 6.50860002e-04
6.88212565e-01 -2.52517345e-08 7.40737852e-04 6.53663898e-04
6.91326649e-01 -2.49189658e-08 7.44250149e-04 6.56440220e-04
6.94440733e-01 -2.45836652e-08 7.47700537e-04 6.59188804e-04
6.97554817e-01 -2.42459615e-08 7.51088538e-04 6.61909493e-04
7.00668901e-01 -2.39059828e-08 7.54413698e-04 6.64602137e-04
7.03782985e-01 -2.35638606e-08 7.57675583e-04 6.67266594e-04
7.06897069e-01 -2.32197241e-08 7.60873786e-04 6.69902728e-04
7.10011153e-01 -2.28737056e-08 7.64007922e-04 6.72510410e-04
7.13125237e-01 -2.25259381e-08 7.67077628e-04 6.75089521e-04
7.16239321e-01 -2.21765538e-08 7.70082569e-04 6.77639947e-04
7.19353405e-01 -2.18256867e-08 7.73022430e-04 6.80161583e-04
7.22467489e-01 -2.14734711e-08 7.75896923e-04 6.82654329e-04
7.25581573e-01 -2.11200415e-08 7.78705782e-04 6.85118097e-04
7.28695657e-01 -2.07655336e-08 7.81448766e-04 6.87552802e-04
7.31809741e-01 -2.04100825e-08 7.84125659e-04 6.89958372e-04
7.34923825e-01 -2.00538243e-08 7.86736270e-04 6.92334738e-04
7.38037909e-01 -1.96968959e-08 7.89280430e-04 6.94681843e-04
7.41151993e-01 -1.93394335e-08 7.91757998e-04 6.96999635e-04
7.44266077e-01 -1.89815738e-08 7.94168856e-04 6.99288072e-04
7.47380161e-01 -1.86234538e-08 7.96512909e-04 7.01547120e-04
7.50494245e-01 -1.82652105e-08 7.98790091e-04 7.03776754e-04
7.53608329e-01 -1.79069816e-08 8.01000357e-04 7.05976954e-04
7.56722413e-01 -1.75489034e-08 8.03143689e-04 7.08147713e-04
7.59836497e-01 -1.71911139e-08 8.05220093e-04 7.10289030e-04
7.62950581e-01 -1.68337495e-08 8.07229600e-04 7.12400913e-04
7.66064665e-01 -1.64769470e-08 8.09172266e-04 7.14483379e-04
7.69178749e-01 -1.61208428e-08 8.11048173e-04 7.16536453e-04
7.72292833e-01 -1.57655748e-08 8.12857426e-04 7.18560169e-04
7.75406917e-01 -1.54112766e-08 8.14600155e-04 7.20554572e-04
7.78521001e-01 -1.50580856e-08 8.16276517e-04 7.22519713e-04
7.81635085e-01 -1.47061365e-08 8.17886692e-04 7.24455653e-04
7.84749169e-01 -1.43555648e-08 8.19430885e-04 7.26362462e-04
7.87863253e-01 -1.40065037e-08 8.20909326e-04 7.28240221e-04
7.90977337e-01 -1.36590876e-08 8.22322269e-04 7.30089018e-04
7.94091421e-01 -1.33134497e-08 8.23669993e-04 7.31908951e-04
7.97205505e-01 -1.29697217e-08 8.24952803e-04 7.33700126e-04
8.00319589e-01 -1.26280357e-08 8.26171026e-04 7.35462662e-04
8.03433673e-01 -1.22885227e-08 8.27325014e-04 7.37196684e-04
8.06547757e-01 -1.19513129e-08 8.28415145e-04 7.38902327e-04
8.09661841e-01 -1.16165350e-08 8.29441819e-04 7.40579738e-04
8.12775925e-01 -1.12843176e-08 8.30405461e-04 7.42229070e-04
8.15890009e-01 -1.09547884e-08 8.31306519e-04 7.43850489e-04
8.19004093e-01 -1.06280731e-08 8.32145467e-04 7.45444169e-04
8.22118177e-01 -1.03042968e-08 8.32922799e-04 7.47010293e-04
8.25232261e-01 -9.98358424e-09 8.33639037e-04 7.48549057e-04
8.28346346e-01 -9.66605794e-09 8.34294724e-04 7.50060663e-04
8.31460430e-01 -9.35183968e-09 8.34890424e-04 7.51545326e-04
8.34574514e-01 -9.04104996e-09 8.35426728e-04 7.53003269e-04
8.37688598e-01 -8.73380781e-09 8.35904248e-04 7.54434725e-04
8.40802682e-01 -8.43023164e-09 8.36323619e-04 7.55839939e-04
8.43916766e-01 -8.13043690e-09 8.36685498e-04 7.57219165e-04
8.47030850e-01 -7.83453875e-09 8.36990565e-04 7.58572666e-04
8.50144934e-01 -7.54265064e-09 8.37239522e-04 7.59900716e-04
8.53259018e-01 -7.25488533e-09 8.37433093e-04 7.61203599e-04
8.56373102e-01 -6.97135209e-09 8.37572023e-04 7.62481610e-04
8.59487186e-01 -6.69216018e-09 8.37657079e-04 7.63735054e-04
8.62601270e-01 -6.41741655e-09 8.37689051e-04 7.64964244e-04
8.65715354e-01 -6.14722630e-09 8.37668747e-04 7.66169507e-04
8.68829438e-01 -5.88169360e-09 8.37596998e-04 7.67351177e-04
8.71943522e-01 -5.62091994e-09 8.37474655e-04 7.68509600e-04
8.75057606e-01 -5.36500566e-09 8.37302588e-04 7.69645132e-04
8.78171690e-01 -5.11404831e-09 8.37081691e-04 7.70758139e-04
8.81285774e-01 -4.86814476e-09 8.36812874e-04 7.71848996e-04
8.84399858e-01 -4.62738873e-09 8.36497068e-04 7.72918091e-04
8.87513942e-01 -4.39187371e-09 8.36135224e-04 7.73965820e-04
8.90628026e-01 -4.16168856e-09 8.35728310e-04 7.74992591e-04
8.93742110e-01 -3.93692271e-09 8.35277316e-04 7.75998819e-04
8.96856194e-01 -3.71766200e-09 8.34783248e-04 7.76984934e-04
8.99970278e-01 -3.50399030e-09 8.34247132e-04 7.77951371e-04
9.03084362e-01 -3.29599020e-09 8.33670009e-04 7.78898579e-04
9.06198446e-01 -3.09374138e-09 8.33052941e-04 7.79827015e-04
9.09312530e-01 -2.89732111e-09 8.32397006e-04 7.80737148e-04
9.12426614e-01 -2.70680478e-09 8.31703299e-04 7.81629453e-04
9.15540698e-01 -2.52226570e-09 8.30972932e-04 7.82504420e-04
9.18654782e-01 -2.34377451e-09 8.30207033e-04 7.83362545e-04
9.21768866e-01 -2.17139989e-09 8.29406746e-04 7.84204336e-04
9.24882950e-01 -2.00520761e-09 8.28573232e-04 7.85030309e-04
9.27997034e-01 -1.84526227e-09 8.27707665e-04 7.85840990e-04
9.31111118e-01 -1.69162443e-09 8.26811238e-04 7.86636917e-04
9.34225202e-01 -1.54435336e-09 8.25885154e-04 7.87418633e-04
9.37339286e-01 -1.40350579e-09 8.24930635e-04 7.88186695e-04
9.40453370e-01 -1.26913519e-09 8.23948913e-04 7.88941665e-04
9.43567454e-01 -1.14129388e-09 8.22941237e-04 7.89684117e-04
9.46681538e-01 -1.02003022e-09 8.21908867e-04 7.90414634e-04
9.49795622e-01 -9.05391424e-10 8.20853078e-04 7.91133805e-04
9.52909706e-01 -7.97421114e-10 8.19775154e-04 7.91842231e-04
9.56023790e-01 -6.96160583e-10 8.18676397e-04 7.92540520e-04
9.59137874e-01 -6.01649038e-10 8.17558114e-04 7.93229289e-04
9.62251958e-01 -5.13922204e-10 8.16421630e-04 7.93909162e-04
9.65366042e-01 -4.33014535e-10 8.15268275e-04 7.94580773e-04
9.68480126e-01 -3.58957002e-10 8.14099395e-04 7.95244763e-04
9.71594210e-01 -2.91777559e-10 8.12916341e-04 7.95901779e-04
9.74708294e-01 -2.31501958e-10 8.11720479e-04 7.96552479e-04
9.77822378e-01 -1.78153864e-10 8.10513179e-04 7.97197526e-04
9.80936462e-01 -1.31753459e-10 8.09295825e-04 7.97837590e-04
9.84050546e-01 -9.23183750e-11 8.08069806e-04 7.98473350e-04
9.87164630e-01 -5.98642722e-11 8.06836519e-04 7.99105488e-04
9.90278714e-01 -3.44027502e-11 8.05597370e-04 7.99734697e-04
9.93392798e-01 -1.59445967e-11 8.04353773e-04 8.00361672e-04
9.96506882e-01 -4.49642359e-12 8.03107145e-04 8.00987116e-04
9.99620966e-01 -6.25228263e-14 8.01858913e-04 8.01611738e-04
1.00273505e+00 -2.64451836e-12 8.00610506e-04 8.02236251e-04
1.00584913e+00 -1.22418302e-11 7.99363361e-04 8.02861374e-04
1.00896322e+00 -2.88508624e-11 7.98118919e-04 8.03487830e-04
1.01207730e+00 -5.24641911e-11 7.96878623e-04 8.04116348e-04
1.01519139e+00 -8.30738125e-11 7.95643921e-04 8.04747659e-04
1.01830547e+00 -1.20667895e-10 7.94416266e-04 8.05382499e-04
1.02141955e+00 -1.65231358e-10 7.93197109e-04 8.06021608e-04
1.02453364e+00 -2.16747615e-10 7.91987907e-04 8.06665728e-04
1.02764772e+00 -2.75196830e-10 7.90790115e-04 8.07315604e-04
1.03076181e+00 -3.40556731e-10 7.89605191e-04 8.07971985e-04
1.03387589e+00 -4.12801567e-10 7.88434593e-04 8.08635620e-04
1.03698997e+00 -4.91904310e-10 7.87279777e-04 8.09307260e-04
1.04010406e+00 -5.77834105e-10 7.86142199e-04 8.09987658e-04
1.04321814e+00 -6.70558240e-10 7.85023312e-04 8.10677568e-04
1.04633223e+00 -7.70041452e-10 7.83924570e-04 8.11377744e-04
1.04944631e+00 -8.76244651e-10 7.82847419e-04 8.12088940e-04
1.05256039e+00 -9.89128164e-10 7.81793305e-04 8.12811909e-04
1.05567448e+00 -1.10864745e-09 7.80763668e-04 8.13547404e-04
1.05878856e+00 -1.23475750e-09 7.79759945e-04 8.14296178e-04
1.06190265e+00 -1.36740959e-09 7.78783564e-04 8.15058980e-04
1.06501673e+00 -1.50655315e-09 7.77835950e-04 8.15836558e-04
1.06813081e+00 -1.65213402e-09 7.76918517e-04 8.16629657e-04
1.07124490e+00 -1.80409720e-09 7.76032676e-04 8.17439020e-04
1.07435898e+00 -1.96238377e-09 7.75179825e-04 8.18265386e-04
1.07747307e+00 -2.12693329e-09 7.74361355e-04 8.19109488e-04
1.08058715e+00 -2.29768243e-09 7.73578647e-04 8.19972058e-04
1.08370123e+00 -2.47456589e-09 7.72833070e-04 8.20853821e-04
1.08681532e+00 -2.65751533e-09 7.72125982e-04 8.21755497e-04
1.08992940e+00 -2.84646094e-09 7.71458730e-04 8.22677800e-04
1.09304349e+00 -3.04133032e-09 7.70832645e-04 8.23621438e-04
1.09615757e+00 -3.24204854e-09 7.70249046e-04 8.24587111e-04
1.09927165e+00 -3.44853812e-09 7.69709239e-04 8.25575513e-04
1.10238574e+00 -3.66072064e-09 7.69214510e-04 8.26587330e-04
1.10549982e+00 -3.87851433e-09 7.68766134e-04 8.27623238e-04
1.10861391e+00 -4.10183531e-09 7.68365365e-04 8.28683907e-04
1.11172799e+00 -4.33059844e-09 7.68013441e-04 8.29769995e-04
1.11484207e+00 -4.56471534e-09 7.67711582e-04 8.30882153e-04
1.11795616e+00 -4.80409691e-09 7.67460986e-04 8.32021018e-04
1.12107024e+00 -5.04865094e-09 7.67262834e-04 8.33187220e-04
1.12418433e+00 -5.29828325e-09 7.67118285e-04 8.34381376e-04
1.12729841e+00 -5.55289893e-09 7.67028476e-04 8.35604091e-04
1.13041249e+00 -5.81239952e-09 7.66994521e-04 8.36855958e-04
1.13352658e+00 -6.07668594e-09 7.67017512e-04 8.38137559e-04
1.13664066e+00 -6.34565682e-09 7.67098517e-04 8.39449462e-04
1.13975475e+00 -6.61920880e-09 7.67238578e-04 8.40792220e-04
1.14286883e+00 -6.89723725e-09 7.67438714e-04 8.42166375e-04
1.14598291e+00 -7.17963499e-09 7.67699916e-04 8.43572452e-04
1.14909700e+00 -7.46629450e-09 7.68023148e-04 8.45010963e-04
1.15221108e+00 -7.75710510e-09 7.68409349e-04 8.46482405e-04
1.15532517e+00 -8.05195544e-09 7.68859427e-04 8.47987258e-04
1.15843925e+00 -8.35073300e-09 7.69374264e-04 8.49525988e-04
1.16155333e+00 -8.65332237e-09 7.69954710e-04 8.51099043e-04
1.16466742e+00 -8.95960882e-09 7.70601589e-04 8.52706857e-04
1.16778150e+00 -9.26947369e-09 7.71315689e-04 8.54349844e-04
1.17089559e+00 -9.58279854e-09 7.72097773e-04 8.56028403e-04
1.17400967e+00 -9.89946378e-09 7.72948568e-04 8.57742915e-04
1.17712375e+00 -1.02193474e-08 7.73868772e-04 8.59493743e-04
1.18023784e+00 -1.05423263e-08 7.74859048e-04 8.61281232e-04
1.18335192e+00 -1.08682783e-08 7.75920028e-04 8.63105709e-04
1.18646601e+00 -1.11970770e-08 7.77052311e-04 8.64967482e-04
1.18958009e+00 -1.15285973e-08 7.78256462e-04 8.66866841e-04
1.19269417e+00 -1.18627116e-08 7.79533010e-04 8.68804056e-04
1.19580826e+00 -1.21992922e-08 7.80882452e-04 8.70779379e-04
1.19892234e+00 -1.25382098e-08 7.82305252e-04 8.72793041e-04
1.20203643e+00 -1.28793349e-08 7.83801835e-04 8.74845257e-04
1.20515051e+00 -1.32225367e-08 7.85372595e-04 8.76936218e-04
1.20826459e+00 -1.35676836e-08 7.87017888e-04 8.79066098e-04
1.21137868e+00 -1.39146433e-08 7.88738037e-04 8.81235052e-04
1.21449276e+00 -1.42632831e-08 7.90533329e-04 8.83443213e-04
1.21760685e+00 -1.46134690e-08 7.92404015e-04 8.85690696e-04
1.22072093e+00 -1.49650679e-08 7.94350311e-04 8.87977594e-04
1.22383501e+00 -1.53179442e-08 7.96372397e-04 8.90303981e-04
1.22694910e+00 -1.56719627e-08 7.98470419e-04 8.92669913e-04
1.23006318e+00 -1.60269888e-08 8.00644486e-04 8.95075422e-04
1.23317727e+00 -1.63828853e-08 8.02894674e-04 8.97520525e-04
1.23629135e+00 -1.67395164e-08 8.05221021e-04 9.00005215e-04
1.23940543e+00 -1.70967459e-08 8.07623532e-04 9.02529468e-04
1.24251952e+00 -1.74544368e-08 8.10102177e-04 9.05093238e-04
1.24563360e+00 -1.78124520e-08 8.12656891e-04 9.07696462e-04
1.24874769e+00 -1.81706546e-08 8.15287575e-04 9.10339055e-04
1.25186177e+00 -1.85289076e-08 8.17994096e-04 9.13020916e-04
1.25497585e+00 -1.88870734e-08 8.20776286e-04 9.15741921e-04
1.25808994e+00 -1.92450154e-08 8.23633946e-04 9.18501930e-04
1.26120402e+00 -1.96025959e-08 8.26566841e-04 9.21300783e-04
1.26431811e+00 -1.99596786e-08 8.29574706e-04 9.24138302e-04
1.26743219e+00 -2.03161269e-08 8.32657242e-04 9.27014289e-04
1.27054627e+00 -2.06718039e-08 8.35814119e-04 9.29928530e-04
1.27366036e+00 -2.10265743e-08 8.39044973e-04 9.32880792e-04
1.27677444e+00 -2.13803014e-08 8.42349412e-04 9.35870826e-04
1.27988853e+00 -2.17328506e-08 8.45727012e-04 9.38898362e-04
1.28300261e+00 -2.20840867e-08 8.49177318e-04 9.41963116e-04
1.28611669e+00 -2.24338753e-08 8.52699846e-04 9.45064787e-04
1.28923078e+00 -2.27820828e-08 8.56294084e-04 9.48203056e-04
1.29234486e+00 -2.31285756e-08 8.59959489e-04 9.51377589e-04
1.29545895e+00 -2.34732213e-08 8.63695490e-04 9.54588035e-04
1.29857303e+00 -2.38158882e-08 8.67501490e-04 9.57834029e-04
1.30168711e+00 -2.41564453e-08 8.71376863e-04 9.61115189e-04
1.30480120e+00 -2.44947621e-08 8.75320958e-04 9.64431120e-04
1.30791528e+00 -2.48307094e-08 8.79333095e-04 9.67781411e-04
1.31102937e+00 -2.51641586e-08 8.83412572e-04 9.71165636e-04
1.31414345e+00 -2.54949830e-08 8.87558658e-04 9.74583358e-04
1.31725753e+00 -2.58230542e-08 8.91770601e-04 9.78034123e-04
1.32037162e+00 -2.61482485e-08 8.96047622e-04 9.81517467e-04
1.32348570e+00 -2.64704410e-08 9.00388921e-04 9.85032911e-04
1.32659979e+00 -2.67895084e-08 9.04793674e-04 9.88579965e-04
1.32971387e+00 -2.71053286e-08 9.09261033e-04 9.92158126e-04
1.33282795e+00 -2.74177811e-08 9.13790132e-04 9.95766880e-04
1.33594204e+00 -2.77267469e-08 9.18380079e-04 9.99405701e-04
1.33905612e+00 -2.80321071e-08 9.23029965e-04 1.00307405e-03
1.34217021e+00 -2.83337450e-08 9.27738858e-04 1.00677139e-03
1.34528429e+00 -2.86315461e-08 9.32505809e-04 1.01049715e-03
1.34839837e+00 -2.89253959e-08 9.37329848e-04 1.01425077e-03
1.35151246e+00 -2.92151823e-08 9.42209986e-04 1.01803167e-03
1.35462654e+00 -2.95007946e-08 9.47145217e-04 1.02183927e-03
1.35774063e+00 -2.97821238e-08 9.52134516e-04 1.02567297e-03
1.36085471e+00 -3.00590620e-08 9.57176843e-04 1.02953218e-03
1.36396879e+00 -3.03315035e-08 9.62271139e-04 1.03341627e-03
1.36708288e+00 -3.05993443e-08 9.67416331e-04 1.03732464e-03
1.37019696e+00 -3.08624823e-08 9.72611328e-04 1.04125665e-03
1.37331105e+00 -3.11208167e-08 9.77855026e-04 1.04521168e-03
1.37642513e+00 -3.13742488e-08 9.83146306e-04 1.04918908e-03
1.37953921e+00 -3.16226812e-08 9.88484034e-04 1.05318822e-03
1.38265330e+00 -3.18660204e-08 9.93867062e-04 1.05720843e-03
1.38576738e+00 -3.21041724e-08 9.99294231e-04 1.06124908e-03
1.38888147e+00 -3.23370461e-08 1.00476437e-03 1.06530948e-03
1.39199555e+00 -3.25645530e-08 1.01027628e-03 1.06938899e-03
1.39510963e+00 -3.27866069e-08 1.01582878e-03 1.07348693e-03
1.39822372e+00 -3.30031214e-08 1.02142066e-03 1.07760262e-03
1.40133780e+00 -3.32140148e-08 1.02705069e-03 1.08173540e-03
1.40445189e+00 -3.34192065e-08 1.03271765e-03 1.08588456e-03
1.40756597e+00 -3.36186180e-08 1.03842029e-03 1.09004944e-03
1.41068005e+00 -3.38121729e-08 1.04415737e-03 1.09422935e-03
1.41379414e+00 -3.39997981e-08 1.04992763e-03 1.09842359e-03
1.41690822e+00 -3.41814210e-08 1.05572980e-03 1.10263148e-03
1.42002231e+00 -3.43569724e-08 1.06156260e-03 1.10685232e-03
1.42313639e+00 -3.45263856e-08 1.06742475e-03 1.11108541e-03
1.42625047e+00 -3.46895964e-08 1.07331497e-03 1.11533006e-03
1.42936456e+00 -3.48465417e-08 1.07923194e-03 1.11958557e-03
1.43247864e+00 -3.49971615e-08 1.08517438e-03 1.12385125e-03
1.43559273e+00 -3.51413986e-08 1.09114096e-03 1.12812639e-03
1.43870681e+00 -3.52791981e-08 1.09713037e-03 1.13241030e-03
1.44182089e+00 -3.54105069e-08 1.10314129e-03 1.13670227e-03
1.44493498e+00 -3.55352755e-08 1.10917240e-03 1.14100161e-03
1.44804906e+00 -3.56534558e-08 1.11522236e-03 1.14530763e-03
1.45116315e+00 -3.57650027e-08 1.12128983e-03 1.14961961e-03
1.45427723e+00 -3.58698736e-08 1.12737349e-03 1.15393687e-03
1.45739131e+00 -3.59680289e-08 1.13347198e-03 1.15825872e-03
1.46050540e+00 -3.60594307e-08 1.13958397e-03 1.16258445e-03
1.46361948e+00 -3.61440438e-08 1.14570810e-03 1.16691338e-03
1.46673357e+00 -3.62218367e-08 1.15184303e-03 1.17124482e-03
1.46984765e+00 -3.62927794e-08 1.15798741e-03 1.17557808e-03
1.47296173e+00 -3.63568445e-08 1.16413988e-03 1.17991247e-03
1.47607582e+00 -3.64140079e-08 1.17029910e-03 1.18424732e-03
1.47918990e+00 -3.64642478e-08 1.17646371e-03 1.18858193e-03
1.48230399e+00 -3.65075447e-08 1.18263236e-03 1.19291565e-03
1.48541807e+00 -3.65438824e-08 1.18880369e-03 1.19724778e-03
1.48853215e+00 -3.65732468e-08 1.19497636e-03 1.20157767e-03
1.49164624e+00 -3.65956267e-08 1.20114902e-03 1.20590464e-03
1.49476032e+00 -3.66110138e-08 1.20732031e-03 1.21022803e-03
1.49787441e+00 -3.66194024e-08 1.21348889e-03 1.21454719e-03
1.50098849e+00 -3.66207885e-08 1.21965342e-03 1.21886146e-03
1.50410257e+00 -3.66151726e-08 1.22581256e-03 1.22317018e-03
1.50721666e+00 -3.66025556e-08 1.23196497e-03 1.22747272e-03
1.51033074e+00 -3.65829432e-08 1.23810931e-03 1.23176842e-03
1.51344483e+00 -3.65563427e-08 1.24424426e-03 1.23605666e-03
1.51655891e+00 -3.65227641e-08 1.25036849e-03 1.24033680e-03
1.51967299e+00 -3.64822208e-08 1.25648069e-03 1.24460821e-03
1.52278708e+00 -3.64347271e-08 1.26257953e-03 1.24887027e-03
1.52590116e+00 -3.63803024e-08 1.26866371e-03 1.25312237e-03
1.52901525e+00 -3.63189670e-08 1.27473192e-03 1.25736389e-03
1.53212933e+00 -3.62507436e-08 1.28078287e-03 1.26159423e-03
1.53524341e+00 -3.61756596e-08 1.28681528e-03 1.26581279e-03
1.53835750e+00 -3.60937427e-08 1.29282785e-03 1.27001897e-03
1.54147158e+00 -3.60050243e-08 1.29881932e-03 1.27421219e-03
1.54458567e+00 -3.59095383e-08 1.30478841e-03 1.27839186e-03
1.54769975e+00 -3.58073218e-08 1.31073388e-03 1.28255742e-03
1.55081383e+00 -3.56984128e-08 1.31665447e-03 1.28670828e-03
1.55392792e+00 -3.55828533e-08 1.32254894e-03 1.29084390e-03
1.55704200e+00 -3.54606878e-08 1.32841606e-03 1.29496370e-03
1.56015609e+00 -3.53319626e-08 1.33425462e-03 1.29906715e-03
1.56327017e+00 -3.51967264e-08 1.34006341e-03 1.30315370e-03
1.56638425e+00 -3.50550316e-08 1.34584123e-03 1.30722281e-03
1.56949834e+00 -3.49069318e-08 1.35158688e-03 1.31127395e-03
1.57261242e+00 -3.47524837e-08 1.35729921e-03 1.31530662e-03
1.57572651e+00 -3.45917466e-08 1.36297704e-03 1.31932028e-03
1.57884059e+00 -3.44247813e-08 1.36861922e-03 1.32331443e-03
1.58195467e+00 -3.42516515e-08 1.37422461e-03 1.32728858e-03
1.58506876e+00 -3.40724242e-08 1.37979210e-03 1.33124223e-03
1.58818284e+00 -3.38871669e-08 1.38532057e-03 1.33517490e-03
1.59129693e+00 -3.36959511e-08 1.39080892e-03 1.33908611e-03
1.59441101e+00 -3.34988489e-08 1.39625608e-03 1.34297540e-03
1.59752509e+00 -3.32959368e-08 1.40166096e-03 1.34684229e-03
1.60063918e+00 -3.30872907e-08 1.40702253e-03 1.35068635e-03
1.60375326e+00 -3.28729919e-08 1.41233973e-03 1.35450712e-03
1.60686735e+00 -3.26531213e-08 1.41761155e-03 1.35830416e-03
1.60998143e+00 -3.24277629e-08 1.42283699e-03 1.36207706e-03
1.61309551e+00 -3.21970030e-08 1.42801505e-03 1.36582539e-03
1.61620960e+00 -3.19609295e-08 1.43314476e-03 1.36954873e-03
1.61932368e+00 -3.17196337e-08 1.43822516e-03 1.37324669e-03
1.62243777e+00 -3.14732060e-08 1.44325532e-03 1.37691887e-03
1.62555185e+00 -3.12217420e-08 1.44823430e-03 1.38056489e-03
1.62866593e+00 -3.09653368e-08 1.45316122e-03 1.38418436e-03
1.63178002e+00 -3.07040887e-08 1.45803518e-03 1.38777692e-03
1.63489410e+00 -3.04380976e-08 1.46285533e-03 1.39134221e-03
1.63800819e+00 -3.01674652e-08 1.46762080e-03 1.39487988e-03
1.64112227e+00 -2.98922947e-08 1.47233077e-03 1.39838959e-03
1.64423635e+00 -2.96126912e-08 1.47698444e-03 1.40187100e-03
1.64735044e+00 -2.93287614e-08 1.48158101e-03 1.40532379e-03
1.65046452e+00 -2.90406147e-08 1.48611972e-03 1.40874765e-03
1.65357861e+00 -2.87483601e-08 1.49059981e-03 1.41214227e-03
1.65669269e+00 -2.84521100e-08 1.49502056e-03 1.41550736e-03
1.65980678e+00 -2.81519773e-08 1.49938126e-03 1.41884262e-03
1.66292086e+00 -2.78480767e-08 1.50368122e-03 1.42214779e-03
1.66603494e+00 -2.75405244e-08 1.50791979e-03 1.42542259e-03
1.66914903e+00 -2.72294383e-08 1.51209631e-03 1.42866677e-03
1.67226311e+00 -2.69149368e-08 1.51621016e-03 1.43188008e-03
1.67537720e+00 -2.65971404e-08 1.52026075e-03 1.43506227e-03
1.67849128e+00 -2.62761704e-08 1.52424749e-03 1.43821313e-03
1.68160536e+00 -2.59521500e-08 1.52816983e-03 1.44133243e-03
1.68471945e+00 -2.56252025e-08 1.53202725e-03 1.44441996e-03
1.68783353e+00 -2.52954535e-08 1.53581922e-03 1.44747552e-03
1.69094762e+00 -2.49630282e-08 1.53954527e-03 1.45049893e-03
1.69406170e+00 -2.46280549e-08 1.54320492e-03 1.45349000e-03
1.69717578e+00 -2.42906605e-08 1.54679775e-03 1.45644856e-03
1.70028987e+00 -2.39509751e-08 1.55032333e-03 1.45937445e-03
1.70340395e+00 -2.36091280e-08 1.55378127e-03 1.46226753e-03
1.70651804e+00 -2.32652496e-08 1.55717121e-03 1.46512766e-03
1.70963212e+00 -2.29194723e-08 1.56049279e-03 1.46795470e-03
1.71274620e+00 -2.25719276e-08 1.56374570e-03 1.47074854e-03
1.71586029e+00 -2.22227490e-08 1.56692964e-03 1.47350906e-03
1.71897437e+00 -2.18720701e-08 1.57004434e-03 1.47623618e-03
1.72208846e+00 -2.15200247e-08 1.57308956e-03 1.47892979e-03
1.72520254e+00 -2.11667478e-08 1.57606506e-03 1.48158983e-03
1.72831662e+00 -2.08123740e-08 1.57897066e-03 1.48421623e-03
1.73143071e+00 -2.04570398e-08 1.58180618e-03 1.48680892e-03
1.73454479e+00 -2.01008809e-08 1.58457147e-03 1.48936787e-03
1.73765888e+00 -1.97440331e-08 1.58726641e-03 1.49189304e-03
1.74077296e+00 -1.93866330e-08 1.58989090e-03 1.49438440e-03
1.74388704e+00 -1.90288174e-08 1.59244486e-03 1.49684193e-03
1.74700113e+00 -1.86707243e-08 1.59492826e-03 1.49926564e-03
1.75011521e+00 -1.83124893e-08 1.59734107e-03 1.50165553e-03
1.75322930e+00 -1.79542508e-08 1.59968328e-03 1.50401162e-03
1.75634338e+00 -1.75961447e-08 1.60195494e-03 1.50633393e-03
1.75945746e+00 -1.72383093e-08 1.60415609e-03 1.50862250e-03
1.76257155e+00 -1.68808809e-08 1.60628681e-03 1.51087738e-03
1.76568563e+00 -1.65239964e-08 1.60834720e-03 1.51309864e-03
1.76879972e+00 -1.61677926e-08 1.61033740e-03 1.51528634e-03
1.77191380e+00 -1.58124061e-08 1.61225756e-03 1.51744057e-03
1.77502788e+00 -1.54579722e-08 1.61410786e-03 1.51956141e-03
1.77814197e+00 -1.51046274e-08 1.61588850e-03 1.52164897e-03
1.78125605e+00 -1.47525071e-08 1.61759972e-03 1.52370336e-03
1.78437014e+00 -1.44017455e-08 1.61924177e-03 1.52572471e-03
1.78748422e+00 -1.40524774e-08 1.62081493e-03 1.52771315e-03
1.79059830e+00 -1.37048364e-08 1.62231950e-03 1.52966883e-03
1.79371239e+00 -1.33589564e-08 1.62375582e-03 1.53159191e-03
1.79682647e+00 -1.30149688e-08 1.62512424e-03 1.53348254e-03
1.79994056e+00 -1.26730058e-08 1.62642515e-03 1.53534092e-03
1.80305464e+00 -1.23331984e-08 1.62765894e-03 1.53716723e-03
1.80616872e+00 -1.19956770e-08 1.62882604e-03 1.53896167e-03
1.80928281e+00 -1.16605710e-08 1.62992692e-03 1.54072445e-03
1.81239689e+00 -1.13280086e-08 1.63096204e-03 1.54245579e-03
1.81551098e+00 -1.09981171e-08 1.63193191e-03 1.54415593e-03
1.81862506e+00 -1.06710229e-08 1.63283706e-03 1.54582510e-03
1.82173914e+00 -1.03468521e-08 1.63367803e-03 1.54746356e-03
1.82485323e+00 -1.00257282e-08 1.63445541e-03 1.54907158e-03
1.82796731e+00 -9.70777436e-09 1.63516978e-03 1.55064943e-03
1.83108140e+00 -9.39311263e-09 1.63582176e-03 1.55219739e-03
1.83419548e+00 -9.08186380e-09 1.63641201e-03 1.55371576e-03
1.83730956e+00 -8.77414674e-09 1.63694119e-03 1.55520485e-03
1.84042365e+00 -8.47007980e-09 1.63740999e-03 1.55666498e-03
1.84353773e+00 -8.16977895e-09 1.63781912e-03 1.55809647e-03
1.84665182e+00 -7.87336020e-09 1.63816931e-03 1.55949965e-03
1.84976590e+00 -7.58093665e-09 1.63846133e-03 1.56087488e-03
1.85287998e+00 -7.29262047e-09 1.63869595e-03 1.56222252e-03
1.85599407e+00 -7.00852243e-09 1.63887397e-03 1.56354294e-03
1.85910815e+00 -6.72875169e-09 1.63899622e-03 1.56483651e-03
1.86222224e+00 -6.45341473e-09 1.63906354e-03 1.56610362e-03
1.86533632e+00 -6.18261793e-09 1.63907679e-03 1.56734468e-03
1.86845040e+00 -5.91646511e-09 1.63903686e-03 1.56856008e-03
1.87156449e+00 -5.65505728e-09 1.63894466e-03 1.56975026e-03
1.87467857e+00 -5.39849620e-09 1.63880111e-03 1.57091564e-03
1.87779266e+00 -5.14687941e-09 1.63860716e-03 1.57205666e-03
1.88090674e+00 -4.90030330e-09 1.63836377e-03 1.57317376e-03
1.88402082e+00 -4.65886335e-09 1.63807192e-03 1.57426741e-03
1.88713491e+00 -4.42265095e-09 1.63773263e-03 1.57533808e-03
1.89024899e+00 -4.19175763e-09 1.63734691e-03 1.57638623e-03
1.89336308e+00 -3.96627167e-09 1.63691581e-03 1.57741237e-03
1.89647716e+00 -3.74627971e-09 1.63644038e-03 1.57841697e-03
1.89959124e+00 -3.53186609e-09 1.63592171e-03 1.57940055e-03
1.90270533e+00 -3.32311281e-09 1.63536087e-03 1.58036363e-03
1.90581941e+00 -3.12010026e-09 1.63475900e-03 1.58130671e-03
1.90893350e+00 -2.92290652e-09 1.63411721e-03 1.58223035e-03
1.91204758e+00 -2.73160709e-09 1.63343664e-03 1.58313507e-03
1.91516166e+00 -2.54627481e-09 1.63271847e-03 1.58402142e-03
1.91827575e+00 -2.36698127e-09 1.63196385e-03 1.58488997e-03
1.92138983e+00 -2.19379571e-09 1.63117399e-03 1.58574128e-03
1.92450392e+00 -2.02678390e-09 1.63035009e-03 1.58657591e-03
1.92761800e+00 -1.86601057e-09 1.62949337e-03 1.58739446e-03
1.93073208e+00 -1.71153673e-09 1.62860507e-03 1.58819751e-03
1.93384617e+00 -1.56342271e-09 1.62768643e-03 1.58898565e-03
1.93696025e+00 -1.42172383e-09 1.62673870e-03 1.58975950e-03
1.94007434e+00 -1.28649554e-09 1.62576318e-03 1.59051967e-03
1.94318842e+00 -1.15778946e-09 1.62476113e-03 1.59126677e-03
1.94630250e+00 -1.03565535e-09 1.62373387e-03 1.59200142e-03
1.94941659e+00 -9.20139039e-10 1.62268269e-03 1.59272427e-03
1.95253067e+00 -8.11286102e-10 1.62160892e-03 1.59343595e-03
1.95564476e+00 -7.09138188e-10 1.62051389e-03 1.59413711e-03
1.95875884e+00 -6.13733807e-10 1.61939895e-03 1.59482839e-03
1.96187292e+00 -5.25110078e-10 1.61826543e-03 1.59551047e-03
1.96498701e+00 -4.43301106e-10 1.61711471e-03 1.59618399e-03
1.96810109e+00 -3.68337281e-10 1.61594814e-03 1.59684963e-03
1.97121518e+00 -3.00248532e-10 1.61476712e-03 1.59750806e-03
1.97432926e+00 -2.39060724e-10 1.61357301e-03 1.59815997e-03
1.97744334e+00 -1.84797175e-10 1.61236722e-03 1.59880604e-03
1.98055743e+00 -1.37478879e-10 1.61115114e-03 1.59944695e-03
1.98367151e+00 -9.71239328e-11 1.60992618e-03 1.60008340e-03
1.98678560e+00 -6.37478793e-11 1.60869375e-03 1.60071610e-03
1.98989968e+00 -3.73630146e-11 1.60745526e-03 1.60134573e-03
1.99301376e+00 -1.79800105e-11 1.60621214e-03 1.60197301e-03
1.99612785e+00 -5.60594276e-12 1.60496581e-03 1.60259864e-03
1.99924193e+00 -2.46727368e-13 1.60371769e-03 1.60322334e-03
2.00235602e+00 -1.90294428e-12 1.60246923e-03 1.60384783e-03
2.00547010e+00 -1.05749415e-11 1.60122186e-03 1.60447281e-03
2.00858418e+00 -2.62579631e-11 1.59997700e-03 1.60509901e-03
2.01169827e+00 -4.89476011e-11 1.59873611e-03 1.60572715e-03
2.01481235e+00 -7.86345758e-11 1.59750062e-03 1.60635796e-03
2.01792644e+00 -1.15307635e-10 1.59627196e-03 1.60699215e-03
2.02104052e+00 -1.58952512e-10 1.59505159e-03 1.60763046e-03
2.02415460e+00 -2.09552734e-10 1.59384093e-03 1.60827362e-03
2.02726869e+00 -2.67087538e-10 1.59264144e-03 1.60892234e-03
2.03038277e+00 -3.31536972e-10 1.59145453e-03 1.60957736e-03
2.03349686e+00 -4.02874937e-10 1.59028165e-03 1.61023941e-03
2.03661094e+00 -4.81074405e-10 1.58912422e-03 1.61090921e-03
2.03972502e+00 -5.66104753e-10 1.58798368e-03 1.61158748e-03
2.04283911e+00 -6.57934429e-10 1.58686144e-03 1.61227497e-03
2.04595319e+00 -7.56527474e-10 1.58575893e-03 1.61297238e-03
2.04906728e+00 -8.61846653e-10 1.58467756e-03 1.61368044e-03
2.05218136e+00 -9.73850438e-10 1.58361873e-03 1.61439987e-03
2.05529544e+00 -1.09249684e-09 1.58258384e-03 1.61513139e-03
2.05840953e+00 -1.21773969e-09 1.58157429e-03 1.61587572e-03
2.06152361e+00 -1.34953154e-09 1.58059147e-03 1.61663356e-03
2.06463770e+00 -1.48782125e-09 1.57963674e-03 1.61740563e-03
2.06775178e+00 -1.63255556e-09 1.57871149e-03 1.61819262e-03
2.07086586e+00 -1.78367984e-09 1.57781707e-03 1.61899525e-03
2.07397995e+00 -1.94113575e-09 1.57695482e-03 1.61981420e-03
2.07709403e+00 -2.10486215e-09 1.57612609e-03 1.62065017e-03
2.08020812e+00 -2.27479734e-09 1.57533220e-03 1.62150384e-03
2.08332220e+00 -2.45087484e-09 1.57457447e-03 1.62237589e-03
2.08643628e+00 -2.63302761e-09 1.57385420e-03 1.62326701e-03
2.08955037e+00 -2.82118629e-09 1.57317268e-03 1.62417785e-03
2.09266445e+00 -3.01527790e-09 1.57253118e-03 1.62510908e-03
2.09577854e+00 -3.21522857e-09 1.57193097e-03 1.62606136e-03
2.09889262e+00 -3.42096150e-09 1.57137330e-03 1.62703533e-03
2.10200670e+00 -3.63239699e-09 1.57085939e-03 1.62803163e-03
2.10512079e+00 -3.84945513e-09 1.57039046e-03 1.62905089e-03
2.10823487e+00 -4.07205159e-09 1.56996771e-03 1.63009374e-03
2.11134896e+00 -4.30010122e-09 1.56959231e-03 1.63116079e-03
2.11446304e+00 -4.53351680e-09 1.56926544e-03 1.63225265e-03
2.11757712e+00 -4.77220899e-09 1.56898823e-03 1.63336991e-03
2.12069121e+00 -5.01608583e-09 1.56876182e-03 1.63451317e-03
2.12380529e+00 -5.26505335e-09 1.56858731e-03 1.63568299e-03
2.12691938e+00 -5.51901689e-09 1.56846578e-03 1.63687995e-03
2.13003346e+00 -5.77787891e-09 1.56839830e-03 1.63810460e-03
2.13314754e+00 -6.04153929e-09 1.56838592e-03 1.63935749e-03
2.13626163e+00 -6.30989770e-09 1.56842966e-03 1.64063914e-03
2.13937571e+00 -6.58285137e-09 1.56853052e-03 1.64195008e-03
2.14248980e+00 -6.86029508e-09 1.56868947e-03 1.64329082e-03
2.14560388e+00 -7.14212234e-09 1.56890748e-03 1.64466187e-03
2.14871796e+00 -7.42822517e-09 1.56918547e-03 1.64606369e-03
2.15183205e+00 -7.71849429e-09 1.56952435e-03 1.64749677e-03
2.15494613e+00 -8.01281858e-09 1.56992500e-03 1.64896156e-03
2.15806022e+00 -8.31108402e-09 1.57038829e-03 1.65045851e-03
2.16117430e+00 -8.61317761e-09 1.57091503e-03 1.65198805e-03
2.16428838e+00 -8.91898244e-09 1.57150605e-03 1.65355061e-03
2.16740247e+00 -9.22838169e-09 1.57216210e-03 1.65514658e-03
2.17051655e+00 -9.54125693e-09 1.57288396e-03 1.65677635e-03
2.17363064e+00 -9.85748822e-09 1.57367234e-03 1.65844030e-03
2.17674472e+00 -1.01769539e-08 1.57452795e-03 1.66013879e-03
2.17985880e+00 -1.04995318e-08 1.57545145e-03 1.66187217e-03
2.18297289e+00 -1.08250986e-08 1.57644348e-03 1.66364076e-03
2.18608697e+00 -1.11535291e-08 1.57750465e-03 1.66544488e-03
2.18920106e+00 -1.14846973e-08 1.57863556e-03 1.66728483e-03
2.19231514e+00 -1.18184768e-08 1.57983675e-03 1.66916089e-03
2.19542922e+00 -1.21547391e-08 1.58110876e-03 1.67107334e-03
2.19854331e+00 -1.24933560e-08 1.58245207e-03 1.67302241e-03
2.20165739e+00 -1.28341973e-08 1.58386715e-03 1.67500834e-03
2.20477148e+00 -1.31771323e-08 1.58535443e-03 1.67703136e-03
2.20788556e+00 -1.35220300e-08 1.58691433e-03 1.67909166e-03
2.21099964e+00 -1.38687582e-08 1.58854722e-03 1.68118943e-03
2.21411373e+00 -1.42171841e-08 1.59025343e-03 1.68332485e-03
2.21722781e+00 -1.45671742e-08 1.59203329e-03 1.68549805e-03
2.22034190e+00 -1.49185935e-08 1.59388707e-03 1.68770917e-03
2.22345598e+00 -1.52713088e-08 1.59581503e-03 1.68995834e-03
2.22657006e+00 -1.56251845e-08 1.59781737e-03 1.69224566e-03
2.22968415e+00 -1.59800852e-08 1.59989430e-03 1.69457120e-03
2.23279823e+00 -1.63358744e-08 1.60204595e-03 1.69693503e-03
2.23591232e+00 -1.66924168e-08 1.60427247e-03 1.69933721e-03
2.23902640e+00 -1.70495752e-08 1.60657394e-03 1.70177776e-03
2.24214048e+00 -1.74072129e-08 1.60895043e-03 1.70425670e-03
2.24525457e+00 -1.77651931e-08 1.61140195e-03 1.70677403e-03
2.24836865e+00 -1.81233788e-08 1.61392852e-03 1.70932972e-03
2.25148274e+00 -1.84816323e-08 1.61653010e-03 1.71192375e-03
2.25459682e+00 -1.88398171e-08 1.61920661e-03 1.71455606e-03
2.25771090e+00 -1.91977964e-08 1.62195798e-03 1.71722658e-03
2.26082499e+00 -1.95554327e-08 1.62478406e-03 1.71993522e-03
2.26393907e+00 -1.99125891e-08 1.62768470e-03 1.72268187e-03
2.26705316e+00 -2.02691290e-08 1.63065972e-03 1.72546643e-03
2.27016724e+00 -2.06249158e-08 1.63370888e-03 1.72828874e-03
2.27328132e+00 -2.09798133e-08 1.63683195e-03 1.73114865e-03
2.27639541e+00 -2.13336863e-08 1.64002863e-03 1.73404600e-03
2.27950949e+00 -2.16863985e-08 1.64329862e-03 1.73698059e-03
2.28262358e+00 -2.20378156e-08 1.64664157e-03 1.73995223e-03
2.28573766e+00 -2.23878028e-08 1.65005712e-03 1.74296069e-03
2.28885174e+00 -2.27362260e-08 1.65354486e-03 1.74600575e-03
2.29196583e+00 -2.30829532e-08 1.65710436e-03 1.74908714e-03
2.29507991e+00 -2.34278504e-08 1.66073517e-03 1.75220460e-03
2.29819400e+00 -2.37707858e-08 1.66443678e-03 1.75535786e-03
2.30130808e+00 -2.41116288e-08 1.66820870e-03 1.75854660e-03
2.30442216e+00 -2.44502488e-08 1.67205037e-03 1.76177054e-03
2.30753625e+00 -2.47865162e-08 1.67596121e-03 1.76502932e-03
2.31065033e+00 -2.51203026e-08 1.67994064e-03 1.76832262e-03
2.31376442e+00 -2.54514797e-08 1.68398802e-03 1.77165008e-03
2.31687850e+00 -2.57799219e-08 1.68810269e-03 1.77501133e-03
2.31999258e+00 -2.61055028e-08 1.69228398e-03 1.77840599e-03
2.32310667e+00 -2.64280984e-08 1.69653119e-03 1.78183366e-03
2.32622075e+00 -2.67475850e-08 1.70084357e-03 1.78529392e-03
2.32933484e+00 -2.70638409e-08 1.70522037e-03 1.78878636e-03
2.33244892e+00 -2.73767450e-08 1.70966082e-03 1.79231054e-03
2.33556300e+00 -2.76861770e-08 1.71416409e-03 1.79586601e-03
2.33867709e+00 -2.79920199e-08 1.71872937e-03 1.79945231e-03
2.34179117e+00 -2.82941560e-08 1.72335580e-03 1.80306897e-03
2.34490526e+00 -2.85924695e-08 1.72804249e-03 1.80671549e-03
2.34801934e+00 -2.88868475e-08 1.73278856e-03 1.81039139e-03
2.35113342e+00 -2.91771765e-08 1.73759308e-03 1.81409615e-03
2.35424751e+00 -2.94633459e-08 1.74245510e-03 1.81782926e-03
2.35736159e+00 -2.97452463e-08 1.74737367e-03 1.82159019e-03
2.36047568e+00 -3.00227698e-08 1.75234779e-03 1.82537840e-03
2.36358976e+00 -3.02958107e-08 1.75737646e-03 1.82919333e-03
2.36670384e+00 -3.05642647e-08 1.76245865e-03 1.83303443e-03
2.36981793e+00 -3.08280292e-08 1.76759332e-03 1.83690114e-03
2.37293201e+00 -3.10870029e-08 1.77277940e-03 1.84079286e-03
2.37604610e+00 -3.13410875e-08 1.77801581e-03 1.84470902e-03
2.37916018e+00 -3.15901857e-08 1.78330146e-03 1.84864901e-03
2.38227426e+00 -3.18342022e-08 1.78863522e-03 1.85261224e-03
2.38538835e+00 -3.20730438e-08 1.79401595e-03 1.85659810e-03
2.38850243e+00 -3.23066193e-08 1.79944252e-03 1.86060596e-03
2.39161652e+00 -3.25348399e-08 1.80491374e-03 1.86463519e-03
2.39473060e+00 -3.27576174e-08 1.81042845e-03 1.86868518e-03
2.39784468e+00 -3.29748681e-08 1.81598543e-03 1.87275526e-03
2.40095877e+00 -3.31865080e-08 1.82158349e-03 1.87684481e-03
2.40407285e+00 -3.33924568e-08 1.82722139e-03 1.88095316e-03
2.40718694e+00 -3.35926355e-08 1.83289789e-03 1.88507965e-03
2.41030102e+00 -3.37869678e-08 1.83861175e-03 1.88922364e-03
2.41341510e+00 -3.39753794e-08 1.84436171e-03 1.89338443e-03
2.41652919e+00 -3.41577984e-08 1.85014648e-03 1.89756137e-03
2.41964327e+00 -3.43341554e-08 1.85596478e-03 1.90175378e-03
2.42275736e+00 -3.45043822e-08 1.86181531e-03 1.90596096e-03
2.42587144e+00 -3.46684150e-08 1.86769677e-03 1.91018224e-03
2.42898552e+00 -3.48261906e-08 1.87360784e-03 1.91441693e-03
2.43209961e+00 -3.49776485e-08 1.87954718e-03 1.91866433e-03
2.43521369e+00 -3.51227311e-08 1.88551348e-03 1.92292375e-03
2.43832778e+00 -3.52613833e-08 1.89150538e-03 1.92719449e-03
2.44144186e+00 -3.53935516e-08 1.89752153e-03 1.93147584e-03
2.44455594e+00 -3.55191861e-08 1.90356057e-03 1.93576711e-03
2.44767003e+00 -3.56382383e-08 1.90962115e-03 1.94006759e-03
2.45078411e+00 -3.57506633e-08 1.91570189e-03 1.94437658e-03
2.45389820e+00 -3.58564177e-08 1.92180141e-03 1.94869336e-03
2.45701228e+00 -3.59554614e-08 1.92791833e-03 1.95301723e-03
2.46012636e+00 -3.60477565e-08 1.93405128e-03 1.95734747e-03
2.46324045e+00 -3.61332678e-08 1.94019884e-03 1.96168339e-03
2.46635453e+00 -3.62119626e-08 1.94635964e-03 1.96602426e-03
2.46946862e+00 -3.62838107e-08 1.95253228e-03 1.97036939e-03
2.47258270e+00 -3.63487850e-08 1.95871536e-03 1.97471805e-03
2.47569678e+00 -3.64068607e-08 1.96490748e-03 1.97906955e-03
2.47881087e+00 -3.64580153e-08 1.97110723e-03 1.98342316e-03
2.48192495e+00 -3.65022293e-08 1.97731321e-03 1.98777820e-03
2.48503904e+00 -3.65394863e-08 1.98352402e-03 1.99213394e-03
2.48815312e+00 -3.65697717e-08 1.98973825e-03 1.99648970e-03
2.49126720e+00 -3.65930741e-08 1.99595450e-03 2.00084476e-03
2.49438129e+00 -3.66093843e-08 2.00217137e-03 2.00519843e-03
2.49749537e+00 -3.66186966e-08 2.00838746e-03 2.00955001e-03
2.50060946e+00 -3.66210068e-08 2.01460136e-03 2.01389880e-03
2.50372354e+00 -3.66163147e-08 2.02081168e-03 2.01824412e-03
2.50683762e+00 -3.66046215e-08 2.02701703e-03 2.02258527e-03
2.50995171e+00 -3.65859315e-08 2.03321600e-03 2.02692157e-03
2.51306579e+00 -3.65602532e-08 2.03940723e-03 2.03125235e-03
2.51617988e+00 -3.65275949e-08 2.04558932e-03 2.03557691e-03
2.51929396e+00 -3.64879694e-08 2.05176090e-03 2.03989459e-03
2.52240804e+00 -3.64413921e-08 2.05792059e-03 2.04420472e-03
2.52552213e+00 -3.63878809e-08 2.06406703e-03 2.04850663e-03
2.52863621e+00 -3.63274561e-08 2.07019886e-03 2.05279966e-03
2.53175030e+00 -3.62601411e-08 2.07631471e-03 2.05708316e-03
2.53486438e+00 -3.61859605e-08 2.08241326e-03 2.06135647e-03
2.53797846e+00 -3.61049436e-08 2.08849314e-03 2.06561895e-03
2.54109255e+00 -3.60171210e-08 2.09455304e-03 2.06986996e-03
2.54420663e+00 -3.59225260e-08 2.10059164e-03 2.07410887e-03
2.54732072e+00 -3.58211952e-08 2.10660760e-03 2.07833503e-03
2.55043480e+00 -3.57131670e-08 2.11259964e-03 2.08254784e-03
2.55354888e+00 -3.55984828e-08 2.11856646e-03 2.08674668e-03
2.55666297e+00 -3.54771864e-08 2.12450677e-03 2.09093093e-03
2.55977705e+00 -3.53493243e-08 2.13041929e-03 2.09509998e-03
2.56289114e+00 -3.52149443e-08 2.13630276e-03 2.09925325e-03
2.56600522e+00 -3.50740987e-08 2.14215594e-03 2.10339014e-03
2.56911930e+00 -3.49268412e-08 2.14797758e-03 2.10751007e-03
2.57223339e+00 -3.47732274e-08 2.15376645e-03 2.11161246e-03
2.57534747e+00 -3.46133167e-08 2.15952134e-03 2.11569673e-03
2.57846156e+00 -3.44471693e-08 2.16524105e-03 2.11976234e-03
2.58157564e+00 -3.42748499e-08 2.17092439e-03 2.12380872e-03
2.58468972e+00 -3.40964232e-08 2.17657017e-03 2.12783533e-03
2.58780381e+00 -3.39119577e-08 2.18217725e-03 2.13184162e-03
2.59091789e+00 -3.37215241e-08 2.18774448e-03 2.13582707e-03
2.59403198e+00 -3.35251943e-08 2.19327072e-03 2.13979116e-03
2.59714606e+00 -3.33230440e-08 2.19875487e-03 2.14373336e-03
2.60026014e+00 -3.31151507e-08 2.20419582e-03 2.14765318e-03
2.60337423e+00 -3.29015927e-08 2.20959248e-03 2.15155011e-03
2.60648831e+00 -3.26824529e-08 2.21494380e-03 2.15542366e-03
2.60960240e+00 -3.24578140e-08 2.22024872e-03 2.15927337e-03
2.61271648e+00 -3.22277621e-08 2.22550621e-03 2.16309874e-03
2.61583056e+00 -3.19923850e-08 2.23071526e-03 2.16689933e-03
2.61894465e+00 -3.17517727e-08 2.23587486e-03 2.17067468e-03
2.62205873e+00 -3.15060168e-08 2.24098404e-03 2.17442434e-03
2.62517282e+00 -3.12552118e-08 2.24604184e-03 2.17814788e-03
2.62828690e+00 -3.09994533e-08 2.25104731e-03 2.18184487e-03
2.63140098e+00 -3.07388383e-08 2.25599955e-03 2.18551490e-03
2.63451507e+00 -3.04734677e-08 2.26089763e-03 2.18915756e-03
2.63762915e+00 -3.02034419e-08 2.26574068e-03 2.19277246e-03
2.64074324e+00 -2.99288639e-08 2.27052784e-03 2.19635921e-03
2.64385732e+00 -2.96498395e-08 2.27525827e-03 2.19991743e-03
2.64697140e+00 -2.93664746e-08 2.27993114e-03 2.20344675e-03
2.65008549e+00 -2.90788776e-08 2.28454565e-03 2.20694683e-03
2.65319957e+00 -2.87871592e-08 2.28910103e-03 2.21041730e-03
2.65631366e+00 -2.84914298e-08 2.29359651e-03 2.21385785e-03
2.65942774e+00 -2.81918028e-08 2.29803136e-03 2.21726813e-03
2.66254182e+00 -2.78883931e-08 2.30240487e-03 2.22064784e-03
2.66565591e+00 -2.75813160e-08 2.30671634e-03 2.22399668e-03
2.66876999e+00 -2.72706897e-08 2.31096510e-03 2.22731434e-03
2.67188408e+00 -2.69566319e-08 2.31515052e-03 2.23060054e-03
2.67499816e+00 -2.66392636e-08 2.31927196e-03 2.23385502e-03
2.67811224e+00 -2.63187056e-08 2.32332883e-03 2.23707751e-03
2.68122633e+00 -2.59950806e-08 2.32732055e-03 2.24026776e-03
2.68434041e+00 -2.56685121e-08 2.33124656e-03 2.24342552e-03
2.68745450e+00 -2.53391254e-08 2.33510634e-03 2.24655058e-03
2.69056858e+00 -2.50070464e-08 2.33889938e-03 2.24964271e-03
2.69368266e+00 -2.46724015e-08 2.34262519e-03 2.25270170e-03
2.69679675e+00 -2.43353194e-08 2.34628333e-03 2.25572737e-03
2.69991083e+00 -2.39959287e-08 2.34987337e-03 2.25871952e-03
2.70302492e+00 -2.36543594e-08 2.35339488e-03 2.26167798e-03
2.70613900e+00 -2.33107413e-08 2.35684749e-03 2.26460260e-03
2.70925308e+00 -2.29652070e-08 2.36023084e-03 2.26749321e-03
2.71236717e+00 -2.26178882e-08 2.36354461e-03 2.27034969e-03
2.71548125e+00 -2.22689176e-08 2.36678847e-03 2.27317190e-03
2.71859534e+00 -2.19184290e-08 2.36996215e-03 2.27595973e-03
2.72170942e+00 -2.15665561e-08 2.37306539e-03 2.27871307e-03
2.72482350e+00 -2.12134339e-08 2.37609796e-03 2.28143184e-03
2.72793759e+00 -2.08591972e-08 2.37905965e-03 2.28411594e-03
2.73105167e+00 -2.05039819e-08 2.38195029e-03 2.28676531e-03
2.73416576e+00 -2.01479236e-08 2.38476971e-03 2.28937989e-03
2.73727984e+00 -1.97911589e-08 2.38751779e-03 2.29195964e-03
2.74039392e+00 -1.94338241e-08 2.39019443e-03 2.29450452e-03
2.74350801e+00 -1.90760561e-08 2.39279955e-03 2.29701450e-03
2.74662209e+00 -1.87179911e-08 2.39533309e-03 2.29948958e-03
2.74973618e+00 -1.83597672e-08 2.39779504e-03 2.30192975e-03
2.75285026e+00 -1.80015210e-08 2.40018539e-03 2.30433503e-03
2.75596434e+00 -1.76433898e-08 2.40250418e-03 2.30670545e-03
2.75907843e+00 -1.72855107e-08 2.40475145e-03 2.30904103e-03
2.76219251e+00 -1.69280205e-08 2.40692728e-03 2.31134182e-03
2.76530660e+00 -1.65710566e-08 2.40903178e-03 2.31360789e-03
2.76842068e+00 -1.62147553e-08 2.41106508e-03 2.31583930e-03
2.77153477e+00 -1.58592528e-08 2.41302733e-03 2.31803614e-03
2.77464885e+00 -1.55046857e-08 2.41491872e-03 2.32019849e-03
2.77776293e+00 -1.51511893e-08 2.41673947e-03 2.32232648e-03
2.78087702e+00 -1.47988996e-08 2.41848979e-03 2.32442021e-03
2.78399110e+00 -1.44479510e-08 2.42016996e-03 2.32647981e-03
2.78710519e+00 -1.40984780e-08 2.42178025e-03 2.32850543e-03
2.79021927e+00 -1.37506150e-08 2.42332099e-03 2.33049722e-03
2.79333335e+00 -1.34044945e-08 2.42479251e-03 2.33245533e-03
2.79644744e+00 -1.30602498e-08 2.42619517e-03 2.33437996e-03
2.79956152e+00 -1.27180125e-08 2.42752935e-03 2.33627129e-03
2.80267561e+00 -1.23779130e-08 2.42879548e-03 2.33812950e-03
2.80578969e+00 -1.20400830e-08 2.42999399e-03 2.33995483e-03
2.80890377e+00 -1.17046505e-08 2.43112534e-03 2.34174748e-03
2.81201786e+00 -1.13717453e-08 2.43219003e-03 2.34350770e-03
2.81513194e+00 -1.10414939e-08 2.43318855e-03 2.34523572e-03
2.81824603e+00 -1.07140237e-08 2.43412147e-03 2.34693181e-03
2.82136011e+00 -1.03894596e-08 2.43498932e-03 2.34859623e-03
2.82447419e+00 -1.00679269e-08 2.43579270e-03 2.35022925e-03
2.82758828e+00 -9.74954761e-09 2.43653223e-03 2.35183118e-03
2.83070236e+00 -9.43444474e-09 2.43720852e-03 2.35340231e-03
2.83381645e+00 -9.12273830e-09 2.43782225e-03 2.35494296e-03
2.83693053e+00 -8.81454844e-09 2.43837408e-03 2.35645345e-03
2.84004461e+00 -8.50999302e-09 2.43886473e-03 2.35793410e-03
2.84315870e+00 -8.20918863e-09 2.43929493e-03 2.35938528e-03
2.84627278e+00 -7.91225114e-09 2.43966541e-03 2.36080732e-03
2.84938687e+00 -7.61929388e-09 2.43997695e-03 2.36220061e-03
2.85250095e+00 -7.33042926e-09 2.44023035e-03 2.36356552e-03
2.85561503e+00 -7.04576817e-09 2.44042642e-03 2.36490243e-03
2.85872912e+00 -6.76542022e-09 2.44056601e-03 2.36621175e-03
2.86184320e+00 -6.48949226e-09 2.44064996e-03 2.36749388e-03
2.86495729e+00 -6.21809042e-09 2.44067916e-03 2.36874925e-03
2.86807137e+00 -5.95131828e-09 2.44065452e-03 2.36997827e-03
2.87118545e+00 -5.68927885e-09 2.44057695e-03 2.37118140e-03
2.87429954e+00 -5.43207258e-09 2.44044739e-03 2.37235907e-03
2.87741362e+00 -5.17979773e-09 2.44026681e-03 2.37351176e-03
2.88052771e+00 -4.93255116e-09 2.44003620e-03 2.37463993e-03
2.88364179e+00 -4.69042751e-09 2.43975654e-03 2.37574405e-03
2.88675587e+00 -4.45352029e-09 2.43942887e-03 2.37682461e-03
2.88986996e+00 -4.22191973e-09 2.43905421e-03 2.37788212e-03
2.89298404e+00 -3.99571528e-09 2.43863364e-03 2.37891708e-03
2.89609813e+00 -3.77499358e-09 2.43816822e-03 2.37993000e-03
2.89921221e+00 -3.55983873e-09 2.43765904e-03 2.38092141e-03
2.90232629e+00 -3.35033379e-09 2.43710722e-03 2.38189184e-03
2.90544038e+00 -3.14655948e-09 2.43651389e-03 2.38284183e-03
2.90855446e+00 -2.94859331e-09 2.43588018e-03 2.38377195e-03
2.91166855e+00 -2.75651159e-09 2.43520726e-03 2.38468273e-03
2.91478263e+00 -2.57038798e-09 2.43449631e-03 2.38557476e-03
2.91789671e+00 -2.39029393e-09 2.43374850e-03 2.38644860e-03
2.92101080e+00 -2.21629836e-09 2.43296506e-03 2.38730484e-03
2.92412488e+00 -2.04846807e-09 2.43214719e-03 2.38814407e-03
2.92723897e+00 -1.88686767e-09 2.43129614e-03 2.38896689e-03
2.93035305e+00 -1.73155900e-09 2.43041315e-03 2.38977390e-03
2.93346713e+00 -1.58260202e-09 2.42949948e-03 2.39056572e-03
2.93658122e+00 -1.44005392e-09 2.42855641e-03 2.39134296e-03
2.93969530e+00 -1.30396887e-09 2.42758523e-03 2.39210626e-03
2.94280939e+00 -1.17439884e-09 2.42658722e-03 2.39285624e-03
2.94592347e+00 -1.05139487e-09 2.42556371e-03 2.39359355e-03
2.94903755e+00 -9.35002884e-10 2.42451601e-03 2.39431883e-03
2.95215164e+00 -8.25268480e-10 2.42344545e-03 2.39503273e-03
2.95526572e+00 -7.22232718e-10 2.42235338e-03 2.39573592e-03
2.95837981e+00 -6.25936314e-10 2.42124114e-03 2.39642904e-03
2.96149389e+00 -5.36415574e-10 2.42011010e-03 2.39711277e-03
2.96460797e+00 -4.53705531e-10 2.41896163e-03 2.39778779e-03
2.96772206e+00 -3.77836459e-10 2.41779709e-03 2.39845478e-03
2.97083614e+00 -3.08838866e-10 2.41661789e-03 2.39911440e-03
2.97395023e+00 -2.46739084e-10 2.41542539e-03 2.39976736e-03
2.97706431e+00 -1.91560080e-10 2.41422102e-03 2.40041434e-03
2.98017839e+00 -1.43324473e-10 2.41300616e-03 2.40105604e-03
2.98329248e+00 -1.02049200e-10 2.41178223e-03 2.40169316e-03
2.98640656e+00 -6.77514281e-11 2.41055065e-03 2.40232640e-03
2.98952065e+00 -4.04429888e-11 2.40931283e-03 2.40295646e-03
2.99263473e+00 -2.01358300e-11 2.40807020e-03 2.40358405e-03
2.99574881e+00 -6.83702765e-12 2.40682419e-03 2.40420989e-03
2.99886290e+00 -5.51337650e-13 2.40557621e-03 2.40483469e-03
3.00197698e+00 -1.28154394e-12 2.40432772e-03 2.40545916e-03
3.00509107e+00 -9.02776253e-12 2.40308013e-03 2.40608402e-03
3.00820515e+00 -2.37863975e-11 2.40183489e-03 2.40670998e-03
3.01131923e+00 -4.55518809e-11 2.40059344e-03 2.40733778e-03
3.01443332e+00 -7.43163249e-11 2.39935720e-03 2.40796812e-03
3.01754740e+00 -1.10068130e-10 2.39812762e-03 2.40860173e-03
3.02066149e+00 -1.52793724e-10 2.39690613e-03 2.40923934e-03
3.02377557e+00 -2.02476635e-10 2.39569416e-03 2.40988165e-03
3.02688965e+00 -2.59098188e-10 2.39449315e-03 2.41052941e-03
3.03000374e+00 -3.22636343e-10 2.39330453e-03 2.41118332e-03
3.03311782e+00 -3.93066277e-10 2.39212971e-03 2.41184411e-03
3.03623191e+00 -4.70362238e-10 2.39097014e-03 2.41251249e-03
3.03934599e+00 -5.54493255e-10 2.38982721e-03 2.41318919e-03
3.04246007e+00 -6.45427312e-10 2.38870236e-03 2.41387492e-03
3.04557416e+00 -7.43129842e-10 2.38759697e-03 2.41457040e-03
3.04868824e+00 -8.47563261e-10 2.38651246e-03 2.41527633e-03
3.05180233e+00 -9.58687435e-10 2.38545023e-03 2.41599342e-03
3.05491641e+00 -1.07645991e-09 2.38441165e-03 2.41672239e-03
3.05803049e+00 -1.20083498e-09 2.38339812e-03 2.41746394e-03
3.06114458e+00 -1.33176520e-09 2.38241099e-03 2.41821876e-03
3.06425866e+00 -1.46920046e-09 2.38145165e-03 2.41898754e-03
3.06737275e+00 -1.61308787e-09 2.38052143e-03 2.41977099e-03
3.07048683e+00 -1.76337175e-09 2.37962169e-03 2.42056979e-03
3.07360091e+00 -1.91999561e-09 2.37875376e-03 2.42138462e-03
3.07671500e+00 -2.08289796e-09 2.37791896e-03 2.42221615e-03
3.07982908e+00 -2.25201734e-09 2.37711860e-03 2.42306507e-03
3.08294317e+00 -2.42728796e-09 2.37635398e-03 2.42393202e-03
3.08605725e+00 -2.60864336e-09 2.37562639e-03 2.42481768e-03
3.08917133e+00 -2.79601348e-09 2.37493709e-03 2.42572270e-03
3.09228542e+00 -2.98932664e-09 2.37428736e-03 2.42664772e-03
3.09539950e+00 -3.18850836e-09 2.37367842e-03 2.42759338e-03
3.09851359e+00 -3.39348242e-09 2.37311152e-03 2.42856031e-03
3.10162767e+00 -3.60417078e-09 2.37258786e-03 2.42954914e-03
3.10474175e+00 -3.82049140e-09 2.37210865e-03 2.43056048e-03
3.10785584e+00 -4.04236206e-09 2.37167505e-03 2.43159495e-03
3.11096992e+00 -4.26969715e-09 2.37128824e-03 2.43265314e-03
3.11408401e+00 -4.50240977e-09 2.37094937e-03 2.43373564e-03
3.11719809e+00 -4.74041040e-09 2.37065956e-03 2.43484303e-03
3.12031217e+00 -4.98360807e-09 2.37041992e-03 2.43597589e-03
3.12342626e+00 -5.23190976e-09 2.37023153e-03 2.43713478e-03
3.12654034e+00 -5.48521965e-09 2.37009548e-03 2.43832025e-03
3.12965443e+00 -5.74344032e-09 2.37001281e-03 2.43953284e-03
3.13276851e+00 -6.00647373e-09 2.36998456e-03 2.44077308e-03
3.13588259e+00 -6.27421782e-09 2.37001172e-03 2.44204150e-03
3.13899668e+00 -6.54657108e-09 2.37009529e-03 2.44333860e-03
3.14211076e+00 -6.82342784e-09 2.37023623e-03 2.44466488e-03
3.14522485e+00 -7.10468300e-09 2.37043548e-03 2.44602083e-03
3.14833893e+00 -7.39022788e-09 2.37069397e-03 2.44740692e-03
3.15145301e+00 -7.67995367e-09 2.37101259e-03 2.44882362e-03
3.15456710e+00 -7.97374889e-09 2.37139221e-03 2.45027136e-03
3.15768118e+00 -8.27150092e-09 2.37183368e-03 2.45175061e-03
3.16079527e+00 -8.57309572e-09 2.37233783e-03 2.45326176e-03
3.16390935e+00 -8.87841753e-09 2.37290545e-03 2.45480525e-03
3.16702343e+00 -9.18734920e-09 2.37353731e-03 2.45638146e-03
3.17013752e+00 -9.49977286e-09 2.37423417e-03 2.45799078e-03
3.17325160e+00 -9.81556765e-09 2.37499675e-03 2.45963358e-03
3.17636569e+00 -1.01346139e-08 2.37582574e-03 2.46131022e-03
3.17947977e+00 -1.04567885e-08 2.37672181e-03 2.46302104e-03
3.18259385e+00 -1.07819676e-08 2.37768560e-03 2.46476637e-03
3.18570794e+00 -1.11100273e-08 2.37871772e-03 2.46654652e-03
3.18882202e+00 -1.14408414e-08 2.37981877e-03 2.46836180e-03
3.19193611e+00 -1.17742839e-08 2.38098929e-03 2.47021248e-03
3.19505019e+00 -1.21102261e-08 2.38222983e-03 2.47209884e-03
3.19816427e+00 -1.24485394e-08 2.38354089e-03 2.47402114e-03
3.20127836e+00 -1.27890947e-08 2.38492292e-03 2.47597960e-03
3.20439244e+00 -1.31317612e-08 2.38637640e-03 2.47797446e-03
3.20750653e+00 -1.34764077e-08 2.38790171e-03 2.48000593e-03
3.21062061e+00 -1.38229013e-08 2.38949926e-03 2.48207420e-03
3.21373469e+00 -1.41711108e-08 2.39116940e-03 2.48417944e-03
3.21684878e+00 -1.45209019e-08 2.39291246e-03 2.48632182e-03
3.21996286e+00 -1.48721408e-08 2.39472874e-03 2.48850148e-03
3.22307695e+00 -1.52246930e-08 2.39661849e-03 2.49071856e-03
3.22619103e+00 -1.55784231e-08 2.39858197e-03 2.49297316e-03
3.22930511e+00 -1.59331965e-08 2.40061937e-03 2.49526540e-03
3.23241920e+00 -1.62888765e-08 2.40273088e-03 2.49759534e-03
3.23553328e+00 -1.66453269e-08 2.40491664e-03 2.49996305e-03
3.23864737e+00 -1.70024120e-08 2.40717677e-03 2.50236859e-03
3.24176145e+00 -1.73599941e-08 2.40951136e-03 2.50481198e-03
3.24487553e+00 -1.77179369e-08 2.41192046e-03 2.50729326e-03
3.24798962e+00 -1.80761035e-08 2.41440409e-03 2.50981240e-03
3.25110370e+00 -1.84343560e-08 2.41696226e-03 2.51236942e-03
3.25421779e+00 -1.87925581e-08 2.41959493e-03 2.51496426e-03
3.25733187e+00 -1.91505722e-08 2.42230203e-03 2.51759688e-03
3.26044595e+00 -1.95082613e-08 2.42508347e-03 2.52026723e-03
3.26356004e+00 -1.98654888e-08 2.42793912e-03 2.52297522e-03
3.26667412e+00 -2.02221183e-08 2.43086883e-03 2.52572076e-03
3.26978821e+00 -2.05780122e-08 2.43387241e-03 2.52850373e-03
3.27290229e+00 -2.09330349e-08 2.43694964e-03 2.53132401e-03
3.27601637e+00 -2.12870502e-08 2.44010029e-03 2.53418147e-03
3.27913046e+00 -2.16399237e-08 2.44332407e-03 2.53707592e-03
3.28224454e+00 -2.19915194e-08 2.44662068e-03 2.54000722e-03
3.28535863e+00 -2.23417033e-08 2.44998979e-03 2.54297516e-03
3.28847271e+00 -2.26903408e-08 2.45343103e-03 2.54597954e-03
3.29158679e+00 -2.30372991e-08 2.45694401e-03 2.54902014e-03
3.29470088e+00 -2.33824454e-08 2.46052832e-03 2.55209673e-03
3.29781496e+00 -2.37256472e-08 2.46418350e-03 2.55520906e-03
3.30092905e+00 -2.40667738e-08 2.46790907e-03 2.55835686e-03
3.30404313e+00 -2.44056945e-08 2.47170454e-03 2.56153986e-03
3.30715721e+00 -2.47422797e-08 2.47556936e-03 2.56475775e-03
3.31027130e+00 -2.50764008e-08 2.47950298e-03 2.56801023e-03
3.31338538e+00 -2.54079298e-08 2.48350481e-03 2.57129699e-03
3.31649947e+00 -2.57367400e-08 2.48757424e-03 2.57461767e-03
3.31961355e+00 -2.60627057e-08 2.49171062e-03 2.57797194e-03
3.32272763e+00 -2.63857025e-08 2.49591329e-03 2.58135943e-03
3.32584172e+00 -2.67056059e-08 2.50018155e-03 2.58477976e-03
3.32895580e+00 -2.70222955e-08 2.50451469e-03 2.58823255e-03
3.33206989e+00 -2.73356485e-08 2.50891196e-03 2.59171738e-03
3.33518397e+00 -2.76455456e-08 2.51337259e-03 2.59523384e-03
3.33829805e+00 -2.79518690e-08 2.51789579e-03 2.59878151e-03
3.34141214e+00 -2.82545007e-08 2.52248074e-03 2.60235995e-03
3.34452622e+00 -2.85533255e-08 2.52712660e-03 2.60596869e-03
3.34764031e+00 -2.88482296e-08 2.53183251e-03 2.60960728e-03
3.35075439e+00 -2.91390990e-08 2.53659757e-03 2.61327524e-03
3.35386847e+00 -2.94258236e-08 2.54142089e-03 2.61697208e-03
3.35698256e+00 -2.97082937e-08 2.54630151e-03 2.62069731e-03
3.36009664e+00 -2.99864010e-08 2.55123850e-03 2.62445041e-03
3.36321073e+00 -3.02600398e-08 2.55623088e-03 2.62823086e-03
3.36632481e+00 -3.05291050e-08 2.56127764e-03 2.63203814e-03
3.36943889e+00 -3.07934937e-08 2.56637778e-03 2.63587170e-03
3.37255298e+00 -3.10531058e-08 2.57153026e-03 2.63973099e-03
3.37566706e+00 -3.13078410e-08 2.57673402e-03 2.64361546e-03
3.37878115e+00 -3.15576026e-08 2.58198799e-03 2.64752453e-03
3.38189523e+00 -3.18022949e-08 2.58729107e-03 2.65145762e-03
3.38500931e+00 -3.20418243e-08 2.59264215e-03 2.65541416e-03
3.38812340e+00 -3.22761003e-08 2.59804011e-03 2.65939354e-03
3.39123748e+00 -3.25050326e-08 2.60348380e-03 2.66339515e-03
3.39435157e+00 -3.27285335e-08 2.60897206e-03 2.66741840e-03
3.39746565e+00 -3.29465184e-08 2.61450370e-03 2.67146266e-03
3.40057973e+00 -3.31589033e-08 2.62007754e-03 2.67552731e-03
3.40369382e+00 -3.33656077e-08 2.62569236e-03 2.67961171e-03
3.40680790e+00 -3.35665522e-08 2.63134695e-03 2.68371522e-03
3.40992199e+00 -3.37616603e-08 2.63704006e-03 2.68783720e-03
3.41303607e+00 -3.39508573e-08 2.64277044e-03 2.69197699e-03
3.41615015e+00 -3.41340710e-08 2.64853684e-03 2.69613395e-03
3.41926424e+00 -3.43112320e-08 2.65433796e-03 2.70030739e-03
3.42237832e+00 -3.44822719e-08 2.66017253e-03 2.70449667e-03
3.42549241e+00 -3.46471258e-08 2.66603925e-03 2.70870109e-03
3.42860649e+00 -3.48057303e-08 2.67193680e-03 2.71292000e-03
3.43172057e+00 -3.49580251e-08 2.67786385e-03 2.71715269e-03
3.43483466e+00 -3.51039528e-08 2.68381910e-03 2.72139849e-03
3.43794874e+00 -3.52434561e-08 2.68980118e-03 2.72565671e-03
3.44106283e+00 -3.53764832e-08 2.69580875e-03 2.72992665e-03
3.44417691e+00 -3.55029826e-08 2.70184045e-03 2.73420762e-03
3.44729099e+00 -3.56229061e-08 2.70789492e-03 2.73849892e-03
3.45040508e+00 -3.57362074e-08 2.71397079e-03 2.74279984e-03
3.45351916e+00 -3.58428452e-08 2.72006667e-03 2.74710968e-03
3.45663325e+00 -3.59427765e-08 2.72618119e-03 2.75142773e-03
3.45974733e+00 -3.60359638e-08 2.73231294e-03 2.75575329e-03
3.46286141e+00 -3.61223728e-08 2.73846053e-03 2.76008565e-03
3.46597550e+00 -3.62019684e-08 2.74462257e-03 2.76442409e-03
3.46908958e+00 -3.62747221e-08 2.75079764e-03 2.76876791e-03
3.47220367e+00 -3.63406048e-08 2.75698434e-03 2.77311638e-03
3.47531775e+00 -3.63995920e-08 2.76318126e-03 2.77746881e-03
3.47843183e+00 -3.64516614e-08 2.76938698e-03 2.78182447e-03
3.48154592e+00 -3.64967926e-08 2.77560009e-03 2.78618266e-03
3.48466000e+00 -3.65349684e-08 2.78181917e-03 2.79054266e-03
3.48777409e+00 -3.65661746e-08 2.78804280e-03 2.79490376e-03
3.49088817e+00 -3.65903992e-08 2.79426956e-03 2.79926524e-03
3.49400225e+00 -3.66076325e-08 2.80049804e-03 2.80362641e-03
3.49711634e+00 -3.66178684e-08 2.80672682e-03 2.80798656e-03
3.50023042e+00 -3.66211026e-08 2.81295448e-03 2.81234497e-03
3.50334451e+00 -3.66173343e-08 2.81917961e-03 2.81670095e-03
3.50645859e+00 -3.66065644e-08 2.82540079e-03 2.82105378e-03
3.50957267e+00 -3.65887978e-08 2.83161661e-03 2.82540279e-03
3.51268676e+00 -3.65640411e-08 2.83782567e-03 2.82974726e-03
3.51580084e+00 -3.65323033e-08 2.84402657e-03 2.83408650e-03
3.51891493e+00 -3.64935963e-08 2.85021790e-03 2.83841983e-03
3.52202901e+00 -3.64479356e-08 2.85639828e-03 2.84274656e-03
3.52514309e+00 -3.63953384e-08 2.86256631e-03 2.84706600e-03
3.52825718e+00 -3.63358248e-08 2.86872060e-03 2.85137748e-03
3.53137126e+00 -3.62694174e-08 2.87485980e-03 2.85568032e-03
3.53448535e+00 -3.61961414e-08 2.88098252e-03 2.85997386e-03
3.53759943e+00 -3.61160249e-08 2.88708740e-03 2.86425742e-03
3.54071351e+00 -3.60290986e-08 2.89317308e-03 2.86853034e-03
3.54382760e+00 -3.59353958e-08 2.89923823e-03 2.87279198e-03
3.54694168e+00 -3.58349514e-08 2.90528149e-03 2.87704168e-03
3.55005577e+00 -3.57278047e-08 2.91130155e-03 2.88127879e-03
3.55316985e+00 -3.56139968e-08 2.91729708e-03 2.88550267e-03
3.55628393e+00 -3.54935704e-08 2.92326677e-03 2.88971270e-03
3.55939802e+00 -3.53665716e-08 2.92920932e-03 2.89390825e-03
3.56251210e+00 -3.52330493e-08 2.93512345e-03 2.89808868e-03
3.56562619e+00 -3.50930537e-08 2.94100788e-03 2.90225340e-03
3.56874027e+00 -3.49466388e-08 2.94686133e-03 2.90640179e-03
3.57185435e+00 -3.47938606e-08 2.95268257e-03 2.91053325e-03
3.57496844e+00 -3.46347773e-08 2.95847034e-03 2.91464718e-03
3.57808252e+00 -3.44694500e-08 2.96422343e-03 2.91874300e-03
3.58119661e+00 -3.42979407e-08 2.96994061e-03 2.92282014e-03
3.58431069e+00 -3.41203160e-08 2.97562069e-03 2.92687801e-03
3.58742477e+00 -3.39366437e-08 2.98126248e-03 2.93091605e-03
3.59053886e+00 -3.37469933e-08 2.98686481e-03 2.93493371e-03
3.59365294e+00 -3.35514376e-08 2.99242653e-03 2.93893044e-03
3.59676703e+00 -3.33500514e-08 2.99794650e-03 2.94290570e-03
3.59988111e+00 -3.31429114e-08 3.00342358e-03 2.94685896e-03
3.60299519e+00 -3.29300963e-08 3.00885669e-03 2.95078969e-03
3.60610928e+00 -3.27116883e-08 3.01424471e-03 2.95469738e-03
3.60922336e+00 -3.24877701e-08 3.01958658e-03 2.95858152e-03
3.61233745e+00 -3.22584271e-08 3.02488124e-03 2.96244162e-03
3.61545153e+00 -3.20237479e-08 3.03012766e-03 2.96627719e-03
3.61856561e+00 -3.17838213e-08 3.03532481e-03 2.97008776e-03
3.62167970e+00 -3.15387388e-08 3.04047170e-03 2.97387284e-03
3.62479378e+00 -3.12885948e-08 3.04556733e-03 2.97763198e-03
3.62790787e+00 -3.10334840e-08 3.05061074e-03 2.98136474e-03
3.63102195e+00 -3.07735046e-08 3.05560099e-03 2.98507067e-03
3.63413603e+00 -3.05087558e-08 3.06053716e-03 2.98874935e-03
3.63725012e+00 -3.02393384e-08 3.06541834e-03 2.99240034e-03
3.64036420e+00 -2.99653554e-08 3.07024365e-03 2.99602325e-03
3.64347829e+00 -2.96869118e-08 3.07501222e-03 2.99961767e-03
3.64659237e+00 -2.94041137e-08 3.07972321e-03 3.00318321e-03
3.64970645e+00 -2.91170689e-08 3.08437580e-03 3.00671949e-03
3.65282054e+00 -2.88258874e-08 3.08896919e-03 3.01022615e-03
3.65593462e+00 -2.85306809e-08 3.09350261e-03 3.01370283e-03
3.65904871e+00 -2.82315620e-08 3.09797529e-03 3.01714918e-03
3.66216279e+00 -2.79286444e-08 3.10238652e-03 3.02056486e-03
3.66527687e+00 -2.76220447e-08 3.10673557e-03 3.02394955e-03
3.66839096e+00 -2.73118800e-08 3.11102176e-03 3.02730293e-03
3.67150504e+00 -2.69982680e-08 3.11524442e-03 3.03062470e-03
3.67461913e+00 -2.66813295e-08 3.11940293e-03 3.03391458e-03
3.67773321e+00 -2.63611857e-08 3.12349665e-03 3.03717227e-03
3.68084729e+00 -2.60379580e-08 3.12752500e-03 3.04039751e-03
3.68396138e+00 -2.57117712e-08 3.13148740e-03 3.04359004e-03
3.68707546e+00 -2.53827489e-08 3.13538332e-03 3.04674962e-03
3.69018955e+00 -2.50510179e-08 3.13921223e-03 3.04987601e-03
3.69330363e+00 -2.47167046e-08 3.14297364e-03 3.05296898e-03
3.69641771e+00 -2.43799369e-08 3.14666708e-03 3.05602833e-03
3.69953180e+00 -2.40408433e-08 3.15029210e-03 3.05905385e-03
3.70264588e+00 -2.36995537e-08 3.15384828e-03 3.06204536e-03
3.70575997e+00 -2.33561990e-08 3.15733522e-03 3.06500269e-03
3.70887405e+00 -2.30109104e-08 3.16075256e-03 3.06792566e-03
3.71198813e+00 -2.26638194e-08 3.16409995e-03 3.07081413e-03
3.71510222e+00 -2.23150589e-08 3.16737707e-03 3.07366795e-03
3.71821630e+00 -2.19647631e-08 3.17058364e-03 3.07648700e-03
3.72133039e+00 -2.16130654e-08 3.17371937e-03 3.07927116e-03
3.72444447e+00 -2.12601005e-08 3.17678403e-03 3.08202033e-03
3.72755855e+00 -2.09060029e-08 3.17977742e-03 3.08473441e-03
3.73067264e+00 -2.05509087e-08 3.18269932e-03 3.08741333e-03
3.73378672e+00 -2.01949540e-08 3.18554960e-03 3.09005701e-03
3.73690081e+00 -1.98382746e-08 3.18832810e-03 3.09266541e-03
3.74001489e+00 -1.94810071e-08 3.19103472e-03 3.09523849e-03
3.74312897e+00 -1.91232880e-08 3.19366937e-03 3.09777620e-03
3.74624306e+00 -1.87652547e-08 3.19623200e-03 3.10027853e-03
3.74935714e+00 -1.84070445e-08 3.19872258e-03 3.10274548e-03
3.75247123e+00 -1.80487931e-08 3.20114109e-03 3.10517705e-03
3.75558531e+00 -1.76906387e-08 3.20348758e-03 3.10757326e-03
3.75869939e+00 -1.73327187e-08 3.20576207e-03 3.10993415e-03
3.76181348e+00 -1.69751694e-08 3.20796466e-03 3.11225974e-03
3.76492756e+00 -1.66181281e-08 3.21009543e-03 3.11455011e-03
3.76804165e+00 -1.62617311e-08 3.21215452e-03 3.11680532e-03
3.77115573e+00 -1.59061159e-08 3.21414209e-03 3.11902544e-03
3.77426981e+00 -1.55514175e-08 3.21605830e-03 3.12121058e-03
3.77738390e+00 -1.51977724e-08 3.21790338e-03 3.12336083e-03
3.78049798e+00 -1.48453157e-08 3.21967755e-03 3.12547632e-03
3.78361207e+00 -1.44941821e-08 3.22138107e-03 3.12755716e-03
3.78672615e+00 -1.41445069e-08 3.22301423e-03 3.12960351e-03
3.78984023e+00 -1.37964233e-08 3.22457734e-03 3.13161551e-03
3.79295432e+00 -1.34500655e-08 3.22607074e-03 3.13359334e-03
3.79606840e+00 -1.31055656e-08 3.22749479e-03 3.13553717e-03
3.79918249e+00 -1.27630556e-08 3.22884988e-03 3.13744718e-03
3.80229657e+00 -1.24226666e-08 3.23013642e-03 3.13932359e-03
3.80541065e+00 -1.20845300e-08 3.23135486e-03 3.14116660e-03
3.80852474e+00 -1.17487740e-08 3.23250565e-03 3.14297645e-03
3.81163882e+00 -1.14155274e-08 3.23358930e-03 3.14475336e-03
3.81475291e+00 -1.10849188e-08 3.23460631e-03 3.14649758e-03
3.81786699e+00 -1.07570742e-08 3.23555723e-03 3.14820939e-03
3.82098107e+00 -1.04321199e-08 3.23644262e-03 3.14988905e-03
3.82409516e+00 -1.01101796e-08 3.23726307e-03 3.15153684e-03
3.82720924e+00 -9.79137700e-09 3.23801919e-03 3.15315306e-03
3.83032333e+00 -9.47583474e-09 3.23871163e-03 3.15473802e-03
3.83343741e+00 -9.16367335e-09 3.23934104e-03 3.15629204e-03
3.83655149e+00 -8.85501289e-09 3.23990810e-03 3.15781545e-03
3.83966558e+00 -8.54997132e-09 3.24041354e-03 3.15930858e-03
3.84277966e+00 -8.24866512e-09 3.24085807e-03 3.16077180e-03
3.84589375e+00 -7.95121028e-09 3.24124246e-03 3.16220546e-03
3.84900783e+00 -7.65772164e-09 3.24156748e-03 3.16360993e-03
3.85212191e+00 -7.36831067e-09 3.24183393e-03 3.16498561e-03
3.85523600e+00 -7.08308850e-09 3.24204263e-03 3.16633289e-03
3.85835008e+00 -6.80216532e-09 3.24219443e-03 3.16765218e-03
3.86146417e+00 -6.52564809e-09 3.24229020e-03 3.16894389e-03
3.86457825e+00 -6.25364294e-09 3.24233081e-03 3.17020845e-03
3.86769234e+00 -5.98625404e-09 3.24231718e-03 3.17144630e-03
3.87080642e+00 -5.72358404e-09 3.24225024e-03 3.17265789e-03
3.87392050e+00 -5.46573422e-09 3.24213093e-03 3.17384367e-03
3.87703459e+00 -5.21280306e-09 3.24196023e-03 3.17500411e-03
3.88014867e+00 -4.96488764e-09 3.24173913e-03 3.17613969e-03
3.88326276e+00 -4.72208286e-09 3.24146862e-03 3.17725090e-03
3.88637684e+00 -4.48448173e-09 3.24114975e-03 3.17833824e-03
3.88949092e+00 -4.25217579e-09 3.24078355e-03 3.17940220e-03
3.89260501e+00 -4.02525470e-09 3.24037109e-03 3.18044332e-03
3.89571909e+00 -3.80380407e-09 3.23991345e-03 3.18146210e-03
3.89883318e+00 -3.58790997e-09 3.23941174e-03 3.18245909e-03
3.90194726e+00 -3.37765475e-09 3.23886707e-03 3.18343482e-03
3.90506134e+00 -3.17311939e-09 3.23828057e-03 3.18438985e-03
3.90817543e+00 -2.97438218e-09 3.23765340e-03 3.18532474e-03
3.91128951e+00 -2.78151979e-09 3.23698672e-03 3.18624005e-03
3.91440360e+00 -2.59460554e-09 3.23628171e-03 3.18713636e-03
3.91751768e+00 -2.41371180e-09 3.23553957e-03 3.18801426e-03
3.92063176e+00 -2.23890761e-09 3.23476152e-03 3.18887433e-03
3.92374585e+00 -2.07026000e-09 3.23394878e-03 3.18971717e-03
3.92685993e+00 -1.90783393e-09 3.23310260e-03 3.19054339e-03
3.92997402e+00 -1.75169170e-09 3.23222422e-03 3.19135360e-03
3.93308810e+00 -1.60189316e-09 3.23131491e-03 3.19214842e-03
3.93620218e+00 -1.45849572e-09 3.23037595e-03 3.19292849e-03
3.93931627e+00 -1.32155496e-09 3.22940865e-03 3.19369442e-03
3.94243035e+00 -1.19112236e-09 3.22841429e-03 3.19444687e-03
3.94554444e+00 -1.06724887e-09 3.22739420e-03 3.19518647e-03
3.94865852e+00 -9.49981683e-10 3.22634970e-03 3.19591389e-03
3.95177260e+00 -8.39366159e-10 3.22528213e-03 3.19662977e-03
3.95488669e+00 -7.35444522e-10 3.22419283e-03 3.19733478e-03
3.95800077e+00 -6.38256558e-10 3.22308316e-03 3.19802958e-03
3.96111486e+00 -5.47839852e-10 3.22195448e-03 3.19871486e-03
3.96422894e+00 -4.64228621e-10 3.22080817e-03 3.19939129e-03
3.96734302e+00 -3.87455347e-10 3.21964561e-03 3.20005954e-03
3.97045711e+00 -3.17549723e-10 3.21846818e-03 3.20072032e-03
3.97357119e+00 -2.54537966e-10 3.21727728e-03 3.20137430e-03
3.97668528e+00 -1.98444783e-10 3.21607431e-03 3.20202218e-03
3.97979936e+00 -1.49291401e-10 3.21486068e-03 3.20266467e-03
3.98291344e+00 -1.07096730e-10 3.21363780e-03 3.20330245e-03
3.98602753e+00 -7.18772387e-11 3.21240708e-03 3.20393624e-03
3.98914161e+00 -4.36462687e-11 3.21116995e-03 3.20456675e-03
3.99225570e+00 -2.24143752e-11 3.20992783e-03 3.20519467e-03
3.99536978e+00 -8.19037425e-12 3.20868215e-03 3.20582073e-03
3.99848386e+00 -9.79369615e-13 3.20743434e-03 3.20644564e-03
4.00159795e+00 -7.83797286e-13 3.20618583e-03 3.20707011e-03
4.00471203e+00 -7.60365726e-12 3.20493806e-03 3.20769486e-03
4.00782612e+00 -2.14372096e-11 3.20369246e-03 3.20832061e-03
4.01094020e+00 -4.22787703e-11 3.20245046e-03 3.20894808e-03
4.01405428e+00 -7.01198717e-11 3.20121351e-03 3.20957798e-03
4.01716837e+00 -1.04950074e-10 3.19998303e-03 3.21021104e-03
4.02028245e+00 -1.46756385e-10 3.19876046e-03 3.21084797e-03
4.02339654e+00 -1.95522334e-10 3.19754724e-03 3.21148950e-03
4.02651062e+00 -2.51229592e-10 3.19634478e-03 3.21213635e-03
4.02962470e+00 -3.13856120e-10 3.19515452e-03 3.21278922e-03
4.03273879e+00 -3.83378255e-10 3.19397788e-03 3.21344885e-03
4.03585287e+00 -4.59769549e-10 3.19281628e-03 3.21411594e-03
4.03896696e+00 -5.43000075e-10 3.19167114e-03 3.21479121e-03
4.04208104e+00 -6.33038744e-10 3.19054385e-03 3.21547537e-03
4.04519512e+00 -7.29849831e-10 3.18943583e-03 3.21616912e-03
4.04830921e+00 -8.33397375e-10 3.18834847e-03 3.21687319e-03
4.05142329e+00 -9.43641010e-10 3.18728317e-03 3.21758827e-03
4.05453738e+00 -1.06053851e-09 3.18624130e-03 3.21831506e-03
4.05765146e+00 -1.18404510e-09 3.18522424e-03 3.21905425e-03
4.06076554e+00 -1.31411288e-09 3.18423335e-03 3.21980655e-03
4.06387963e+00 -1.45069278e-09 3.18327000e-03 3.22057264e-03
4.06699371e+00 -1.59373132e-09 3.18233554e-03 3.22135321e-03
4.07010780e+00 -1.74317468e-09 3.18143129e-03 3.22214893e-03
4.07322188e+00 -1.89896532e-09 3.18055859e-03 3.22296049e-03
4.07633596e+00 -2.06104281e-09 3.17971875e-03 3.22378854e-03
4.07945005e+00 -2.22934533e-09 3.17891307e-03 3.22463377e-03
4.08256413e+00 -2.40380803e-09 3.17814285e-03 3.22549681e-03
4.08567822e+00 -2.58436409e-09 3.17740937e-03 3.22637833e-03
4.08879230e+00 -2.77094450e-09 3.17671389e-03 3.22727898e-03
4.09190638e+00 -2.96347792e-09 3.17605766e-03 3.22819938e-03
4.09502047e+00 -3.16188964e-09 3.17544192e-03 3.22914018e-03
4.09813455e+00 -3.36610357e-09 3.17486789e-03 3.23010199e-03
4.10124864e+00 -3.57604223e-09 3.17433677e-03 3.23108544e-03
4.10436272e+00 -3.79162395e-09 3.17384976e-03 3.23209113e-03
4.10747680e+00 -4.01276684e-09 3.17340803e-03 3.23311966e-03
4.11059089e+00 -4.23938576e-09 3.17301273e-03 3.23417163e-03
4.11370497e+00 -4.47139370e-09 3.17266501e-03 3.23524761e-03
4.11681906e+00 -4.70870181e-09 3.17236598e-03 3.23634819e-03
4.11993314e+00 -4.95121927e-09 3.17211675e-03 3.23747393e-03
4.12304722e+00 -5.19885247e-09 3.17191840e-03 3.23862537e-03
4.12616131e+00 -5.45150686e-09 3.17177199e-03 3.23980308e-03
4.12927539e+00 -5.70908513e-09 3.17167857e-03 3.24100758e-03
4.13238948e+00 -5.97148914e-09 3.17163916e-03 3.24223940e-03
4.13550356e+00 -6.23861751e-09 3.17165477e-03 3.24349905e-03
4.13861764e+00 -6.51036804e-09 3.17172637e-03 3.24478704e-03
4.14173173e+00 -6.78663704e-09 3.17185492e-03 3.24610385e-03
4.14484581e+00 -7.06731767e-09 3.17204137e-03 3.24744998e-03
4.14795990e+00 -7.35230286e-09 3.17228662e-03 3.24882588e-03
4.15107398e+00 -7.64148346e-09 3.17259157e-03 3.25023203e-03
4.15418806e+00 -7.93474787e-09 3.17295709e-03 3.25166885e-03
4.15730215e+00 -8.23198464e-09 3.17338402e-03 3.25313679e-03
4.16041623e+00 -8.53307833e-09 3.17387318e-03 3.25463626e-03
4.16353032e+00 -8.83791504e-09 3.17442537e-03 3.25616768e-03
4.16664440e+00 -9.14637714e-09 3.17504136e-03 3.25773144e-03
4.16975848e+00 -9.45834679e-09 3.17572189e-03 3.25932792e-03
4.17287257e+00 -9.77370381e-09 3.17646769e-03 3.26095750e-03
4.17598665e+00 -1.00923276e-08 3.17727945e-03 3.26262051e-03
4.17910074e+00 -1.04140962e-08 3.17815784e-03 3.26431732e-03
4.18221482e+00 -1.07388863e-08 3.17910350e-03 3.26604824e-03
4.18532890e+00 -1.10665730e-08 3.18011704e-03 3.26781359e-03
4.18844299e+00 -1.13970309e-08 3.18119906e-03 3.26961368e-03
4.19155707e+00 -1.17301338e-08 3.18235012e-03 3.27144877e-03
4.19467116e+00 -1.20657533e-08 3.18357075e-03 3.27331916e-03
4.19778524e+00 -1.24037609e-08 3.18486145e-03 3.27522509e-03
4.20089932e+00 -1.27440276e-08 3.18622270e-03 3.27716680e-03
4.20401341e+00 -1.30864230e-08 3.18765496e-03 3.27914453e-03
4.20712749e+00 -1.34308154e-08 3.18915864e-03 3.28115848e-03
4.21024158e+00 -1.37770736e-08 3.19073413e-03 3.28320885e-03
4.21335566e+00 -1.41250642e-08 3.19238181e-03 3.28529583e-03
4.21646974e+00 -1.44746542e-08 3.19410200e-03 3.28741959e-03
4.21958383e+00 -1.48257095e-08 3.19589500e-03 3.28958026e-03
4.22269791e+00 -1.51780963e-08 3.19776111e-03 3.29177800e-03
4.22581200e+00 -1.55316790e-08 3.19970056e-03 3.29401292e-03
4.22892608e+00 -1.58863223e-08 3.20171357e-03 3.29628513e-03
4.23204016e+00 -1.62418904e-08 3.20380033e-03 3.29859471e-03
4.23515425e+00 -1.65982472e-08 3.20596100e-03 3.30094174e-03
4.23826833e+00 -1.69552561e-08 3.20819571e-03 3.30332629e-03
4.24138242e+00 -1.73127804e-08 3.21050456e-03 3.30574839e-03
4.24449650e+00 -1.76706836e-08 3.21288761e-03 3.30820807e-03
4.24761058e+00 -1.80288283e-08 3.21534491e-03 3.31070535e-03
4.25072467e+00 -1.83870778e-08 3.21787646e-03 3.31324022e-03
4.25383875e+00 -1.87452942e-08 3.22048225e-03 3.31581266e-03
4.25695284e+00 -1.91033412e-08 3.22316223e-03 3.31842263e-03
4.26006692e+00 -1.94610815e-08 3.22591631e-03 3.32107009e-03
4.26318100e+00 -1.98183775e-08 3.22874440e-03 3.32375497e-03
4.26629509e+00 -2.01750929e-08 3.23164634e-03 3.32647719e-03
4.26940917e+00 -2.05310917e-08 3.23462198e-03 3.32923666e-03
4.27252326e+00 -2.08862372e-08 3.23767111e-03 3.33203325e-03
4.27563734e+00 -2.12403936e-08 3.24079351e-03 3.33486684e-03
4.27875142e+00 -2.15934255e-08 3.24398892e-03 3.33773730e-03
4.28186551e+00 -2.19451973e-08 3.24725706e-03 3.34064445e-03
4.28497959e+00 -2.22955751e-08 3.25059762e-03 3.34358813e-03
4.28809368e+00 -2.26444244e-08 3.25401024e-03 3.34656816e-03
4.29120776e+00 -2.29916116e-08 3.25749456e-03 3.34958431e-03
4.29432184e+00 -2.33370047e-08 3.26105018e-03 3.35263639e-03
4.29743593e+00 -2.36804706e-08 3.26467667e-03 3.35572415e-03
4.30055001e+00 -2.40218787e-08 3.26837358e-03 3.35884735e-03
4.30366410e+00 -2.43610982e-08 3.27214042e-03 3.36200573e-03
4.30677818e+00 -2.46979991e-08 3.27597667e-03 3.36519900e-03
4.30989226e+00 -2.50324526e-08 3.27988181e-03 3.36842689e-03
4.31300635e+00 -2.53643310e-08 3.28385525e-03 3.37168908e-03
4.31612043e+00 -2.56935071e-08 3.28789642e-03 3.37498526e-03
4.31923452e+00 -2.60198555e-08 3.29200470e-03 3.37831510e-03
4.32234860e+00 -2.63432512e-08 3.29617942e-03 3.38167825e-03
4.32546268e+00 -2.66635702e-08 3.30041994e-03 3.38507436e-03
4.32857677e+00 -2.69806908e-08 3.30472553e-03 3.38850304e-03
4.33169085e+00 -2.72944910e-08 3.30909550e-03 3.39196392e-03
4.33480494e+00 -2.76048513e-08 3.31352908e-03 3.39545660e-03
4.33791902e+00 -2.79116529e-08 3.31802550e-03 3.39898067e-03
4.34103310e+00 -2.82147785e-08 3.32258397e-03 3.40253571e-03
4.34414719e+00 -2.85141125e-08 3.32720367e-03 3.40612128e-03
4.34726127e+00 -2.88095397e-08 3.33188375e-03 3.40973693e-03
4.35037536e+00 -2.91009483e-08 3.33662335e-03 3.41338222e-03
4.35348944e+00 -2.93882264e-08 3.34142157e-03 3.41705666e-03
4.35660352e+00 -2.96712638e-08 3.34627751e-03 3.42075978e-03
4.35971761e+00 -2.99499533e-08 3.35119022e-03 3.42449108e-03
4.36283169e+00 -3.02241879e-08 3.35615876e-03 3.42825007e-03
4.36594578e+00 -3.04938624e-08 3.36118214e-03 3.43203623e-03
4.36905986e+00 -3.07588744e-08 3.36625936e-03 3.43584903e-03
4.37217394e+00 -3.10191222e-08 3.37138941e-03 3.43968795e-03
4.37528803e+00 -3.12745066e-08 3.37657126e-03 3.44355243e-03
4.37840211e+00 -3.15249304e-08 3.38180383e-03 3.44744193e-03
4.38151620e+00 -3.17702969e-08 3.38708606e-03 3.45135589e-03
4.38463028e+00 -3.20105135e-08 3.39241684e-03 3.45529372e-03
4.38774436e+00 -3.22454878e-08 3.39779507e-03 3.45925486e-03
4.39085845e+00 -3.24751297e-08 3.40321962e-03 3.46323871e-03
4.39397253e+00 -3.26993528e-08 3.40868933e-03 3.46724467e-03
4.39708662e+00 -3.29180700e-08 3.41420304e-03 3.47127215e-03
4.40020070e+00 -3.31311988e-08 3.41975957e-03 3.47532053e-03
4.40331478e+00 -3.33386570e-08 3.42535773e-03 3.47938918e-03
4.40642887e+00 -3.35403663e-08 3.43099630e-03 3.48347749e-03
4.40954295e+00 -3.37362485e-08 3.43667405e-03 3.48758481e-03
4.41265704e+00 -3.39262298e-08 3.44238974e-03 3.49171051e-03
4.41577112e+00 -3.41102379e-08 3.44814213e-03 3.49585394e-03
4.41888520e+00 -3.42882013e-08 3.45392993e-03 3.50001445e-03
4.42199929e+00 -3.44600528e-08 3.45975188e-03 3.50419138e-03
4.42511337e+00 -3.46257263e-08 3.46560668e-03 3.50838406e-03
4.42822746e+00 -3.47851594e-08 3.47149303e-03 3.51259182e-03
4.43134154e+00 -3.49382905e-08 3.47740960e-03 3.51681400e-03
4.43445562e+00 -3.50850611e-08 3.48335509e-03 3.52104991e-03
4.43756971e+00 -3.52254158e-08 3.48932814e-03 3.52529887e-03
4.44068379e+00 -3.53593004e-08 3.49532742e-03 3.52956019e-03
4.44379788e+00 -3.54866639e-08 3.50135156e-03 3.53383318e-03
4.44691196e+00 -3.56074580e-08 3.50739922e-03 3.53811715e-03
4.45002604e+00 -3.57216363e-08 3.51346902e-03 3.54241140e-03
4.45314013e+00 -3.58291553e-08 3.51955958e-03 3.54671522e-03
4.45625421e+00 -3.59299737e-08 3.52566951e-03 3.55102793e-03
4.45936830e+00 -3.60240535e-08 3.53179743e-03 3.55534880e-03
4.46248238e+00 -3.61113582e-08 3.53794194e-03 3.55967714e-03
4.46559646e+00 -3.61918555e-08 3.54410164e-03 3.56401223e-03
4.46871055e+00 -3.62655136e-08 3.55027512e-03 3.56835336e-03
4.47182463e+00 -3.63323047e-08 3.55646097e-03 3.57269983e-03
4.47493872e+00 -3.63922032e-08 3.56265778e-03 3.57705091e-03
4.47805280e+00 -3.64451865e-08 3.56886413e-03 3.58140590e-03
4.48116688e+00 -3.64912345e-08 3.57507861e-03 3.58576408e-03
4.48428097e+00 -3.65303289e-08 3.58129978e-03 3.59012475e-03
4.48739505e+00 -3.65624556e-08 3.58752622e-03 3.59448717e-03
4.49050914e+00 -3.65876021e-08 3.59375652e-03 3.59885065e-03
4.49362322e+00 -3.66057584e-08 3.59998925e-03 3.60321446e-03
4.49673730e+00 -3.66169181e-08 3.60622298e-03 3.60757791e-03
4.49985139e+00 -3.66210765e-08 3.61245629e-03 3.61194026e-03
4.50296547e+00 -3.66182326e-08 3.61868776e-03 3.61630083e-03
4.50607956e+00 -3.66083864e-08 3.62491596e-03 3.62065890e-03
4.50919364e+00 -3.65915432e-08 3.63113949e-03 3.62501376e-03
4.51230772e+00 -3.65677080e-08 3.63735692e-03 3.62936472e-03
4.51542181e+00 -3.65368910e-08 3.64356684e-03 3.63371107e-03
4.51853589e+00 -3.64991031e-08 3.64976785e-03 3.63805212e-03
4.52164998e+00 -3.64543592e-08 3.65595853e-03 3.64238717e-03
4.52476406e+00 -3.64026762e-08 3.66213749e-03 3.64671552e-03
4.52787814e+00 -3.63440735e-08 3.66830334e-03 3.65103650e-03
4.53099223e+00 -3.62785745e-08 3.67445469e-03 3.65534942e-03
4.53410631e+00 -3.62062035e-08 3.68059016e-03 3.65965360e-03
4.53722040e+00 -3.61269880e-08 3.68670836e-03 3.66394836e-03
4.54033448e+00 -3.60409585e-08 3.69280794e-03 3.66823303e-03
4.54344856e+00 -3.59481475e-08 3.69888754e-03 3.67250694e-03
4.54656265e+00 -3.58485910e-08 3.70494580e-03 3.67676944e-03
4.54967673e+00 -3.57423266e-08 3.71098138e-03 3.68101987e-03
4.55279082e+00 -3.56293950e-08 3.71699294e-03 3.68525757e-03
4.55590490e+00 -3.55098393e-08 3.72297918e-03 3.68948190e-03
4.55901898e+00 -3.53837051e-08 3.72893876e-03 3.69369222e-03
4.56213307e+00 -3.52510407e-08 3.73487039e-03 3.69788790e-03
4.56524715e+00 -3.51118967e-08 3.74077278e-03 3.70206831e-03
4.56836124e+00 -3.49663259e-08 3.74664465e-03 3.70623282e-03
4.57147532e+00 -3.48143841e-08 3.75248473e-03 3.71038083e-03
4.57458940e+00 -3.46561294e-08 3.75829176e-03 3.71451173e-03
4.57770349e+00 -3.44916225e-08 3.76406451e-03 3.71862490e-03
4.58081757e+00 -3.43209259e-08 3.76980174e-03 3.72271977e-03
4.58393166e+00 -3.41441040e-08 3.77550224e-03 3.72679575e-03
4.58704574e+00 -3.39612259e-08 3.78116481e-03 3.73085225e-03
4.59015982e+00 -3.37723606e-08 3.78678827e-03 3.73488870e-03
4.59327391e+00 -3.35775798e-08 3.79237144e-03 3.73890455e-03
4.59638799e+00 -3.33769589e-08 3.79791316e-03 3.74289924e-03
4.59950208e+00 -3.31705732e-08 3.80341231e-03 3.74687222e-03
4.60261616e+00 -3.29585027e-08 3.80886775e-03 3.75082295e-03
4.60573024e+00 -3.27408276e-08 3.81427838e-03 3.75475090e-03
4.60884433e+00 -3.25176316e-08 3.81964311e-03 3.75865555e-03
4.61195841e+00 -3.22889999e-08 3.82496087e-03 3.76253640e-03
4.61507250e+00 -3.20550197e-08 3.83023061e-03 3.76639294e-03
4.61818658e+00 -3.18157802e-08 3.83545128e-03 3.77022467e-03
4.62130066e+00 -3.15713731e-08 3.84062188e-03 3.77403111e-03
4.62441475e+00 -3.13218915e-08 3.84574140e-03 3.77781179e-03
4.62752883e+00 -3.10674308e-08 3.85080887e-03 3.78156624e-03
4.63064292e+00 -3.08080882e-08 3.85582333e-03 3.78529401e-03
4.63375700e+00 -3.05439628e-08 3.86078383e-03 3.78899464e-03
4.63687108e+00 -3.02751557e-08 3.86568946e-03 3.79266772e-03
4.63998517e+00 -3.00017689e-08 3.87053933e-03 3.79631281e-03
4.64309925e+00 -2.97239081e-08 3.87533255e-03 3.79992950e-03
4.64621334e+00 -2.94416782e-08 3.88006826e-03 3.80351738e-03
4.64932742e+00 -2.91551877e-08 3.88474564e-03 3.80707606e-03
4.65244150e+00 -2.88645459e-08 3.88936387e-03 3.81060516e-03
4.65555559e+00 -2.85698644e-08 3.89392217e-03 3.81410431e-03
4.65866967e+00 -2.82712547e-08 3.89841975e-03 3.81757314e-03
4.66178376e+00 -2.79688322e-08 3.90285588e-03 3.82101132e-03
4.66489784e+00 -2.76627120e-08 3.90722983e-03 3.82441848e-03
4.66801192e+00 -2.73530107e-08 3.91154091e-03 3.82779433e-03
4.67112601e+00 -2.70398470e-08 3.91578844e-03 3.83113852e-03
4.67424009e+00 -2.67233407e-08 3.91997177e-03 3.83445077e-03
4.67735418e+00 -2.64036126e-08 3.92409026e-03 3.83773077e-03
4.68046826e+00 -2.60807851e-08 3.92814332e-03 3.84097825e-03
4.68358234e+00 -2.57549814e-08 3.93213036e-03 3.84419294e-03
4.68669643e+00 -2.54263265e-08 3.93605082e-03 3.84737457e-03
4.68981051e+00 -2.50949456e-08 3.93990419e-03 3.85052291e-03
4.69292460e+00 -2.47609656e-08 3.94368994e-03 3.85363771e-03
4.69603868e+00 -2.44245145e-08 3.94740761e-03 3.85671877e-03
4.69915276e+00 -2.40857206e-08 3.95105673e-03 3.85976585e-03
4.70226685e+00 -2.37447133e-08 3.95463687e-03 3.86277878e-03
4.70538093e+00 -2.34016238e-08 3.95814763e-03 3.86575736e-03
4.70849502e+00 -2.30565826e-08 3.96158864e-03 3.86870142e-03
4.71160910e+00 -2.27097218e-08 3.96495952e-03 3.87161079e-03
4.71472318e+00 -2.23611743e-08 3.96825997e-03 3.87448534e-03
4.71783727e+00 -2.20110731e-08 3.97148968e-03 3.87732492e-03
4.72095135e+00 -2.16595529e-08 3.97464837e-03 3.88012940e-03
4.72406544e+00 -2.13067474e-08 3.97773579e-03 3.88289868e-03
4.72717952e+00 -2.09527916e-08 3.98075173e-03 3.88563266e-03
4.73029360e+00 -2.05978216e-08 3.98369598e-03 3.88833125e-03
4.73340769e+00 -2.02419724e-08 3.98656838e-03 3.89099438e-03
4.73652177e+00 -1.98853807e-08 3.98936878e-03 3.89362198e-03
4.73963586e+00 -1.95281832e-08 3.99209707e-03 3.89621401e-03
4.74274994e+00 -1.91705160e-08 3.99475316e-03 3.89877043e-03
4.74586402e+00 -1.88125164e-08 3.99733698e-03 3.90129122e-03
4.74897811e+00 -1.84543214e-08 3.99984851e-03 3.90377636e-03
4.75209219e+00 -1.80960680e-08 4.00228772e-03 3.90622586e-03
4.75520628e+00 -1.77378932e-08 4.00465464e-03 3.90863973e-03
4.75832036e+00 -1.73799341e-08 4.00694931e-03 3.91101800e-03
4.76143444e+00 -1.70223282e-08 4.00917181e-03 3.91336071e-03
4.76454853e+00 -1.66652122e-08 4.01132222e-03 3.91566791e-03
4.76766261e+00 -1.63087223e-08 4.01340069e-03 3.91793967e-03
4.77077670e+00 -1.59529957e-08 4.01540735e-03 3.92017606e-03
4.77389078e+00 -1.55981687e-08 4.01734238e-03 3.92237717e-03
4.77700486e+00 -1.52443763e-08 4.01920599e-03 3.92454311e-03
4.78011895e+00 -1.48917550e-08 4.02099842e-03 3.92667399e-03
4.78323303e+00 -1.45404394e-08 4.02271991e-03 3.92876994e-03
4.78634712e+00 -1.41905643e-08 4.02437075e-03 3.93083111e-03
4.78946120e+00 -1.38422629e-08 4.02595126e-03 3.93285763e-03
4.79257528e+00 -1.34956699e-08 4.02746176e-03 3.93484969e-03
4.79568937e+00 -1.31509171e-08 4.02890263e-03 3.93680745e-03
4.79880345e+00 -1.28081368e-08 4.03027425e-03 3.93873111e-03
4.80191754e+00 -1.24674607e-08 4.03157703e-03 3.94062087e-03
4.80503162e+00 -1.21290186e-08 4.03281141e-03 3.94247694e-03
4.80814570e+00 -1.17929408e-08 4.03397786e-03 3.94429955e-03
4.81125979e+00 -1.14593559e-08 4.03507688e-03 3.94608895e-03
4.81437387e+00 -1.11283923e-08 4.03610897e-03 3.94784537e-03
4.81748796e+00 -1.08001757e-08 4.03707468e-03 3.94956909e-03
4.82060204e+00 -1.04748325e-08 4.03797457e-03 3.95126038e-03
4.82371612e+00 -1.01524874e-08 4.03880924e-03 3.95291953e-03
4.82683021e+00 -9.83326393e-09 4.03957930e-03 3.95454683e-03
4.82994429e+00 -9.51728436e-09 4.04028539e-03 3.95614259e-03
4.83305838e+00 -9.20466999e-09 4.04092817e-03 3.95770714e-03
4.83617246e+00 -8.89554055e-09 4.04150834e-03 3.95924082e-03
4.83928654e+00 -8.59001470e-09 4.04202660e-03 3.96074396e-03
4.84240063e+00 -8.28820901e-09 4.04248369e-03 3.96221692e-03
4.84551471e+00 -7.99023984e-09 4.04288036e-03 3.96366007e-03
4.84862880e+00 -7.69622086e-09 4.04321740e-03 3.96507379e-03
4.85174288e+00 -7.40626574e-09 4.04349561e-03 3.96645847e-03
4.85485696e+00 -7.12048446e-09 4.04371581e-03 3.96781451e-03
4.85797105e+00 -6.83898720e-09 4.04387886e-03 3.96914231e-03
4.86108513e+00 -6.56188244e-09 4.04398562e-03 3.97044231e-03
4.86419922e+00 -6.28927538e-09 4.04403698e-03 3.97171494e-03
4.86731330e+00 -6.02127146e-09 4.04403386e-03 3.97296063e-03
4.87042738e+00 -5.75797311e-09 4.04397719e-03 3.97417985e-03
4.87354147e+00 -5.49948135e-09 4.04386792e-03 3.97537305e-03
4.87665555e+00 -5.24589538e-09 4.04370702e-03 3.97654070e-03
4.87976964e+00 -4.99731193e-09 4.04349550e-03 3.97768330e-03
4.88288372e+00 -4.75382763e-09 4.04323436e-03 3.97880134e-03
4.88599780e+00 -4.51553446e-09 4.04292464e-03 3.97989531e-03
4.88911189e+00 -4.28252477e-09 4.04256738e-03 3.98096574e-03
4.89222597e+00 -4.05488751e-09 4.04216366e-03 3.98201313e-03
4.89534006e+00 -3.83271015e-09 4.04171456e-03 3.98303803e-03
4.89845414e+00 -3.61607819e-09 4.04122120e-03 3.98404097e-03
4.90156822e+00 -3.40507478e-09 4.04068468e-03 3.98502249e-03
4.90468231e+00 -3.19978010e-09 4.04010616e-03 3.98598317e-03
4.90779639e+00 -3.00027312e-09 4.03948679e-03 3.98692356e-03
4.91091048e+00 -2.80663100e-09 4.03882774e-03 3.98784423e-03
4.91402456e+00 -2.61892761e-09 4.03813020e-03 3.98874577e-03
4.91713864e+00 -2.43723558e-09 4.03739537e-03 3.98962877e-03
4.92025273e+00 -2.26162358e-09 4.03662447e-03 3.99049382e-03
4.92336681e+00 -2.09215969e-09 4.03581873e-03 3.99134153e-03
4.92648090e+00 -1.92890911e-09 4.03497941e-03 3.99217251e-03
4.92959498e+00 -1.77193413e-09 4.03410775e-03 3.99298738e-03
4.93270906e+00 -1.62129518e-09 4.03320505e-03 3.99378677e-03
4.93582315e+00 -1.47704957e-09 4.03227257e-03 3.99457130e-03
4.93893723e+00 -1.33925367e-09 4.03131161e-03 3.99534163e-03
4.94205132e+00 -1.20795922e-09 4.03032350e-03 3.99609838e-03
4.94516540e+00 -1.08321748e-09 4.02930955e-03 3.99684222e-03
4.94827948e+00 -9.65076015e-10 4.02827108e-03 3.99757381e-03
4.95139357e+00 -8.53580068e-10 4.02720946e-03 3.99829380e-03
4.95450765e+00 -7.48772440e-10 4.02612601e-03 3.99900286e-03
4.95762174e+00 -6.50693613e-10 4.02502212e-03 3.99970167e-03
4.96073582e+00 -5.59381287e-10 4.02389914e-03 4.00039090e-03
4.96384990e+00 -4.74870378e-10 4.02275846e-03 4.00107125e-03
4.96696399e+00 -3.97192668e-10 4.02160146e-03 4.00174339e-03
4.97007807e+00 -3.26379245e-10 4.02042953e-03 4.00240801e-03
4.97319216e+00 -2.62456093e-10 4.01924409e-03 4.00306582e-03
4.97630624e+00 -2.05448499e-10 4.01804652e-03 4.00371751e-03
4.97942033e+00 -1.55378039e-10 4.01683826e-03 4.00436379e-03
4.98253441e+00 -1.12264201e-10 4.01562070e-03 4.00500535e-03
4.98564849e+00 -7.61232230e-11 4.01439529e-03 4.00564292e-03
4.98876258e+00 -4.69691423e-11 4.01316344e-03 4.00627720e-03
4.99187666e+00 -2.48134422e-11 4.01192658e-03 4.00690890e-03
4.99499075e+00 -9.66412658e-12 4.01068615e-03 4.00753874e-03
4.99810483e+00 -1.52687934e-12 4.00944358e-03 4.00816745e-03
5.00121891e+00 -4.05064396e-13 4.00820032e-03 4.00879573e-03
