#	Time	Error_of_Energy	Error_of_Position	Error_of_Velocity
6.22816801e-03 -5.60160444e-11 4.99776020e-06 1.24794315e-05
1.24563360e-02 -2.23978571e-10 1.00312539e-05 2.49754566e-05
1.86845040e-02 -5.03629254e-10 1.51358661e-05 3.75046056e-05
2.49126720e-02 -8.94540059e-10 2.03463014e-05 5.00832835e-05
3.11408401e-02 -1.39611024e-09 2.56962825e-05 6.27277084e-05
3.73690081e-02 -2.00757095e-09 3.12182923e-05 7.54538521e-05
4.35971761e-02 -2.72798331e-09 3.69433652e-05 8.82773834e-05
4.98253441e-02 -3.55624280e-09 4.29009340e-05 1.01213613e-04
5.60535121e-02 -4.49107899e-09 4.91187290e-05 1.14277445e-04
6.22816801e-02 -5.53105700e-09 5.56227283e-05 1.27483326e-04
6.85098481e-02 -6.67458210e-09 6.24371516e-05 1.40845204e-04
7.47380161e-02 -7.91989922e-09 6.95844897e-05 1.54376491e-04
8.09661841e-02 -9.26509952e-09 7.70855634e-05 1.68090025e-04
8.71943522e-02 -1.07081180e-08 8.49596009e-05 1.81998042e-04
9.34225202e-02 -1.22467424e-08 9.32243297e-05 1.96112147e-04
9.96506882e-02 -1.38786117e-08 1.01896074e-04 2.10443298e-04
1.05878856e-01 -1.56012246e-08 1.10989854e-04 2.25001784e-04
1.12107024e-01 -1.74119385e-08 1.20519482e-04 2.39797212e-04
1.18335192e-01 -1.93079773e-08 1.30497655e-04 2.54838503e-04
1.24563360e-01 -2.12864332e-08 1.40936039e-04 2.70133879e-04
1.30791528e-01 -2.33442730e-08 1.51845344e-04 2.85690866e-04
1.37019696e-01 -2.54783404e-08 1.63235392e-04 3.01516295e-04
1.43247864e-01 -2.76853643e-08 1.75115174e-04 3.17616303e-04
1.49476032e-01 -2.99619618e-08 1.87492901e-04 3.33996342e-04
1.55704200e-01 -3.23046422e-08 2.00376046e-04 3.50661188e-04
1.61932368e-01 -3.47098158e-08 2.13771376e-04 3.67614950e-04
1.68160536e-01 -3.71737950e-08 2.27684980e-04 3.84861084e-04
1.74388704e-01 -3.96928043e-08 2.42122292e-04 4.02402407e-04
1.80616872e-01 -4.22629830e-08 2.57088107e-04 4.20241113e-04
1.86845040e-01 -4.48803926e-08 2.72586589e-04 4.38378787e-04
1.93073208e-01 -4.75410237e-08 2.88621283e-04 4.56816427e-04
1.99301376e-01 -5.02407993e-08 3.05195121e-04 4.75554457e-04
2.05529544e-01 -5.29755835e-08 3.22310418e-04 4.94592747e-04
2.11757712e-01 -5.57411873e-08 3.39968877e-04 5.13930634e-04
2.17985880e-01 -5.85333748e-08 3.58171587e-04 5.33566937e-04
2.24214048e-01 -6.13478689e-08 3.76919019e-04 5.53499979e-04
2.30442216e-01 -6.41803597e-08 3.96211024e-04 5.73727606e-04
2.36670384e-01 -6.70265101e-08 4.16046827e-04 5.94247203e-04
2.42898552e-01 -6.98819624e-08 4.36425025e-04 6.15055716e-04
2.49126720e-01 -7.27423438e-08 4.57343583e-04 6.36149667e-04
2.55354888e-01 -7.56032775e-08 4.78799827e-04 6.57525176e-04
2.61583056e-01 -7.84603823e-08 5.00790444e-04 6.79177976e-04
2.67811224e-01 -8.13092859e-08 5.23311478e-04 7.01103431e-04
2.74039392e-01 -8.41456276e-08 5.46358326e-04 7.23296554e-04
2.80267561e-01 -8.69650675e-08 5.69925741e-04 7.45752023e-04
2.86495729e-01 -8.97632913e-08 5.94007826e-04 7.68464196e-04
2.92723897e-01 -9.25360175e-08 6.18598041e-04 7.91427129e-04
2.98952065e-01 -9.52790035e-08 6.43689197e-04 8.14634592e-04
3.05180233e-01 -9.79880541e-08 6.69273466e-04 8.38080080e-04
3.11408401e-01 -1.00659025e-07 6.95342380e-04 8.61756832e-04
3.17636569e-01 -1.03287830e-07 7.21886837e-04 8.85657843e-04
3.23864737e-01 -1.05870449e-07 7.48897111e-04 9.09775880e-04
3.30092905e-01 -1.08402934e-07 7.76362851e-04 9.34103491e-04
3.36321073e-01 -1.10881410e-07 8.04273100e-04 9.58633024e-04
3.42549241e-01 -1.13302089e-07 8.32616295e-04 9.83356636e-04
3.48777409e-01 -1.15661270e-07 8.61380284e-04 1.00826631e-03
3.55005577e-01 -1.17955345e-07 8.90552336e-04 1.03335385e-03
3.61233745e-01 -1.20180808e-07 9.20119155e-04 1.05861093e-03
3.67461913e-01 -1.22334258e-07 9.50066892e-04 1.08402906e-03
3.73690081e-01 -1.24412402e-07 9.80381164e-04 1.10959963e-03
3.79918249e-01 -1.26412064e-07 1.01104707e-03 1.13531391e-03
3.86146417e-01 -1.28330189e-07 1.04204919e-03 1.16116307e-03
3.92374585e-01 -1.30163845e-07 1.07337166e-03 1.18713817e-03
3.98602753e-01 -1.31910230e-07 1.10499811e-03 1.21323018e-03
4.04830921e-01 -1.33566676e-07 1.13691174e-03 1.23943001e-03
4.11059089e-01 -1.35130651e-07 1.16909534e-03 1.26572849e-03
4.17287257e-01 -1.36599767e-07 1.20153129e-03 1.29211639e-03
4.23515425e-01 -1.37971779e-07 1.23420159e-03 1.31858445e-03
4.29743593e-01 -1.39244590e-07 1.26708789e-03 1.34512336e-03
4.35971761e-01 -1.40416257e-07 1.30017151e-03 1.37172377e-03
4.42199929e-01 -1.41484989e-07 1.33343347e-03 1.39837635e-03
4.48428097e-01 -1.42449154e-07 1.36685450e-03 1.42507171e-03
4.54656265e-01 -1.43307279e-07 1.40041508e-03 1.45180050e-03
4.60884433e-01 -1.44058054e-07 1.43409548e-03 1.47855336e-03
4.67112601e-01 -1.44700332e-07 1.46787576e-03 1.50532095e-03
4.73340769e-01 -1.45233131e-07 1.50173581e-03 1.53209395e-03
4.79568937e-01 -1.45655639e-07 1.53565537e-03 1.55886309e-03
4.85797105e-01 -1.45967209e-07 1.56961409e-03 1.58561912e-03
4.92025273e-01 -1.46167366e-07 1.60359151e-03 1.61235287e-03
4.98253441e-01 -1.46255804e-07 1.63756712e-03 1.63905520e-03
5.04481609e-01 -1.46232388e-07 1.67152040e-03 1.66571707e-03
5.10709777e-01 -1.46097154e-07 1.70543081e-03 1.69232949e-03
5.16937945e-01 -1.45850309e-07 1.73927785e-03 1.71888355e-03
5.23166113e-01 -1.45492229e-07 1.77304109e-03 1.74537047e-03
5.29394281e-01 -1.45023461e-07 1.80670018e-03 1.77178153e-03
5.35622449e-01 -1.44444722e-07 1.84023490e-03 1.79810813e-03
5.41850617e-01 -1.43756895e-07 1.87362517e-03 1.82434181e-03
5.48078785e-01 -1.42961030e-07 1.90685110e-03 1.85047420e-03
5.54306953e-01 -1.42058344e-07 1.93989299e-03 1.87649708e-03
5.60535121e-01 -1.41050215e-07 1.97273140e-03 1.90240237e-03
5.66763289e-01 -1.39938184e-07 2.00534713e-03 1.92818213e-03
5.72991457e-01 -1.38723948e-07 2.03772131e-03 1.95382857e-03
5.79219625e-01 -1.37409363e-07 2.06983534e-03 1.97933409e-03
5.85447793e-01 -1.35996436e-07 2.10167102e-03 2.00469121e-03
5.91675961e-01 -1.34487327e-07 2.13321050e-03 2.02989268e-03
5.97904129e-01 -1.32884342e-07 2.16443633e-03 2.05493140e-03
6.04132297e-01 -1.31189928e-07 2.19533150e-03 2.07980046e-03
6.10360465e-01 -1.29406676e-07 2.22587943e-03 2.10449318e-03
6.16588633e-01 -1.27537310e-07 2.25606406e-03 2.12900306e-03
6.22816801e-01 -1.25584687e-07 2.28586979e-03 2.15332381e-03
6.29044969e-01 -1.23551790e-07 2.31528158e-03 2.17744936e-03
6.35273137e-01 -1.21441727e-07 2.34428490e-03 2.20137389e-03
6.41501305e-01 -1.19257724e-07 2.37286583e-03 2.22509178e-03
6.47729473e-01 -1.17003117e-07 2.40101102e-03 2.24859768e-03
6.53957641e-01 -1.14681353e-07 2.42870773e-03 2.27188645e-03
6.60185809e-01 -1.12295983e-07 2.45594386e-03 2.29495324e-03
6.66413977e-01 -1.09850652e-07 2.48270796e-03 2.31779343e-03
6.72642145e-01 -1.07349100e-07 2.50898924e-03 2.34040268e-03
6.78870313e-01 -1.04795152e-07 2.53477761e-03 2.36277692e-03
6.85098481e-01 -1.02192713e-07 2.56006365e-03 2.38491235e-03
6.91326649e-01 -9.95457625e-08 2.58483869e-03 2.40680546e-03
6.97554817e-01 -9.68583497e-08 2.60909478e-03 2.42845302e-03
7.03782985e-01 -9.41345855e-08 2.63282469e-03 2.44985210e-03
7.10011153e-01 -9.13786355e-08 2.65602196e-03 2.47100007e-03
7.16239321e-01 -8.85947165e-08 2.67868092e-03 2.49189460e-03
7.22467489e-01 -8.57870879e-08 2.70079662e-03 2.51253367e-03
7.28695657e-01 -8.29600452e-08 2.72236495e-03 2.53291557e-03
7.34923825e-01 -8.01179150e-08 2.74338255e-03 2.55303892e-03
7.41151993e-01 -7.72650470e-08 2.76384688e-03 2.57290265e-03
7.47380161e-01 -7.44058064e-08 2.78375620e-03 2.59250604e-03
7.53608329e-01 -7.15445707e-08 2.80310956e-03 2.61184866e-03
7.59836497e-01 -6.86857200e-08 2.82190685e-03 2.63093045e-03
7.66064665e-01 -6.58336307e-08 2.84014876e-03 2.64975168e-03
7.72292833e-01 -6.29926691e-08 2.85783679e-03 2.66831296e-03
7.78521001e-01 -6.01671858e-08 2.87497325e-03 2.68661523e-03
7.84749169e-01 -5.73615074e-08 2.89156129e-03 2.70465980e-03
7.90977337e-01 -5.45799311e-08 2.90760485e-03 2.72244831e-03
7.97205505e-01 -5.18267165e-08 2.92310867e-03 2.73998276e-03
8.03433673e-01 -4.91060814e-08 2.93807831e-03 2.75726550e-03
8.09661841e-01 -4.64221932e-08 2.95252013e-03 2.77429924e-03
8.15890009e-01 -4.37791633e-08 2.96644128e-03 2.79108702e-03
8.22118177e-01 -4.11810419e-08 2.97984967e-03 2.80763226e-03
8.28346346e-01 -3.86318096e-08 2.99275403e-03 2.82393873e-03
8.34574514e-01 -3.61353726e-08 3.00516381e-03 2.84001055e-03
8.40802682e-01 -3.36955570e-08 3.01708924e-03 2.85585218e-03
8.47030850e-01 -3.13161019e-08 3.02854130e-03 2.87146844e-03
8.53259018e-01 -2.90006548e-08 3.03953168e-03 2.88686451e-03
8.59487186e-01 -2.67527644e-08 3.05007279e-03 2.90204591e-03
8.65715354e-01 -2.45758771e-08 3.06017774e-03 2.91701849e-03
8.71943522e-01 -2.24733295e-08 3.06986035e-03 2.93178846e-03
8.78171690e-01 -2.04483457e-08 3.07913507e-03 2.94636235e-03
8.84399858e-01 -1.85040303e-08 3.08801702e-03 2.96074702e-03
8.90628026e-01 -1.66433651e-08 3.09652196e-03 2.97494968e-03
8.96856194e-01 -1.48692028e-08 3.10466624e-03 2.98897783e-03
9.03084362e-01 -1.31842647e-08 3.11246681e-03 3.00283929e-03
9.09312530e-01 -1.15911340e-08 3.11994119e-03 3.01654220e-03
9.15540698e-01 -1.00922545e-08 3.12710745e-03 3.03009499e-03
9.21768866e-01 -8.68992548e-09 3.13398416e-03 3.04350636e-03
9.27997034e-01 -7.38629753e-09 3.14059042e-03 3.05678531e-03
9.34225202e-01 -6.18337053e-09 3.14694578e-03 3.06994112e-03
9.40453370e-01 -5.08298966e-09 3.15307023e-03 3.08298329e-03
9.46681538e-01 -4.08684247e-09 3.15898420e-03 3.09592160e-03
9.52909706e-01 -3.19645769e-09 3.16470850e-03 3.10876604e-03
9.59137874e-01 -2.41320141e-09 3.17026428e-03 3.12152686e-03
9.65366042e-01 -1.73827458e-09 3.17567306e-03 3.13421447e-03
9.71594210e-01 -1.17271351e-09 3.18095663e-03 3.14683951e-03
9.77822378e-01 -7.17384937e-10 3.18613705e-03 3.15941277e-03
9.84050546e-01 -3.72988330e-10 3.19123665e-03 3.17194523e-03
9.90278714e-01 -1.40051479e-10 3.19627791e-03 3.18444799e-03
9.96506882e-01 -1.89321206e-11 3.20128352e-03 3.19693229e-03
1.00273505e+00 -9.81561974e-12 3.20627630e-03 3.20940950e-03
1.00896322e+00 -1.12716824e-10 3.21127916e-03 3.22189103e-03
1.01519139e+00 -3.27477164e-10 3.21631507e-03 3.23438842e-03
1.02141955e+00 -6.53767091e-10 3.22140705e-03 3.24691324e-03
1.02764772e+00 -1.09108631e-09 3.22657809e-03 3.25947707e-03
1.03387589e+00 -1.63876376e-09 3.23185114e-03 3.27209154e-03
1.04010406e+00 -2.29595963e-09 3.23724908e-03 3.28476826e-03
1.04633223e+00 -3.06166439e-09 3.24279464e-03 3.29751879e-03
1.05256039e+00 -3.93470425e-09 3.24851041e-03 3.31035466e-03
1.05878856e+00 -4.91374049e-09 3.25441878e-03 3.32328732e-03
1.06501673e+00 -5.99726988e-09 3.26054190e-03 3.33632811e-03
1.07124490e+00 -7.18363112e-09 3.26690163e-03 3.34948828e-03
1.07747307e+00 -8.47100395e-09 3.27351953e-03 3.36277890e-03
1.08370123e+00 -9.85741340e-09 3.28041681e-03 3.37621091e-03
1.08992940e+00 -1.13407336e-08 3.28761426e-03 3.38979505e-03
1.09615757e+00 -1.29186892e-08 3.29513226e-03 3.40354184e-03
1.10238574e+00 -1.45888600e-08 3.30299071e-03 3.41746157e-03
1.10861391e+00 -1.63486843e-08 3.31120901e-03 3.43156430e-03
1.11484207e+00 -1.81954638e-08 3.31980601e-03 3.44585979e-03
1.12107024e+00 -2.01263661e-08 3.32879997e-03 3.46035751e-03
1.12729841e+00 -2.21384309e-08 3.33820856e-03 3.47506661e-03
1.13352658e+00 -2.42285728e-08 3.34804877e-03 3.48999591e-03
1.13975475e+00 -2.63935871e-08 3.35833693e-03 3.50515386e-03
1.14598291e+00 -2.86301546e-08 3.36908864e-03 3.52054856e-03
1.15221108e+00 -3.09348476e-08 3.38031876e-03 3.53618767e-03
1.15843925e+00 -3.33041321e-08 3.39204137e-03 3.55207849e-03
1.16466742e+00 -3.57343777e-08 3.40426976e-03 3.56822787e-03
1.17089559e+00 -3.82218587e-08 3.41701639e-03 3.58464221e-03
1.17712375e+00 -4.07627638e-08 3.43029284e-03 3.60132747e-03
1.18335192e+00 -4.33531989e-08 3.44410985e-03 3.61828912e-03
1.18958009e+00 -4.59891946e-08 3.45847724e-03 3.63553218e-03
1.19580826e+00 -4.86667124e-08 3.47340394e-03 3.65306116e-03
1.20203643e+00 -5.13816501e-08 3.48889793e-03 3.67088006e-03
1.20826459e+00 -5.41298493e-08 3.50496624e-03 3.68899240e-03
1.21449276e+00 -5.69070995e-08 3.52161497e-03 3.70740115e-03
1.22072093e+00 -5.97091479e-08 3.53884923e-03 3.72610879e-03
1.22694910e+00 -6.25317019e-08 3.55667316e-03 3.74511726e-03
1.23317727e+00 -6.53704405e-08 3.57508993e-03 3.76442796e-03
1.23940543e+00 -6.82210169e-08 3.59410172e-03 3.78404180e-03
1.24563360e+00 -7.10790653e-08 3.61370971e-03 3.80395912e-03
1.25186177e+00 -7.39402114e-08 3.63391411e-03 3.82417974e-03
1.25808994e+00 -7.68000743e-08 3.65471415e-03 3.84470298e-03
1.26431811e+00 -7.96542778e-08 3.67610809e-03 3.86552760e-03
1.27054627e+00 -8.24984524e-08 3.69809320e-03 3.88665187e-03
1.27677444e+00 -8.53282456e-08 3.72066580e-03 3.90807354e-03
1.28300261e+00 -8.81393270e-08 3.74382126e-03 3.92978984e-03
1.28923078e+00 -9.09273955e-08 3.76755401e-03 3.95179754e-03
1.29545895e+00 -9.36881852e-08 3.79185755e-03 3.97409288e-03
1.30168711e+00 -9.64174725e-08 3.81672449e-03 3.99667165e-03
1.30791528e+00 -9.91110825e-08 3.84214654e-03 4.01952917e-03
1.31414345e+00 -1.01764895e-07 3.86811454e-03 4.04266030e-03
1.32037162e+00 -1.04374850e-07 3.89461846e-03 4.06605946e-03
1.32659979e+00 -1.06936958e-07 3.92164747e-03 4.08972064e-03
1.33282795e+00 -1.09447299e-07 3.94918992e-03 4.11363743e-03
1.33905612e+00 -1.11902036e-07 3.97723337e-03 4.13780301e-03
1.34528429e+00 -1.14297415e-07 4.00576464e-03 4.16221017e-03
1.35151246e+00 -1.16629774e-07 4.03476979e-03 4.18685136e-03
1.35774063e+00 -1.18895547e-07 4.06423420e-03 4.21171865e-03
1.36396879e+00 -1.21091270e-07 4.09414257e-03 4.23680380e-03
1.37019696e+00 -1.23213589e-07 4.12447892e-03 4.26209823e-03
1.37642513e+00 -1.25259257e-07 4.15522669e-03 4.28759308e-03
1.38265330e+00 -1.27225150e-07 4.18636871e-03 4.31327921e-03
1.38888147e+00 -1.29108263e-07 4.21788723e-03 4.33914720e-03
1.39510963e+00 -1.30905718e-07 4.24976400e-03 4.36518741e-03
1.40133780e+00 -1.32614768e-07 4.28198025e-03 4.39138996e-03
1.40756597e+00 -1.34232803e-07 4.31451674e-03 4.41774475e-03
1.41379414e+00 -1.35757349e-07 4.34735382e-03 4.44424151e-03
1.42002231e+00 -1.37186079e-07 4.38047139e-03 4.47086979e-03
1.42625047e+00 -1.38516808e-07 4.41384901e-03 4.49761899e-03
1.43247864e+00 -1.39747505e-07 4.44746587e-03 4.52447836e-03
1.43870681e+00 -1.40876288e-07 4.48130089e-03 4.55143706e-03
1.44493498e+00 -1.41901435e-07 4.51533267e-03 4.57848413e-03
1.45116315e+00 -1.42821378e-07 4.54953959e-03 4.60560853e-03
1.45739131e+00 -1.43634713e-07 4.58389980e-03 4.63279915e-03
1.46361948e+00 -1.44340197e-07 4.61839130e-03 4.66004485e-03
1.46984765e+00 -1.44936753e-07 4.65299191e-03 4.68733445e-03
1.47607582e+00 -1.45423470e-07 4.68767935e-03 4.71465675e-03
1.48230399e+00 -1.45799604e-07 4.72243126e-03 4.74200055e-03
1.48853215e+00 -1.46064582e-07 4.75722521e-03 4.76935468e-03
1.49476032e+00 -1.46217997e-07 4.79203877e-03 4.79670801e-03
1.50098849e+00 -1.46259616e-07 4.82684952e-03 4.82404942e-03
1.50721666e+00 -1.46189375e-07 4.86163508e-03 4.85136791e-03
1.51344483e+00 -1.46007382e-07 4.89637314e-03 4.87865252e-03
1.51967299e+00 -1.45713915e-07 4.93104152e-03 4.90589239e-03
1.52590116e+00 -1.45309421e-07 4.96561814e-03 4.93307678e-03
1.53212933e+00 -1.44794518e-07 5.00008113e-03 4.96019506e-03
1.53835750e+00 -1.44169994e-07 5.03440880e-03 4.98723673e-03
1.54458567e+00 -1.43436801e-07 5.06857967e-03 5.01419146e-03
1.55081383e+00 -1.42596061e-07 5.10257255e-03 5.04104905e-03
1.55704200e+00 -1.41649055e-07 5.13636652e-03 5.06779949e-03
1.56327017e+00 -1.40597233e-07 5.16994098e-03 5.09443296e-03
1.56949834e+00 -1.39442199e-07 5.20327568e-03 5.12093982e-03
1.57572651e+00 -1.38185719e-07 5.23635073e-03 5.14731065e-03
1.58195467e+00 -1.36829711e-07 5.26914664e-03 5.17353624e-03
1.58818284e+00 -1.35376249e-07 5.30164437e-03 5.19960761e-03
1.59441101e+00 -1.33827551e-07 5.33382529e-03 5.22551603e-03
1.60063918e+00 -1.32185984e-07 5.36567129e-03 5.25125301e-03
1.60686735e+00 -1.30454057e-07 5.39716473e-03 5.27681030e-03
1.61309551e+00 -1.28634415e-07 5.42828852e-03 5.30217996e-03
1.61932368e+00 -1.26729840e-07 5.45902611e-03 5.32735429e-03
1.62555185e+00 -1.24743242e-07 5.48936151e-03 5.35232589e-03
1.63178002e+00 -1.22677655e-07 5.51927934e-03 5.37708765e-03
1.63800819e+00 -1.20536240e-07 5.54876484e-03 5.40163276e-03
1.64423635e+00 -1.18322266e-07 5.57780388e-03 5.42595473e-03
1.65046452e+00 -1.16039120e-07 5.60638297e-03 5.45004737e-03
1.65669269e+00 -1.13690291e-07 5.63448933e-03 5.47390482e-03
1.66292086e+00 -1.11279370e-07 5.66211084e-03 5.49752155e-03
1.66914903e+00 -1.08810043e-07 5.68923611e-03 5.52089237e-03
1.67537720e+00 -1.06286086e-07 5.71585446e-03 5.54401242e-03
1.68160536e+00 -1.03711358e-07 5.74195595e-03 5.56687719e-03
1.68783353e+00 -1.01089796e-07 5.76753142e-03 5.58948254e-03
1.69406170e+00 -9.84254109e-08 5.79257246e-03 5.61182466e-03
1.70028987e+00 -9.57222764e-08 5.81707143e-03 5.63390012e-03
1.70651804e+00 -9.29845282e-08 5.84102150e-03 5.65570585e-03
1.71274620e+00 -9.02163537e-08 5.86441664e-03 5.67723916e-03
1.71897437e+00 -8.74219886e-08 5.88725160e-03 5.69849772e-03
1.72520254e+00 -8.46057079e-08 5.90952200e-03 5.71947958e-03
1.73143071e+00 -8.17718210e-08 5.93122425e-03 5.74018317e-03
1.73765888e+00 -7.89246654e-08 5.95235559e-03 5.76060731e-03
1.74388704e+00 -7.60685972e-08 5.97291411e-03 5.78075119e-03
1.75011521e+00 -7.32079886e-08 5.99289873e-03 5.80061440e-03
1.75634338e+00 -7.03472185e-08 6.01230923e-03 5.82019691e-03
1.76257155e+00 -6.74906659e-08 6.03114619e-03 5.83949908e-03
1.76879972e+00 -6.46427039e-08 6.04941109e-03 5.85852165e-03
1.77502788e+00 -6.18076942e-08 6.06710621e-03 5.87726577e-03
1.78125605e+00 -5.89899767e-08 6.08423468e-03 5.89573297e-03
1.78748422e+00 -5.61938674e-08 6.10080047e-03 5.91392514e-03
1.79371239e+00 -5.34236482e-08 6.11680839e-03 5.93184461e-03
1.79994056e+00 -5.06835623e-08 6.13226406e-03 5.94949405e-03
1.80616872e+00 -4.79778060e-08 6.14717393e-03 5.96687653e-03
1.81239689e+00 -4.53105258e-08 6.16154526e-03 5.98399551e-03
1.81862506e+00 -4.26858071e-08 6.17538612e-03 6.00085482e-03
1.82485323e+00 -4.01076721e-08 6.18870537e-03 6.01745867e-03
1.83108140e+00 -3.75800705e-08 6.20151263e-03 6.03381163e-03
1.83730956e+00 -3.51068768e-08 6.21381832e-03 6.04991865e-03
1.84353773e+00 -3.26918802e-08 6.22563360e-03 6.06578504e-03
1.84976590e+00 -3.03387827e-08 6.23697039e-03 6.08141646e-03
1.85599407e+00 -2.80511909e-08 6.24784129e-03 6.09681893e-03
1.86222224e+00 -2.58326116e-08 6.25825967e-03 6.11199882e-03
1.86845040e+00 -2.36864457e-08 6.26823955e-03 6.12696282e-03
1.87467857e+00 -2.16159833e-08 6.27779563e-03 6.14171797e-03
1.88090674e+00 -1.96243994e-08 6.28694327e-03 6.15627163e-03
1.88713491e+00 -1.77147473e-08 6.29569846e-03 6.17063147e-03
1.89336308e+00 -1.58899556e-08 6.30407781e-03 6.18480547e-03
1.89959124e+00 -1.41528220e-08 6.31209848e-03 6.19880192e-03
1.90581941e+00 -1.25060109e-08 6.31977825e-03 6.21262937e-03
1.91204758e+00 -1.09520480e-08 6.32713538e-03 6.22629667e-03
1.91827575e+00 -9.49331642e-09 6.33418870e-03 6.23981294e-03
1.92450392e+00 -8.13205391e-09 6.34095749e-03 6.25318754e-03
1.93073208e+00 -6.87034861e-09 6.34746151e-03 6.26643008e-03
1.93696025e+00 -5.71013502e-09 6.35372092e-03 6.27955039e-03
1.94318842e+00 -4.65319349e-09 6.35975633e-03 6.29255855e-03
1.94941659e+00 -3.70114565e-09 6.36558870e-03 6.30546480e-03
1.95564476e+00 -2.85545146e-09 6.37123932e-03 6.31827961e-03
1.96187292e+00 -2.11740882e-09 6.37672981e-03 6.33101360e-03
1.96810109e+00 -1.48814987e-09 6.38208208e-03 6.34367756e-03
1.97432926e+00 -9.68639932e-10 6.38731826e-03 6.35628243e-03
1.98055743e+00 -5.59675922e-10 6.39246073e-03 6.36883927e-03
1.98678560e+00 -2.61885384e-10 6.39753201e-03 6.38135927e-03
1.99301376e+00 -7.57252345e-11 6.40255482e-03 6.39385370e-03
1.99924193e+00 -1.48164019e-12 6.40755195e-03 6.40633391e-03
2.00547010e+00 -3.92679308e-11 6.41254629e-03 6.41881132e-03
2.01169827e+00 -1.89025992e-10 6.41756078e-03 6.43129740e-03
2.01792644e+00 -4.50526379e-10 6.42261835e-03 6.44380363e-03
2.02415460e+00 -8.23367739e-10 6.42774192e-03 6.45634150e-03
2.03038277e+00 -1.30697797e-09 6.43295434e-03 6.46892252e-03
2.03661094e+00 -1.90061539e-09 6.43827836e-03 6.48155812e-03
2.04283911e+00 -2.60336906e-09 6.44373661e-03 6.49425973e-03
2.04906728e+00 -3.41416078e-09 6.44935151e-03 6.50703868e-03
2.05529544e+00 -4.33174693e-09 6.45514533e-03 6.51990622e-03
2.06152361e+00 -5.35471909e-09 6.46114005e-03 6.53287350e-03
2.06775178e+00 -6.48150859e-09 6.46735740e-03 6.54595155e-03
2.07397995e+00 -7.71038721e-09 6.47381877e-03 6.55915123e-03
2.08020812e+00 -9.03946926e-09 6.48054522e-03 6.57248327e-03
2.08643628e+00 -1.04667163e-08 6.48755742e-03 6.58595820e-03
2.09266445e+00 -1.19899392e-08 6.49487562e-03 6.59958634e-03
2.09889262e+00 -1.36068022e-08 6.50251961e-03 6.61337779e-03
2.10512079e+00 -1.53148244e-08 6.51050871e-03 6.62734243e-03
2.11134896e+00 -1.71113873e-08 6.51886169e-03 6.64148987e-03
2.11757712e+00 -1.89937355e-08 6.52759680e-03 6.65582944e-03
2.12380529e+00 -2.09589829e-08 6.53673169e-03 6.67037017e-03
2.13003346e+00 -2.30041159e-08 6.54628340e-03 6.68512081e-03
2.13626163e+00 -2.51259987e-08 6.55626832e-03 6.70008975e-03
2.14248980e+00 -2.73213783e-08 6.56670217e-03 6.71528507e-03
2.14871796e+00 -2.95868885e-08 6.57759999e-03 6.73071446e-03
2.15494613e+00 -3.19190574e-08 6.58897607e-03 6.74638525e-03
2.16117430e+00 -3.43143094e-08 6.60084395e-03 6.76230439e-03
2.16740247e+00 -3.67689741e-08 6.61321642e-03 6.77847844e-03
2.17363064e+00 -3.92792888e-08 6.62610544e-03 6.79491351e-03
2.17985880e+00 -4.18414067e-08 6.63952218e-03 6.81161532e-03
2.18608697e+00 -4.44514027e-08 6.65347695e-03 6.82858915e-03
2.19231514e+00 -4.71052762e-08 6.66797923e-03 6.84583981e-03
2.19854331e+00 -4.97989615e-08 6.68303761e-03 6.86337170e-03
2.20477148e+00 -5.25283327e-08 6.69865979e-03 6.88118871e-03
2.21099964e+00 -5.52892082e-08 6.71485258e-03 6.89929429e-03
2.21722781e+00 -5.80773599e-08 6.73162187e-03 6.91769141e-03
2.22345598e+00 -6.08885167e-08 6.74897265e-03 6.93638254e-03
2.22968415e+00 -6.37183741e-08 6.76690895e-03 6.95536969e-03
2.23591232e+00 -6.65625979e-08 6.78543388e-03 6.97465436e-03
2.24214048e+00 -6.94168341e-08 6.80454961e-03 6.99423757e-03
2.24836865e+00 -7.22767125e-08 6.82425736e-03 7.01411983e-03
2.25459682e+00 -7.51378542e-08 6.84455740e-03 7.03430118e-03
2.26082499e+00 -7.79958801e-08 6.86544906e-03 7.05478114e-03
2.26705316e+00 -8.08464159e-08 6.88693074e-03 7.07555877e-03
2.27328132e+00 -8.36850983e-08 6.90899988e-03 7.09663262e-03
2.27950949e+00 -8.65075836e-08 6.93165300e-03 7.11800074e-03
2.28573766e+00 -8.93095522e-08 6.95488568e-03 7.13966074e-03
2.29196583e+00 -9.20867175e-08 6.97869261e-03 7.16160972e-03
2.29819400e+00 -9.48348309e-08 7.00306755e-03 7.18384432e-03
2.30442216e+00 -9.75496876e-08 7.02800336e-03 7.20636072e-03
2.31065033e+00 -1.00227135e-07 7.05349205e-03 7.22915466e-03
2.31687850e+00 -1.02863077e-07 7.07952472e-03 7.25222140e-03
2.32310667e+00 -1.05453484e-07 7.10609167e-03 7.27555580e-03
2.32933484e+00 -1.07994393e-07 7.13318233e-03 7.29915229e-03
2.33556300e+00 -1.10481918e-07 7.16078533e-03 7.32300485e-03
2.34179117e+00 -1.12912258e-07 7.18888852e-03 7.34710712e-03
2.34801934e+00 -1.15281694e-07 7.21747896e-03 7.37145229e-03
2.35424751e+00 -1.17586606e-07 7.24654298e-03 7.39603323e-03
2.36047568e+00 -1.19823469e-07 7.27606617e-03 7.42084239e-03
2.36670384e+00 -1.21988865e-07 7.30603345e-03 7.44587193e-03
2.37293201e+00 -1.24079484e-07 7.33642903e-03 7.47111363e-03
2.37916018e+00 -1.26092128e-07 7.36723651e-03 7.49655899e-03
2.38538835e+00 -1.28023725e-07 7.39843885e-03 7.52219918e-03
2.39161652e+00 -1.29871322e-07 7.43001843e-03 7.54802511e-03
2.39784468e+00 -1.31632094e-07 7.46195708e-03 7.57402738e-03
2.40407285e+00 -1.33303352e-07 7.49423608e-03 7.60019639e-03
2.41030102e+00 -1.34882542e-07 7.52683624e-03 7.62652227e-03
2.41652919e+00 -1.36367251e-07 7.55973787e-03 7.65299494e-03
2.42275736e+00 -1.37755212e-07 7.59292087e-03 7.67960411e-03
2.42898552e+00 -1.39044302e-07 7.62636474e-03 7.70633933e-03
2.43521369e+00 -1.40232555e-07 7.66004859e-03 7.73318996e-03
2.44144186e+00 -1.41318153e-07 7.69395121e-03 7.76014522e-03
2.44767003e+00 -1.42299439e-07 7.72805107e-03 7.78719420e-03
2.45389820e+00 -1.43174914e-07 7.76232639e-03 7.81432587e-03
2.46012636e+00 -1.43943241e-07 7.79675514e-03 7.84152913e-03
2.46635453e+00 -1.44603246e-07 7.83131510e-03 7.86879277e-03
2.47258270e+00 -1.45153921e-07 7.86598387e-03 7.89610554e-03
2.47881087e+00 -1.45594425e-07 7.90073892e-03 7.92345613e-03
2.48503904e+00 -1.45924085e-07 7.93555762e-03 7.95083323e-03
2.49126720e+00 -1.46142398e-07 7.97041728e-03 7.97822549e-03
2.49749537e+00 -1.46249030e-07 8.00529516e-03 8.00562159e-03
2.50372354e+00 -1.46243819e-07 8.04016856e-03 8.03301024e-03
2.50995171e+00 -1.46126772e-07 8.07501477e-03 8.06038017e-03
2.51617988e+00 -1.45898068e-07 8.10981119e-03 8.08772018e-03
2.52240804e+00 -1.45558057e-07 8.14453528e-03 8.11501915e-03
2.52863621e+00 -1.45107258e-07 8.17916468e-03 8.14226604e-03
2.53486438e+00 -1.44546358e-07 8.21367717e-03 8.16944992e-03
2.54109255e+00 -1.43876216e-07 8.24805074e-03 8.19655998e-03
2.54732072e+00 -1.43097854e-07 8.28226360e-03 8.22358555e-03
2.55354888e+00 -1.42212462e-07 8.31629425e-03 8.25051610e-03
2.55977705e+00 -1.41221392e-07 8.35012145e-03 8.27734126e-03
2.56600522e+00 -1.40126157e-07 8.38372433e-03 8.30405087e-03
2.57223339e+00 -1.38928430e-07 8.41708232e-03 8.33063491e-03
2.57846156e+00 -1.37630042e-07 8.45017528e-03 8.35708362e-03
2.58468972e+00 -1.36232976e-07 8.48298347e-03 8.38338741e-03
2.59091789e+00 -1.34739366e-07 8.51548757e-03 8.40953696e-03
2.59714606e+00 -1.33151494e-07 8.54766876e-03 8.43552316e-03
2.60337423e+00 -1.31471786e-07 8.57950870e-03 8.46133716e-03
2.60960240e+00 -1.29702809e-07 8.61098956e-03 8.48697040e-03
2.61583056e+00 -1.27847265e-07 8.64209408e-03 8.51241456e-03
2.62205873e+00 -1.25907991e-07 8.67280555e-03 8.53766163e-03
2.62828690e+00 -1.23887949e-07 8.70310788e-03 8.56270389e-03
2.63451507e+00 -1.21790227e-07 8.73298556e-03 8.58753393e-03
2.64074324e+00 -1.19618031e-07 8.76242375e-03 8.61214464e-03
2.64697140e+00 -1.17374682e-07 8.79140826e-03 8.63652924e-03
2.65319957e+00 -1.15063608e-07 8.81992558e-03 8.66068130e-03
2.65942774e+00 -1.12688343e-07 8.84796289e-03 8.68459470e-03
2.66565591e+00 -1.10252517e-07 8.87550811e-03 8.70826371e-03
2.67188408e+00 -1.07759856e-07 8.90254986e-03 8.73168290e-03
2.67811224e+00 -1.05214170e-07 8.92907754e-03 8.75484726e-03
2.68434041e+00 -1.02619352e-07 8.95508130e-03 8.77775209e-03
2.69056858e+00 -9.99793715e-08 8.98055209e-03 8.80039312e-03
2.69679675e+00 -9.72982648e-08 9.00548161e-03 8.82276641e-03
2.70302492e+00 -9.45801337e-08 9.02986242e-03 8.84486844e-03
2.70925308e+00 -9.18291350e-08 9.05368784e-03 8.86669606e-03
2.71548125e+00 -8.90494787e-08 9.07695206e-03 8.88824653e-03
2.72170942e+00 -8.62454168e-08 9.09965007e-03 8.90951747e-03
2.72793759e+00 -8.34212398e-08 9.12177773e-03 8.93050695e-03
2.73416576e+00 -8.05812688e-08 9.14333171e-03 8.95121340e-03
2.74039392e+00 -7.77298507e-08 9.16430957e-03 8.97163567e-03
2.74662209e+00 -7.48713493e-08 9.18470970e-03 8.99177303e-03
2.75285026e+00 -7.20101401e-08 9.20453135e-03 9.01162513e-03
2.75907843e+00 -6.91506028e-08 9.22377465e-03 9.03119206e-03
2.76530660e+00 -6.62971151e-08 9.24244057e-03 9.05047429e-03
2.77153477e+00 -6.34540456e-08 9.26053094e-03 9.06947271e-03
2.77776293e+00 -6.06257481e-08 9.27804846e-03 9.08818863e-03
2.78399110e+00 -5.78165534e-08 9.29499667e-03 9.10662374e-03
2.79021927e+00 -5.50307635e-08 9.31137998e-03 9.12478017e-03
2.79644744e+00 -5.22726451e-08 9.32720361e-03 9.14266043e-03
2.80267561e+00 -4.95464230e-08 9.34247365e-03 9.16026742e-03
2.80890377e+00 -4.68562730e-08 9.35719701e-03 9.17760448e-03
2.81513194e+00 -4.42063167e-08 9.37138140e-03 9.19467529e-03
2.82136011e+00 -4.16006138e-08 9.38503536e-03 9.21148398e-03
2.82758828e+00 -3.90431576e-08 9.39816823e-03 9.22803501e-03
2.83381645e+00 -3.65378663e-08 9.41079013e-03 9.24433325e-03
2.84004461e+00 -3.40885799e-08 9.42291193e-03 9.26038395e-03
2.84627278e+00 -3.16990508e-08 9.43454530e-03 9.27619271e-03
2.85250095e+00 -2.93729430e-08 9.44570262e-03 9.29176551e-03
2.85872912e+00 -2.71138216e-08 9.45639699e-03 9.30710867e-03
2.86495729e+00 -2.49251491e-08 9.46664224e-03 9.32222886e-03
2.87118545e+00 -2.28102815e-08 9.47645286e-03 9.33713310e-03
2.87741362e+00 -2.07724609e-08 9.48584402e-03 9.35182874e-03
2.88364179e+00 -1.88148118e-08 9.49483153e-03 9.36632344e-03
2.88986996e+00 -1.69403360e-08 9.50343183e-03 9.38062519e-03
2.89609813e+00 -1.51519078e-08 9.51166195e-03 9.39474225e-03
2.90232629e+00 -1.34522703e-08 9.51953949e-03 9.40868320e-03
2.90855446e+00 -1.18440290e-08 9.52708261e-03 9.42245689e-03
2.91478263e+00 -1.03296518e-08 9.53431000e-03 9.43607245e-03
2.92101080e+00 -8.91146021e-09 9.54124082e-03 9.44953925e-03
2.92723897e+00 -7.59162979e-09 9.54789473e-03 9.46286690e-03
2.93346713e+00 -6.37218575e-09 9.55429181e-03 9.47606526e-03
2.93969530e+00 -5.25499843e-09 9.56045256e-03 9.48914439e-03
2.94592347e+00 -4.24178042e-09 9.56639785e-03 9.50211456e-03
2.95215164e+00 -3.33408760e-09 9.57214892e-03 9.51498624e-03
2.95837981e+00 -2.53331136e-09 9.57772732e-03 9.52777004e-03
2.96460797e+00 -1.84068117e-09 9.58315487e-03 9.54047677e-03
2.97083614e+00 -1.25725864e-09 9.58845368e-03 9.55311735e-03
2.97706431e+00 -7.83939500e-10 9.59364606e-03 9.56570283e-03
2.98329248e+00 -4.21450364e-10 9.59875450e-03 9.57824440e-03
2.98952065e+00 -1.70346282e-10 9.60380166e-03 9.59075332e-03
2.99574881e+00 -3.10136418e-11 9.60881033e-03 9.60324092e-03
3.00197698e+00 -3.66529919e-12 9.61380336e-03 9.61571860e-03
3.00820515e+00 -8.83434776e-11 9.61880366e-03 9.62819780e-03
3.01443332e+00 -2.84918607e-10 9.62383417e-03 9.64069000e-03
3.02066149e+00 -5.93088630e-10 9.62891780e-03 9.65320666e-03
3.02688965e+00 -1.01238109e-09 9.63407739e-03 9.66575925e-03
3.03311782e+00 -1.54215265e-09 9.63933572e-03 9.67835919e-03
3.03934599e+00 -2.18158995e-09 9.64471541e-03 9.69101786e-03
3.04557416e+00 -2.92971234e-09 9.65023894e-03 9.70374659e-03
3.05180233e+00 -3.78537283e-09 9.65592860e-03 9.71655661e-03
3.05803049e+00 -4.74725763e-09 9.66180641e-03 9.72945904e-03
3.06425866e+00 -5.81389206e-09 9.66789417e-03 9.74246488e-03
3.07048683e+00 -6.98363858e-09 9.67421333e-03 9.75558500e-03
3.07671500e+00 -8.25470432e-09 9.68078505e-03 9.76883012e-03
3.08294317e+00 -9.62513855e-09 9.68763008e-03 9.78221075e-03
3.08917133e+00 -1.10928392e-08 9.69476878e-03 9.79573723e-03
3.09539950e+00 -1.26555553e-08 9.70222107e-03 9.80941968e-03
3.10162767e+00 -1.43108903e-08 9.71000641e-03 9.82326801e-03
3.10785584e+00 -1.60563054e-08 9.71814375e-03 9.83729184e-03
3.11408401e+00 -1.78891244e-08 9.72665149e-03 9.85150057e-03
3.12031217e+00 -1.98065353e-08 9.73554750e-03 9.86590330e-03
3.12654034e+00 -2.18055988e-08 9.74484902e-03 9.88050882e-03
3.13276851e+00 -2.38832502e-08 9.75457270e-03 9.89532564e-03
3.13899668e+00 -2.60363036e-08 9.76473451e-03 9.91036192e-03
3.14522485e+00 -2.82614582e-08 9.77534977e-03 9.92562548e-03
3.15145301e+00 -3.05553025e-08 9.78643307e-03 9.94112379e-03
3.15768118e+00 -3.29143212e-08 9.79799831e-03 9.95686396e-03
3.16390935e+00 -3.53348970e-08 9.81005861e-03 9.97285269e-03
3.17013752e+00 -3.78133220e-08 9.82262633e-03 9.98909632e-03
3.17636569e+00 -4.03457961e-08 9.83571303e-03 1.00056008e-02
3.18259385e+00 -4.29284393e-08 9.84932946e-03 1.00223715e-02
3.18882202e+00 -4.55572944e-08 9.86348554e-03 1.00394137e-02
3.19505019e+00 -4.82283330e-08 9.87819036e-03 1.00567319e-02
3.20127836e+00 -5.09374632e-08 9.89345211e-03 1.00743303e-02
3.20750653e+00 -5.36805349e-08 9.90927814e-03 1.00922127e-02
3.21373469e+00 -5.64533464e-08 9.92567489e-03 1.01103823e-02
3.21996286e+00 -5.92516505e-08 9.94264792e-03 1.01288421e-02
3.22619103e+00 -6.20711615e-08 9.96020186e-03 1.01475943e-02
3.23241920e+00 -6.49075618e-08 9.97834043e-03 1.01666409e-02
3.23864737e+00 -6.77565083e-08 9.99706644e-03 1.01859832e-02
3.24487553e+00 -7.06136386e-08 1.00163818e-02 1.02056222e-02
3.25110370e+00 -7.34745785e-08 1.00362874e-02 1.02255584e-02
3.25733187e+00 -7.63349492e-08 1.00567832e-02 1.02457917e-02
3.26356004e+00 -7.91903713e-08 1.00778684e-02 1.02663215e-02
3.26978821e+00 -8.20364750e-08 1.00995412e-02 1.02871470e-02
3.27601637e+00 -8.48689042e-08 1.01217987e-02 1.03082667e-02
3.28224454e+00 -8.76833246e-08 1.01446373e-02 1.03296786e-02
3.28847271e+00 -9.04754297e-08 1.01680524e-02 1.03513803e-02
3.29470088e+00 -9.32409480e-08 1.01920384e-02 1.03733690e-02
3.30092905e+00 -9.59756475e-08 1.02165891e-02 1.03956414e-02
3.30715721e+00 -9.86753452e-08 1.02416970e-02 1.04181936e-02
3.31338538e+00 -1.01335912e-07 1.02673541e-02 1.04410215e-02
3.31961355e+00 -1.03953279e-07 1.02935514e-02 1.04641204e-02
3.32584172e+00 -1.06523441e-07 1.03202790e-02 1.04874851e-02
3.33206989e+00 -1.09042471e-07 1.03475263e-02 1.05111103e-02
3.33829805e+00 -1.11506514e-07 1.03752818e-02 1.05349900e-02
3.34452622e+00 -1.13911804e-07 1.04035332e-02 1.05591179e-02
3.35075439e+00 -1.16254664e-07 1.04322675e-02 1.05834873e-02
3.35698256e+00 -1.18531512e-07 1.04614710e-02 1.06080911e-02
3.36321073e+00 -1.20738866e-07 1.04911292e-02 1.06329220e-02
3.36943889e+00 -1.22873354e-07 1.05212270e-02 1.06579720e-02
3.37566706e+00 -1.24931712e-07 1.05517484e-02 1.06832333e-02
3.38189523e+00 -1.26910795e-07 1.05826770e-02 1.07086972e-02
3.38812340e+00 -1.28807578e-07 1.06139957e-02 1.07343551e-02
3.39435157e+00 -1.30619163e-07 1.06456868e-02 1.07601980e-02
3.40057973e+00 -1.32342781e-07 1.06777321e-02 1.07862165e-02
3.40680790e+00 -1.33975799e-07 1.07101128e-02 1.08124012e-02
3.41303607e+00 -1.35515722e-07 1.07428096e-02 1.08387422e-02
3.41926424e+00 -1.36960196e-07 1.07758028e-02 1.08652296e-02
3.42549241e+00 -1.38307016e-07 1.08090722e-02 1.08918530e-02
3.43172057e+00 -1.39554123e-07 1.08425973e-02 1.09186022e-02
3.43794874e+00 -1.40699613e-07 1.08763569e-02 1.09454664e-02
3.44417691e+00 -1.41741735e-07 1.09103300e-02 1.09724350e-02
3.45040508e+00 -1.42678899e-07 1.09444948e-02 1.09994970e-02
3.45663325e+00 -1.43509671e-07 1.09788296e-02 1.10266416e-02
3.46286141e+00 -1.44232784e-07 1.10133121e-02 1.10538574e-02
3.46908958e+00 -1.44847133e-07 1.10479202e-02 1.10811335e-02
3.47531775e+00 -1.45351779e-07 1.10826313e-02 1.11084584e-02
3.48154592e+00 -1.45745952e-07 1.11174227e-02 1.11358209e-02
3.48777409e+00 -1.46029050e-07 1.11522719e-02 1.11632097e-02
3.49400225e+00 -1.46200641e-07 1.11871559e-02 1.11906133e-02
3.50023042e+00 -1.46260462e-07 1.12220521e-02 1.12180204e-02
3.50645859e+00 -1.46208422e-07 1.12569376e-02 1.12454196e-02
3.51268676e+00 -1.46044600e-07 1.12917896e-02 1.12727997e-02
3.51891493e+00 -1.45769247e-07 1.13265854e-02 1.13001493e-02
3.52514309e+00 -1.45382783e-07 1.13613025e-02 1.13274573e-02
3.53137126e+00 -1.44885799e-07 1.13959184e-02 1.13547125e-02
3.53759943e+00 -1.44279053e-07 1.14304108e-02 1.13819039e-02
3.54382760e+00 -1.43563472e-07 1.14647577e-02 1.14090207e-02
3.55005577e+00 -1.42740149e-07 1.14989371e-02 1.14360520e-02
3.55628393e+00 -1.41810343e-07 1.15329277e-02 1.14629873e-02
3.56251210e+00 -1.40775472e-07 1.15667080e-02 1.14898160e-02
3.56874027e+00 -1.39637118e-07 1.16002572e-02 1.15165279e-02
3.57496844e+00 -1.38397020e-07 1.16335547e-02 1.15431129e-02
3.58119661e+00 -1.37057072e-07 1.16665804e-02 1.15695612e-02
3.58742477e+00 -1.35619321e-07 1.16993144e-02 1.15958629e-02
3.59365294e+00 -1.34085963e-07 1.17317376e-02 1.16220088e-02
3.59988111e+00 -1.32459343e-07 1.17638310e-02 1.16479895e-02
3.60610928e+00 -1.30741943e-07 1.17955764e-02 1.16737962e-02
3.61233745e+00 -1.28936390e-07 1.18269561e-02 1.16994201e-02
3.61856561e+00 -1.27045441e-07 1.18579527e-02 1.17248530e-02
3.62479378e+00 -1.25071987e-07 1.18885496e-02 1.17500866e-02
3.63102195e+00 -1.23019043e-07 1.19187309e-02 1.17751131e-02
3.63725012e+00 -1.20889747e-07 1.19484811e-02 1.17999252e-02
3.64347829e+00 -1.18687353e-07 1.19777855e-02 1.18245155e-02
3.64970645e+00 -1.16415229e-07 1.20066301e-02 1.18488774e-02
3.65593462e+00 -1.14076846e-07 1.20350014e-02 1.18730041e-02
3.66216279e+00 -1.11675781e-07 1.20628868e-02 1.18968898e-02
3.66839096e+00 -1.09215704e-07 1.20902743e-02 1.19205284e-02
3.67461913e+00 -1.06700376e-07 1.21171529e-02 1.19439147e-02
3.68084729e+00 -1.04133644e-07 1.21435120e-02 1.19670435e-02
3.68707546e+00 -1.01519432e-07 1.21693420e-02 1.19899101e-02
3.69330363e+00 -9.88617395e-08 1.21946341e-02 1.20125103e-02
3.69953180e+00 -9.61646308e-08 1.22193803e-02 1.20348402e-02
3.70575997e+00 -9.34322314e-08 1.22435733e-02 1.20568963e-02
3.71198813e+00 -9.06687209e-08 1.22672068e-02 1.20786754e-02
3.71821630e+00 -8.78783275e-08 1.22902751e-02 1.21001748e-02
3.72444447e+00 -8.50653203e-08 1.23127737e-02 1.21213923e-02
3.73067264e+00 -8.22340038e-08 1.23346985e-02 1.21423259e-02
3.73690081e+00 -7.93887106e-08 1.23560467e-02 1.21629742e-02
3.74312897e+00 -7.65337958e-08 1.23768161e-02 1.21833361e-02
3.74935714e+00 -7.36736278e-08 1.23970054e-02 1.22034110e-02
3.75558531e+00 -7.08125855e-08 1.24166143e-02 1.22231986e-02
3.76181348e+00 -6.79550482e-08 1.24356432e-02 1.22426992e-02
3.76804165e+00 -6.51053910e-08 1.24540934e-02 1.22619133e-02
3.77426981e+00 -6.22679771e-08 1.24719671e-02 1.22808420e-02
3.78049798e+00 -5.94471513e-08 1.24892675e-02 1.22994868e-02
3.78672615e+00 -5.66472328e-08 1.25059985e-02 1.23178494e-02
3.79295432e+00 -5.38725100e-08 1.25221647e-02 1.23359323e-02
3.79918249e+00 -5.11272332e-08 1.25377720e-02 1.23537380e-02
3.80541065e+00 -4.84156066e-08 1.25528267e-02 1.23712696e-02
3.81163882e+00 -4.57417853e-08 1.25673361e-02 1.23885308e-02
3.81786699e+00 -4.31098647e-08 1.25813084e-02 1.24055253e-02
3.82409516e+00 -4.05238778e-08 1.25947526e-02 1.24222575e-02
3.83032333e+00 -3.79877869e-08 1.26076783e-02 1.24387320e-02
3.83655149e+00 -3.55054787e-08 1.26200961e-02 1.24549540e-02
3.84277966e+00 -3.30807571e-08 1.26320173e-02 1.24709289e-02
3.84900783e+00 -3.07173382e-08 1.26434538e-02 1.24866624e-02
3.85523600e+00 -2.84188449e-08 1.26544186e-02 1.25021608e-02
3.86146417e+00 -2.61888002e-08 1.26649251e-02 1.25174307e-02
3.86769234e+00 -2.40306232e-08 1.26749875e-02 1.25324788e-02
3.87392050e+00 -2.19476221e-08 1.26846206e-02 1.25473125e-02
3.88014867e+00 -1.99429909e-08 1.26938401e-02 1.25619393e-02
3.88637684e+00 -1.80198028e-08 1.27026620e-02 1.25763670e-02
3.89260501e+00 -1.61810073e-08 1.27111032e-02 1.25906039e-02
3.89883318e+00 -1.44294238e-08 1.27191810e-02 1.26046584e-02
3.90506134e+00 -1.27677387e-08 1.27269134e-02 1.26185393e-02
3.91128951e+00 -1.11985003e-08 1.27343188e-02 1.26322556e-02
3.91751768e+00 -9.72411532e-09 1.27414162e-02 1.26458167e-02
3.92374585e+00 -8.34684487e-09 1.27482251e-02 1.26592320e-02
3.92997402e+00 -7.06880232e-09 1.27547654e-02 1.26725114e-02
3.93620218e+00 -5.89194734e-09 1.27610574e-02 1.26856648e-02
3.94243035e+00 -4.81808544e-09 1.27671219e-02 1.26987025e-02
3.94865852e+00 -3.84886412e-09 1.27729799e-02 1.27116348e-02
3.95488669e+00 -2.98576991e-09 1.27786529e-02 1.27244725e-02
3.96111486e+00 -2.23012739e-09 1.27841627e-02 1.27372261e-02
3.96734302e+00 -1.58309536e-09 1.27895311e-02 1.27499066e-02
3.97357119e+00 -1.04566701e-09 1.27947804e-02 1.27625250e-02
3.97979936e+00 -6.18666150e-10 1.27999331e-02 1.27750925e-02
3.98602753e+00 -3.02748865e-10 1.28050118e-02 1.27876203e-02
3.99225570e+00 -9.83987488e-11 1.28100392e-02 1.28001196e-02
3.99848386e+00 -5.93062067e-12 1.28150381e-02 1.28126020e-02
4.00471203e+00 -2.54848376e-11 1.28200314e-02 1.28250787e-02
4.01094020e+00 -1.57032516e-10 1.28250421e-02 1.28375613e-02
4.01716837e+00 -4.00371704e-10 1.28300930e-02 1.28500612e-02
4.02339654e+00 -7.55129004e-10 1.28352071e-02 1.28625898e-02
4.02962470e+00 -1.22075934e-09 1.28404071e-02 1.28751587e-02
4.03585287e+00 -1.79654945e-09 1.28457157e-02 1.28877792e-02
4.04208104e+00 -2.48161507e-09 1.28511554e-02 1.29004626e-02
4.04830921e+00 -3.27490632e-09 1.28567487e-02 1.29132201e-02
4.05453738e+00 -4.17520439e-09 1.28625175e-02 1.29260630e-02
4.06076554e+00 -5.18113009e-09 1.28684839e-02 1.29390023e-02
4.06699371e+00 -6.29113877e-09 1.28746695e-02 1.29520488e-02
4.07322188e+00 -7.50352829e-09 1.28810953e-02 1.29652133e-02
4.07945005e+00 -8.81643874e-09 1.28877825e-02 1.29785064e-02
4.08567822e+00 -1.02278564e-08 1.28947516e-02 1.29919385e-02
4.09190638e+00 -1.17356160e-08 1.29020225e-02 1.30055198e-02
4.09813455e+00 -1.33374058e-08 1.29096150e-02 1.30192603e-02
4.10436272e+00 -1.50307685e-08 1.29175483e-02 1.30331696e-02
4.11059089e+00 -1.68131071e-08 1.29258410e-02 1.30472574e-02
4.11681906e+00 -1.86816884e-08 1.29345111e-02 1.30615327e-02
4.12304722e+00 -2.06336471e-08 1.29435763e-02 1.30760045e-02
4.12927539e+00 -2.26659904e-08 1.29530534e-02 1.30906815e-02
4.13550356e+00 -2.47756020e-08 1.29629588e-02 1.31055719e-02
4.14173173e+00 -2.69592472e-08 1.29733080e-02 1.31206837e-02
4.14795990e+00 -2.92135791e-08 1.29841160e-02 1.31360246e-02
4.15418806e+00 -3.15351417e-08 1.29953970e-02 1.31516019e-02
4.16041623e+00 -3.39203756e-08 1.30071646e-02 1.31674224e-02
4.16664440e+00 -3.63656258e-08 1.30194315e-02 1.31834926e-02
4.17287257e+00 -3.88671443e-08 1.30322096e-02 1.31998188e-02
4.17910074e+00 -4.14210980e-08 1.30455102e-02 1.32164066e-02
4.18532890e+00 -4.40235727e-08 1.30593436e-02 1.32332614e-02
4.19155707e+00 -4.66705812e-08 1.30737193e-02 1.32503881e-02
4.19778524e+00 -4.93580673e-08 1.30886461e-02 1.32677911e-02
4.20401341e+00 -5.20819151e-08 1.31041318e-02 1.32854744e-02
4.21024158e+00 -5.48379505e-08 1.31201832e-02 1.33034416e-02
4.21646974e+00 -5.76219534e-08 1.31368065e-02 1.33216959e-02
4.22269791e+00 -6.04296588e-08 1.31540069e-02 1.33402400e-02
4.22892608e+00 -6.32567675e-08 1.31717887e-02 1.33590759e-02
4.23515425e+00 -6.60989501e-08 1.31901551e-02 1.33782056e-02
4.24138242e+00 -6.89518541e-08 1.32091087e-02 1.33976302e-02
4.24761058e+00 -7.18111124e-08 1.32286509e-02 1.34173505e-02
4.25383875e+00 -7.46723467e-08 1.32487824e-02 1.34373669e-02
4.26006692e+00 -7.75311786e-08 1.32695029e-02 1.34576793e-02
4.26629509e+00 -8.03832306e-08 1.32908112e-02 1.34782870e-02
4.27252326e+00 -8.32241386e-08 1.33127049e-02 1.34991890e-02
4.27875142e+00 -8.60495544e-08 1.33351812e-02 1.35203836e-02
4.28497959e+00 -8.88551553e-08 1.33582360e-02 1.35418690e-02
4.29120776e+00 -9.16366478e-08 1.33818645e-02 1.35636425e-02
4.29743593e+00 -9.43897763e-08 1.34060608e-02 1.35857013e-02
4.30366410e+00 -9.71103289e-08 1.34308183e-02 1.36080420e-02
4.30989226e+00 -9.97941444e-08 1.34561294e-02 1.36306608e-02
4.31612043e+00 -1.02437118e-07 1.34819859e-02 1.36535533e-02
4.32234860e+00 -1.05035206e-07 1.35083783e-02 1.36767150e-02
4.32857677e+00 -1.07584437e-07 1.35352967e-02 1.37001406e-02
4.33480494e+00 -1.10080911e-07 1.35627302e-02 1.37238247e-02
4.34103310e+00 -1.12520812e-07 1.35906671e-02 1.37477612e-02
4.34726127e+00 -1.14900409e-07 1.36190949e-02 1.37719440e-02
4.35348944e+00 -1.17216064e-07 1.36480004e-02 1.37963662e-02
4.35971761e+00 -1.19464237e-07 1.36773697e-02 1.38210209e-02
4.36594578e+00 -1.21641491e-07 1.37071881e-02 1.38459005e-02
4.37217394e+00 -1.23744499e-07 1.37374403e-02 1.38709972e-02
4.37840211e+00 -1.25770046e-07 1.37681102e-02 1.38963031e-02
4.38463028e+00 -1.27715036e-07 1.37991813e-02 1.39218097e-02
4.39085845e+00 -1.29576497e-07 1.38306362e-02 1.39475081e-02
4.39708662e+00 -1.31351586e-07 1.38624572e-02 1.39733895e-02
4.40331478e+00 -1.33037589e-07 1.38946259e-02 1.39994445e-02
4.40954295e+00 -1.34631929e-07 1.39271233e-02 1.40256636e-02
4.41577112e+00 -1.36132172e-07 1.39599301e-02 1.40520370e-02
4.42199929e+00 -1.37536025e-07 1.39930264e-02 1.40785547e-02
4.42822746e+00 -1.38841343e-07 1.40263919e-02 1.41052065e-02
4.43445562e+00 -1.40046133e-07 1.40600059e-02 1.41319819e-02
4.44068379e+00 -1.41148553e-07 1.40938474e-02 1.41588704e-02
4.44691196e+00 -1.42146921e-07 1.41278950e-02 1.41858612e-02
4.45314013e+00 -1.43039710e-07 1.41621270e-02 1.42129435e-02
4.45936830e+00 -1.43825557e-07 1.41965214e-02 1.42401062e-02
4.46559646e+00 -1.44503263e-07 1.42310561e-02 1.42673383e-02
4.47182463e+00 -1.45071791e-07 1.42657087e-02 1.42946284e-02
4.47805280e+00 -1.45530274e-07 1.43004567e-02 1.43219655e-02
4.48428097e+00 -1.45878011e-07 1.43352773e-02 1.43493380e-02
4.49050914e+00 -1.46114471e-07 1.43701479e-02 1.43767348e-02
4.49673730e+00 -1.46239292e-07 1.44050456e-02 1.44041442e-02
4.50296547e+00 -1.46252286e-07 1.44399475e-02 1.44315551e-02
4.50919364e+00 -1.46153430e-07 1.44748308e-02 1.44589561e-02
4.51542181e+00 -1.45942878e-07 1.45096728e-02 1.44863357e-02
4.52164998e+00 -1.45620949e-07 1.45444507e-02 1.45136827e-02
4.52787814e+00 -1.45188136e-07 1.45791420e-02 1.45409858e-02
4.53410631e+00 -1.44645099e-07 1.46137241e-02 1.45682341e-02
4.54033448e+00 -1.43992669e-07 1.46481749e-02 1.45954163e-02
4.54656265e+00 -1.43231841e-07 1.46824722e-02 1.46225216e-02
4.55279082e+00 -1.42363778e-07 1.47165943e-02 1.46495392e-02
4.55901898e+00 -1.41389806e-07 1.47505196e-02 1.46764585e-02
4.56524715e+00 -1.40311412e-07 1.47842270e-02 1.47032689e-02
4.57147532e+00 -1.39130244e-07 1.48176955e-02 1.47299601e-02
4.57770349e+00 -1.37848106e-07 1.48509048e-02 1.47565221e-02
4.58393166e+00 -1.36466956e-07 1.48838345e-02 1.47829449e-02
4.59015982e+00 -1.34988905e-07 1.49164653e-02 1.48092188e-02
4.59638799e+00 -1.33416211e-07 1.49487777e-02 1.48353344e-02
4.60261616e+00 -1.31751277e-07 1.49807532e-02 1.48612824e-02
4.60884433e+00 -1.29996645e-07 1.50123735e-02 1.48870540e-02
4.61507250e+00 -1.28154999e-07 1.50436210e-02 1.49126403e-02
4.62130066e+00 -1.26229152e-07 1.50744786e-02 1.49380331e-02
4.62752883e+00 -1.24222046e-07 1.51049298e-02 1.49632242e-02
4.63375700e+00 -1.22136750e-07 1.51349589e-02 1.49882059e-02
4.63998517e+00 -1.19976450e-07 1.51645505e-02 1.50129705e-02
4.64621334e+00 -1.17744448e-07 1.51936901e-02 1.50375111e-02
4.65244150e+00 -1.15444157e-07 1.52223639e-02 1.50618207e-02
4.65866967e+00 -1.13079092e-07 1.52505587e-02 1.50858929e-02
4.66489784e+00 -1.10652870e-07 1.52782620e-02 1.51097215e-02
4.67112601e+00 -1.08169200e-07 1.53054622e-02 1.51333009e-02
4.67735418e+00 -1.05631879e-07 1.53321484e-02 1.51566257e-02
4.68358234e+00 -1.03044789e-07 1.53583102e-02 1.51796907e-02
4.68981051e+00 -1.00411883e-07 1.53839385e-02 1.52024915e-02
4.69603868e+00 -9.77371910e-08 1.54090246e-02 1.52250237e-02
4.70226685e+00 -9.50248024e-08 1.54335608e-02 1.52472836e-02
4.70849502e+00 -9.22788667e-08 1.54575402e-02 1.52692676e-02
4.71472318e+00 -8.95035843e-08 1.54809566e-02 1.52909729e-02
4.72095135e+00 -8.67032018e-08 1.55038049e-02 1.53123967e-02
4.72717952e+00 -8.38820037e-08 1.55260806e-02 1.53335369e-02
4.73340769e+00 -8.10443066e-08 1.55477803e-02 1.53543916e-02
4.73963586e+00 -7.81944533e-08 1.55689012e-02 1.53749596e-02
4.74586402e+00 -7.53368060e-08 1.55894417e-02 1.53952398e-02
4.75209219e+00 -7.24757382e-08 1.56094007e-02 1.54152318e-02
4.75832036e+00 -6.96156297e-08 1.56287783e-02 1.54349355e-02
4.76454853e+00 -6.67608586e-08 1.56475752e-02 1.54543511e-02
4.77077670e+00 -6.39157958e-08 1.56657932e-02 1.54734795e-02
4.77700486e+00 -6.10847973e-08 1.56834349e-02 1.54923219e-02
4.78323303e+00 -5.82721981e-08 1.57005037e-02 1.55108797e-02
4.78946120e+00 -5.54823069e-08 1.57170040e-02 1.55291552e-02
4.79568937e+00 -5.27193949e-08 1.57329408e-02 1.55471506e-02
4.80191754e+00 -4.99876947e-08 1.57483202e-02 1.55648688e-02
4.80814570e+00 -4.72913910e-08 1.57631492e-02 1.55823132e-02
4.81437387e+00 -4.46346136e-08 1.57774352e-02 1.55994874e-02
4.82060204e+00 -4.20214337e-08 1.57911870e-02 1.56163954e-02
4.82683021e+00 -3.94558551e-08 1.58044137e-02 1.56330418e-02
4.83305838e+00 -3.69418085e-08 1.58171256e-02 1.56494314e-02
4.83928654e+00 -3.44831478e-08 1.58293335e-02 1.56655694e-02
4.84551471e+00 -3.20836402e-08 1.58410491e-02 1.56814616e-02
4.85174288e+00 -2.97469636e-08 1.58522847e-02 1.56971138e-02
4.85797105e+00 -2.74766993e-08 1.58630536e-02 1.57125325e-02
4.86419922e+00 -2.52763279e-08 1.58733696e-02 1.57277244e-02
4.87042738e+00 -2.31492225e-08 1.58832472e-02 1.57426965e-02
4.87665555e+00 -2.10986442e-08 1.58927016e-02 1.57574562e-02
4.88288372e+00 -1.91277370e-08 1.59017488e-02 1.57720113e-02
4.88911189e+00 -1.72395229e-08 1.59104052e-02 1.57863699e-02
4.89534006e+00 -1.54368973e-08 1.59186878e-02 1.58005401e-02
4.90156822e+00 -1.37226246e-08 1.59266145e-02 1.58145308e-02
4.90779639e+00 -1.20993335e-08 1.59342033e-02 1.58283508e-02
4.91402456e+00 -1.05695138e-08 1.59414730e-02 1.58420093e-02
4.92025273e+00 -9.13551221e-09 1.59484430e-02 1.58555157e-02
4.92648090e+00 -7.79952736e-09 1.59551328e-02 1.58688798e-02
4.93270906e+00 -6.56360861e-09 1.59615626e-02 1.58821114e-02
4.93893723e+00 -5.42965264e-09 1.59677530e-02 1.58952207e-02
4.94516540e+00 -4.39939791e-09 1.59737250e-02 1.59082179e-02
4.95139357e+00 -3.47442536e-09 1.59794997e-02 1.59211137e-02
4.95762174e+00 -2.65615398e-09 1.59850988e-02 1.59339187e-02
4.96384990e+00 -1.94583853e-09 1.59905442e-02 1.59466436e-02
4.97007807e+00 -1.34456916e-09 1.59958580e-02 1.59592996e-02
4.97630624e+00 -8.53268498e-10 1.60010625e-02 1.59718976e-02
4.98253441e+00 -4.72689386e-10 1.60061803e-02 1.59844489e-02
4.98876258e+00 -2.03416797e-10 1.60112341e-02 1.59969647e-02
4.99499075e+00 -4.58632190e-11 1.60162466e-02 1.60094565e-02
5.00121891e+00 -2.70158928e-13 1.60212407e-02 1.60219355e-02
