#	Time	Error_of_Energy	Error_of_Position	Error_of_Velocity
3.11408401e-03 1.55877874e-12 2.39138665e-11 2.09122249e-11
6.22816801e-03 3.11778947e-12 4.78318032e-11 4.18756382e-11
9.34225202e-03 4.67656821e-12 7.17436089e-11 6.29352903e-11
1.24563360e-02 6.23534695e-12 9.56397233e-11 8.41348860e-11
1.55704200e-02 7.79424168e-12 1.19510053e-10 1.05518625e-10
1.86845040e-02 9.35267243e-12 1.43345366e-10 1.27129314e-10
2.17985880e-02 1.09115672e-11 1.67136251e-10 1.49009794e-10
2.49126720e-02 1.24705779e-11 1.90873816e-10 1.71201790e-10
2.80267561e-02 1.40292406e-11 2.14549714e-10 1.93745370e-10
3.11408401e-02 1.55883674e-11 2.38156153e-10 2.16679907e-10
3.42549241e-02 1.71469141e-11 2.61685806e-10 2.40043408e-10
3.73690081e-02 1.87059248e-11 2.85131857e-10 2.63872571e-10
4.04830921e-02 2.02644716e-11 3.08487967e-10 2.88202850e-10
4.35971761e-02 2.18231343e-11 3.31749071e-10 3.13068005e-10
4.67112601e-02 2.33819131e-11 3.54910302e-10 3.38500275e-10
4.98253441e-02 2.49406918e-11 3.77968148e-10 3.64530418e-10
5.29394281e-02 2.64993545e-11 4.00919788e-10 3.91187255e-10
5.60535121e-02 2.80581333e-11 4.23763387e-10 4.18498420e-10
5.91675961e-02 2.96167960e-11 4.46497974e-10 4.46490210e-10
6.22816801e-02 3.11758068e-11 4.69123830e-10 4.75187277e-10
6.53957641e-02 3.27349335e-11 4.91642417e-10 5.04612130e-10
6.85098481e-02 3.42934802e-11 5.14056423e-10 5.34786506e-10
7.16239321e-02 3.58521430e-11 5.36369995e-10 5.65730201e-10
7.47380161e-02 3.74109217e-11 5.58588281e-10 5.97461961e-10
7.78521001e-02 3.89698164e-11 5.80717881e-10 6.29999226e-10
8.09661841e-02 4.05285952e-11 6.02766781e-10 6.63358163e-10
8.40802682e-02 4.20876059e-11 6.24744763e-10 6.97553271e-10
8.71943522e-02 4.36462687e-11 6.46663089e-10 7.32598307e-10
9.03084362e-02 4.52053954e-11 6.68534661e-10 7.68505147e-10
9.34225202e-02 4.67639421e-11 6.90373749e-10 8.05285530e-10
9.65366042e-02 4.83231849e-11 7.12196384e-10 8.42949579e-10
9.96506882e-02 4.98817316e-11 7.34020379e-10 8.81507009e-10
1.02764772e-01 5.14405103e-11 7.55865303e-10 9.20965691e-10
1.05878856e-01 5.29992891e-11 7.77752690e-10 9.61332862e-10
1.08992940e-01 5.45580678e-11 7.99705267e-10 1.00261582e-09
1.12107024e-01 5.61167306e-11 8.21748256e-10 1.04481977e-09
1.15221108e-01 5.76753933e-11 8.43908107e-10 1.08795013e-09
1.18335192e-01 5.92341720e-11 8.66213145e-10 1.13201094e-09
1.21449276e-01 6.07931828e-11 8.88693258e-10 1.17700640e-09
1.24563360e-01 6.23519615e-11 9.11380372e-10 1.22293907e-09
1.27677444e-01 6.39107402e-11 9.34307826e-10 1.26981164e-09
1.30791528e-01 6.54692870e-11 9.57510808e-10 1.31762549e-09
1.33905612e-01 6.70285297e-11 9.81025656e-10 1.36638207e-09
1.37019696e-01 6.85871925e-11 1.00489014e-09 1.41608234e-09
1.40133780e-01 7.01460872e-11 1.02914342e-09 1.46672678e-09
1.43247864e-01 7.17049819e-11 1.05382579e-09 1.51831491e-09
1.46361948e-01 7.32635287e-11 1.07897914e-09 1.57084596e-09
1.49476032e-01 7.48226554e-11 1.10464560e-09 1.62431898e-09
1.52590116e-01 7.63813181e-11 1.13086859e-09 1.67873254e-09
1.55704200e-01 7.79400969e-11 1.15769191e-09 1.73408499e-09
1.58818284e-01 7.94991076e-11 1.18516013e-09 1.79037408e-09
1.61932368e-01 8.10578863e-11 1.21331801e-09 1.84759727e-09
1.65046452e-01 8.26165491e-11 1.24221046e-09 1.90575227e-09
1.68160536e-01 8.41755598e-11 1.27188299e-09 1.96483464e-09
1.71274620e-01 8.57339906e-11 1.30238030e-09 2.02484187e-09
1.74388704e-01 8.72930013e-11 1.33374696e-09 2.08576997e-09
1.77502788e-01 8.88518960e-11 1.36602724e-09 2.14761496e-09
1.80616872e-01 9.04104428e-11 1.39926459e-09 2.21037306e-09
1.83730956e-01 9.19694535e-11 1.43350211e-09 2.27403896e-09
1.86845040e-01 9.35282323e-11 1.46878160e-09 2.33860792e-09
1.89959124e-01 9.50868950e-11 1.50514397e-09 2.40407526e-09
1.93073208e-01 9.66455577e-11 1.54262899e-09 2.47043588e-09
1.96187292e-01 9.82050325e-11 1.58127513e-09 2.53768401e-09
1.99301376e-01 9.97635792e-11 1.62111940e-09 2.60581428e-09
2.02415460e-01 1.01322358e-10 1.66219768e-09 2.67482067e-09
2.05529544e-01 1.02881137e-10 1.70454397e-09 2.74469780e-09
2.08643628e-01 1.04440147e-10 1.74819097e-09 2.81543830e-09
2.11757712e-01 1.05998926e-10 1.79316953e-09 2.88703626e-09
2.14871796e-01 1.07557821e-10 1.83950895e-09 2.95948519e-09
2.17985880e-01 1.09116484e-10 1.88723671e-09 3.03277843e-09
2.21099964e-01 1.10675378e-10 1.93637888e-09 3.10690937e-09
2.24214048e-01 1.12234273e-10 1.98695948e-09 3.18187008e-09
2.27328132e-01 1.13792820e-10 2.03900097e-09 3.25765363e-09
2.30442216e-01 1.15351947e-10 2.09252403e-09 3.33425282e-09
2.33556300e-01 1.16910725e-10 2.14754781e-09 3.41165998e-09
2.36670384e-01 1.18469504e-10 2.20408969e-09 3.48986748e-09
2.39784468e-01 1.20028283e-10 2.26216546e-09 3.56886770e-09
2.42898552e-01 1.21587178e-10 2.32178931e-09 3.64865242e-09
2.46012636e-01 1.23145956e-10 2.38297403e-09 3.72921436e-09
2.49126720e-01 1.24705083e-10 2.44573056e-09 3.81054398e-09
2.52240804e-01 1.26263746e-10 2.51006866e-09 3.89263367e-09
2.55354888e-01 1.27822292e-10 2.57599653e-09 3.97547486e-09
2.58468972e-01 1.29381419e-10 2.64352143e-09 4.05905961e-09
2.61583056e-01 1.30940314e-10 2.71264837e-09 4.14337815e-09
2.64697140e-01 1.32498629e-10 2.78338211e-09 4.22842219e-09
2.67811224e-01 1.34057987e-10 2.85572539e-09 4.31418278e-09
2.70925308e-01 1.35616766e-10 2.92968034e-09 4.40065096e-09
2.74039392e-01 1.37175429e-10 3.00524753e-09 4.48781759e-09
2.77153477e-01 1.38734324e-10 3.08242663e-09 4.57567347e-09
2.80267561e-01 1.40292754e-10 3.16121631e-09 4.66420936e-09
2.83381645e-01 1.41851533e-10 3.24161430e-09 4.75341600e-09
2.86495729e-01 1.43410312e-10 3.32361674e-09 4.84328353e-09
2.89609813e-01 1.44969555e-10 3.40721939e-09 4.93380178e-09
2.92723897e-01 1.46528101e-10 3.49241716e-09 5.02496230e-09
2.95837981e-01 1.48087228e-10 3.57920369e-09 5.11675395e-09
2.98952065e-01 1.49645891e-10 3.66757239e-09 5.20916887e-09
3.02066149e-01 1.51204670e-10 3.75751476e-09 5.30219491e-09
3.05180233e-01 1.52763680e-10 3.84902265e-09 5.39582300e-09
3.08294317e-01 1.54322459e-10 3.94208650e-09 5.49004292e-09
3.11408401e-01 1.55881238e-10 4.03669617e-09 5.58484446e-09
3.14522485e-01 1.57440016e-10 4.13284092e-09 5.68021744e-09
3.17636569e-01 1.58999027e-10 4.23050912e-09 5.77615141e-09
3.20750653e-01 1.60557574e-10 4.32968874e-09 5.87263608e-09
3.23864737e-01 1.62116585e-10 4.43036671e-09 5.96966082e-09
3.26978821e-01 1.63675595e-10 4.53253004e-09 6.06721591e-09
3.30092905e-01 1.65234142e-10 4.63616368e-09 6.16528877e-09
3.33206989e-01 1.66793153e-10 4.74125341e-09 6.26387064e-09
3.36321073e-01 1.68351932e-10 4.84778438e-09 6.36295005e-09
3.39435157e-01 1.69910942e-10 4.95573976e-09 6.46251568e-09
3.42549241e-01 1.71469489e-10 5.06510365e-09 6.56255723e-09
3.45663325e-01 1.73027804e-10 5.17585897e-09 6.66306367e-09
3.48777409e-01 1.74586815e-10 5.28798835e-09 6.76402419e-09
3.51891493e-01 1.76145825e-10 5.40147351e-09 6.86542751e-09
3.55005577e-01 1.77704372e-10 5.51629601e-09 6.96726252e-09
3.58119661e-01 1.79263151e-10 5.63243696e-09 7.06951849e-09
3.61233745e-01 1.80822162e-10 5.74987657e-09 7.17218383e-09
3.64347829e-01 1.82380476e-10 5.86859504e-09 7.27524745e-09
3.67461913e-01 1.83939719e-10 5.98857235e-09 7.37869888e-09
3.70575997e-01 1.85498498e-10 6.10978662e-09 7.48252496e-09
3.73690081e-01 1.87057276e-10 6.23221709e-09 7.58671622e-09
3.76804165e-01 1.88616287e-10 6.35584241e-09 7.69126056e-09
3.79918249e-01 1.90175182e-10 6.48063930e-09 7.79614608e-09
3.83032333e-01 1.91734077e-10 6.60658575e-09 7.90136172e-09
3.86146417e-01 1.93292623e-10 6.73365899e-09 8.00689627e-09
3.89260501e-01 1.94851750e-10 6.86183518e-09 8.11273784e-09
3.92374585e-01 1.96410529e-10 6.99109073e-09 8.21887511e-09
3.95488669e-01 1.97969192e-10 7.12140145e-09 8.32529642e-09
3.98602753e-01 1.99528318e-10 7.25274299e-09 8.43199048e-09
4.01716837e-01 2.01086749e-10 7.38509025e-09 8.53894526e-09
4.04830921e-01 2.02645296e-10 7.51841816e-09 8.64614953e-09
4.07945005e-01 2.04204075e-10 7.65270178e-09 8.75359235e-09
4.11059089e-01 2.05763085e-10 7.78791400e-09 8.86125998e-09
4.14173173e-01 2.07322328e-10 7.92402932e-09 8.96914263e-09
4.17287257e-01 2.08880875e-10 8.06102174e-09 9.07722812e-09
4.20401341e-01 2.10439422e-10 8.19886336e-09 9.18550417e-09
4.23515425e-01 2.11998664e-10 8.33752767e-09 9.29395954e-09
4.26629509e-01 2.13557443e-10 8.47698744e-09 9.40258234e-09
4.29743593e-01 2.15115990e-10 8.61721486e-09 9.51136119e-09
4.32857677e-01 2.16675232e-10 8.75818217e-09 9.62028423e-09
4.35971761e-01 2.18234011e-10 8.89986125e-09 9.72933984e-09
4.39085845e-01 2.19792558e-10 9.04222389e-09 9.83851616e-09
4.42199929e-01 2.21351105e-10 9.18524126e-09 9.94780164e-09
4.45314013e-01 2.22909999e-10 9.32888473e-09 1.00571846e-08
4.48428097e-01 2.24469126e-10 9.47312595e-09 1.01666541e-08
4.51542181e-01 2.26027905e-10 9.61793445e-09 1.02761963e-08
4.54656265e-01 2.27586684e-10 9.76328144e-09 1.03858018e-08
4.57770349e-01 2.29145462e-10 9.90913811e-09 1.04954581e-08
4.60884433e-01 2.30704009e-10 1.00554733e-08 1.06051530e-08
4.63998517e-01 2.32263020e-10 1.02022580e-08 1.07148753e-08
4.67112601e-01 2.33822031e-10 1.03494621e-08 1.08246136e-08
4.70226685e-01 2.35380577e-10 1.04970555e-08 1.09343562e-08
4.73340769e-01 2.36939356e-10 1.06450078e-08 1.10440917e-08
4.76454853e-01 2.38498135e-10 1.07932889e-08 1.11538083e-08
4.79568937e-01 2.40057030e-10 1.09418680e-08 1.12634948e-08
4.82683021e-01 2.41615576e-10 1.10907147e-08 1.13731396e-08
4.85797105e-01 2.43174587e-10 1.12397984e-08 1.14827313e-08
4.88911189e-01 2.44733250e-10 1.13890891e-08 1.15922595e-08
4.92025273e-01 2.46292029e-10 1.15385546e-08 1.17017104e-08
4.95139357e-01 2.47850575e-10 1.16881647e-08 1.18110750e-08
4.98253441e-01 2.49409702e-10 1.18378895e-08 1.19203414e-08
5.01367525e-01 2.50968017e-10 1.19876965e-08 1.20294975e-08
5.04481609e-01 2.52527143e-10 1.21375557e-08 1.21385326e-08
5.07595693e-01 2.54085922e-10 1.22874362e-08 1.22474358e-08
5.10709777e-01 2.55644933e-10 1.24373070e-08 1.23561959e-08
5.13823861e-01 2.57203480e-10 1.25871373e-08 1.24648019e-08
5.16937945e-01 2.58762258e-10 1.27368964e-08 1.25732428e-08
5.20052029e-01 2.60321269e-10 1.28865534e-08 1.26815076e-08
5.23166113e-01 2.61879584e-10 1.30360776e-08 1.27895855e-08
5.26280197e-01 2.63438711e-10 1.31854393e-08 1.28974669e-08
5.29394281e-01 2.64997605e-10 1.33346056e-08 1.30051378e-08
5.32508365e-01 2.66556384e-10 1.34835483e-08 1.31125912e-08
5.35622449e-01 2.68115163e-10 1.36322353e-08 1.32198131e-08
5.38736533e-01 2.69674058e-10 1.37806384e-08 1.33267968e-08
5.41850617e-01 2.71232836e-10 1.39287253e-08 1.34335284e-08
5.44964701e-01 2.72791847e-10 1.40764669e-08 1.35399989e-08
5.48078785e-01 2.74350742e-10 1.42238333e-08 1.36461978e-08
5.51192869e-01 2.75909753e-10 1.43707946e-08 1.37521148e-08
5.54306953e-01 2.77468415e-10 1.45173213e-08 1.38577399e-08
5.57421037e-01 2.79027310e-10 1.46633842e-08 1.39630629e-08
5.60535121e-01 2.80586089e-10 1.48089537e-08 1.40680738e-08
5.63649205e-01 2.82144751e-10 1.49540012e-08 1.41727628e-08
5.66763289e-01 2.83703298e-10 1.50984985e-08 1.42771211e-08
5.69877373e-01 2.85262193e-10 1.52424149e-08 1.43811358e-08
5.72991457e-01 2.86820740e-10 1.53857242e-08 1.44848009e-08
5.76105541e-01 2.88379750e-10 1.55283965e-08 1.45881035e-08
5.79219625e-01 2.89938761e-10 1.56704061e-08 1.46910379e-08
5.82333709e-01 2.91497656e-10 1.58117233e-08 1.47935914e-08
5.85447793e-01 2.93056319e-10 1.59523214e-08 1.48957561e-08
5.88561877e-01 2.94615213e-10 1.60921736e-08 1.49975227e-08
5.91675961e-01 2.96173876e-10 1.62312528e-08 1.50988822e-08
5.94790045e-01 2.97732771e-10 1.63695327e-08 1.51998256e-08
5.97904129e-01 2.99291666e-10 1.65069872e-08 1.53003442e-08
6.01018213e-01 3.00850328e-10 1.66435901e-08 1.54004291e-08
6.04132297e-01 3.02408759e-10 1.67793161e-08 1.55000717e-08
6.07246381e-01 3.03967770e-10 1.69141408e-08 1.55992650e-08
6.10360465e-01 3.05526549e-10 1.70480372e-08 1.56979970e-08
6.13474549e-01 3.07085559e-10 1.71809828e-08 1.57962633e-08
6.16588633e-01 3.08644338e-10 1.73129529e-08 1.58940538e-08
6.19702717e-01 3.10203349e-10 1.74439229e-08 1.59913603e-08
6.22816801e-01 3.11762359e-10 1.75738702e-08 1.60881754e-08
6.25930885e-01 3.13320906e-10 1.77027715e-08 1.61844915e-08
6.29044969e-01 3.14879685e-10 1.78306058e-08 1.62803024e-08
6.32159053e-01 3.16438928e-10 1.79573480e-08 1.63755974e-08
6.35273137e-01 3.17997706e-10 1.80829776e-08 1.64703707e-08
6.38387221e-01 3.19556369e-10 1.82074742e-08 1.65646166e-08
6.41501305e-01 3.21115032e-10 1.83308158e-08 1.66583257e-08
6.44615389e-01 3.22673579e-10 1.84529820e-08 1.67514920e-08
6.47729473e-01 3.24232705e-10 1.85739526e-08 1.68441092e-08
6.50843557e-01 3.25791368e-10 1.86937086e-08 1.69361696e-08
6.53957641e-01 3.27349915e-10 1.88122304e-08 1.70276675e-08
6.57071725e-01 3.28908694e-10 1.89294992e-08 1.71185966e-08
6.60185809e-01 3.30467356e-10 1.90454972e-08 1.72089501e-08
6.63299893e-01 3.32026251e-10 1.91602058e-08 1.72987219e-08
6.66413977e-01 3.33585262e-10 1.92736097e-08 1.73879078e-08
6.69528061e-01 3.35144041e-10 1.93856904e-08 1.74765001e-08
6.72642145e-01 3.36702703e-10 1.94964315e-08 1.75644934e-08
6.75756229e-01 3.38261598e-10 1.96058191e-08 1.76518844e-08
6.78870313e-01 3.39820377e-10 1.97138364e-08 1.77386654e-08
6.81984397e-01 3.41378923e-10 1.98204685e-08 1.78248321e-08
6.85098481e-01 3.42938050e-10 1.99257029e-08 1.79103810e-08
6.88212565e-01 3.44496945e-10 2.00295244e-08 1.79953054e-08
6.91326649e-01 3.46055492e-10 2.01319199e-08 1.80796012e-08
6.94440733e-01 3.47614270e-10 2.02328783e-08 1.81632659e-08
6.97554817e-01 3.49173281e-10 2.03323863e-08 1.82462929e-08
7.00668901e-01 3.50731596e-10 2.04304320e-08 1.83286788e-08
7.03782985e-01 3.52290839e-10 2.05270062e-08 1.84104215e-08
7.06897069e-01 3.53849617e-10 2.06220961e-08 1.84915138e-08
7.10011153e-01 3.55408628e-10 2.07156948e-08 1.85719568e-08
7.13125237e-01 3.56967523e-10 2.08077916e-08 1.86517449e-08
7.16239321e-01 3.58525954e-10 2.08983762e-08 1.87308729e-08
7.19353405e-01 3.60085196e-10 2.09874437e-08 1.88093424e-08
7.22467489e-01 3.61643975e-10 2.10749850e-08 1.88871484e-08
7.25581573e-01 3.63202870e-10 2.11609916e-08 1.89642862e-08
7.28695657e-01 3.64761881e-10 2.12454601e-08 1.90407582e-08
7.31809741e-01 3.66320311e-10 2.13283834e-08 1.91165598e-08
7.34923825e-01 3.67879206e-10 2.14097547e-08 1.91916871e-08
7.38037909e-01 3.69438101e-10 2.14895724e-08 1.92661428e-08
7.41151993e-01 3.70996648e-10 2.15678311e-08 1.93399233e-08
7.44266077e-01 3.72555658e-10 2.16445256e-08 1.94130250e-08
7.47380161e-01 3.74114321e-10 2.17196564e-08 1.94854513e-08
7.50494245e-01 3.75673216e-10 2.17932186e-08 1.95571979e-08
7.53608329e-01 3.77231994e-10 2.18652122e-08 1.96282659e-08
7.56722413e-01 3.78791005e-10 2.19356361e-08 1.96986555e-08
7.59836497e-01 3.80349784e-10 2.20044883e-08 1.97683640e-08
7.62950581e-01 3.81908795e-10 2.20717707e-08 1.98373935e-08
7.66064665e-01 3.83467457e-10 2.21374839e-08 1.99057446e-08
7.69178749e-01 3.85026120e-10 2.22016277e-08 1.99734155e-08
7.72292833e-01 3.86585363e-10 2.22642059e-08 2.00404087e-08
7.75406917e-01 3.88144026e-10 2.23252209e-08 2.01067256e-08
7.78521001e-01 3.89702688e-10 2.23846742e-08 2.01723652e-08
7.81635085e-01 3.91261235e-10 2.24425717e-08 2.02373312e-08
7.84749169e-01 3.92820246e-10 2.24989169e-08 2.03016237e-08
7.87863253e-01 3.94379025e-10 2.25537139e-08 2.03652444e-08
7.90977337e-01 3.95937803e-10 2.26069700e-08 2.04281971e-08
7.94091421e-01 3.97496814e-10 2.26586905e-08 2.04904826e-08
7.97205505e-01 3.99055593e-10 2.27088814e-08 2.05521031e-08
8.00319589e-01 4.00614488e-10 2.27575518e-08 2.06130634e-08
8.03433673e-01 4.02173382e-10 2.28047079e-08 2.06733636e-08
8.06547757e-01 4.03732161e-10 2.28503601e-08 2.07330103e-08
8.09661841e-01 4.05291172e-10 2.28945165e-08 2.07920053e-08
8.12775925e-01 4.06849950e-10 2.29371861e-08 2.08503509e-08
8.15890009e-01 4.08408265e-10 2.29783810e-08 2.09080542e-08
8.19004093e-01 4.09967392e-10 2.30181111e-08 2.09651177e-08
8.22118177e-01 4.11526171e-10 2.30563871e-08 2.10215446e-08
8.25232261e-01 4.13084833e-10 2.30932228e-08 2.10773425e-08
8.28346346e-01 4.14643380e-10 2.31286299e-08 2.11325151e-08
8.31460430e-01 4.16202507e-10 2.31626208e-08 2.11870658e-08
8.34574514e-01 4.17761170e-10 2.31952110e-08 2.12410033e-08
8.37688598e-01 4.19319948e-10 2.32264138e-08 2.12943317e-08
8.40802682e-01 4.20878959e-10 2.32562435e-08 2.13470555e-08
8.43916766e-01 4.22437738e-10 2.32847171e-08 2.13991841e-08
8.47030850e-01 4.23996285e-10 2.33118488e-08 2.14507211e-08
8.50144934e-01 4.25555295e-10 2.33376570e-08 2.15016750e-08
8.53259018e-01 4.27113842e-10 2.33621578e-08 2.15520528e-08
8.56373102e-01 4.28672737e-10 2.33853679e-08 2.16018599e-08
8.59487186e-01 4.30231748e-10 2.34073073e-08 2.16511057e-08
8.62601270e-01 4.31790178e-10 2.34279937e-08 2.16997978e-08
8.65715354e-01 4.33349305e-10 2.34474454e-08 2.17479422e-08
8.68829438e-01 4.34908316e-10 2.34656839e-08 2.17955494e-08
8.71943522e-01 4.36466862e-10 2.34827285e-08 2.18426275e-08
8.75057606e-01 4.38025641e-10 2.34985990e-08 2.18891834e-08
8.78171690e-01 4.39584420e-10 2.35133184e-08 2.19352283e-08
8.81285774e-01 4.41143315e-10 2.35269075e-08 2.19807708e-08
8.84399858e-01 4.42701977e-10 2.35393875e-08 2.20258191e-08
8.87513942e-01 4.44261104e-10 2.35507829e-08 2.20703845e-08
8.90628026e-01 4.45819883e-10 2.35611159e-08 2.21144769e-08
8.93742110e-01 4.47378662e-10 2.35704093e-08 2.21581048e-08
8.96856194e-01 4.48937324e-10 2.35786887e-08 2.22012807e-08
8.99970278e-01 4.50495987e-10 2.35859770e-08 2.22440141e-08
9.03084362e-01 4.52055230e-10 2.35923009e-08 2.22863166e-08
9.06198446e-01 4.53614009e-10 2.35976849e-08 2.23281990e-08
9.09312530e-01 4.55172787e-10 2.36021537e-08 2.23696727e-08
9.12426614e-01 4.56731798e-10 2.36057355e-08 2.24107497e-08
9.15540698e-01 4.58290113e-10 2.36084560e-08 2.24514416e-08
9.18654782e-01 4.59849240e-10 2.36103414e-08 2.24917604e-08
9.21768866e-01 4.61407902e-10 2.36114207e-08 2.25317189e-08
9.24882950e-01 4.62966913e-10 2.36117211e-08 2.25713293e-08
9.27997034e-01 4.64525460e-10 2.36112697e-08 2.26106045e-08
9.31111118e-01 4.66084470e-10 2.36100969e-08 2.26495577e-08
9.34225202e-01 4.67643365e-10 2.36082308e-08 2.26882020e-08
9.37339286e-01 4.69202260e-10 2.36056997e-08 2.27265506e-08
9.40453370e-01 4.70760807e-10 2.36025351e-08 2.27646178e-08
9.43567454e-01 4.72319817e-10 2.35987651e-08 2.28024163e-08
9.46681538e-01 4.73878828e-10 2.35944219e-08 2.28399623e-08
9.49795622e-01 4.75437607e-10 2.35895350e-08 2.28772683e-08
9.52909706e-01 4.76996038e-10 2.35841346e-08 2.29143488e-08
9.56023790e-01 4.78555048e-10 2.35782535e-08 2.29512201e-08
9.59137874e-01 4.80113827e-10 2.35719225e-08 2.29878955e-08
9.62251958e-01 4.81672490e-10 2.35651723e-08 2.30243900e-08
9.65366042e-01 4.83231501e-10 2.35580367e-08 2.30607205e-08
9.68480126e-01 4.84790163e-10 2.35505473e-08 2.30969009e-08
9.71594210e-01 4.86348710e-10 2.35427355e-08 2.31329467e-08
9.74708294e-01 4.87907605e-10 2.35346359e-08 2.31688752e-08
9.77822378e-01 4.89466732e-10 2.35262806e-08 2.32047010e-08
9.80936462e-01 4.91025858e-10 2.35177018e-08 2.32404398e-08
9.84050546e-01 4.92584405e-10 2.35089348e-08 2.32761098e-08
9.87164630e-01 4.94143068e-10 2.35000113e-08 2.33117245e-08
9.90278714e-01 4.95701962e-10 2.34909668e-08 2.33473037e-08
9.93392798e-01 4.97260857e-10 2.34818343e-08 2.33828623e-08
9.96506882e-01 4.98819288e-10 2.34726470e-08 2.34184157e-08
9.99620966e-01 5.00378415e-10 2.34634408e-08 2.34539839e-08
1.00273505e+00 5.01937309e-10 2.34542492e-08 2.34895822e-08
1.00584913e+00 5.03496088e-10 2.34451056e-08 2.35252262e-08
1.00896322e+00 5.05055099e-10 2.34360463e-08 2.35609363e-08
1.01207730e+00 5.06613646e-10 2.34271051e-08 2.35967282e-08
1.01519139e+00 5.08172656e-10 2.34183158e-08 2.36326177e-08
1.01830547e+00 5.09731435e-10 2.34097147e-08 2.36686254e-08
1.02141955e+00 5.11290098e-10 2.34013359e-08 2.37047672e-08
1.02453364e+00 5.12848877e-10 2.33932133e-08 2.37410599e-08
1.02764772e+00 5.14407539e-10 2.33853830e-08 2.37775221e-08
1.03076181e+00 5.15966782e-10 2.33778793e-08 2.38141713e-08
1.03387589e+00 5.17525561e-10 2.33707367e-08 2.38510257e-08
1.03698997e+00 5.19084108e-10 2.33639905e-08 2.38881021e-08
1.04010406e+00 5.20642886e-10 2.33576745e-08 2.39254183e-08
1.04321814e+00 5.22201665e-10 2.33518250e-08 2.39629937e-08
1.04633223e+00 5.23760676e-10 2.33464752e-08 2.40008439e-08
1.04944631e+00 5.25319338e-10 2.33416593e-08 2.40389871e-08
1.05256039e+00 5.26878001e-10 2.33374134e-08 2.40774428e-08
1.05567448e+00 5.28437128e-10 2.33337703e-08 2.41162265e-08
1.05878856e+00 5.29995791e-10 2.33307637e-08 2.41553561e-08
1.06190265e+00 5.31554569e-10 2.33284296e-08 2.41948511e-08
1.06501673e+00 5.33113232e-10 2.33268001e-08 2.42347268e-08
1.06813081e+00 5.34672359e-10 2.33259084e-08 2.42750010e-08
1.07124490e+00 5.36231138e-10 2.33257900e-08 2.43156931e-08
1.07435898e+00 5.37790264e-10 2.33264764e-08 2.43568180e-08
1.07747307e+00 5.39348927e-10 2.33280003e-08 2.43983933e-08
1.08058715e+00 5.40907938e-10 2.33303960e-08 2.44404380e-08
1.08370123e+00 5.42466717e-10 2.33336935e-08 2.44829653e-08
1.08681532e+00 5.44025495e-10 2.33379279e-08 2.45259966e-08
1.08992940e+00 5.45584506e-10 2.33431295e-08 2.45695464e-08
1.09304349e+00 5.47143285e-10 2.33493283e-08 2.46136289e-08
1.09615757e+00 5.48701832e-10 2.33565584e-08 2.46582649e-08
1.09927165e+00 5.50260842e-10 2.33648492e-08 2.47034685e-08
1.10238574e+00 5.51819389e-10 2.33742295e-08 2.47492534e-08
1.10549982e+00 5.53378168e-10 2.33847324e-08 2.47956399e-08
1.10861391e+00 5.54937062e-10 2.33963861e-08 2.48426412e-08
1.11172799e+00 5.56496073e-10 2.34092181e-08 2.48902708e-08
1.11484207e+00 5.58054620e-10 2.34232605e-08 2.49385480e-08
1.11795616e+00 5.59613515e-10 2.34385399e-08 2.49874858e-08
1.12107024e+00 5.61172061e-10 2.34550826e-08 2.50370965e-08
1.12418433e+00 5.62731304e-10 2.34729190e-08 2.50873991e-08
1.12729841e+00 5.64290083e-10 2.34920735e-08 2.51384040e-08
1.13041249e+00 5.65848978e-10 2.35125740e-08 2.51901272e-08
1.13352658e+00 5.67407408e-10 2.35344461e-08 2.52425826e-08
1.13664066e+00 5.68966187e-10 2.35577136e-08 2.52957812e-08
1.13975475e+00 5.70524734e-10 2.35824029e-08 2.53497380e-08
1.14286883e+00 5.72083745e-10 2.36085379e-08 2.54044662e-08
1.14598291e+00 5.73642871e-10 2.36361404e-08 2.54599758e-08
1.14909700e+00 5.75201534e-10 2.36652354e-08 2.55162807e-08
1.15221108e+00 5.76759849e-10 2.36958446e-08 2.55733932e-08
1.15532517e+00 5.78319208e-10 2.37279884e-08 2.56313225e-08
1.15843925e+00 5.79878218e-10 2.37616894e-08 2.56900812e-08
1.16155333e+00 5.81436765e-10 2.37969678e-08 2.57496809e-08
1.16466742e+00 5.82995660e-10 2.38338416e-08 2.58101292e-08
1.16778150e+00 5.84554207e-10 2.38723317e-08 2.58714382e-08
1.17089559e+00 5.86113449e-10 2.39124561e-08 2.59336178e-08
1.17400967e+00 5.87671996e-10 2.39542309e-08 2.59966749e-08
1.17712375e+00 5.89230775e-10 2.39976748e-08 2.60606203e-08
1.18023784e+00 5.90789785e-10 2.40428029e-08 2.61254622e-08
1.18335192e+00 5.92348564e-10 2.40896312e-08 2.61912080e-08
1.18646601e+00 5.93907459e-10 2.41381742e-08 2.62578655e-08
1.18958009e+00 5.95466006e-10 2.41884456e-08 2.63254424e-08
1.19269417e+00 5.97024900e-10 2.42404590e-08 2.63939448e-08
1.19580826e+00 5.98583911e-10 2.42942267e-08 2.64633792e-08
1.19892234e+00 6.00142458e-10 2.43497600e-08 2.65337523e-08
1.20203643e+00 6.01701121e-10 2.44070704e-08 2.66050685e-08
1.20515051e+00 6.03260015e-10 2.44661677e-08 2.66773335e-08
1.20826459e+00 6.04819026e-10 2.45270611e-08 2.67505522e-08
1.21137868e+00 6.06377689e-10 2.45897596e-08 2.68247283e-08
1.21449276e+00 6.07936816e-10 2.46542708e-08 2.68998656e-08
1.21760685e+00 6.09495826e-10 2.47206013e-08 2.69759683e-08
1.22072093e+00 6.11054373e-10 2.47887579e-08 2.70530381e-08
1.22383501e+00 6.12613384e-10 2.48587451e-08 2.71310777e-08
1.22694910e+00 6.14172395e-10 2.49305693e-08 2.72100908e-08
1.23006318e+00 6.15730941e-10 2.50042327e-08 2.72900768e-08
1.23317727e+00 6.17289488e-10 2.50797382e-08 2.73710373e-08
1.23629135e+00 6.18848615e-10 2.51570899e-08 2.74529748e-08
1.23940543e+00 6.20407393e-10 2.52362875e-08 2.75358873e-08
1.24251952e+00 6.21966056e-10 2.53173317e-08 2.76197752e-08
1.24563360e+00 6.23525067e-10 2.54002240e-08 2.77046396e-08
1.24874769e+00 6.25083730e-10 2.54849610e-08 2.77904760e-08
1.25186177e+00 6.26642276e-10 2.55715433e-08 2.78772868e-08
1.25497585e+00 6.28201287e-10 2.56599680e-08 2.79650679e-08
1.25808994e+00 6.29760182e-10 2.57502316e-08 2.80538175e-08
1.26120402e+00 6.31318729e-10 2.58423300e-08 2.81435333e-08
1.26431811e+00 6.32877507e-10 2.59362588e-08 2.82342112e-08
1.26743219e+00 6.34436518e-10 2.60320125e-08 2.83258481e-08
1.27054627e+00 6.35995065e-10 2.61295845e-08 2.84184403e-08
1.27366036e+00 6.37554076e-10 2.62289685e-08 2.85119827e-08
1.27677444e+00 6.39112854e-10 2.63301559e-08 2.86064704e-08
1.27988853e+00 6.40671517e-10 2.64331406e-08 2.87019005e-08
1.28300261e+00 6.42230412e-10 2.65379102e-08 2.87982636e-08
1.28611669e+00 6.43789191e-10 2.66444566e-08 2.88955557e-08
1.28923078e+00 6.45348201e-10 2.67527711e-08 2.89937722e-08
1.29234486e+00 6.46906980e-10 2.68628388e-08 2.90929025e-08
1.29545895e+00 6.48466107e-10 2.69746499e-08 2.91929417e-08
1.29857303e+00 6.50024537e-10 2.70881917e-08 2.92938819e-08
1.30168711e+00 6.51583316e-10 2.72034529e-08 2.93957172e-08
1.30480120e+00 6.53142327e-10 2.73204160e-08 2.94984358e-08
1.30791528e+00 6.54700758e-10 2.74390684e-08 2.96020308e-08
1.31102937e+00 6.56260116e-10 2.75593967e-08 2.97064951e-08
1.31414345e+00 6.57818663e-10 2.76813817e-08 2.98118160e-08
1.31725753e+00 6.59377674e-10 2.78050089e-08 2.99179857e-08
1.32037162e+00 6.60936221e-10 2.79302630e-08 3.00249960e-08
1.32348570e+00 6.62494999e-10 2.80571230e-08 3.01328331e-08
1.32659979e+00 6.64053778e-10 2.81855727e-08 3.02414884e-08
1.32971387e+00 6.65612789e-10 2.83155951e-08 3.03509527e-08
1.33282795e+00 6.67171336e-10 2.84471675e-08 3.04612113e-08
1.33594204e+00 6.68730346e-10 2.85802719e-08 3.05722548e-08
1.33905612e+00 6.70288893e-10 2.87148897e-08 3.06840731e-08
1.34217021e+00 6.71847672e-10 2.88509968e-08 3.07966508e-08
1.34528429e+00 6.73407031e-10 2.89885734e-08 3.09099775e-08
1.34839837e+00 6.74965461e-10 2.91275997e-08 3.10240423e-08
1.35151246e+00 6.76524240e-10 2.92680496e-08 3.11388292e-08
1.35462654e+00 6.78083019e-10 2.94099023e-08 3.12543269e-08
1.35774063e+00 6.79641797e-10 2.95531362e-08 3.13705240e-08
1.36085471e+00 6.81200692e-10 2.96977241e-08 3.14874035e-08
1.36396879e+00 6.82759587e-10 2.98436437e-08 3.16049536e-08
1.36708288e+00 6.84318366e-10 2.99908722e-08 3.17231622e-08
1.37019696e+00 6.85877144e-10 3.01393810e-08 3.18420118e-08
1.37331105e+00 6.87435807e-10 3.02891465e-08 3.19614899e-08
1.37642513e+00 6.88995166e-10 3.04401447e-08 3.20815839e-08
1.37953921e+00 6.90553713e-10 3.05923458e-08 3.22022758e-08
1.38265330e+00 6.92112143e-10 3.07457251e-08 3.23235523e-08
1.38576738e+00 6.93671038e-10 3.09002575e-08 3.24454005e-08
1.38888147e+00 6.95230049e-10 3.10559121e-08 3.25678016e-08
1.39199555e+00 6.96788712e-10 3.12126631e-08 3.26907423e-08
1.39510963e+00 6.98347606e-10 3.13704825e-08 3.28142073e-08
1.39822372e+00 6.99906385e-10 3.15293439e-08 3.29381827e-08
1.40133780e+00 7.01465396e-10 3.16892152e-08 3.30626495e-08
1.40445189e+00 7.03023943e-10 3.18500693e-08 3.31875938e-08
1.40756597e+00 7.04582605e-10 3.20118787e-08 3.33130013e-08
1.41068005e+00 7.06141848e-10 3.21746107e-08 3.34388526e-08
1.41379414e+00 7.07700395e-10 3.23382371e-08 3.35651336e-08
1.41690822e+00 7.09259058e-10 3.25027299e-08 3.36918298e-08
1.42002231e+00 7.10818300e-10 3.26680555e-08 3.38189214e-08
1.42313639e+00 7.12376731e-10 3.28341849e-08 3.39463940e-08
1.42625047e+00 7.13935858e-10 3.30010896e-08 3.40742331e-08
1.42936456e+00 7.15494404e-10 3.31687351e-08 3.42024187e-08
1.43247864e+00 7.17053299e-10 3.33370922e-08 3.43309360e-08
1.43559273e+00 7.18611962e-10 3.35061313e-08 3.44597704e-08
1.43870681e+00 7.20170857e-10 3.36758176e-08 3.45889018e-08
1.44182089e+00 7.21729751e-10 3.38461213e-08 3.47183154e-08
1.44493498e+00 7.23288530e-10 3.40170125e-08 3.48479962e-08
1.44804906e+00 7.24847541e-10 3.41884557e-08 3.49779243e-08
1.45116315e+00 7.26406088e-10 3.43604207e-08 3.51080846e-08
1.45427723e+00 7.27964866e-10 3.45328773e-08 3.52384624e-08
1.45739131e+00 7.29523413e-10 3.47057897e-08 3.53690373e-08
1.46050540e+00 7.31082540e-10 3.48791272e-08 3.54997947e-08
1.46361948e+00 7.32641435e-10 3.50528594e-08 3.56307196e-08
1.46673357e+00 7.34200097e-10 3.52269500e-08 3.57617918e-08
1.46984765e+00 7.35758992e-10 3.54013685e-08 3.58929964e-08
1.47296173e+00 7.37317655e-10 3.55760839e-08 3.60243187e-08
1.47607582e+00 7.38876550e-10 3.57510600e-08 3.61557386e-08
1.47918990e+00 7.40435560e-10 3.59262659e-08 3.62872414e-08
1.48230399e+00 7.41994339e-10 3.61016690e-08 3.64188106e-08
1.48541807e+00 7.43552886e-10 3.62772381e-08 3.65504315e-08
1.48853215e+00 7.45111432e-10 3.64529371e-08 3.66820842e-08
1.49164624e+00 7.46670327e-10 3.66287351e-08 3.68137543e-08
1.49476032e+00 7.48229686e-10 3.68046010e-08 3.69454271e-08
1.49787441e+00 7.49788117e-10 3.69804986e-08 3.70770831e-08
1.50098849e+00 7.51346779e-10 3.71563970e-08 3.72087078e-08
1.50410257e+00 7.52905790e-10 3.73322655e-08 3.73402870e-08
1.50721666e+00 7.54464801e-10 3.75080680e-08 3.74718013e-08
1.51033074e+00 7.56023348e-10 3.76837736e-08 3.76032364e-08
1.51344483e+00 7.57582010e-10 3.78593520e-08 3.77345785e-08
1.51655891e+00 7.59140789e-10 3.80347670e-08 3.78658083e-08
1.51967299e+00 7.60699916e-10 3.82099885e-08 3.79969121e-08
1.52278708e+00 7.62258695e-10 3.83849860e-08 3.81278760e-08
1.52590116e+00 7.63817241e-10 3.85597240e-08 3.82586813e-08
1.52901525e+00 7.65376484e-10 3.87341725e-08 3.83893144e-08
1.53212933e+00 7.66934915e-10 3.89083015e-08 3.85197619e-08
1.53524341e+00 7.68493810e-10 3.90820759e-08 3.86500054e-08
1.53835750e+00 7.70052704e-10 3.92554663e-08 3.87800316e-08
1.54147158e+00 7.71611367e-10 3.94284429e-08 3.89098277e-08
1.54458567e+00 7.73170378e-10 3.96009716e-08 3.90393754e-08
1.54769975e+00 7.74729156e-10 3.97730229e-08 3.91686620e-08
1.55081383e+00 7.76287935e-10 3.99445682e-08 3.92976749e-08
1.55392792e+00 7.77846714e-10 4.01155735e-08 3.94263960e-08
1.55704200e+00 7.79405493e-10 4.02860103e-08 3.95548142e-08
1.56015609e+00 7.80964735e-10 4.04558505e-08 3.96829161e-08
1.56327017e+00 7.82523282e-10 4.06250607e-08 3.98106854e-08
1.56638425e+00 7.84081713e-10 4.07936134e-08 3.99381088e-08
1.56949834e+00 7.85640840e-10 4.09614811e-08 4.00651759e-08
1.57261242e+00 7.87199386e-10 4.11286312e-08 4.01918691e-08
1.57572651e+00 7.88758165e-10 4.12950369e-08 4.03181783e-08
1.57884059e+00 7.90317176e-10 4.14606699e-08 4.04440898e-08
1.58195467e+00 7.91876187e-10 4.16255039e-08 4.05695920e-08
1.58506876e+00 7.93434849e-10 4.17895075e-08 4.06946688e-08
1.58818284e+00 7.94993976e-10 4.19526551e-08 4.08193102e-08
1.59129693e+00 7.96552523e-10 4.21149213e-08 4.09435059e-08
1.59441101e+00 7.98111186e-10 4.22762759e-08 4.10672403e-08
1.59752509e+00 7.99669848e-10 4.24366942e-08 4.11905032e-08
1.60063918e+00 8.01228627e-10 4.25961518e-08 4.13132839e-08
1.60375326e+00 8.02787638e-10 4.27546196e-08 4.14355675e-08
1.60686735e+00 8.04346416e-10 4.29120740e-08 4.15573449e-08
1.60998143e+00 8.05905195e-10 4.30684918e-08 4.16786073e-08
1.61309551e+00 8.07463742e-10 4.32238447e-08 4.17993401e-08
1.61620960e+00 8.09022753e-10 4.33781106e-08 4.19195341e-08
1.61932368e+00 8.10581531e-10 4.35312674e-08 4.20391802e-08
1.62243777e+00 8.12140310e-10 4.36832881e-08 4.21582644e-08
1.62555185e+00 8.13699321e-10 4.38341516e-08 4.22767788e-08
1.62866593e+00 8.15257868e-10 4.39838372e-08 4.23947162e-08
1.63178002e+00 8.16816878e-10 4.41323193e-08 4.25120628e-08
1.63489410e+00 8.18375773e-10 4.42795780e-08 4.26288110e-08
1.63800819e+00 8.19934436e-10 4.44255940e-08 4.27449527e-08
1.64112227e+00 8.21493215e-10 4.45703429e-08 4.28604754e-08
1.64423635e+00 8.23051877e-10 4.47138063e-08 4.29753725e-08
1.64735044e+00 8.24610772e-10 4.48559662e-08 4.30896378e-08
1.65046452e+00 8.26169551e-10 4.49967999e-08 4.32032595e-08
1.65357861e+00 8.27728330e-10 4.51362902e-08 4.33162306e-08
1.65669269e+00 8.29287340e-10 4.52744206e-08 4.34285448e-08
1.65980678e+00 8.30846003e-10 4.54111698e-08 4.35401909e-08
1.66292086e+00 8.32404666e-10 4.55465222e-08 4.36511638e-08
1.66603494e+00 8.33963445e-10 4.56804629e-08 4.37614584e-08
1.66914903e+00 8.35522223e-10 4.58129720e-08 4.38710645e-08
1.67226311e+00 8.37080886e-10 4.59440356e-08 4.39799764e-08
1.67537720e+00 8.38639781e-10 4.60736384e-08 4.40881872e-08
1.67849128e+00 8.40198559e-10 4.62017676e-08 4.41956936e-08
1.68160536e+00 8.41757570e-10 4.63284055e-08 4.43024853e-08
1.68471945e+00 8.43316465e-10 4.64535402e-08 4.44085597e-08
1.68783353e+00 8.44875476e-10 4.65771606e-08 4.45139119e-08
1.69094762e+00 8.46434254e-10 4.66992505e-08 4.46185339e-08
1.69406170e+00 8.47992917e-10 4.68198000e-08 4.47224214e-08
1.69717578e+00 8.49551928e-10 4.69387993e-08 4.48255727e-08
1.70028987e+00 8.51110475e-10 4.70562342e-08 4.49279790e-08
1.70340395e+00 8.52669485e-10 4.71720962e-08 4.50296391e-08
1.70651804e+00 8.54228380e-10 4.72863776e-08 4.51305497e-08
1.70963212e+00 8.55787043e-10 4.73990656e-08 4.52307045e-08
1.71274620e+00 8.57345822e-10 4.75101537e-08 4.53301004e-08
1.71586029e+00 8.58904832e-10 4.76196357e-08 4.54287375e-08
1.71897437e+00 8.60463843e-10 4.77275009e-08 4.55266083e-08
1.72208846e+00 8.62022274e-10 4.78337443e-08 4.56237136e-08
1.72520254e+00 8.63581401e-10 4.79383616e-08 4.57200513e-08
1.72831662e+00 8.65139947e-10 4.80413438e-08 4.58156167e-08
1.73143071e+00 8.66698726e-10 4.81426878e-08 4.59104084e-08
1.73454479e+00 8.68257505e-10 4.82423912e-08 4.60044280e-08
1.73765888e+00 8.69816515e-10 4.83404466e-08 4.60976697e-08
1.74077296e+00 8.71374830e-10 4.84368529e-08 4.61901357e-08
1.74388704e+00 8.72934305e-10 4.85316093e-08 4.62818257e-08
1.74700113e+00 8.74492852e-10 4.86247105e-08 4.63727365e-08
1.75011521e+00 8.76051630e-10 4.87161571e-08 4.64628683e-08
1.75322930e+00 8.77610293e-10 4.88059503e-08 4.65522243e-08
1.75634338e+00 8.79169304e-10 4.88940864e-08 4.66408005e-08
1.75945746e+00 8.80727735e-10 4.89805680e-08 4.67286005e-08
1.76257155e+00 8.82286629e-10 4.90653980e-08 4.68156257e-08
1.76568563e+00 8.83845756e-10 4.91485747e-08 4.69018745e-08
1.76879972e+00 8.85404767e-10 4.92301025e-08 4.69873489e-08
1.77191380e+00 8.86963198e-10 4.93099844e-08 4.70720514e-08
1.77502788e+00 8.88522324e-10 4.93882260e-08 4.71559861e-08
1.77814197e+00 8.90081103e-10 4.94648279e-08 4.72391518e-08
1.78125605e+00 8.91639650e-10 4.95397970e-08 4.73215524e-08
1.78437014e+00 8.93198545e-10 4.96131406e-08 4.74031919e-08
1.78748422e+00 8.94757323e-10 4.96848613e-08 4.74840699e-08
1.79059830e+00 8.96316102e-10 4.97549676e-08 4.75641918e-08
1.79371239e+00 8.97874881e-10 4.98234687e-08 4.76435636e-08
1.79682647e+00 8.99433775e-10 4.98903697e-08 4.77221861e-08
1.79994056e+00 9.00992090e-10 4.99556794e-08 4.78000633e-08
1.80305464e+00 9.02551101e-10 5.00194102e-08 4.78772024e-08
1.80616872e+00 9.04110112e-10 5.00815674e-08 4.79536027e-08
1.80928281e+00 9.05668774e-10 5.01421647e-08 4.80292753e-08
1.81239689e+00 9.07227669e-10 5.02012134e-08 4.81042239e-08
1.81551098e+00 9.08786448e-10 5.02587226e-08 4.81784521e-08
1.81862506e+00 9.10345459e-10 5.03147047e-08 4.82519657e-08
1.82173914e+00 9.11903773e-10 5.03691757e-08 4.83247733e-08
1.82485323e+00 9.13462900e-10 5.04221446e-08 4.83968759e-08
1.82796731e+00 9.15021563e-10 5.04736284e-08 4.84682865e-08
1.83108140e+00 9.16580806e-10 5.05236419e-08 4.85390100e-08
1.83419548e+00 9.18139584e-10 5.05721976e-08 4.86090517e-08
1.83730956e+00 9.19697899e-10 5.06193117e-08 4.86784190e-08
1.84042365e+00 9.21256910e-10 5.06650034e-08 4.87471222e-08
1.84353773e+00 9.22815921e-10 5.07092850e-08 4.88151639e-08
1.84665182e+00 9.24374931e-10 5.07521770e-08 4.88825585e-08
1.84976590e+00 9.25933362e-10 5.07936975e-08 4.89493124e-08
1.85287998e+00 9.27492257e-10 5.08338625e-08 4.90154328e-08
1.85599407e+00 9.29050919e-10 5.08726911e-08 4.90809284e-08
1.85910815e+00 9.30609930e-10 5.09102039e-08 4.91458076e-08
1.86222224e+00 9.32168825e-10 5.09464229e-08 4.92100850e-08
1.86533632e+00 9.33727372e-10 5.09813650e-08 4.92737660e-08
1.86845040e+00 9.35286382e-10 5.10150527e-08 4.93368613e-08
1.87156449e+00 9.36845161e-10 5.10475088e-08 4.93993819e-08
1.87467857e+00 9.38403940e-10 5.10787516e-08 4.94613357e-08
1.87779266e+00 9.39962487e-10 5.11088059e-08 4.95227331e-08
1.88090674e+00 9.41521265e-10 5.11376968e-08 4.95835904e-08
1.88402082e+00 9.43080276e-10 5.11654444e-08 4.96439143e-08
1.88713491e+00 9.44639055e-10 5.11920737e-08 4.97037171e-08
1.89024899e+00 9.46197950e-10 5.12176104e-08 4.97630112e-08
1.89336308e+00 9.47756612e-10 5.12420759e-08 4.98218056e-08
1.89647716e+00 9.49315623e-10 5.12654976e-08 4.98801125e-08
1.89959124e+00 9.50874518e-10 5.12879034e-08 4.99379494e-08
1.90270533e+00 9.52433413e-10 5.13093159e-08 4.99953242e-08
1.90581941e+00 9.53992075e-10 5.13297628e-08 5.00522505e-08
1.90893350e+00 9.55551086e-10 5.13492725e-08 5.01087422e-08
1.91204758e+00 9.57109517e-10 5.13678688e-08 5.01648097e-08
1.91516166e+00 9.58668759e-10 5.13855816e-08 5.02204661e-08
1.91827575e+00 9.60227190e-10 5.14024413e-08 5.02757303e-08
1.92138983e+00 9.61785853e-10 5.14184726e-08 5.03306117e-08
1.92450392e+00 9.63344864e-10 5.14337059e-08 5.03851248e-08
1.92761800e+00 9.64903758e-10 5.14481716e-08 5.04392848e-08
1.93073208e+00 9.66462537e-10 5.14618957e-08 5.04931030e-08
1.93384617e+00 9.68021316e-10 5.14749103e-08 5.05465941e-08
1.93696025e+00 9.69580095e-10 5.14872478e-08 5.05997778e-08
1.94007434e+00 9.71139221e-10 5.14989351e-08 5.06526647e-08
1.94318842e+00 9.72698232e-10 5.15100043e-08 5.07052703e-08
1.94630250e+00 9.74256779e-10 5.15204879e-08 5.07576109e-08
1.94941659e+00 9.75815674e-10 5.15304135e-08 5.08096988e-08
1.95253067e+00 9.77374336e-10 5.15398152e-08 5.08615495e-08
1.95564476e+00 9.78933347e-10 5.15487256e-08 5.09131831e-08
1.95875884e+00 9.80491894e-10 5.15571773e-08 5.09646134e-08
1.96187292e+00 9.82051137e-10 5.15652001e-08 5.10158544e-08
1.96498701e+00 9.83610031e-10 5.15728268e-08 5.10669223e-08
1.96810109e+00 9.85168810e-10 5.15800935e-08 5.11178356e-08
1.97121518e+00 9.86727821e-10 5.15870286e-08 5.11686052e-08
1.97432926e+00 9.88286251e-10 5.15936684e-08 5.12192538e-08
1.97744334e+00 9.89845378e-10 5.16000468e-08 5.12697959e-08
1.98055743e+00 9.91404157e-10 5.16061945e-08 5.13202463e-08
1.98367151e+00 9.92963052e-10 5.16121456e-08 5.13706217e-08
1.98678560e+00 9.94521714e-10 5.16179371e-08 5.14209413e-08
1.98989968e+00 9.96080493e-10 5.16235984e-08 5.14712167e-08
1.99301376e+00 9.97639736e-10 5.16291666e-08 5.15214709e-08
1.99612785e+00 9.99198399e-10 5.16346763e-08 5.15717192e-08
1.99924193e+00 1.00075695e-09 5.16401590e-08 5.16219768e-08
2.00235602e+00 1.00231584e-09 5.16456495e-08 5.16722606e-08
2.00547010e+00 1.00387450e-09 5.16511852e-08 5.17225907e-08
2.00858418e+00 1.00543351e-09 5.16567961e-08 5.17729786e-08
2.01169827e+00 1.00699229e-09 5.16625196e-08 5.18234480e-08
2.01481235e+00 1.00855096e-09 5.16683906e-08 5.18740142e-08
2.01792644e+00 1.01011008e-09 5.16744409e-08 5.19246927e-08
2.02104052e+00 1.01166886e-09 5.16807054e-08 5.19755009e-08
2.02415460e+00 1.01322776e-09 5.16872216e-08 5.20264586e-08
2.02726869e+00 1.01478642e-09 5.16940194e-08 5.20775779e-08
2.03038277e+00 1.01634496e-09 5.17011363e-08 5.21288822e-08
2.03349686e+00 1.01790409e-09 5.17086069e-08 5.21803871e-08
2.03661094e+00 1.01946275e-09 5.17164628e-08 5.22321080e-08
2.03972502e+00 1.02102153e-09 5.17247385e-08 5.22840621e-08
2.04283911e+00 1.02258078e-09 5.17334710e-08 5.23362694e-08
2.04595319e+00 1.02413932e-09 5.17426900e-08 5.23887416e-08
2.04906728e+00 1.02569810e-09 5.17524325e-08 5.24415025e-08
2.05218136e+00 1.02725711e-09 5.17627300e-08 5.24945653e-08
2.05529544e+00 1.02881589e-09 5.17736186e-08 5.25479490e-08
2.05840953e+00 1.03037455e-09 5.17851271e-08 5.26016662e-08
2.06152361e+00 1.03193368e-09 5.17972921e-08 5.26557376e-08
2.06463770e+00 1.03349234e-09 5.18101474e-08 5.27101814e-08
2.06775178e+00 1.03505089e-09 5.18237229e-08 5.27650116e-08
2.07086586e+00 1.03661002e-09 5.18380510e-08 5.28202443e-08
2.07397995e+00 1.03816880e-09 5.18531667e-08 5.28758980e-08
2.07709403e+00 1.03972792e-09 5.18690973e-08 5.29319848e-08
2.08020812e+00 1.04128624e-09 5.18858781e-08 5.29885248e-08
2.08332220e+00 1.04284525e-09 5.19035413e-08 5.30455354e-08
2.08643628e+00 1.04440379e-09 5.19221152e-08 5.31030298e-08
2.08955037e+00 1.04596292e-09 5.19416308e-08 5.31610234e-08
2.09266445e+00 1.04752158e-09 5.19621209e-08 5.32195340e-08
2.09577854e+00 1.04908071e-09 5.19836113e-08 5.32785726e-08
2.09889262e+00 1.05063902e-09 5.20061352e-08 5.33381585e-08
2.10200670e+00 1.05219827e-09 5.20297229e-08 5.33983081e-08
2.10512079e+00 1.05375681e-09 5.20544006e-08 5.34590337e-08
2.10823487e+00 1.05531559e-09 5.20801970e-08 5.35203495e-08
2.11134896e+00 1.05687449e-09 5.21071429e-08 5.35822722e-08
2.11446304e+00 1.05843338e-09 5.21352616e-08 5.36448118e-08
2.11757712e+00 1.05999216e-09 5.21645840e-08 5.37079863e-08
2.12069121e+00 1.06155117e-09 5.21951378e-08 5.37718108e-08
2.12380529e+00 1.06310972e-09 5.22269468e-08 5.38362964e-08
2.12691938e+00 1.06466873e-09 5.22600371e-08 5.39014561e-08
2.13003346e+00 1.06622774e-09 5.22944366e-08 5.39673051e-08
2.13314754e+00 1.06778652e-09 5.23301659e-08 5.40338518e-08
2.13626163e+00 1.06934530e-09 5.23672531e-08 5.41011130e-08
2.13937571e+00 1.07090361e-09 5.24057230e-08 5.41691024e-08
2.14248980e+00 1.07246274e-09 5.24455964e-08 5.42378293e-08
2.14560388e+00 1.07402175e-09 5.24868962e-08 5.43073052e-08
2.14871796e+00 1.07558006e-09 5.25296448e-08 5.43775407e-08
2.15183205e+00 1.07713942e-09 5.25738674e-08 5.44485518e-08
2.15494613e+00 1.07869820e-09 5.26195808e-08 5.45203444e-08
2.15806022e+00 1.08025675e-09 5.26668085e-08 5.45929329e-08
2.16117430e+00 1.08181599e-09 5.27155703e-08 5.46663264e-08
2.16428838e+00 1.08337442e-09 5.27658832e-08 5.47405331e-08
2.16740247e+00 1.08493320e-09 5.28177668e-08 5.48155622e-08
2.17051655e+00 1.08649210e-09 5.28712430e-08 5.48914282e-08
2.17363064e+00 1.08805111e-09 5.29263249e-08 5.49681346e-08
2.17674472e+00 1.08960965e-09 5.29830321e-08 5.50456943e-08
2.17985880e+00 1.09116866e-09 5.30413810e-08 5.51241141e-08
2.18297289e+00 1.09272744e-09 5.31013847e-08 5.52034005e-08
2.18608697e+00 1.09428599e-09 5.31630590e-08 5.52835607e-08
2.18920106e+00 1.09584477e-09 5.32264219e-08 5.53646067e-08
2.19231514e+00 1.09740378e-09 5.32914826e-08 5.54465405e-08
2.19542922e+00 1.09896233e-09 5.33582568e-08 5.55293725e-08
2.19854331e+00 1.10052157e-09 5.34267570e-08 5.56131078e-08
2.20165739e+00 1.10208035e-09 5.34969921e-08 5.56977503e-08
2.20477148e+00 1.10363901e-09 5.35689739e-08 5.57833053e-08
2.20788556e+00 1.10519790e-09 5.36427162e-08 5.58697827e-08
2.21099964e+00 1.10675668e-09 5.37182243e-08 5.59571821e-08
2.21411373e+00 1.10831546e-09 5.37955097e-08 5.60455118e-08
2.21722781e+00 1.10987401e-09 5.38745804e-08 5.61347746e-08
2.22034190e+00 1.11143267e-09 5.39554414e-08 5.62249723e-08
2.22345598e+00 1.11299168e-09 5.40381002e-08 5.63161078e-08
2.22657006e+00 1.11455058e-09 5.41225664e-08 5.64081888e-08
2.22968415e+00 1.11610936e-09 5.42088409e-08 5.65012125e-08
2.23279823e+00 1.11766790e-09 5.42969309e-08 5.65951851e-08
2.23591232e+00 1.11922691e-09 5.43868385e-08 5.66901056e-08
2.23902640e+00 1.12078592e-09 5.44785695e-08 5.67859776e-08
2.24214048e+00 1.12234447e-09 5.45721218e-08 5.68827976e-08
2.24525457e+00 1.12390348e-09 5.46675007e-08 5.69805702e-08
2.24836865e+00 1.12546226e-09 5.47647081e-08 5.70792970e-08
2.25148274e+00 1.12702081e-09 5.48637414e-08 5.71789750e-08
2.25459682e+00 1.12857959e-09 5.49646003e-08 5.72796032e-08
2.25771090e+00 1.13013825e-09 5.50672861e-08 5.73811829e-08
2.26082499e+00 1.13169761e-09 5.51717925e-08 5.74837083e-08
2.26393907e+00 1.13325615e-09 5.52781203e-08 5.75871816e-08
2.26705316e+00 1.13481482e-09 5.53862672e-08 5.76916022e-08
2.27016724e+00 1.13637348e-09 5.54962262e-08 5.77969647e-08
2.27328132e+00 1.13793272e-09 5.56079927e-08 5.79032659e-08
2.27639541e+00 1.13949104e-09 5.57215637e-08 5.80105047e-08
2.27950949e+00 1.14104982e-09 5.58369287e-08 5.81186732e-08
2.28262358e+00 1.14260859e-09 5.59540842e-08 5.82277712e-08
2.28573766e+00 1.14416795e-09 5.60730234e-08 5.83377957e-08
2.28885174e+00 1.14572638e-09 5.61937355e-08 5.84487394e-08
2.29196583e+00 1.14728528e-09 5.63162115e-08 5.85605966e-08
2.29507991e+00 1.14884394e-09 5.64404441e-08 5.86733642e-08
2.29819400e+00 1.15040295e-09 5.65664188e-08 5.87870319e-08
2.30130808e+00 1.15196150e-09 5.66941284e-08 5.89015979e-08
2.30442216e+00 1.15352051e-09 5.68235613e-08 5.90170562e-08
2.30753625e+00 1.15507929e-09 5.69547023e-08 5.91333972e-08
2.31065033e+00 1.15663784e-09 5.70875389e-08 5.92506129e-08
2.31376442e+00 1.15819661e-09 5.72220606e-08 5.93687000e-08
2.31687850e+00 1.15975562e-09 5.73582486e-08 5.94876464e-08
2.31999258e+00 1.16131440e-09 5.74960910e-08 5.96074455e-08
2.32310667e+00 1.16287341e-09 5.76355728e-08 5.97280906e-08
2.32622075e+00 1.16443196e-09 5.77766751e-08 5.98495702e-08
2.32933484e+00 1.16599074e-09 5.79193815e-08 5.99718742e-08
2.33244892e+00 1.16754963e-09 5.80636756e-08 6.00949958e-08
2.33556300e+00 1.16910853e-09 5.82095415e-08 6.02189260e-08
2.33867709e+00 1.17066708e-09 5.83569571e-08 6.03436513e-08
2.34179117e+00 1.17222585e-09 5.85059046e-08 6.04691638e-08
2.34490526e+00 1.17378521e-09 5.86563657e-08 6.05954531e-08
2.34801934e+00 1.17534411e-09 5.88083165e-08 6.07225046e-08
2.35113342e+00 1.17690265e-09 5.89617384e-08 6.08503104e-08
2.35424751e+00 1.17846120e-09 5.91166123e-08 6.09788602e-08
2.35736159e+00 1.18002010e-09 5.92729127e-08 6.11081384e-08
2.36047568e+00 1.18157899e-09 5.94306186e-08 6.12381359e-08
2.36358976e+00 1.18313765e-09 5.95897082e-08 6.13688400e-08
2.36670384e+00 1.18469643e-09 5.97501550e-08 6.15002352e-08
2.36981793e+00 1.18625521e-09 5.99119369e-08 6.16323119e-08
2.37293201e+00 1.18781387e-09 6.00750319e-08 6.17650580e-08
2.37604610e+00 1.18937277e-09 6.02394116e-08 6.18984569e-08
2.37916018e+00 1.19093190e-09 6.04050521e-08 6.20324977e-08
2.38227426e+00 1.19249067e-09 6.05719290e-08 6.21671667e-08
2.38538835e+00 1.19404922e-09 6.07400125e-08 6.23024466e-08
2.38850243e+00 1.19560823e-09 6.09092782e-08 6.24383267e-08
2.39161652e+00 1.19716701e-09 6.10797015e-08 6.25747937e-08
2.39473060e+00 1.19872579e-09 6.12512514e-08 6.27118297e-08
2.39784468e+00 1.20028457e-09 6.14239014e-08 6.28494225e-08
2.40095877e+00 1.20184323e-09 6.15976246e-08 6.29875575e-08
2.40407285e+00 1.20340213e-09 6.17723890e-08 6.31262161e-08
2.40718694e+00 1.20496090e-09 6.19481681e-08 6.32653866e-08
2.41030102e+00 1.20651980e-09 6.21249347e-08 6.34050548e-08
2.41341510e+00 1.20807869e-09 6.23026559e-08 6.35452016e-08
2.41652919e+00 1.20963712e-09 6.24813029e-08 6.36858139e-08
2.41964327e+00 1.21119637e-09 6.26608472e-08 6.38268763e-08
2.42275736e+00 1.21275515e-09 6.28412545e-08 6.39683692e-08
2.42587144e+00 1.21431358e-09 6.30224966e-08 6.41102802e-08
2.42898552e+00 1.21587270e-09 6.32045431e-08 6.42525924e-08
2.43209961e+00 1.21743125e-09 6.33873634e-08 6.43952914e-08
2.43521369e+00 1.21899038e-09 6.35709233e-08 6.45383582e-08
2.43832778e+00 1.22054916e-09 6.37551915e-08 6.46817756e-08
2.44144186e+00 1.22210770e-09 6.39401391e-08 6.48255315e-08
2.44455594e+00 1.22366671e-09 6.41257297e-08 6.49696049e-08
2.44767003e+00 1.22522561e-09 6.43119339e-08 6.51139811e-08
2.45078411e+00 1.22678450e-09 6.44987196e-08 6.52586451e-08
2.45389820e+00 1.22834351e-09 6.46860516e-08 6.54035775e-08
2.45701228e+00 1.22990206e-09 6.48738974e-08 6.55487607e-08
2.46012636e+00 1.23146084e-09 6.50622272e-08 6.56941822e-08
2.46324045e+00 1.23301962e-09 6.52510033e-08 6.58398208e-08
2.46635453e+00 1.23457840e-09 6.54401957e-08 6.59856613e-08
2.46946862e+00 1.23613717e-09 6.56297714e-08 6.61316886e-08
2.47258270e+00 1.23769595e-09 6.58196944e-08 6.62778831e-08
2.47569678e+00 1.23925485e-09 6.60099315e-08 6.64242268e-08
2.47881087e+00 1.24081374e-09 6.62004523e-08 6.65707073e-08
2.48192495e+00 1.24237252e-09 6.63912188e-08 6.67173033e-08
2.48503904e+00 1.24393107e-09 6.65822002e-08 6.68639994e-08
2.48815312e+00 1.24548985e-09 6.67733633e-08 6.70107805e-08
2.49126720e+00 1.24704886e-09 6.69646718e-08 6.71576271e-08
2.49438129e+00 1.24860775e-09 6.71560923e-08 6.73045213e-08
2.49749537e+00 1.25016653e-09 6.73475941e-08 6.74514507e-08
2.50060946e+00 1.25172496e-09 6.75391391e-08 6.75983941e-08
2.50372354e+00 1.25328397e-09 6.77306967e-08 6.77453364e-08
2.50683762e+00 1.25484287e-09 6.79222337e-08 6.78922626e-08
2.50995171e+00 1.25640188e-09 6.81137138e-08 6.80391535e-08
2.51306579e+00 1.25796031e-09 6.83051038e-08 6.81859914e-08
2.51617988e+00 1.25951920e-09 6.84963713e-08 6.83327626e-08
2.51929396e+00 1.26107787e-09 6.86874850e-08 6.84794513e-08
2.52240804e+00 1.26263688e-09 6.88784081e-08 6.86260377e-08
2.52552213e+00 1.26419566e-09 6.90691088e-08 6.87725080e-08
2.52863621e+00 1.26575432e-09 6.92595553e-08 6.89188461e-08
2.53175030e+00 1.26731321e-09 6.94497112e-08 6.90650322e-08
2.53486438e+00 1.26887199e-09 6.96395459e-08 6.92110539e-08
2.53797846e+00 1.27043100e-09 6.98290291e-08 6.93568960e-08
2.54109255e+00 1.27198990e-09 7.00181247e-08 6.95025392e-08
2.54420663e+00 1.27354856e-09 7.02068019e-08 6.96479705e-08
2.54732072e+00 1.27510722e-09 7.03950276e-08 6.97931716e-08
2.55043480e+00 1.27666612e-09 7.05827732e-08 6.99381314e-08
2.55354888e+00 1.27822490e-09 7.07700047e-08 7.00828320e-08
2.55666297e+00 1.27978368e-09 7.09566872e-08 7.02272545e-08
2.55977705e+00 1.28134245e-09 7.11427966e-08 7.03713911e-08
2.56289114e+00 1.28290135e-09 7.13282984e-08 7.05152233e-08
2.56600522e+00 1.28446024e-09 7.15131583e-08 7.06587326e-08
2.56911930e+00 1.28601902e-09 7.16973532e-08 7.08019116e-08
2.57223339e+00 1.28757734e-09 7.18808492e-08 7.09447424e-08
2.57534747e+00 1.28913623e-09 7.20636130e-08 7.10872069e-08
2.57846156e+00 1.29069513e-09 7.22456222e-08 7.12292982e-08
2.58157564e+00 1.29225391e-09 7.24268439e-08 7.13709989e-08
2.58468972e+00 1.29381280e-09 7.26072458e-08 7.15122914e-08
2.58780381e+00 1.29537181e-09 7.27868062e-08 7.16531695e-08
2.59091789e+00 1.29693047e-09 7.29654935e-08 7.17936158e-08
2.59403198e+00 1.29848937e-09 7.31432761e-08 7.19336139e-08
2.59714606e+00 1.30004803e-09 7.33201338e-08 7.20731577e-08
2.60026014e+00 1.30160669e-09 7.34960356e-08 7.22122307e-08
2.60337423e+00 1.30316582e-09 7.36709513e-08 7.23508168e-08
2.60648831e+00 1.30472460e-09 7.38448618e-08 7.24889107e-08
2.60960240e+00 1.30628338e-09 7.40177371e-08 7.26264966e-08
2.61271648e+00 1.30784239e-09 7.41895484e-08 7.27635586e-08
2.61583056e+00 1.30940070e-09 7.43602775e-08 7.29000924e-08
2.61894465e+00 1.31095971e-09 7.45298962e-08 7.30360826e-08
2.62205873e+00 1.31251838e-09 7.46983764e-08 7.31715142e-08
2.62517282e+00 1.31407750e-09 7.48657016e-08 7.33063833e-08
2.62828690e+00 1.31563605e-09 7.50318445e-08 7.34406754e-08
2.63140098e+00 1.31719495e-09 7.51967789e-08 7.35743761e-08
2.63451507e+00 1.31875372e-09 7.53604891e-08 7.37074822e-08
2.63762915e+00 1.32031273e-09 7.55229496e-08 7.38399797e-08
2.64074324e+00 1.32187140e-09 7.56841354e-08 7.39718553e-08
2.64385732e+00 1.32342994e-09 7.58440323e-08 7.41031060e-08
2.64697140e+00 1.32498872e-09 7.60026164e-08 7.42337191e-08
2.65008549e+00 1.32654797e-09 7.61598640e-08 7.43636814e-08
2.65319957e+00 1.32810628e-09 7.63157624e-08 7.44929912e-08
2.65631366e+00 1.32966529e-09 7.64702893e-08 7.46216361e-08
2.65942774e+00 1.33122407e-09 7.66234226e-08 7.47496041e-08
2.66254182e+00 1.33278308e-09 7.67751511e-08 7.48768939e-08
2.66565591e+00 1.33434174e-09 7.69254505e-08 7.50034906e-08
2.66876999e+00 1.33590052e-09 7.70743110e-08 7.51293934e-08
2.67188408e+00 1.33745953e-09 7.72217125e-08 7.52545912e-08
2.67499816e+00 1.33901843e-09 7.73676356e-08 7.53790734e-08
2.67811224e+00 1.34057721e-09 7.75120724e-08 7.55028402e-08
2.68122633e+00 1.34213552e-09 7.76550043e-08 7.56258811e-08
2.68434041e+00 1.34369476e-09 7.77964139e-08 7.57481864e-08
2.68745450e+00 1.34525343e-09 7.79362946e-08 7.58697570e-08
2.69056858e+00 1.34681221e-09 7.80746299e-08 7.59905834e-08
2.69368266e+00 1.34837110e-09 7.82114038e-08 7.61106565e-08
2.69679675e+00 1.34992999e-09 7.83466117e-08 7.62299782e-08
2.69991083e+00 1.35148901e-09 7.84802387e-08 7.63485398e-08
2.70302492e+00 1.35304767e-09 7.86122708e-08 7.64663331e-08
2.70613900e+00 1.35460633e-09 7.87427049e-08 7.65833607e-08
2.70925308e+00 1.35616511e-09 7.88715282e-08 7.66996149e-08
2.71236717e+00 1.35772400e-09 7.89987282e-08 7.68150882e-08
2.71548125e+00 1.35928278e-09 7.91243039e-08 7.69297842e-08
2.71859534e+00 1.36084156e-09 7.92482441e-08 7.70436960e-08
2.72170942e+00 1.36240034e-09 7.93705383e-08 7.71568170e-08
2.72482350e+00 1.36395924e-09 7.94911874e-08 7.72691515e-08
2.72793759e+00 1.36551813e-09 7.96101819e-08 7.73806937e-08
2.73105167e+00 1.36707668e-09 7.97275133e-08 7.74914377e-08
2.73416576e+00 1.36863569e-09 7.98431841e-08 7.76013888e-08
2.73727984e+00 1.37019481e-09 7.99571871e-08 7.77105420e-08
2.74039392e+00 1.37175348e-09 8.00695153e-08 7.78188924e-08
2.74350801e+00 1.37331202e-09 8.01801734e-08 7.79264460e-08
2.74662209e+00 1.37487127e-09 8.02891559e-08 7.80331988e-08
2.74973618e+00 1.37642981e-09 8.03964578e-08 7.81391467e-08
2.75285026e+00 1.37798871e-09 8.05020856e-08 7.82442968e-08
2.75596434e+00 1.37954772e-09 8.06060356e-08 7.83486456e-08
2.75907843e+00 1.38110627e-09 8.07083050e-08 7.84521903e-08
2.76219251e+00 1.38266516e-09 8.08089021e-08 7.85549386e-08
2.76530660e+00 1.38422394e-09 8.09078251e-08 7.86568882e-08
2.76842068e+00 1.38578283e-09 8.10050730e-08 7.87580368e-08
2.77153477e+00 1.38734173e-09 8.11006560e-08 7.88583932e-08
2.77464885e+00 1.38890039e-09 8.11945743e-08 7.89579560e-08
2.77776293e+00 1.39045905e-09 8.12868288e-08 7.90567237e-08
2.78087702e+00 1.39201783e-09 8.13774316e-08 7.91547061e-08
2.78399110e+00 1.39357684e-09 8.14663848e-08 7.92519026e-08
2.78710519e+00 1.39513562e-09 8.15536911e-08 7.93483126e-08
2.79021927e+00 1.39669440e-09 8.16393645e-08 7.94439468e-08
2.79333335e+00 1.39825341e-09 8.17234090e-08 7.95388055e-08
2.79644744e+00 1.39981196e-09 8.18058292e-08 7.96328889e-08
2.79956152e+00 1.40137074e-09 8.18866410e-08 7.97262087e-08
2.80267561e+00 1.40292952e-09 8.19658502e-08 7.98187659e-08
2.80578969e+00 1.40448876e-09 8.20434634e-08 7.99105618e-08
2.80890377e+00 1.40604731e-09 8.21194981e-08 8.00016087e-08
2.81201786e+00 1.40760620e-09 8.21939620e-08 8.00919086e-08
2.81513194e+00 1.40916498e-09 8.22668635e-08 8.01814637e-08
2.81824603e+00 1.41072399e-09 8.23382221e-08 8.02702872e-08
2.82136011e+00 1.41228288e-09 8.24080472e-08 8.03583819e-08
2.82447419e+00 1.41384155e-09 8.24763489e-08 8.04457508e-08
2.82758828e+00 1.41540021e-09 8.25431485e-08 8.05324078e-08
2.83070236e+00 1.41695922e-09 8.26084572e-08 8.06183568e-08
2.83381645e+00 1.41851777e-09 8.26722869e-08 8.07036015e-08
2.83693053e+00 1.42007655e-09 8.27346606e-08 8.07881568e-08
2.84004461e+00 1.42163556e-09 8.27955913e-08 8.08720272e-08
2.84315870e+00 1.42319434e-09 8.28550924e-08 8.09552173e-08
2.84627278e+00 1.42475311e-09 8.29131887e-08 8.10377429e-08
2.84938687e+00 1.42631236e-09 8.29698913e-08 8.11196055e-08
2.85250095e+00 1.42787090e-09 8.30252259e-08 8.12008215e-08
2.85561503e+00 1.42942968e-09 8.30792085e-08 8.12813965e-08
2.85872912e+00 1.43098846e-09 8.31318550e-08 8.13613366e-08
2.86184320e+00 1.43254724e-09 8.31831930e-08 8.14406588e-08
2.86495729e+00 1.43410602e-09 8.32332397e-08 8.15193696e-08
2.86807137e+00 1.43566480e-09 8.32820131e-08 8.15974758e-08
2.87118545e+00 1.43722381e-09 8.33295419e-08 8.16749950e-08
2.87429954e+00 1.43878270e-09 8.33758451e-08 8.17519347e-08
2.87741362e+00 1.44034125e-09 8.34209418e-08 8.18283022e-08
2.88052771e+00 1.44190026e-09 8.34648626e-08 8.19041161e-08
2.88364179e+00 1.44345892e-09 8.35076277e-08 8.19793843e-08
2.88675587e+00 1.44501817e-09 8.35492578e-08 8.20541151e-08
2.88986996e+00 1.44657671e-09 8.35897847e-08 8.21283276e-08
2.89298404e+00 1.44813549e-09 8.36292300e-08 8.22020305e-08
2.89609813e+00 1.44969450e-09 8.36676159e-08 8.22752325e-08
2.89921221e+00 1.45125305e-09 8.37049753e-08 8.23479537e-08
2.90232629e+00 1.45281194e-09 8.37413314e-08 8.24202032e-08
2.90544038e+00 1.45437072e-09 8.37767072e-08 8.24919907e-08
2.90855446e+00 1.45592985e-09 8.38111375e-08 8.25633364e-08
2.91166855e+00 1.45748863e-09 8.38446460e-08 8.26342505e-08
2.91478263e+00 1.45904717e-09 8.38772575e-08 8.27047429e-08
2.91789671e+00 1.46060595e-09 8.39090074e-08 8.27748348e-08
2.92101080e+00 1.46216496e-09 8.39399210e-08 8.28445366e-08
2.92412488e+00 1.46372374e-09 8.39700239e-08 8.29138591e-08
2.92723897e+00 1.46528252e-09 8.39993526e-08 8.29828237e-08
2.93035305e+00 1.46684107e-09 8.40279336e-08 8.30514416e-08
2.93346713e+00 1.46839996e-09 8.40557933e-08 8.31197240e-08
2.93658122e+00 1.46995886e-09 8.40829693e-08 8.31876929e-08
2.93969530e+00 1.47151740e-09 8.41094890e-08 8.32553599e-08
2.94280939e+00 1.47307630e-09 8.41353796e-08 8.33227366e-08
2.94592347e+00 1.47463519e-09 8.41606798e-08 8.33898457e-08
2.94903755e+00 1.47619409e-09 8.41854176e-08 8.34566991e-08
2.95215164e+00 1.47775275e-09 8.42096212e-08 8.35233089e-08
2.95526572e+00 1.47931153e-09 8.42333299e-08 8.35896981e-08
2.95837981e+00 1.48087066e-09 8.42565725e-08 8.36558790e-08
2.96149389e+00 1.48242932e-09 8.42793778e-08 8.37218643e-08
2.96460797e+00 1.48398810e-09 8.43017860e-08 8.37876771e-08
2.96772206e+00 1.48554676e-09 8.43238263e-08 8.38533303e-08
2.97083614e+00 1.48710589e-09 8.43455283e-08 8.39188366e-08
2.97395023e+00 1.48866432e-09 8.43669326e-08 8.39842198e-08
2.97706431e+00 1.49022321e-09 8.43880689e-08 8.40494928e-08
2.98017839e+00 1.49178211e-09 8.44089674e-08 8.41146688e-08
2.98329248e+00 1.49334100e-09 8.44296689e-08 8.41797717e-08
2.98640656e+00 1.49489978e-09 8.44502038e-08 8.42448146e-08
2.98952065e+00 1.49645856e-09 8.44706026e-08 8.43098111e-08
2.99263473e+00 1.49801745e-09 8.44909064e-08 8.43747852e-08
2.99574881e+00 1.49957600e-09 8.45111458e-08 8.44397503e-08
2.99886290e+00 1.50113501e-09 8.45313516e-08 8.45047200e-08
3.00197698e+00 1.50269391e-09 8.45515651e-08 8.45697185e-08
3.00509107e+00 1.50425245e-09 8.45718172e-08 8.46347595e-08
3.00820515e+00 1.50581123e-09 8.45921387e-08 8.46998564e-08
3.01131923e+00 1.50737001e-09 8.46125711e-08 8.47650337e-08
3.01443332e+00 1.50892925e-09 8.46331452e-08 8.48303051e-08
3.01754740e+00 1.51048768e-09 8.46538919e-08 8.48956841e-08
3.02066149e+00 1.51204635e-09 8.46748527e-08 8.49611952e-08
3.02377557e+00 1.51360559e-09 8.46960584e-08 8.50268521e-08
3.02688965e+00 1.51516437e-09 8.47175396e-08 8.50926684e-08
3.03000374e+00 1.51672280e-09 8.47393378e-08 8.51586684e-08
3.03311782e+00 1.51828169e-09 8.47614835e-08 8.52248657e-08
3.03623191e+00 1.51984059e-09 8.47840073e-08 8.52912740e-08
3.03934599e+00 1.52139948e-09 8.48069503e-08 8.53579175e-08
3.04246007e+00 1.52295826e-09 8.48303391e-08 8.54248061e-08
3.04557416e+00 1.52451727e-09 8.48542147e-08 8.54919639e-08
3.04868824e+00 1.52607582e-09 8.48786070e-08 8.55594044e-08
3.05180233e+00 1.52763483e-09 8.49035458e-08 8.56271409e-08
3.05491641e+00 1.52919349e-09 8.49290717e-08 8.56951973e-08
3.05803049e+00 1.53075239e-09 8.49552141e-08 8.57635868e-08
3.06114458e+00 1.53231140e-09 8.49820023e-08 8.58323224e-08
3.06425866e+00 1.53386995e-09 8.50094761e-08 8.59014279e-08
3.06737275e+00 1.53542907e-09 8.50376644e-08 8.59709161e-08
3.07048683e+00 1.53698774e-09 8.50665958e-08 8.60407997e-08
3.07360091e+00 1.53854640e-09 8.50963095e-08 8.61111023e-08
3.07671500e+00 1.54010529e-09 8.51268335e-08 8.61818362e-08
3.07982908e+00 1.54166407e-09 8.51581958e-08 8.62530139e-08
3.08294317e+00 1.54322262e-09 8.51904346e-08 8.63246583e-08
3.08605725e+00 1.54478163e-09 8.52235772e-08 8.63967817e-08
3.08917133e+00 1.54634064e-09 8.52576504e-08 8.64693958e-08
3.09228542e+00 1.54789930e-09 8.52926918e-08 8.65425233e-08
3.09539950e+00 1.54945831e-09 8.53287275e-08 8.66161758e-08
3.09851359e+00 1.55101674e-09 8.53657836e-08 8.66903649e-08
3.10162767e+00 1.55257564e-09 8.54038963e-08 8.67651123e-08
3.10474175e+00 1.55413442e-09 8.54430908e-08 8.68404294e-08
3.10785584e+00 1.55569331e-09 8.54833919e-08 8.69163270e-08
3.11096992e+00 1.55725232e-09 8.55248348e-08 8.69928266e-08
3.11408401e+00 1.55881110e-09 8.55674435e-08 8.70699386e-08
3.11719809e+00 1.56036976e-09 8.56112415e-08 8.71476734e-08
3.12031217e+00 1.56192866e-09 8.56562628e-08 8.72260518e-08
3.12342626e+00 1.56348744e-09 8.57025301e-08 8.73050836e-08
3.12654034e+00 1.56504645e-09 8.57500656e-08 8.73847786e-08
3.12965443e+00 1.56660523e-09 8.57989017e-08 8.74651567e-08
3.13276851e+00 1.56816377e-09 8.58490599e-08 8.75462272e-08
3.13588259e+00 1.56972278e-09 8.59005609e-08 8.76279991e-08
3.13899668e+00 1.57128133e-09 8.59534358e-08 8.77104916e-08
3.14211076e+00 1.57284011e-09 8.60077044e-08 8.77937131e-08
3.14522485e+00 1.57439900e-09 8.60633860e-08 8.78776719e-08
3.14833893e+00 1.57595790e-09 8.61205101e-08 8.79623865e-08
3.15145301e+00 1.57751668e-09 8.61790949e-08 8.80478645e-08
3.15456710e+00 1.57907546e-09 8.62391581e-08 8.81341132e-08
3.15768118e+00 1.58063400e-09 8.63007276e-08 8.82211505e-08
3.16079527e+00 1.58219313e-09 8.63638199e-08 8.83089829e-08
3.16390935e+00 1.58375191e-09 8.64284510e-08 8.83976171e-08
3.16702343e+00 1.58531069e-09 8.64946471e-08 8.84870698e-08
3.17013752e+00 1.58686981e-09 8.65624231e-08 8.85773469e-08
3.17325160e+00 1.58842825e-09 8.66317930e-08 8.86684541e-08
3.17636569e+00 1.58998714e-09 8.67027813e-08 8.87604071e-08
3.17947977e+00 1.59154615e-09 8.67754010e-08 8.88532110e-08
3.18259385e+00 1.59310505e-09 8.68496646e-08 8.89468703e-08
3.18570794e+00 1.59466382e-09 8.69255944e-08 8.90414001e-08
3.18882202e+00 1.59622260e-09 8.70032016e-08 8.91368043e-08
3.19193611e+00 1.59778103e-09 8.70824968e-08 8.92330865e-08
3.19505019e+00 1.59933981e-09 8.71635005e-08 8.93302607e-08
3.19816427e+00 1.60089871e-09 8.72462221e-08 8.94283299e-08
3.20127836e+00 1.60245749e-09 8.73306699e-08 8.95272968e-08
3.20439244e+00 1.60401638e-09 8.74168627e-08 8.96271742e-08
3.20750653e+00 1.60557551e-09 8.75048077e-08 8.97279642e-08
3.21062061e+00 1.60713394e-09 8.75945115e-08 8.98296684e-08
3.21373469e+00 1.60869318e-09 8.76859907e-08 8.99322987e-08
3.21684878e+00 1.61025173e-09 8.77792506e-08 9.00358560e-08
3.21996286e+00 1.61181074e-09 8.78742958e-08 9.01403408e-08
3.22307695e+00 1.61336952e-09 8.79711408e-08 9.02457641e-08
3.22619103e+00 1.61492795e-09 8.80697852e-08 9.03521221e-08
3.22930511e+00 1.61648719e-09 8.81702423e-08 9.04594250e-08
3.23241920e+00 1.61804585e-09 8.82725140e-08 9.05676720e-08
3.23553328e+00 1.61960452e-09 8.83766013e-08 9.06768618e-08
3.23864737e+00 1.62116353e-09 8.84825155e-08 9.07870036e-08
3.24176145e+00 1.62272219e-09 8.85902564e-08 9.08980953e-08
3.24487553e+00 1.62428097e-09 8.86998229e-08 9.10101349e-08
3.24798962e+00 1.62583998e-09 8.88112242e-08 9.11231301e-08
3.25110370e+00 1.62739864e-09 8.89244580e-08 9.12370781e-08
3.25421779e+00 1.62895765e-09 8.90395214e-08 9.13519755e-08
3.25733187e+00 1.63051655e-09 8.91564212e-08 9.14678293e-08
3.26044595e+00 1.63207533e-09 8.92751532e-08 9.15846353e-08
3.26356004e+00 1.63363422e-09 8.93957123e-08 9.17023893e-08
3.26667412e+00 1.63519288e-09 8.95181035e-08 9.18210970e-08
3.26978821e+00 1.63675201e-09 8.96423203e-08 9.19407532e-08
3.27290229e+00 1.63831044e-09 8.97683557e-08 9.20613527e-08
3.27601637e+00 1.63986899e-09 8.98962126e-08 9.21829001e-08
3.27913046e+00 1.64142800e-09 9.00258824e-08 9.23053893e-08
3.28224454e+00 1.64298678e-09 9.01573561e-08 9.24288139e-08
3.28535863e+00 1.64454544e-09 9.02906346e-08 9.25531775e-08
3.28847271e+00 1.64610433e-09 9.04257075e-08 9.26784730e-08
3.29158679e+00 1.64766346e-09 9.05625636e-08 9.28046928e-08
3.29470088e+00 1.64922201e-09 9.07012018e-08 9.29318399e-08
3.29781496e+00 1.65078102e-09 9.08416097e-08 9.30599059e-08
3.30092905e+00 1.65233980e-09 9.09837743e-08 9.31888824e-08
3.30404313e+00 1.65389869e-09 9.11276926e-08 9.33187710e-08
3.30715721e+00 1.65545724e-09 9.12733501e-08 9.34495627e-08
3.31027130e+00 1.65701625e-09 9.14207321e-08 9.35812480e-08
3.31338538e+00 1.65857514e-09 9.15698335e-08 9.37138277e-08
3.31649947e+00 1.66013358e-09 9.17206381e-08 9.38472917e-08
3.31961355e+00 1.66169270e-09 9.18731291e-08 9.39816297e-08
3.32272763e+00 1.66325136e-09 9.20273000e-08 9.41168415e-08
3.32584172e+00 1.66481038e-09 9.21831327e-08 9.42529162e-08
3.32895580e+00 1.66636881e-09 9.23406086e-08 9.43898423e-08
3.33206989e+00 1.66792805e-09 9.24997191e-08 9.45276191e-08
3.33518397e+00 1.66948648e-09 9.26604447e-08 9.46662346e-08
3.33829805e+00 1.67104526e-09 9.28227650e-08 9.48056768e-08
3.34141214e+00 1.67260415e-09 9.29866699e-08 9.49459437e-08
3.34452622e+00 1.67416282e-09 9.31521382e-08 9.50870229e-08
3.34764031e+00 1.67572148e-09 9.33191478e-08 9.52289012e-08
3.35075439e+00 1.67728084e-09 9.34876870e-08 9.53715763e-08
3.35386847e+00 1.67883938e-09 9.36577330e-08 9.55150346e-08
3.35698256e+00 1.68039816e-09 9.38292622e-08 9.56592626e-08
3.36009664e+00 1.68195694e-09 9.40022615e-08 9.58042569e-08
3.36321073e+00 1.68351549e-09 9.41767065e-08 9.59500034e-08
3.36632481e+00 1.68507462e-09 9.43525724e-08 9.60964878e-08
3.36943889e+00 1.68663328e-09 9.45298444e-08 9.62437061e-08
3.37255298e+00 1.68819206e-09 9.47084969e-08 9.63916437e-08
3.37566706e+00 1.68975095e-09 9.48885036e-08 9.65402854e-08
3.37878115e+00 1.69130996e-09 9.50698486e-08 9.66896267e-08
3.38189523e+00 1.69286862e-09 9.52525050e-08 9.68396525e-08
3.38500931e+00 1.69442706e-09 9.54364453e-08 9.69903468e-08
3.38812340e+00 1.69598641e-09 9.56216524e-08 9.71417051e-08
3.39123748e+00 1.69754473e-09 9.58080980e-08 9.72937111e-08
3.39435157e+00 1.69910386e-09 9.59957536e-08 9.74463490e-08
3.39746565e+00 1.70066275e-09 9.61846012e-08 9.75996132e-08
3.40057973e+00 1.70222130e-09 9.63746115e-08 9.77534873e-08
3.40369382e+00 1.70378031e-09 9.65657550e-08 9.79079549e-08
3.40680790e+00 1.70533932e-09 9.67580123e-08 9.80630102e-08
3.40992199e+00 1.70689787e-09 9.69513500e-08 9.82186329e-08
3.41303607e+00 1.70845664e-09 9.71457483e-08 9.83748168e-08
3.41615015e+00 1.71001542e-09 9.73411765e-08 9.85315450e-08
3.41926424e+00 1.71157420e-09 9.75376038e-08 9.86888005e-08
3.42237832e+00 1.71313321e-09 9.77350096e-08 9.88465769e-08
3.42549241e+00 1.71469199e-09 9.79333626e-08 9.90048571e-08
3.42860649e+00 1.71625077e-09 9.81326313e-08 9.91636239e-08
3.43172057e+00 1.71780955e-09 9.83327945e-08 9.93228706e-08
3.43483466e+00 1.71936844e-09 9.85338203e-08 9.94825798e-08
3.43794874e+00 1.72092722e-09 9.87356768e-08 9.96427343e-08
3.44106283e+00 1.72248588e-09 9.89383422e-08 9.98033273e-08
3.44417691e+00 1.72404490e-09 9.91417843e-08 9.99643414e-08
3.44729099e+00 1.72560367e-09 9.93459706e-08 1.00125759e-07
3.45040508e+00 1.72716280e-09 9.95508793e-08 1.00287574e-07
3.45351916e+00 1.72872135e-09 9.97564776e-08 1.00449768e-07
3.45663325e+00 1.73028001e-09 9.99627330e-08 1.00612325e-07
3.45974733e+00 1.73183925e-09 1.00169623e-07 1.00775237e-07
3.46286141e+00 1.73339803e-09 1.00377116e-07 1.00938486e-07
3.46597550e+00 1.73495658e-09 1.00585178e-07 1.01102057e-07
3.46908958e+00 1.73651559e-09 1.00793787e-07 1.01265942e-07
3.47220367e+00 1.73807437e-09 1.01002911e-07 1.01430124e-07
3.47531775e+00 1.73963291e-09 1.01212516e-07 1.01594586e-07
3.47843183e+00 1.74119216e-09 1.01422582e-07 1.01759322e-07
3.48154592e+00 1.74275094e-09 1.01633075e-07 1.01924314e-07
3.48466000e+00 1.74430948e-09 1.01843963e-07 1.02089546e-07
3.48777409e+00 1.74586849e-09 1.02055224e-07 1.02255013e-07
3.49088817e+00 1.74742704e-09 1.02266826e-07 1.02420696e-07
3.49400225e+00 1.74898594e-09 1.02478736e-07 1.02586581e-07
3.49711634e+00 1.75054506e-09 1.02690935e-07 1.02752661e-07
3.50023042e+00 1.75210384e-09 1.02903389e-07 1.02918920e-07
3.50334451e+00 1.75366250e-09 1.03116068e-07 1.03085343e-07
3.50645859e+00 1.75522128e-09 1.03328951e-07 1.03251924e-07
3.50957267e+00 1.75677995e-09 1.03542006e-07 1.03418648e-07
3.51268676e+00 1.75833884e-09 1.03755203e-07 1.03585499e-07
3.51580084e+00 1.75989739e-09 1.03968523e-07 1.03752473e-07
3.51891493e+00 1.76145628e-09 1.04181934e-07 1.03919555e-07
3.52202901e+00 1.76301529e-09 1.04395408e-07 1.04086731e-07
3.52514309e+00 1.76457407e-09 1.04608925e-07 1.04253997e-07
3.52825718e+00 1.76613285e-09 1.04822456e-07 1.04421338e-07
3.53137126e+00 1.76769163e-09 1.05035972e-07 1.04588741e-07
3.53448535e+00 1.76925064e-09 1.05249455e-07 1.04756202e-07
3.53759943e+00 1.77080919e-09 1.05462879e-07 1.04923710e-07
3.54071351e+00 1.77236796e-09 1.05676214e-07 1.05091250e-07
3.54382760e+00 1.77392674e-09 1.05889446e-07 1.05258821e-07
3.54694168e+00 1.77548575e-09 1.06102546e-07 1.05426410e-07
3.55005577e+00 1.77704442e-09 1.06315490e-07 1.05594006e-07
3.55316985e+00 1.77860354e-09 1.06528263e-07 1.05761608e-07
3.55628393e+00 1.78016209e-09 1.06740838e-07 1.05929204e-07
3.55939802e+00 1.78172122e-09 1.06953194e-07 1.06096784e-07
3.56251210e+00 1.78327965e-09 1.07165315e-07 1.06264348e-07
3.56562619e+00 1.78483843e-09 1.07377179e-07 1.06431886e-07
3.56874027e+00 1.78639744e-09 1.07588764e-07 1.06599389e-07
3.57185435e+00 1.78795622e-09 1.07800059e-07 1.06766858e-07
3.57496844e+00 1.78951499e-09 1.08011042e-07 1.06934285e-07
3.57808252e+00 1.79107389e-09 1.08221693e-07 1.07101662e-07
3.58119661e+00 1.79263278e-09 1.08432003e-07 1.07268991e-07
3.58431069e+00 1.79419133e-09 1.08641954e-07 1.07436267e-07
3.58742477e+00 1.79575046e-09 1.08851527e-07 1.07603481e-07
3.59053886e+00 1.79730912e-09 1.09060716e-07 1.07770639e-07
3.59365294e+00 1.79886767e-09 1.09269505e-07 1.07937736e-07
3.59676703e+00 1.80042668e-09 1.09477878e-07 1.08104767e-07
3.59988111e+00 1.80198569e-09 1.09685831e-07 1.08271737e-07
3.60299519e+00 1.80354447e-09 1.09893348e-07 1.08438640e-07
3.60610928e+00 1.80510301e-09 1.10100425e-07 1.08605485e-07
3.60922336e+00 1.80666179e-09 1.10307052e-07 1.08772267e-07
3.61233745e+00 1.80822080e-09 1.10513219e-07 1.08938986e-07
3.61545153e+00 1.80977923e-09 1.10718925e-07 1.09105651e-07
3.61856561e+00 1.81133836e-09 1.10924163e-07 1.09272263e-07
3.62167970e+00 1.81289691e-09 1.11128926e-07 1.09438821e-07
3.62479378e+00 1.81445580e-09 1.11333217e-07 1.09605337e-07
3.62790787e+00 1.81601447e-09 1.11537032e-07 1.09771815e-07
3.63102195e+00 1.81757336e-09 1.11740368e-07 1.09938255e-07
3.63413603e+00 1.81913237e-09 1.11943231e-07 1.10104673e-07
3.63725012e+00 1.82069103e-09 1.12145621e-07 1.10271074e-07
3.64036420e+00 1.82224981e-09 1.12347539e-07 1.10437461e-07
3.64347829e+00 1.82380871e-09 1.12548995e-07 1.10603853e-07
3.64659237e+00 1.82536760e-09 1.12749993e-07 1.10770257e-07
3.64970645e+00 1.82692626e-09 1.12950537e-07 1.10936680e-07
3.65282054e+00 1.82848539e-09 1.13150644e-07 1.11103143e-07
3.65593462e+00 1.83004382e-09 1.13350320e-07 1.11269654e-07
3.65904871e+00 1.83160260e-09 1.13549574e-07 1.11436227e-07
3.66216279e+00 1.83316150e-09 1.13748427e-07 1.11602882e-07
3.66527687e+00 1.83472051e-09 1.13946891e-07 1.11769633e-07
3.66839096e+00 1.83627928e-09 1.14144980e-07 1.11936494e-07
3.67150504e+00 1.83783806e-09 1.14342719e-07 1.12103493e-07
3.67461913e+00 1.83939673e-09 1.14540125e-07 1.12270644e-07
3.67773321e+00 1.84095550e-09 1.14737217e-07 1.12437965e-07
3.68084729e+00 1.84251428e-09 1.14934027e-07 1.12605487e-07
3.68396138e+00 1.84407318e-09 1.15130577e-07 1.12773230e-07
3.68707546e+00 1.84563196e-09 1.15326891e-07 1.12941214e-07
3.69018955e+00 1.84719074e-09 1.15523006e-07 1.13109473e-07
3.69330363e+00 1.84874975e-09 1.15718951e-07 1.13278032e-07
3.69641771e+00 1.85030864e-09 1.15914755e-07 1.13446916e-07
3.69953180e+00 1.85186719e-09 1.16110463e-07 1.13616163e-07
3.70264588e+00 1.85342608e-09 1.16306108e-07 1.13785800e-07
3.70575997e+00 1.85498475e-09 1.16501729e-07 1.13955858e-07
3.70887405e+00 1.85654364e-09 1.16697374e-07 1.14126379e-07
3.71198813e+00 1.85810242e-09 1.16893086e-07 1.14297396e-07
3.71510222e+00 1.85966097e-09 1.17088907e-07 1.14468943e-07
3.71821630e+00 1.86121986e-09 1.17284896e-07 1.14641068e-07
3.72133039e+00 1.86277876e-09 1.17481101e-07 1.14813808e-07
3.72444447e+00 1.86433753e-09 1.17677575e-07 1.14987204e-07
3.72755855e+00 1.86589654e-09 1.17874380e-07 1.15161307e-07
3.73067264e+00 1.86745532e-09 1.18071574e-07 1.15336161e-07
3.73378672e+00 1.86901410e-09 1.18269216e-07 1.15511811e-07
3.73690081e+00 1.87057276e-09 1.18467381e-07 1.15688315e-07
3.74001489e+00 1.87213143e-09 1.18666132e-07 1.15865722e-07
3.74312897e+00 1.87369021e-09 1.18865539e-07 1.16044083e-07
3.74624306e+00 1.87524922e-09 1.19065683e-07 1.16223463e-07
3.74935714e+00 1.87680800e-09 1.19266638e-07 1.16403917e-07
3.75247123e+00 1.87836677e-09 1.19468481e-07 1.16585503e-07
3.75558531e+00 1.87992555e-09 1.19671305e-07 1.16768291e-07
3.75869939e+00 1.88148433e-09 1.19875193e-07 1.16952344e-07
3.76181348e+00 1.88304346e-09 1.20080234e-07 1.17137725e-07
3.76492756e+00 1.88460201e-09 1.20286527e-07 1.17324514e-07
3.76804165e+00 1.88616090e-09 1.20494169e-07 1.17512779e-07
3.77115573e+00 1.88771968e-09 1.20703255e-07 1.17702594e-07
3.77426981e+00 1.88927857e-09 1.20913901e-07 1.17894043e-07
3.77738390e+00 1.89083700e-09 1.21126211e-07 1.18087204e-07
3.78049798e+00 1.89239602e-09 1.21340296e-07 1.18282156e-07
3.78361207e+00 1.89395491e-09 1.21556277e-07 1.18478995e-07
3.78672615e+00 1.89551404e-09 1.21774271e-07 1.18677803e-07
3.78984023e+00 1.89707235e-09 1.21994410e-07 1.18878678e-07
3.79295432e+00 1.89863125e-09 1.22216819e-07 1.19081713e-07
3.79606840e+00 1.90019014e-09 1.22441629e-07 1.19287003e-07
3.79918249e+00 1.90174892e-09 1.22668986e-07 1.19494659e-07
3.80229657e+00 1.90330747e-09 1.22899028e-07 1.19704780e-07
3.80541065e+00 1.90486659e-09 1.23131900e-07 1.19917473e-07
3.80852474e+00 1.90642526e-09 1.23367762e-07 1.20132856e-07
3.81163882e+00 1.90798450e-09 1.23606766e-07 1.20351042e-07
3.81475291e+00 1.90954305e-09 1.23849073e-07 1.20572145e-07
3.81786699e+00 1.91110182e-09 1.24094854e-07 1.20796296e-07
3.82098107e+00 1.91266049e-09 1.24344280e-07 1.21023619e-07
3.82409516e+00 1.91421915e-09 1.24597524e-07 1.21254241e-07
3.82720924e+00 1.91577816e-09 1.24854776e-07 1.21488302e-07
3.83032333e+00 1.91733740e-09 1.25116222e-07 1.21725939e-07
3.83343741e+00 1.91889630e-09 1.25382051e-07 1.21967289e-07
3.83655149e+00 1.92045473e-09 1.25652469e-07 1.22212508e-07
3.83966558e+00 1.92201362e-09 1.25927679e-07 1.22461743e-07
3.84277966e+00 1.92357287e-09 1.26207888e-07 1.22715148e-07
3.84589375e+00 1.92513130e-09 1.26493321e-07 1.22972888e-07
3.84900783e+00 1.92668984e-09 1.26784197e-07 1.23235125e-07
3.85212191e+00 1.92824874e-09 1.27080743e-07 1.23502025e-07
3.85523600e+00 1.92980786e-09 1.27383200e-07 1.23773771e-07
3.85835008e+00 1.93136630e-09 1.27691807e-07 1.24050538e-07
3.86146417e+00 1.93292507e-09 1.28006810e-07 1.24332508e-07
3.86457825e+00 1.93448420e-09 1.28328471e-07 1.24619876e-07
3.86769234e+00 1.93604275e-09 1.28657049e-07 1.24912835e-07
3.87080642e+00 1.93760187e-09 1.28992809e-07 1.25211580e-07
3.87392050e+00 1.93916031e-09 1.29336034e-07 1.25516325e-07
3.87703459e+00 1.94071932e-09 1.29687002e-07 1.25827278e-07
3.88014867e+00 1.94227821e-09 1.30046000e-07 1.26144653e-07
3.88326276e+00 1.94383711e-09 1.30413333e-07 1.26468677e-07
3.88637684e+00 1.94539565e-09 1.30789301e-07 1.26799578e-07
3.88949092e+00 1.94695466e-09 1.31174213e-07 1.27137585e-07
3.89260501e+00 1.94851344e-09 1.31568395e-07 1.27482947e-07
3.89571909e+00 1.95007222e-09 1.31972171e-07 1.27835906e-07
3.89883318e+00 1.95163088e-09 1.32385870e-07 1.28196715e-07
3.90194726e+00 1.95319001e-09 1.32809843e-07 1.28565636e-07
3.90506134e+00 1.95474844e-09 1.33244437e-07 1.28942934e-07
3.90817543e+00 1.95630757e-09 1.33690006e-07 1.29328877e-07
3.91128951e+00 1.95786635e-09 1.34146922e-07 1.29723753e-07
3.91440360e+00 1.95942489e-09 1.34615556e-07 1.30127843e-07
3.91751768e+00 1.96098367e-09 1.35096287e-07 1.30541439e-07
3.92063176e+00 1.96254245e-09 1.35589512e-07 1.30964844e-07
3.92374585e+00 1.96410123e-09 1.36095625e-07 1.31398363e-07
3.92685993e+00 1.96566024e-09 1.36615030e-07 1.31842307e-07
3.92997402e+00 1.96721902e-09 1.37148148e-07 1.32297005e-07
3.93308810e+00 1.96877757e-09 1.37695399e-07 1.32762782e-07
3.93620218e+00 1.97033646e-09 1.38257211e-07 1.33239972e-07
3.93931627e+00 1.97189535e-09 1.38834030e-07 1.33728922e-07
3.94243035e+00 1.97345402e-09 1.39426302e-07 1.34229982e-07
3.94554444e+00 1.97501314e-09 1.40034479e-07 1.34743506e-07
3.94865852e+00 1.97657181e-09 1.40659033e-07 1.35269869e-07
3.95177260e+00 1.97813047e-09 1.41300434e-07 1.35809441e-07
3.95488669e+00 1.97968948e-09 1.41959160e-07 1.36362603e-07
3.95800077e+00 1.98124826e-09 1.42635708e-07 1.36929749e-07
3.96111486e+00 1.98280704e-09 1.43330573e-07 1.37511274e-07
3.96422894e+00 1.98436558e-09 1.44044260e-07 1.38107580e-07
3.96734302e+00 1.98592448e-09 1.44777288e-07 1.38719089e-07
3.97045711e+00 1.98748337e-09 1.45530179e-07 1.39346221e-07
3.97357119e+00 1.98904215e-09 1.46303461e-07 1.39989402e-07
3.97668528e+00 1.99060082e-09 1.47097681e-07 1.40649075e-07
3.97979936e+00 1.99215936e-09 1.47913380e-07 1.41325681e-07
3.98291344e+00 1.99371861e-09 1.48751120e-07 1.42019682e-07
3.98602753e+00 1.99527738e-09 1.49611464e-07 1.42731538e-07
3.98914161e+00 1.99683605e-09 1.50494980e-07 1.43461718e-07
3.99225570e+00 1.99839506e-09 1.51402254e-07 1.44210705e-07
3.99536978e+00 1.99995372e-09 1.52333873e-07 1.44978986e-07
3.99848386e+00 2.00151261e-09 1.53290430e-07 1.45767052e-07
4.00159795e+00 2.00307139e-09 1.54272533e-07 1.46575416e-07
4.00471203e+00 2.00463052e-09 1.55280792e-07 1.47404586e-07
4.00782612e+00 2.00618884e-09 1.56315825e-07 1.48255082e-07
4.01094020e+00 2.00774761e-09 1.57378262e-07 1.49127436e-07
4.01405428e+00 2.00930674e-09 1.58468737e-07 1.50022185e-07
4.01716837e+00 2.01086529e-09 1.59587888e-07 1.50939869e-07
4.02028245e+00 2.01242418e-09 1.60736370e-07 1.51881052e-07
4.02339654e+00 2.01398319e-09 1.61914838e-07 1.52846290e-07
4.02651062e+00 2.01554186e-09 1.63123953e-07 1.53836152e-07
4.02962470e+00 2.01710075e-09 1.64364392e-07 1.54851222e-07
4.03273879e+00 2.01865941e-09 1.65636831e-07 1.55892083e-07
4.03585287e+00 2.02021819e-09 1.66941953e-07 1.56959326e-07
4.03896696e+00 2.02177720e-09 1.68280457e-07 1.58053563e-07
4.04208104e+00 2.02333587e-09 1.69653040e-07 1.59175399e-07
4.04519512e+00 2.02489511e-09 1.71060407e-07 1.60325452e-07
4.04830921e+00 2.02645342e-09 1.72503277e-07 1.61504354e-07
4.05142329e+00 2.02801255e-09 1.73982369e-07 1.62712736e-07
4.05453738e+00 2.02957133e-09 1.75498408e-07 1.63951239e-07
4.05765146e+00 2.03112987e-09 1.77052136e-07 1.65220519e-07
4.06076554e+00 2.03268889e-09 1.78644293e-07 1.66521234e-07
4.06387963e+00 2.03424755e-09 1.80275627e-07 1.67854047e-07
4.06699371e+00 2.03580633e-09 1.81946898e-07 1.69219637e-07
4.07010780e+00 2.03736557e-09 1.83658869e-07 1.70618684e-07
4.07322188e+00 2.03892400e-09 1.85412307e-07 1.72051877e-07
4.07633596e+00 2.04048278e-09 1.87207998e-07 1.73519920e-07
4.07945005e+00 2.04204179e-09 1.89046725e-07 1.75023516e-07
4.08256413e+00 2.04360057e-09 1.90929280e-07 1.76563377e-07
4.08567822e+00 2.04515900e-09 1.92856467e-07 1.78140231e-07
4.08879230e+00 2.04671813e-09 1.94829095e-07 1.79754805e-07
4.09190638e+00 2.04827679e-09 1.96847976e-07 1.81407835e-07
4.09502047e+00 2.04983592e-09 1.98913942e-07 1.83100073e-07
4.09813455e+00 2.05139446e-09 2.01027823e-07 1.84832272e-07
4.10124864e+00 2.05295313e-09 2.03190460e-07 1.86605191e-07
4.10436272e+00 2.05451225e-09 2.05402703e-07 1.88419607e-07
4.10747680e+00 2.05607068e-09 2.07665412e-07 1.90276298e-07
4.11059089e+00 2.05762935e-09 2.09979451e-07 1.92176048e-07
4.11370497e+00 2.05918812e-09 2.12345702e-07 1.94119660e-07
4.11681906e+00 2.06074690e-09 2.14765048e-07 1.96107936e-07
4.11993314e+00 2.06230557e-09 2.17238385e-07 1.98141688e-07
4.12304722e+00 2.06386481e-09 2.19766619e-07 2.00221745e-07
4.12616131e+00 2.06542324e-09 2.22350666e-07 2.02348936e-07
4.12927539e+00 2.06698213e-09 2.24991448e-07 2.04524101e-07
4.13238948e+00 2.06854091e-09 2.27689908e-07 2.06748095e-07
4.13550356e+00 2.07010016e-09 2.30446990e-07 2.09021775e-07
4.13861764e+00 2.07165893e-09 2.33263654e-07 2.11346012e-07
4.14173173e+00 2.07321748e-09 2.36140871e-07 2.13721688e-07
4.14484581e+00 2.07477649e-09 2.39079622e-07 2.16149692e-07
4.14795990e+00 2.07633515e-09 2.42080900e-07 2.18630924e-07
4.15107398e+00 2.07789370e-09 2.45145718e-07 2.21166298e-07
4.15418806e+00 2.07945271e-09 2.48275092e-07 2.23756734e-07
4.15730215e+00 2.08101149e-09 2.51470057e-07 2.26403164e-07
4.16041623e+00 2.08257050e-09 2.54731661e-07 2.29106537e-07
4.16353032e+00 2.08412916e-09 2.58060960e-07 2.31867806e-07
4.16664440e+00 2.08568759e-09 2.61459038e-07 2.34687942e-07
4.16975848e+00 2.08724661e-09 2.64926981e-07 2.37567923e-07
4.17287257e+00 2.08880562e-09 2.68465896e-07 2.40508739e-07
4.17598665e+00 2.09036474e-09 2.72076905e-07 2.43511403e-07
4.17910074e+00 2.09192341e-09 2.75761144e-07 2.46576929e-07
4.18221482e+00 2.09348207e-09 2.79519766e-07 2.49706349e-07
4.18532890e+00 2.09504096e-09 2.83353947e-07 2.52900711e-07
4.18844299e+00 2.09659997e-09 2.87264872e-07 2.56161073e-07
4.19155707e+00 2.09815840e-09 2.91253748e-07 2.59488508e-07
4.19467116e+00 2.09971730e-09 2.95321800e-07 2.62884110e-07
4.19778524e+00 2.10127608e-09 2.99470270e-07 2.66348981e-07
4.20089932e+00 2.10283497e-09 3.03700418e-07 2.69884239e-07
4.20401341e+00 2.10439364e-09 3.08013532e-07 2.73491023e-07
4.20712749e+00 2.10595265e-09 3.12410911e-07 2.77170482e-07
4.21024158e+00 2.10751142e-09 3.16893877e-07 2.80923784e-07
4.21335566e+00 2.10907020e-09 3.21463775e-07 2.84752120e-07
4.21646974e+00 2.11062898e-09 3.26121969e-07 2.88656690e-07
4.21958383e+00 2.11218765e-09 3.30869844e-07 2.92638715e-07
4.22269791e+00 2.11374654e-09 3.35708816e-07 2.96699436e-07
4.22581200e+00 2.11530520e-09 3.40640313e-07 3.00840110e-07
4.22892608e+00 2.11686387e-09 3.45665793e-07 3.05062012e-07
4.23204016e+00 2.11842288e-09 3.50786735e-07 3.09366446e-07
4.23515425e+00 2.11998177e-09 3.56004645e-07 3.13754725e-07
4.23826833e+00 2.12154055e-09 3.61321049e-07 3.18228187e-07
4.24138242e+00 2.12309933e-09 3.66737508e-07 3.22788191e-07
4.24449650e+00 2.12465822e-09 3.72255601e-07 3.27436117e-07
4.24761058e+00 2.12621700e-09 3.77876937e-07 3.32173365e-07
4.25072467e+00 2.12777566e-09 3.83603150e-07 3.37001365e-07
4.25383875e+00 2.12933433e-09 3.89435904e-07 3.41921562e-07
4.25695284e+00 2.13089322e-09 3.95376886e-07 3.46935426e-07
4.26006692e+00 2.13245212e-09 4.01427824e-07 3.52044453e-07
4.26318100e+00 2.13401113e-09 4.07590463e-07 3.57250160e-07
4.26629509e+00 2.13556979e-09 4.13866583e-07 3.62554090e-07
4.26940917e+00 2.13712880e-09 4.20257994e-07 3.67957818e-07
4.27252326e+00 2.13868735e-09 4.26766538e-07 3.73462936e-07
4.27563734e+00 2.14024624e-09 4.33394083e-07 3.79071066e-07
4.27875142e+00 2.14180514e-09 4.40142542e-07 3.84783857e-07
4.28186551e+00 2.14336357e-09 4.47013849e-07 3.90602984e-07
4.28497959e+00 2.14492269e-09 4.54009977e-07 3.96530149e-07
4.28809368e+00 2.14648124e-09 4.61132930e-07 4.02567091e-07
4.29120776e+00 2.14804037e-09 4.68384750e-07 4.08715570e-07
4.29432184e+00 2.14959915e-09 4.75767509e-07 4.14977377e-07
4.29743593e+00 2.15115804e-09 4.83283324e-07 4.21354333e-07
4.30055001e+00 2.15271670e-09 4.90934343e-07 4.27848292e-07
4.30366410e+00 2.15427525e-09 4.98722751e-07 4.34461136e-07
4.30677818e+00 2.15583426e-09 5.06650770e-07 4.41194786e-07
4.30989226e+00 2.15739327e-09 5.14720665e-07 4.48051190e-07
4.31300635e+00 2.15895205e-09 5.22934735e-07 4.55032330e-07
4.31612043e+00 2.16051106e-09 5.31295327e-07 4.62140220e-07
4.31923452e+00 2.16206961e-09 5.39804820e-07 4.69376913e-07
4.32234860e+00 2.16362839e-09 5.48465641e-07 4.76744491e-07
4.32546268e+00 2.16518717e-09 5.57280253e-07 4.84245083e-07
4.32857677e+00 2.16674583e-09 5.66251168e-07 4.91880842e-07
4.33169085e+00 2.16830472e-09 5.75380936e-07 4.99653966e-07
4.33480494e+00 2.16986350e-09 5.84672159e-07 5.07566685e-07
4.33791902e+00 2.17142228e-09 5.94127477e-07 5.15621272e-07
4.34103310e+00 2.17298129e-09 6.03749579e-07 5.23820033e-07
4.34414719e+00 2.17453972e-09 6.13541200e-07 5.32165326e-07
4.34726127e+00 2.17609862e-09 6.23505124e-07 5.40659538e-07
4.35037536e+00 2.17765751e-09 6.33644178e-07 5.49305102e-07
4.35348944e+00 2.17921617e-09 6.43961249e-07 5.58104489e-07
4.35660352e+00 2.18077495e-09 6.54459265e-07 5.67060215e-07
4.35971761e+00 2.18233373e-09 6.65141206e-07 5.76174846e-07
4.36283169e+00 2.18389286e-09 6.76010105e-07 5.85450982e-07
4.36594578e+00 2.18545152e-09 6.87069048e-07 5.94891275e-07
4.36905986e+00 2.18701053e-09 6.98321176e-07 6.04498415e-07
4.37217394e+00 2.18856931e-09 7.09769681e-07 6.14275147e-07
4.37528803e+00 2.19012832e-09 7.21417813e-07 6.24224255e-07
4.37840211e+00 2.19168710e-09 7.33268877e-07 6.34348583e-07
4.38151620e+00 2.19324588e-09 7.45326234e-07 6.44651014e-07
4.38463028e+00 2.19480454e-09 7.57593304e-07 6.55134484e-07
4.38774436e+00 2.19636344e-09 7.70073571e-07 6.65801977e-07
4.39085845e+00 2.19792222e-09 7.82770571e-07 6.76656532e-07
4.39397253e+00 2.19948099e-09 7.95687908e-07 6.87701237e-07
4.39708662e+00 2.20103989e-09 8.08829244e-07 6.98939240e-07
4.40020070e+00 2.20259890e-09 8.22198304e-07 7.10373738e-07
4.40331478e+00 2.20415756e-09 8.35798880e-07 7.22007983e-07
4.40642887e+00 2.20571623e-09 8.49634829e-07 7.33845283e-07
4.40954295e+00 2.20727512e-09 8.63710074e-07 7.45889004e-07
4.41265704e+00 2.20883448e-09 8.78028605e-07 7.58142568e-07
4.41577112e+00 2.21039268e-09 8.92594481e-07 7.70609464e-07
4.41888520e+00 2.21195146e-09 9.07411830e-07 7.83293231e-07
4.42199929e+00 2.21351000e-09 9.22484852e-07 7.96197476e-07
4.42511337e+00 2.21506901e-09 9.37817821e-07 8.09325860e-07
4.42822746e+00 2.21662768e-09 9.53415083e-07 8.22682116e-07
4.43134154e+00 2.21818669e-09 9.69281058e-07 8.36270032e-07
4.43445562e+00 2.21974523e-09 9.85420242e-07 8.50093474e-07
4.43756971e+00 2.22130436e-09 1.00183721e-06 8.64156363e-07
4.44068379e+00 2.22286291e-09 1.01853661e-06 8.78462694e-07
4.44379788e+00 2.22442192e-09 1.03552318e-06 8.93016524e-07
4.44691196e+00 2.22598035e-09 1.05280173e-06 9.07821985e-07
4.45002604e+00 2.22753948e-09 1.07037716e-06 9.22883276e-07
4.45314013e+00 2.22909849e-09 1.08825444e-06 9.38204677e-07
4.45625421e+00 2.23065715e-09 1.10643865e-06 9.53790531e-07
4.45936830e+00 2.23221581e-09 1.12493493e-06 9.69645263e-07
4.46248238e+00 2.23377482e-09 1.14374852e-06 9.85773365e-07
4.46559646e+00 2.23533337e-09 1.16288476e-06 1.00217942e-06
4.46871055e+00 2.23689250e-09 1.18234907e-06 1.01886806e-06
4.47182463e+00 2.23845081e-09 1.20214695e-06 1.03584405e-06
4.47493872e+00 2.24000982e-09 1.22228403e-06 1.05311218e-06
4.47805280e+00 2.24156872e-09 1.24276599e-06 1.07067736e-06
4.48116688e+00 2.24312726e-09 1.26359866e-06 1.08854456e-06
4.48428097e+00 2.24468569e-09 1.28478791e-06 1.10671885e-06
4.48739505e+00 2.24624494e-09 1.30633977e-06 1.12520538e-06
4.49050914e+00 2.24780360e-09 1.32826033e-06 1.14400940e-06
4.49362322e+00 2.24936238e-09 1.35055580e-06 1.16313622e-06
4.49673730e+00 2.25092092e-09 1.37323250e-06 1.18259129e-06
4.49985139e+00 2.25247970e-09 1.39629685e-06 1.20238010e-06
4.50296547e+00 2.25403871e-09 1.41975537e-06 1.22250826e-06
4.50607956e+00 2.25559749e-09 1.44361473e-06 1.24298148e-06
4.50919364e+00 2.25715627e-09 1.46788166e-06 1.26380557e-06
4.51230772e+00 2.25871493e-09 1.49256306e-06 1.28498642e-06
4.51542181e+00 2.26027383e-09 1.51766589e-06 1.30653003e-06
4.51853589e+00 2.26183214e-09 1.54319729e-06 1.32844251e-06
4.52164998e+00 2.26339139e-09 1.56916446e-06 1.35073007e-06
4.52476406e+00 2.26495005e-09 1.59557477e-06 1.37339901e-06
4.52787814e+00 2.26650894e-09 1.62243570e-06 1.39645577e-06
4.53099223e+00 2.26806772e-09 1.64975485e-06 1.41990687e-06
4.53410631e+00 2.26962650e-09 1.67753996e-06 1.44375896e-06
4.53722040e+00 2.27118528e-09 1.70579890e-06 1.46801879e-06
4.54033448e+00 2.27274418e-09 1.73453966e-06 1.49269323e-06
4.54344856e+00 2.27430307e-09 1.76377039e-06 1.51778927e-06
4.54656265e+00 2.27586208e-09 1.79349936e-06 1.54331403e-06
4.54967673e+00 2.27742086e-09 1.82373499e-06 1.56927472e-06
4.55279082e+00 2.27897964e-09 1.85448584e-06 1.59567871e-06
4.55590490e+00 2.28053842e-09 1.88576061e-06 1.62253346e-06
4.55901898e+00 2.28209696e-09 1.91756817e-06 1.64984659e-06
4.56213307e+00 2.28365609e-09 1.94991751e-06 1.67762583e-06
4.56524715e+00 2.28521487e-09 1.98281779e-06 1.70587904e-06
4.56836124e+00 2.28677353e-09 2.01627834e-06 1.73461422e-06
4.57147532e+00 2.28833231e-09 2.05030861e-06 1.76383952e-06
4.57458940e+00 2.28989097e-09 2.08491825e-06 1.79356320e-06
4.57770349e+00 2.29145010e-09 2.12011705e-06 1.82379368e-06
4.58081757e+00 2.29300876e-09 2.15591498e-06 1.85453952e-06
4.58393166e+00 2.29456754e-09 2.19232216e-06 1.88580943e-06
4.58704574e+00 2.29612667e-09 2.22934892e-06 1.91761225e-06
4.59015982e+00 2.29768579e-09 2.26700572e-06 1.94995700e-06
4.59327391e+00 2.29924423e-09 2.30530322e-06 1.98285282e-06
4.59638799e+00 2.30080300e-09 2.34425227e-06 2.01630904e-06
4.59950208e+00 2.30236190e-09 2.38386390e-06 2.05033511e-06
4.60261616e+00 2.30392091e-09 2.42414931e-06 2.08494068e-06
4.60573024e+00 2.30547957e-09 2.46511990e-06 2.12013554e-06
4.60884433e+00 2.30703824e-09 2.50678728e-06 2.15592965e-06
4.61195841e+00 2.30859701e-09 2.54916323e-06 2.19233314e-06
4.61507250e+00 2.31015591e-09 2.59225975e-06 2.22935632e-06
4.61818658e+00 2.31171469e-09 2.63608904e-06 2.26700966e-06
4.62130066e+00 2.31327335e-09 2.68066351e-06 2.30530383e-06
4.62441475e+00 2.31483236e-09 2.72599576e-06 2.34424966e-06
4.62752883e+00 2.31639079e-09 2.77209862e-06 2.38385818e-06
4.63064292e+00 2.31794969e-09 2.81898516e-06 2.42414059e-06
4.63375700e+00 2.31950881e-09 2.86666862e-06 2.46510830e-06
4.63687108e+00 2.32106713e-09 2.91516252e-06 2.50677290e-06
4.63998517e+00 2.32262614e-09 2.96448057e-06 2.54914618e-06
4.64309925e+00 2.32418492e-09 3.01463673e-06 2.59224013e-06
4.64621334e+00 2.32574404e-09 3.06564520e-06 2.63606696e-06
4.64932742e+00 2.32730247e-09 3.11752040e-06 2.68063905e-06
4.65244150e+00 2.32886125e-09 3.17027702e-06 2.72596903e-06
4.65555559e+00 2.33042003e-09 3.22392998e-06 2.77206973e-06
4.65866967e+00 2.33197893e-09 3.27849448e-06 2.81895418e-06
4.66178376e+00 2.33353782e-09 3.33398595e-06 2.86663566e-06
4.66489784e+00 2.33509648e-09 3.39042010e-06 2.91512766e-06
4.66801192e+00 2.33665538e-09 3.44781289e-06 2.96444390e-06
4.67112601e+00 2.33821393e-09 3.50618055e-06 3.01459834e-06
4.67424009e+00 2.33977294e-09 3.56553962e-06 3.06560516e-06
4.67735418e+00 2.34133160e-09 3.62590689e-06 3.11747881e-06
4.68046826e+00 2.34289038e-09 3.68729943e-06 3.17023395e-06
4.68358234e+00 2.34444927e-09 3.74973461e-06 3.22388551e-06
4.68669643e+00 2.34600828e-09 3.81323012e-06 3.27844869e-06
4.68981051e+00 2.34756683e-09 3.87780390e-06 3.33393891e-06
4.69292460e+00 2.34912526e-09 3.94347423e-06 3.39037187e-06
4.69603868e+00 2.35068462e-09 4.01025969e-06 3.44776355e-06
4.69915276e+00 2.35224317e-09 4.07817918e-06 3.50613017e-06
4.70226685e+00 2.35380218e-09 4.14725192e-06 3.56548826e-06
4.70538093e+00 2.35536049e-09 4.21749744e-06 3.62585461e-06
4.70849502e+00 2.35691927e-09 4.28893563e-06 3.68724630e-06
4.71160910e+00 2.35847817e-09 4.36158669e-06 3.74968069e-06
4.71472318e+00 2.36003718e-09 4.43547118e-06 3.81317546e-06
4.71783727e+00 2.36159584e-09 4.51061001e-06 3.87774856e-06
4.72095135e+00 2.36315462e-09 4.58702443e-06 3.94341826e-06
4.72406544e+00 2.36471328e-09 4.66473605e-06 4.01020315e-06
4.72717952e+00 2.36627241e-09 4.74376688e-06 4.07812211e-06
4.73029360e+00 2.36783119e-09 4.82413926e-06 4.14719437e-06
4.73340769e+00 2.36938996e-09 4.90587593e-06 4.21743946e-06
4.73652177e+00 2.37094898e-09 4.98900003e-06 4.28887726e-06
4.73963586e+00 2.37250752e-09 5.07353506e-06 4.36152797e-06
4.74274994e+00 2.37406595e-09 5.15950494e-06 4.43541215e-06
4.74586402e+00 2.37562496e-09 5.24693399e-06 4.51055070e-06
4.74897811e+00 2.37718386e-09 5.33584695e-06 4.58696488e-06
4.75209219e+00 2.37874264e-09 5.42626897e-06 4.66467630e-06
4.75520628e+00 2.38030142e-09 5.51822563e-06 4.74370696e-06
4.75832036e+00 2.38186019e-09 5.61174295e-06 4.82407920e-06
4.76143444e+00 2.38341886e-09 5.70684738e-06 4.90581576e-06
4.76454853e+00 2.38497798e-09 5.80356582e-06 4.98893977e-06
4.76766261e+00 2.38653665e-09 5.90192564e-06 5.07347473e-06
4.77077670e+00 2.38809554e-09 6.00195466e-06 5.15944457e-06
4.77389078e+00 2.38965409e-09 6.10368118e-06 5.24687361e-06
4.77700486e+00 2.39121322e-09 6.20713398e-06 5.33578657e-06
4.78011895e+00 2.39277199e-09 6.31234231e-06 5.42620860e-06
4.78323303e+00 2.39433054e-09 6.41933595e-06 5.51816530e-06
4.78634712e+00 2.39588944e-09 6.52814517e-06 5.61168266e-06
4.78946120e+00 2.39744821e-09 6.63880073e-06 5.70678714e-06
4.79257528e+00 2.39900699e-09 6.75133395e-06 5.80350565e-06
4.79568937e+00 2.40056589e-09 6.86577665e-06 5.90186555e-06
4.79880345e+00 2.40212501e-09 6.98216121e-06 6.00189465e-06
4.80191754e+00 2.40368379e-09 7.10052056e-06 6.10362126e-06
4.80503162e+00 2.40524234e-09 7.22088817e-06 6.20707415e-06
4.80814570e+00 2.40680123e-09 7.34329809e-06 6.31228258e-06
4.81125979e+00 2.40835990e-09 7.46778496e-06 6.41927631e-06
4.81437387e+00 2.40991856e-09 7.59438398e-06 6.52808562e-06
4.81748796e+00 2.41147780e-09 7.72313096e-06 6.63874127e-06
4.82060204e+00 2.41303647e-09 7.85406233e-06 6.75127457e-06
4.82371612e+00 2.41459501e-09 7.98721512e-06 6.86571736e-06
4.82683021e+00 2.41615391e-09 8.12262700e-06 6.98210199e-06
4.82994429e+00 2.41771280e-09 8.26033626e-06 7.10046140e-06
4.83305838e+00 2.41927123e-09 8.40038187e-06 7.22082907e-06
4.83617246e+00 2.42083001e-09 8.54280344e-06 7.34323904e-06
4.83928654e+00 2.42238937e-09 8.68764125e-06 7.46772593e-06
4.84240063e+00 2.42394792e-09 8.83493628e-06 7.59432497e-06
4.84551471e+00 2.42550693e-09 8.98473018e-06 7.72307196e-06
4.84862880e+00 2.42706571e-09 9.13706534e-06 7.85400331e-06
4.85174288e+00 2.42862437e-09 9.29198483e-06 7.98715607e-06
4.85485696e+00 2.43018315e-09 9.44953249e-06 8.12256789e-06
4.85797105e+00 2.43174204e-09 9.60975287e-06 8.26027709e-06
4.86108513e+00 2.43330082e-09 9.77269129e-06 8.40032261e-06
4.86419922e+00 2.43485960e-09 9.93839385e-06 8.54274406e-06
4.86731330e+00 2.43641838e-09 1.01069074e-05 8.68758174e-06
4.87042738e+00 2.43797716e-09 1.02782797e-05 8.83487660e-06
4.87354147e+00 2.43953605e-09 1.04525590e-05 8.98467032e-06
4.87665555e+00 2.44109495e-09 1.06297949e-05 9.13700526e-06
4.87976964e+00 2.44265396e-09 1.08100373e-05 9.29192452e-06
4.88288372e+00 2.44421297e-09 1.09933372e-05 9.44947191e-06
4.88599780e+00 2.44577151e-09 1.11797466e-05 9.60969199e-06
4.88911189e+00 2.44733029e-09 1.13693181e-05 9.77263010e-06
4.89222597e+00 2.44888872e-09 1.15621053e-05 9.93833230e-06
4.89534006e+00 2.45044785e-09 1.17581629e-05 1.01068455e-05
4.89845414e+00 2.45200663e-09 1.19575461e-05 1.02782173e-05
4.90156822e+00 2.45356518e-09 1.21603115e-05 1.04524962e-05
4.90468231e+00 2.45512396e-09 1.23665164e-05 1.06297316e-05
4.90779639e+00 2.45668297e-09 1.25762192e-05 1.08099735e-05
4.91091048e+00 2.45824151e-09 1.27894790e-05 1.09932729e-05
4.91402456e+00 2.45980029e-09 1.30063563e-05 1.11796816e-05
4.91713864e+00 2.46135953e-09 1.32269124e-05 1.13692525e-05
4.92025273e+00 2.46291785e-09 1.34512097e-05 1.15620391e-05
4.92336681e+00 2.46447686e-09 1.36793116e-05 1.17580960e-05
4.92648090e+00 2.46603564e-09 1.39112827e-05 1.19574785e-05
4.92959498e+00 2.46759442e-09 1.41471885e-05 1.21602432e-05
4.93270906e+00 2.46915343e-09 1.43870958e-05 1.23664473e-05
4.93582315e+00 2.47071209e-09 1.46310725e-05 1.25761491e-05
4.93893723e+00 2.47227075e-09 1.48791875e-05 1.27894081e-05
4.94205132e+00 2.47382976e-09 1.51315110e-05 1.30062845e-05
4.94516540e+00 2.47538854e-09 1.53881144e-05 1.32268397e-05
4.94827948e+00 2.47694721e-09 1.56490704e-05 1.34511360e-05
4.95139357e+00 2.47850610e-09 1.59144526e-05 1.36792368e-05
4.95450765e+00 2.48006465e-09 1.61843362e-05 1.39112068e-05
4.95762174e+00 2.48162366e-09 1.64587975e-05 1.41471115e-05
4.96073582e+00 2.48318232e-09 1.67379141e-05 1.43870177e-05
4.96384990e+00 2.48474122e-09 1.70217650e-05 1.46309932e-05
4.96696399e+00 2.48629999e-09 1.73104304e-05 1.48791070e-05
4.97007807e+00 2.48785877e-09 1.76039921e-05 1.51314292e-05
4.97319216e+00 2.48941767e-09 1.79025330e-05 1.53880314e-05
4.97630624e+00 2.49097656e-09 1.82061376e-05 1.56489860e-05
4.97942033e+00 2.49253511e-09 1.85148918e-05 1.59143668e-05
4.98253441e+00 2.49409366e-09 1.88288828e-05 1.61842490e-05
4.98564849e+00 2.49565301e-09 1.91481996e-05 1.64587088e-05
4.98876258e+00 2.49721156e-09 1.94729324e-05 1.67378239e-05
4.99187666e+00 2.49877034e-09 1.98031731e-05 1.70216733e-05
4.99499075e+00 2.50032912e-09 2.01390151e-05 1.73103372e-05
4.99810483e+00 2.50188801e-09 2.04805533e-05 1.76038972e-05
5.00121891e+00 2.50344668e-09 2.08278845e-05 1.79024365e-05
