#	Time	Error_of_Energy	Error_of_Position	Error_of_Velocity
6.22816801e-03 9.97872428e-11 7.66713722e-10 6.69306913e-10
1.24563360e-02 1.99574138e-10 1.53396050e-09 1.34516789e-09
1.86845040e-02 2.99361032e-10 2.30048694e-09 2.03324612e-09
2.49126720e-02 3.99147695e-10 3.06510898e-09 2.73906191e-09
3.11408401e-02 4.98934590e-10 3.82674228e-09 3.46791383e-09
3.73690081e-02 5.98721601e-10 4.58443289e-09 4.22481478e-09
4.35971761e-02 6.98508379e-10 5.33738617e-09 5.01444321e-09
4.98253441e-02 7.98295506e-10 6.08499941e-09 5.84110769e-09
5.60535121e-02 8.98082401e-10 6.82689286e-09 6.70872695e-09
6.22816801e-02 9.97868832e-10 7.56294011e-09 7.62082657e-09
6.85098481e-02 1.09765584e-09 8.29330137e-09 8.58054067e-09
7.47380161e-02 1.19744285e-09 9.01845294e-09 9.59062833e-09
8.09661841e-02 1.29722975e-09 9.73921678e-09 1.06534928e-08
8.71943522e-02 1.39701676e-09 1.04567903e-08 1.17712039e-08
9.34225202e-02 1.49680377e-09 1.11727695e-08 1.29455252e-08
9.96506882e-02 1.59659066e-09 1.18891706e-08 1.41779413e-08
1.05878856e-01 1.69637767e-09 1.26084475e-08 1.54696808e-08
1.12107024e-01 1.79616469e-09 1.33334997e-08 1.68217445e-08
1.18335192e-01 1.89595135e-09 1.40676745e-08 1.82349272e-08
1.24563360e-01 1.99573848e-09 1.48147596e-08 1.97098383e-08
1.30791528e-01 2.09552537e-09 1.55789653e-08 2.12469200e-08
1.37019696e-01 2.19531180e-09 1.63648934e-08 2.28464682e-08
1.43247864e-01 2.29509893e-09 1.71774984e-08 2.45086421e-08
1.49476032e-01 2.39488559e-09 1.80220326e-08 2.62334828e-08
1.55704200e-01 2.49467237e-09 1.89039847e-08 2.80209218e-08
1.61932368e-01 2.59445961e-09 1.98290070e-08 2.98707926e-08
1.68160536e-01 2.69424627e-09 2.08028391e-08 3.17828376e-08
1.74388704e-01 2.79403294e-09 2.18312247e-08 3.37567204e-08
1.80616872e-01 2.89381960e-09 2.29198326e-08 3.57920265e-08
1.86845040e-01 2.99360661e-09 2.40741780e-08 3.78882747e-08
1.93073208e-01 3.09339339e-09 2.52995518e-08 4.00449195e-08
1.99301376e-01 3.19318028e-09 2.66009587e-08 4.22613572e-08
2.05529544e-01 3.29296741e-09 2.79830666e-08 4.45369267e-08
2.11757712e-01 3.39275407e-09 2.94501668e-08 4.68709179e-08
2.17985880e-01 3.49254097e-09 3.10061473e-08 4.92625720e-08
2.24214048e-01 3.59232763e-09 3.26544769e-08 5.17110830e-08
2.30442216e-01 3.69211476e-09 3.43981996e-08 5.42156037e-08
2.36670384e-01 3.79190119e-09 3.62399384e-08 5.67752457e-08
2.42898552e-01 3.89168808e-09 3.81819047e-08 5.93890827e-08
2.49126720e-01 3.99147544e-09 4.02259140e-08 6.20561497e-08
2.55354888e-01 4.09126211e-09 4.23734054e-08 6.47754496e-08
2.61583056e-01 4.19104877e-09 4.46254614e-08 6.75459491e-08
2.67811224e-01 4.29083543e-09 4.69828315e-08 7.03665848e-08
2.74039392e-01 4.39062233e-09 4.94459534e-08 7.32362629e-08
2.80267561e-01 4.49040945e-09 5.20149743e-08 7.61538606e-08
2.86495729e-01 4.59019612e-09 5.46897709e-08 7.91182251e-08
2.92723897e-01 4.68998301e-09 5.74699692e-08 8.21281796e-08
2.98952065e-01 4.78976979e-09 6.03549611e-08 8.51825211e-08
3.05180233e-01 4.88955645e-09 6.33439187e-08 8.82800211e-08
3.11408401e-01 4.98934369e-09 6.64358108e-08 9.14194292e-08
3.17636569e-01 5.08913036e-09 6.96294136e-08 9.45994726e-08
3.23864737e-01 5.18891725e-09 7.29233219e-08 9.78188563e-08
3.30092905e-01 5.28870438e-09 7.63159609e-08 1.01076267e-07
3.36321073e-01 5.38849127e-09 7.98055926e-08 1.04370370e-07
3.42549241e-01 5.48827794e-09 8.33903260e-08 1.07699814e-07
3.48777409e-01 5.58806495e-09 8.70681240e-08 1.11063230e-07
3.55005577e-01 5.68785196e-09 9.08368093e-08 1.14459234e-07
3.61233745e-01 5.78763850e-09 9.46940721e-08 1.17886427e-07
3.67461913e-01 5.88742575e-09 9.86374743e-08 1.21343392e-07
3.73690081e-01 5.98721264e-09 1.02664456e-07 1.24828703e-07
3.79918249e-01 6.08699930e-09 1.06772340e-07 1.28340921e-07
3.86146417e-01 6.18678632e-09 1.10958340e-07 1.31878596e-07
3.92374585e-01 6.28657344e-09 1.15219560e-07 1.35440265e-07
3.98602753e-01 6.38636034e-09 1.19553006e-07 1.39024461e-07
4.04830921e-01 6.48614735e-09 1.23955583e-07 1.42629703e-07
4.11059089e-01 6.58593401e-09 1.28424109e-07 1.46254509e-07
4.17287257e-01 6.68572125e-09 1.32955310e-07 1.49897384e-07
4.23515425e-01 6.78550792e-09 1.37545834e-07 1.53556834e-07
4.29743593e-01 6.88529469e-09 1.42192251e-07 1.57231357e-07
4.35971761e-01 6.98508159e-09 1.46891056e-07 1.60919450e-07
4.42199929e-01 7.08486883e-09 1.51638683e-07 1.64619609e-07
4.48428097e-01 7.18465584e-09 1.56431498e-07 1.68330326e-07
4.54656265e-01 7.28444274e-09 1.61265813e-07 1.72050094e-07
4.60884433e-01 7.38422940e-09 1.66137890e-07 1.75777408e-07
4.67112601e-01 7.48401641e-09 1.71043942e-07 1.79510766e-07
4.73340769e-01 7.58380342e-09 1.75980144e-07 1.83248667e-07
4.79568937e-01 7.68359055e-09 1.80942635e-07 1.86989619e-07
4.85797105e-01 7.78337721e-09 1.85927523e-07 1.90732129e-07
4.92025273e-01 7.88316434e-09 1.90930895e-07 1.94474717e-07
4.98253441e-01 7.98295123e-09 1.95948815e-07 1.98215905e-07
5.04481609e-01 8.08273836e-09 2.00977339e-07 2.01954229e-07
5.10709777e-01 8.18252560e-09 2.06012511e-07 2.05688231e-07
5.16937945e-01 8.28231285e-09 2.11050379e-07 2.09416468e-07
5.23166113e-01 8.38209997e-09 2.16086989e-07 2.13137505e-07
5.29394281e-01 8.48188663e-09 2.21118402e-07 2.16849924e-07
5.35622449e-01 8.58167388e-09 2.26140691e-07 2.20552319e-07
5.41850617e-01 8.68146089e-09 2.31149953e-07 2.24243301e-07
5.48078785e-01 8.78124836e-09 2.36142310e-07 2.27921499e-07
5.54306953e-01 8.88103514e-09 2.41113917e-07 2.31585558e-07
5.60535121e-01 8.98082192e-09 2.46060969e-07 2.35234145e-07
5.66763289e-01 9.08060940e-09 2.50979701e-07 2.38865942e-07
5.72991457e-01 9.18039606e-09 2.55866398e-07 2.42479657e-07
5.79219625e-01 9.28018342e-09 2.60717403e-07 2.46074022e-07
5.85447793e-01 9.37997008e-09 2.65529116e-07 2.49647788e-07
5.91675961e-01 9.47975744e-09 2.70298002e-07 2.53199735e-07
5.97904129e-01 9.57954445e-09 2.75020597e-07 2.56728670e-07
6.04132297e-01 9.67933181e-09 2.79693513e-07 2.60233423e-07
6.10360465e-01 9.77911882e-09 2.84313442e-07 2.63712858e-07
6.16588633e-01 9.87890583e-09 2.88877161e-07 2.67165864e-07
6.22816801e-01 9.97869284e-09 2.93381536e-07 2.70591365e-07
6.29044969e-01 1.00784800e-08 2.97823531e-07 2.73988314e-07
6.35273137e-01 1.01782672e-08 3.02200207e-07 2.77355702e-07
6.41501305e-01 1.02780542e-08 3.06508728e-07 2.80692552e-07
6.47729473e-01 1.03778411e-08 3.10746367e-07 2.83997921e-07
6.53957641e-01 1.04776285e-08 3.14910508e-07 2.87270906e-07
6.60185809e-01 1.05774154e-08 3.18998651e-07 2.90510641e-07
6.66413977e-01 1.06772021e-08 3.23008417e-07 2.93716300e-07
6.72642145e-01 1.07769893e-08 3.26937548e-07 2.96887099e-07
6.78870313e-01 1.08767765e-08 3.30783913e-07 3.00022291e-07
6.85098481e-01 1.09765636e-08 3.34545511e-07 3.03121178e-07
6.91326649e-01 1.10763505e-08 3.38220476e-07 3.06183103e-07
6.97554817e-01 1.11761379e-08 3.41807075e-07 3.09207455e-07
7.03782985e-01 1.12759248e-08 3.45303712e-07 3.12193668e-07
7.10011153e-01 1.13757122e-08 3.48708937e-07 3.15141224e-07
7.16239321e-01 1.14754990e-08 3.52021440e-07 3.18049657e-07
7.22467489e-01 1.15752861e-08 3.55240055e-07 3.20918546e-07
7.28695657e-01 1.16750730e-08 3.58363765e-07 3.23747523e-07
7.34923825e-01 1.17748607e-08 3.61391705e-07 3.26536273e-07
7.41151993e-01 1.18746472e-08 3.64323154e-07 3.29284531e-07
7.47380161e-01 1.19744344e-08 3.67157549e-07 3.31992089e-07
7.53608329e-01 1.20742213e-08 3.69894476e-07 3.34658793e-07
7.59836497e-01 1.21740085e-08 3.72533676e-07 3.37284544e-07
7.66064665e-01 1.22737956e-08 3.75075045e-07 3.39869299e-07
7.72292833e-01 1.23735830e-08 3.77518636e-07 3.42413078e-07
7.78521001e-01 1.24733696e-08 3.79864651e-07 3.44915951e-07
7.84749169e-01 1.25731570e-08 3.82113454e-07 3.47378056e-07
7.90977337e-01 1.26729439e-08 3.84265561e-07 3.49799585e-07
7.97205505e-01 1.27727311e-08 3.86321645e-07 3.52180796e-07
8.03433673e-01 1.28725182e-08 3.88282532e-07 3.54522004e-07
8.09661841e-01 1.29723053e-08 3.90149201e-07 3.56823590e-07
8.15890009e-01 1.30720921e-08 3.91922787e-07 3.59085997e-07
8.22118177e-01 1.31718793e-08 3.93604574e-07 3.61309729e-07
8.28346346e-01 1.32716665e-08 3.95195996e-07 3.63495358e-07
8.34574514e-01 1.33714533e-08 3.96698639e-07 3.65643519e-07
8.40802682e-01 1.34712404e-08 3.98114232e-07 3.67754909e-07
8.47030850e-01 1.35710275e-08 3.99444654e-07 3.69830294e-07
8.53259018e-01 1.36708144e-08 4.00691925e-07 3.71870503e-07
8.59487186e-01 1.37706015e-08 4.01858204e-07 3.73876430e-07
8.65715354e-01 1.38703889e-08 4.02945791e-07 3.75849037e-07
8.71943522e-01 1.39701761e-08 4.03957123e-07 3.77789347e-07
8.78171690e-01 1.40699628e-08 4.04894769e-07 3.79698452e-07
8.84399858e-01 1.41697501e-08 4.05761425e-07 3.81577506e-07
8.90628026e-01 1.42695370e-08 4.06559918e-07 3.83427728e-07
8.96856194e-01 1.43693241e-08 4.07293198e-07 3.85250403e-07
9.03084362e-01 1.44691110e-08 4.07964334e-07 3.87046874e-07
9.09312530e-01 1.45688981e-08 4.08576510e-07 3.88818551e-07
9.15540698e-01 1.46686848e-08 4.09133027e-07 3.90566906e-07
9.21768866e-01 1.47684721e-08 4.09637289e-07 3.92293465e-07
9.27997034e-01 1.48682594e-08 4.10092808e-07 3.93999819e-07
9.34225202e-01 1.49680463e-08 4.10503194e-07 3.95687617e-07
9.40453370e-01 1.50678331e-08 4.10872153e-07 3.97358559e-07
9.46681538e-01 1.51676202e-08 4.11203479e-07 3.99014403e-07
9.52909706e-01 1.52674068e-08 4.11501056e-07 4.00656962e-07
9.59137874e-01 1.53671940e-08 4.11768843e-07 4.02288095e-07
9.65366042e-01 1.54669809e-08 4.12010877e-07 4.03909711e-07
9.71594210e-01 1.55667680e-08 4.12231263e-07 4.05523766e-07
9.77822378e-01 1.56665549e-08 4.12434173e-07 4.07132261e-07
9.84050546e-01 1.57663420e-08 4.12623831e-07 4.08737231e-07
9.90278714e-01 1.58661287e-08 4.12804517e-07 4.10340757e-07
9.96506882e-01 1.59659157e-08 4.12980555e-07 4.11944950e-07
1.00273505e+00 1.60657029e-08 4.13156307e-07 4.13551953e-07
1.00896322e+00 1.61654896e-08 4.13336169e-07 4.15163938e-07
1.01519139e+00 1.62652765e-08 4.13524562e-07 4.16783100e-07
1.02141955e+00 1.63650636e-08 4.13725922e-07 4.18411656e-07
1.02764772e+00 1.64648505e-08 4.13944702e-07 4.20051838e-07
1.03387589e+00 1.65646372e-08 4.14185354e-07 4.21705893e-07
1.04010406e+00 1.66644245e-08 4.14452328e-07 4.23376071e-07
1.04633223e+00 1.67642113e-08 4.14750061e-07 4.25064629e-07
1.05256039e+00 1.68639982e-08 4.15082974e-07 4.26773825e-07
1.05878856e+00 1.69637850e-08 4.15455456e-07 4.28505908e-07
1.06501673e+00 1.70635719e-08 4.15871864e-07 4.30263118e-07
1.07124490e+00 1.71633590e-08 4.16336509e-07 4.32047679e-07
1.07747307e+00 1.72631457e-08 4.16853651e-07 4.33861796e-07
1.08370123e+00 1.73629327e-08 4.17427489e-07 4.35707649e-07
1.08992940e+00 1.74627197e-08 4.18062154e-07 4.37587386e-07
1.09615757e+00 1.75625064e-08 4.18761701e-07 4.39503122e-07
1.10238574e+00 1.76622932e-08 4.19530094e-07 4.41456930e-07
1.10861391e+00 1.77620804e-08 4.20371208e-07 4.43450838e-07
1.11484207e+00 1.78618670e-08 4.21288817e-07 4.45486827e-07
1.12107024e+00 1.79616537e-08 4.22286580e-07 4.47566817e-07
1.12729841e+00 1.80614408e-08 4.23368041e-07 4.49692672e-07
1.13352658e+00 1.81612277e-08 4.24536618e-07 4.51866192e-07
1.13975475e+00 1.82610147e-08 4.25795596e-07 4.54089105e-07
1.14598291e+00 1.83608015e-08 4.27148117e-07 4.56363069e-07
1.15221108e+00 1.84605886e-08 4.28597179e-07 4.58689662e-07
1.15843925e+00 1.85603755e-08 4.30145624e-07 4.61070382e-07
1.16466742e+00 1.86601622e-08 4.31796134e-07 4.63506638e-07
1.17089559e+00 1.87599489e-08 4.33551227e-07 4.65999753e-07
1.17712375e+00 1.88597359e-08 4.35413247e-07 4.68550960e-07
1.18335192e+00 1.89595228e-08 4.37384362e-07 4.71161390e-07
1.18958009e+00 1.90593097e-08 4.39466563e-07 4.73832081e-07
1.19580826e+00 1.91590966e-08 4.41661654e-07 4.76563971e-07
1.20203643e+00 1.92588833e-08 4.43971251e-07 4.79357890e-07
1.20826459e+00 1.93586702e-08 4.46396782e-07 4.82214570e-07
1.21449276e+00 1.94584570e-08 4.48939480e-07 4.85134634e-07
1.22072093e+00 1.95582440e-08 4.51600383e-07 4.88118597e-07
1.22694910e+00 1.96580309e-08 4.54380338e-07 4.91166867e-07
1.23317727e+00 1.97578178e-08 4.57279991e-07 4.94279745e-07
1.23940543e+00 1.98576045e-08 4.60299793e-07 4.97457420e-07
1.24563360e+00 1.99573915e-08 4.63440001e-07 5.00699976e-07
1.25186177e+00 2.00571781e-08 4.66700675e-07 5.04007386e-07
1.25808994e+00 2.01569653e-08 4.70081681e-07 5.07379515e-07
1.26431811e+00 2.02567519e-08 4.73582693e-07 5.10816125e-07
1.27054627e+00 2.03565388e-08 4.77203197e-07 5.14316869e-07
1.27677444e+00 2.04563258e-08 4.80942491e-07 5.17881297e-07
1.28300261e+00 2.05561127e-08 4.84799689e-07 5.21508862e-07
1.28923078e+00 2.06558996e-08 4.88773723e-07 5.25198909e-07
1.29545895e+00 2.07556866e-08 4.92863348e-07 5.28950691e-07
1.30168711e+00 2.08554733e-08 4.97067150e-07 5.32763366e-07
1.30791528e+00 2.09552603e-08 5.01383541e-07 5.36635997e-07
1.31414345e+00 2.10550472e-08 5.05810767e-07 5.40567558e-07
1.32037162e+00 2.11548343e-08 5.10346922e-07 5.44556940e-07
1.32659979e+00 2.12546212e-08 5.14989935e-07 5.48602944e-07
1.33282795e+00 2.13544078e-08 5.19737594e-07 5.52704300e-07
1.33905612e+00 2.14541949e-08 5.24587535e-07 5.56859653e-07
1.34528429e+00 2.15539817e-08 5.29537254e-07 5.61067577e-07
1.35151246e+00 2.16537683e-08 5.34584120e-07 5.65326581e-07
1.35774063e+00 2.17535557e-08 5.39725364e-07 5.69635103e-07
1.36396879e+00 2.18533424e-08 5.44958095e-07 5.73991518e-07
1.37019696e+00 2.19531296e-08 5.50279309e-07 5.78394149e-07
1.37642513e+00 2.20529163e-08 5.55685882e-07 5.82841256e-07
1.38265330e+00 2.21527033e-08 5.61174585e-07 5.87331053e-07
1.38888147e+00 2.22524902e-08 5.66742091e-07 5.91861706e-07
1.39510963e+00 2.23522768e-08 5.72384973e-07 5.96431336e-07
1.40133780e+00 2.24520641e-08 5.78099711e-07 6.01038022e-07
1.40756597e+00 2.25518511e-08 5.83882709e-07 6.05679815e-07
1.41379414e+00 2.26516378e-08 5.89730281e-07 6.10354723e-07
1.42002231e+00 2.27514249e-08 5.95638677e-07 6.15060733e-07
1.42625047e+00 2.28512119e-08 6.01604072e-07 6.19795801e-07
1.43247864e+00 2.29509991e-08 6.07622579e-07 6.24557863e-07
1.43870681e+00 2.30507858e-08 6.13690262e-07 6.29344840e-07
1.44493498e+00 2.31505728e-08 6.19803124e-07 6.34154633e-07
1.45116315e+00 2.32503598e-08 6.25957127e-07 6.38985130e-07
1.45739131e+00 2.33501469e-08 6.32148194e-07 6.43834217e-07
1.46361948e+00 2.34499337e-08 6.38372213e-07 6.48699769e-07
1.46984765e+00 2.35497210e-08 6.44625041e-07 6.53579659e-07
1.47607582e+00 2.36495080e-08 6.50902516e-07 6.58471764e-07
1.48230399e+00 2.37492946e-08 6.57200456e-07 6.63373962e-07
1.48853215e+00 2.38490817e-08 6.63514664e-07 6.68284136e-07
1.49476032e+00 2.39488688e-08 6.69840946e-07 6.73200182e-07
1.50098849e+00 2.40486559e-08 6.76175096e-07 6.78120004e-07
1.50721666e+00 2.41484426e-08 6.82512923e-07 6.83041526e-07
1.51344483e+00 2.42482299e-08 6.88850239e-07 6.87962683e-07
1.51967299e+00 2.43480168e-08 6.95182873e-07 6.92881431e-07
1.52590116e+00 2.44478039e-08 7.01506680e-07 6.97795752e-07
1.53212933e+00 2.45475911e-08 7.07817537e-07 7.02703649e-07
1.53835750e+00 2.46473781e-08 7.14111353e-07 7.07603150e-07
1.54458567e+00 2.47471646e-08 7.20384080e-07 7.12492317e-07
1.55081383e+00 2.48469520e-08 7.26631707e-07 7.17369239e-07
1.55704200e+00 2.49467392e-08 7.32850272e-07 7.22232038e-07
1.56327017e+00 2.50465262e-08 7.39035871e-07 7.27078875e-07
1.56949834e+00 2.51463131e-08 7.45184654e-07 7.31907942e-07
1.57572651e+00 2.52461000e-08 7.51292835e-07 7.36717474e-07
1.58195467e+00 2.53458874e-08 7.57356702e-07 7.41505749e-07
1.58818284e+00 2.54456743e-08 7.63372610e-07 7.46271081e-07
1.59441101e+00 2.55454614e-08 7.69336996e-07 7.51011831e-07
1.60063918e+00 2.56452484e-08 7.75246382e-07 7.55726410e-07
1.60686735e+00 2.57450353e-08 7.81097374e-07 7.60413269e-07
1.61309551e+00 2.58448224e-08 7.86886677e-07 7.65070917e-07
1.61932368e+00 2.59446097e-08 7.92611089e-07 7.69697906e-07
1.62555185e+00 2.60443968e-08 7.98267507e-07 7.74292839e-07
1.63178002e+00 2.61441837e-08 8.03852943e-07 7.78854383e-07
1.63800819e+00 2.62439708e-08 8.09364511e-07 7.83381250e-07
1.64423635e+00 2.63437580e-08 8.14799441e-07 7.87872207e-07
1.65046452e+00 2.64435449e-08 8.20155087e-07 7.92326088e-07
1.65669269e+00 2.65433320e-08 8.25428917e-07 7.96741777e-07
1.66292086e+00 2.66431192e-08 8.30618527e-07 8.01118217e-07
1.66914903e+00 2.67429065e-08 8.35721646e-07 8.05454422e-07
1.67537720e+00 2.68426935e-08 8.40736130e-07 8.09749456e-07
1.68160536e+00 2.69424805e-08 8.45659970e-07 8.14002449e-07
1.68783353e+00 2.70422676e-08 8.50491303e-07 8.18212602e-07
1.69406170e+00 2.71420550e-08 8.55228397e-07 8.22379170e-07
1.70028987e+00 2.72418420e-08 8.59869671e-07 8.26501481e-07
1.70651804e+00 2.73416288e-08 8.64413686e-07 8.30578927e-07
1.71274620e+00 2.74414161e-08 8.68859152e-07 8.34610965e-07
1.71897437e+00 2.75412035e-08 8.73204931e-07 8.38597124e-07
1.72520254e+00 2.76409901e-08 8.77450037e-07 8.42536998e-07
1.73143071e+00 2.77407776e-08 8.81593633e-07 8.46430251e-07
1.73765888e+00 2.78405646e-08 8.85635044e-07 8.50276618e-07
1.74388704e+00 2.79403518e-08 8.89573748e-07 8.54075903e-07
1.75011521e+00 2.80401389e-08 8.93409379e-07 8.57827977e-07
1.75634338e+00 2.81399261e-08 8.97141733e-07 8.61532790e-07
1.76257155e+00 2.82397130e-08 9.00770763e-07 8.65190357e-07
1.76879972e+00 2.83395000e-08 9.04296577e-07 8.68800764e-07
1.77502788e+00 2.84392872e-08 9.07719452e-07 8.72364173e-07
1.78125605e+00 2.85390741e-08 9.11039816e-07 8.75880815e-07
1.78748422e+00 2.86388612e-08 9.14258257e-07 8.79350989e-07
1.79371239e+00 2.87386484e-08 9.17375528e-07 8.82775076e-07
1.79994056e+00 2.88384357e-08 9.20392531e-07 8.86153518e-07
1.80616872e+00 2.89382228e-08 9.23310332e-07 8.89486834e-07
1.81239689e+00 2.90380095e-08 9.26130150e-07 8.92775617e-07
1.81862506e+00 2.91377968e-08 9.28853357e-07 8.96020521e-07
1.82485323e+00 2.92375839e-08 9.31481482e-07 8.99222279e-07
1.83108140e+00 2.93373707e-08 9.34016203e-07 9.02381695e-07
1.83730956e+00 2.94371581e-08 9.36459343e-07 9.05499635e-07
1.84353773e+00 2.95369449e-08 9.38812881e-07 9.08577039e-07
1.84976590e+00 2.96367321e-08 9.41078934e-07 9.11614917e-07
1.85599407e+00 2.97365191e-08 9.43259760e-07 9.14614340e-07
1.86222224e+00 2.98363064e-08 9.45357761e-07 9.17576448e-07
1.86845040e+00 2.99360933e-08 9.47375474e-07 9.20502453e-07
1.87467857e+00 3.00358807e-08 9.49315562e-07 9.23393619e-07
1.88090674e+00 3.01356675e-08 9.51180827e-07 9.26251281e-07
1.88713491e+00 3.02354547e-08 9.52974191e-07 9.29076836e-07
1.89336308e+00 3.03352414e-08 9.54698699e-07 9.31871738e-07
1.89959124e+00 3.04350285e-08 9.56357514e-07 9.34637499e-07
1.90581941e+00 3.05348155e-08 9.57953912e-07 9.37375693e-07
1.91204758e+00 3.06346027e-08 9.59491278e-07 9.40087945e-07
1.91827575e+00 3.07343899e-08 9.60973102e-07 9.42775933e-07
1.92450392e+00 3.08341766e-08 9.62402972e-07 9.45441393e-07
1.93073208e+00 3.09339638e-08 9.63784575e-07 9.48086102e-07
1.93696025e+00 3.10337505e-08 9.65121683e-07 9.50711889e-07
1.94318842e+00 3.11335375e-08 9.66418154e-07 9.53320629e-07
1.94941659e+00 3.12333243e-08 9.67677925e-07 9.55914236e-07
1.95564476e+00 3.13331116e-08 9.68905007e-07 9.58494666e-07
1.96187292e+00 3.14328982e-08 9.70103475e-07 9.61063916e-07
1.96810109e+00 3.15326853e-08 9.71277471e-07 9.63624012e-07
1.97432926e+00 3.16324726e-08 9.72431186e-07 9.66177013e-07
1.98055743e+00 3.17322597e-08 9.73568868e-07 9.68725015e-07
1.98678560e+00 3.18320462e-08 9.74694801e-07 9.71270129e-07
1.99301376e+00 3.19318331e-08 9.75813306e-07 9.73814492e-07
1.99924193e+00 3.20316200e-08 9.76928742e-07 9.76360271e-07
2.00547010e+00 3.21314075e-08 9.78045482e-07 9.78909636e-07
2.01169827e+00 3.22311938e-08 9.79167917e-07 9.81464774e-07
2.01792644e+00 3.23309810e-08 9.80300456e-07 9.84027890e-07
2.02415460e+00 3.24307681e-08 9.81447500e-07 9.86601184e-07
2.03038277e+00 3.25305547e-08 9.82613451e-07 9.89186863e-07
2.03661094e+00 3.26303418e-08 9.83802703e-07 9.91787138e-07
2.04283911e+00 3.27301290e-08 9.85019627e-07 9.94404208e-07
2.04906728e+00 3.28299155e-08 9.86268568e-07 9.97040264e-07
2.05529544e+00 3.29297024e-08 9.87553846e-07 9.99697493e-07
2.06152361e+00 3.30294892e-08 9.88879732e-07 1.00237806e-06
2.06775178e+00 3.31292760e-08 9.90250459e-07 1.00508410e-06
2.07397995e+00 3.32290630e-08 9.91670201e-07 1.00781775e-06
2.08020812e+00 3.33288501e-08 9.93143071e-07 1.01058109e-06
2.08643628e+00 3.34286370e-08 9.94673121e-07 1.01337619e-06
2.09266445e+00 3.35284241e-08 9.96264322e-07 1.01620509e-06
2.09889262e+00 3.36282107e-08 9.97920562e-07 1.01906975e-06
2.10512079e+00 3.37279975e-08 9.99645651e-07 1.02197214e-06
2.11134896e+00 3.38277846e-08 1.00144329e-06 1.02491415e-06
2.11757712e+00 3.39275715e-08 1.00331709e-06 1.02789763e-06
2.12380529e+00 3.40273584e-08 1.00527056e-06 1.03092438e-06
2.13003346e+00 3.41271453e-08 1.00730707e-06 1.03399614e-06
2.13626163e+00 3.42269322e-08 1.00942990e-06 1.03711457e-06
2.14248980e+00 3.43267189e-08 1.01164218e-06 1.04028130e-06
2.14871796e+00 3.44265056e-08 1.01394692e-06 1.04349788e-06
2.15494613e+00 3.45262928e-08 1.01634700e-06 1.04676578e-06
2.16117430e+00 3.46260799e-08 1.01884515e-06 1.05008640e-06
2.16740247e+00 3.47258664e-08 1.02144395e-06 1.05346107e-06
2.17363064e+00 3.48256534e-08 1.02414584e-06 1.05689104e-06
2.17985880e+00 3.49254403e-08 1.02695309e-06 1.06037748e-06
2.18608697e+00 3.50252272e-08 1.02986782e-06 1.06392147e-06
2.19231514e+00 3.51250141e-08 1.03289198e-06 1.06752401e-06
2.19854331e+00 3.52248011e-08 1.03602738e-06 1.07118602e-06
2.20477148e+00 3.53245880e-08 1.03927560e-06 1.07490831e-06
2.21099964e+00 3.54243748e-08 1.04263812e-06 1.07869161e-06
2.21722781e+00 3.55241618e-08 1.04611620e-06 1.08253656e-06
2.22345598e+00 3.56239487e-08 1.04971092e-06 1.08644371e-06
2.22968415e+00 3.57237356e-08 1.05342321e-06 1.09041351e-06
2.23591232e+00 3.58235221e-08 1.05725379e-06 1.09444632e-06
2.24214048e+00 3.59233090e-08 1.06120322e-06 1.09854238e-06
2.24836865e+00 3.60230963e-08 1.06527187e-06 1.10270187e-06
2.25459682e+00 3.61228829e-08 1.06945993e-06 1.10692484e-06
2.26082499e+00 3.62226702e-08 1.07376740e-06 1.11121128e-06
2.26705316e+00 3.63224571e-08 1.07819410e-06 1.11556105e-06
2.27328132e+00 3.64222440e-08 1.08273968e-06 1.11997393e-06
2.27950949e+00 3.65220306e-08 1.08740360e-06 1.12444960e-06
2.28573766e+00 3.66218173e-08 1.09218513e-06 1.12898766e-06
2.29196583e+00 3.67216041e-08 1.09708339e-06 1.13358759e-06
2.29819400e+00 3.68213911e-08 1.10209730e-06 1.13824880e-06
2.30442216e+00 3.69211779e-08 1.10722562e-06 1.14297060e-06
2.31065033e+00 3.70209649e-08 1.11246693e-06 1.14775221e-06
2.31687850e+00 3.71207516e-08 1.11781965e-06 1.15259277e-06
2.32310667e+00 3.72205385e-08 1.12328204e-06 1.15749133e-06
2.32933484e+00 3.73203254e-08 1.12885218e-06 1.16244686e-06
2.33556300e+00 3.74201126e-08 1.13452801e-06 1.16745824e-06
2.34179117e+00 3.75198995e-08 1.14030732e-06 1.17252428e-06
2.34801934e+00 3.76196862e-08 1.14618773e-06 1.17764371e-06
2.35424751e+00 3.77194735e-08 1.15216673e-06 1.18281519e-06
2.36047568e+00 3.78192604e-08 1.15824167e-06 1.18803729e-06
2.36670384e+00 3.79190472e-08 1.16440975e-06 1.19330855e-06
2.37293201e+00 3.80188337e-08 1.17066806e-06 1.19862741e-06
2.37916018e+00 3.81186208e-08 1.17701356e-06 1.20399226e-06
2.38538835e+00 3.82184080e-08 1.18344306e-06 1.20940143e-06
2.39161652e+00 3.83181948e-08 1.18995330e-06 1.21485320e-06
2.39784468e+00 3.84179821e-08 1.19654088e-06 1.22034579e-06
2.40407285e+00 3.85177684e-08 1.20320231e-06 1.22587736e-06
2.41030102e+00 3.86175559e-08 1.20993399e-06 1.23144605e-06
2.41652919e+00 3.87173427e-08 1.21673223e-06 1.23704994e-06
2.42275736e+00 3.88171296e-08 1.22359328e-06 1.24268706e-06
2.42898552e+00 3.89169167e-08 1.23051326e-06 1.24835543e-06
2.43521369e+00 3.90167040e-08 1.23748827e-06 1.25405302e-06
2.44144186e+00 3.91164906e-08 1.24451429e-06 1.25977777e-06
2.44767003e+00 3.92162778e-08 1.25158728e-06 1.26552759e-06
2.45389820e+00 3.93160650e-08 1.25870313e-06 1.27130040e-06
2.46012636e+00 3.94158521e-08 1.26585768e-06 1.27709405e-06
2.46635453e+00 3.95156387e-08 1.27304672e-06 1.28290641e-06
2.47258270e+00 3.96154259e-08 1.28026601e-06 1.28873533e-06
2.47881087e+00 3.97152127e-08 1.28751129e-06 1.29457865e-06
2.48503904e+00 3.98149997e-08 1.29477825e-06 1.30043419e-06
2.49126720e+00 3.99147868e-08 1.30206260e-06 1.30629979e-06
2.49749537e+00 4.00145740e-08 1.30936000e-06 1.31217328e-06
2.50372354e+00 4.01143608e-08 1.31666613e-06 1.31805249e-06
2.50995171e+00 4.02141482e-08 1.32397667e-06 1.32393526e-06
2.51617988e+00 4.03139348e-08 1.33128730e-06 1.32981944e-06
2.52240804e+00 4.04137220e-08 1.33859372e-06 1.33570290e-06
2.52863621e+00 4.05135093e-08 1.34589164e-06 1.34158352e-06
2.53486438e+00 4.06132962e-08 1.35317682e-06 1.34745920e-06
2.54109255e+00 4.07130837e-08 1.36044502e-06 1.35332786e-06
2.54732072e+00 4.08128707e-08 1.36769207e-06 1.35918743e-06
2.55354888e+00 4.09126577e-08 1.37491382e-06 1.36503591e-06
2.55977705e+00 4.10124445e-08 1.38210618e-06 1.37087129e-06
2.56600522e+00 4.11122314e-08 1.38926513e-06 1.37669160e-06
2.57223339e+00 4.12120187e-08 1.39638669e-06 1.38249492e-06
2.57846156e+00 4.13118056e-08 1.40346696e-06 1.38827937e-06
2.58468972e+00 4.14115926e-08 1.41050211e-06 1.39404308e-06
2.59091789e+00 4.15113799e-08 1.41748839e-06 1.39978425e-06
2.59714606e+00 4.16111669e-08 1.42442212e-06 1.40550111e-06
2.60337423e+00 4.17109539e-08 1.43129974e-06 1.41119197e-06
2.60960240e+00 4.18107413e-08 1.43811775e-06 1.41685513e-06
2.61583056e+00 4.19105284e-08 1.44487277e-06 1.42248899e-06
2.62205873e+00 4.20103153e-08 1.45156152e-06 1.42809200e-06
2.62828690e+00 4.21101023e-08 1.45818082e-06 1.43366263e-06
2.63451507e+00 4.22098894e-08 1.46472761e-06 1.43919945e-06
2.64074324e+00 4.23096766e-08 1.47119895e-06 1.44470106e-06
2.64697140e+00 4.24094638e-08 1.47759201e-06 1.45016612e-06
2.65319957e+00 4.25092507e-08 1.48390409e-06 1.45559338e-06
2.65942774e+00 4.26090378e-08 1.49013263e-06 1.46098163e-06
2.66565591e+00 4.27088249e-08 1.49627519e-06 1.46632971e-06
2.67188408e+00 4.28086121e-08 1.50232946e-06 1.47163658e-06
2.67811224e+00 4.29083995e-08 1.50829329e-06 1.47690121e-06
2.68434041e+00 4.30081863e-08 1.51416464e-06 1.48212267e-06
2.69056858e+00 4.31079740e-08 1.51994166e-06 1.48730009e-06
2.69679675e+00 4.32077608e-08 1.52562262e-06 1.49243268e-06
2.70302492e+00 4.33075482e-08 1.53120593e-06 1.49751972e-06
2.70925308e+00 4.34073349e-08 1.53669018e-06 1.50256055e-06
2.71548125e+00 4.35071220e-08 1.54207410e-06 1.50755460e-06
2.72170942e+00 4.36069094e-08 1.54735657e-06 1.51250136e-06
2.72793759e+00 4.37066963e-08 1.55253665e-06 1.51740041e-06
2.73416576e+00 4.38064831e-08 1.55761354e-06 1.52225141e-06
2.74039392e+00 4.39062703e-08 1.56258661e-06 1.52705406e-06
2.74662209e+00 4.40060578e-08 1.56745539e-06 1.53180818e-06
2.75285026e+00 4.41058445e-08 1.57221957e-06 1.53651366e-06
2.75907843e+00 4.42056317e-08 1.57687901e-06 1.54117043e-06
2.76530660e+00 4.43054190e-08 1.58143373e-06 1.54577854e-06
2.77153477e+00 4.44052061e-08 1.58588392e-06 1.55033810e-06
2.77776293e+00 4.45049932e-08 1.59022992e-06 1.55484930e-06
2.78399110e+00 4.46047804e-08 1.59447225e-06 1.55931240e-06
2.79021927e+00 4.47045676e-08 1.59861158e-06 1.56372776e-06
2.79644744e+00 4.48043544e-08 1.60264875e-06 1.56809579e-06
2.80267561e+00 4.49041413e-08 1.60658476e-06 1.57241699e-06
2.80890377e+00 4.50039289e-08 1.61042076e-06 1.57669193e-06
2.81513194e+00 4.51037156e-08 1.61415808e-06 1.58092127e-06
2.82136011e+00 4.52035026e-08 1.61779819e-06 1.58510571e-06
2.82758828e+00 4.53032902e-08 1.62134271e-06 1.58924608e-06
2.83381645e+00 4.54030771e-08 1.62479344e-06 1.59334323e-06
2.84004461e+00 4.55028643e-08 1.62815229e-06 1.59739812e-06
2.84627278e+00 4.56026510e-08 1.63142136e-06 1.60141174e-06
2.85250095e+00 4.57024385e-08 1.63460286e-06 1.60538520e-06
2.85872912e+00 4.58022252e-08 1.63769916e-06 1.60931965e-06
2.86495729e+00 4.59020123e-08 1.64071278e-06 1.61321630e-06
2.87118545e+00 4.60017991e-08 1.64364634e-06 1.61707644e-06
2.87741362e+00 4.61015864e-08 1.64650263e-06 1.62090143e-06
2.88364179e+00 4.62013731e-08 1.64928454e-06 1.62469268e-06
2.88986996e+00 4.63011607e-08 1.65199509e-06 1.62845168e-06
2.89609813e+00 4.64009472e-08 1.65463744e-06 1.63217994e-06
2.90232629e+00 4.65007346e-08 1.65721484e-06 1.63587907e-06
2.90855446e+00 4.66005215e-08 1.65973066e-06 1.63955072e-06
2.91478263e+00 4.67003084e-08 1.66218838e-06 1.64319658e-06
2.92101080e+00 4.68000957e-08 1.66459157e-06 1.64681842e-06
2.92723897e+00 4.68998829e-08 1.66694390e-06 1.65041803e-06
2.93346713e+00 4.69996697e-08 1.66924914e-06 1.65399725e-06
2.93969530e+00 4.70994567e-08 1.67151113e-06 1.65755799e-06
2.94592347e+00 4.71992436e-08 1.67373381e-06 1.66110218e-06
2.95215164e+00 4.72990307e-08 1.67592116e-06 1.66463178e-06
2.95837981e+00 4.73988178e-08 1.67807727e-06 1.66814881e-06
2.96460797e+00 4.74986049e-08 1.68020625e-06 1.67165530e-06
2.97083614e+00 4.75983920e-08 1.68231230e-06 1.67515334e-06
2.97706431e+00 4.76981790e-08 1.68439964e-06 1.67864501e-06
2.98329248e+00 4.77979659e-08 1.68647256e-06 1.68213243e-06
2.98952065e+00 4.78977530e-08 1.68853538e-06 1.68561776e-06
2.99574881e+00 4.79975396e-08 1.69059242e-06 1.68910315e-06
3.00197698e+00 4.80973268e-08 1.69264807e-06 1.69259077e-06
3.00820515e+00 4.81971139e-08 1.69470670e-06 1.69608282e-06
3.01443332e+00 4.82969008e-08 1.69677271e-06 1.69958149e-06
3.02066149e+00 4.83966877e-08 1.69885050e-06 1.70308897e-06
3.02688965e+00 4.84964747e-08 1.70094447e-06 1.70660747e-06
3.03311782e+00 4.85962617e-08 1.70305898e-06 1.71013918e-06
3.03934599e+00 4.86960484e-08 1.70519841e-06 1.71368629e-06
3.04557416e+00 4.87958353e-08 1.70736711e-06 1.71725099e-06
3.05180233e+00 4.88956224e-08 1.70956938e-06 1.72083545e-06
3.05803049e+00 4.89954094e-08 1.71180948e-06 1.72444181e-06
3.06425866e+00 4.90951962e-08 1.71409167e-06 1.72807220e-06
3.07048683e+00 4.91949831e-08 1.71642010e-06 1.73172874e-06
3.07671500e+00 4.92947702e-08 1.71879889e-06 1.73541350e-06
3.08294317e+00 4.93945573e-08 1.72123210e-06 1.73912854e-06
3.08917133e+00 4.94943438e-08 1.72372371e-06 1.74287587e-06
3.09539950e+00 4.95941307e-08 1.72627762e-06 1.74665745e-06
3.10162767e+00 4.96939178e-08 1.72889766e-06 1.75047525e-06
3.10785584e+00 4.97937043e-08 1.73158754e-06 1.75433113e-06
3.11408401e+00 4.98934916e-08 1.73435089e-06 1.75822694e-06
3.12031217e+00 4.99932785e-08 1.73719126e-06 1.76216449e-06
3.12654034e+00 5.00930656e-08 1.74011204e-06 1.76614549e-06
3.13276851e+00 5.01928523e-08 1.74311656e-06 1.77017164e-06
3.13899668e+00 5.02926389e-08 1.74620799e-06 1.77424456e-06
3.14522485e+00 5.03924263e-08 1.74938940e-06 1.77836579e-06
3.15145301e+00 5.04922131e-08 1.75266370e-06 1.78253684e-06
3.15768118e+00 5.05919996e-08 1.75603371e-06 1.78675911e-06
3.16390935e+00 5.06917870e-08 1.75950206e-06 1.79103397e-06
3.17013752e+00 5.07915739e-08 1.76307127e-06 1.79536268e-06
3.17636569e+00 5.08913609e-08 1.76674370e-06 1.79974644e-06
3.18259385e+00 5.09911476e-08 1.77052155e-06 1.80418639e-06
3.18882202e+00 5.10909347e-08 1.77440688e-06 1.80868355e-06
3.19505019e+00 5.11907217e-08 1.77840158e-06 1.81323889e-06
3.20127836e+00 5.12905081e-08 1.78250738e-06 1.81785328e-06
3.20750653e+00 5.13902952e-08 1.78672584e-06 1.82252751e-06
3.21373469e+00 5.14900820e-08 1.79105835e-06 1.82726228e-06
3.21996286e+00 5.15898690e-08 1.79550615e-06 1.83205821e-06
3.22619103e+00 5.16896559e-08 1.80007027e-06 1.83691581e-06
3.23241920e+00 5.17894428e-08 1.80475159e-06 1.84183553e-06
3.23864737e+00 5.18892295e-08 1.80955083e-06 1.84681770e-06
3.24487553e+00 5.19890166e-08 1.81446850e-06 1.85186258e-06
3.25110370e+00 5.20888036e-08 1.81950494e-06 1.85697033e-06
3.25733187e+00 5.21885902e-08 1.82466033e-06 1.86214101e-06
3.26356004e+00 5.22883774e-08 1.82993466e-06 1.86737460e-06
3.26978821e+00 5.23881642e-08 1.83532773e-06 1.87267097e-06
3.27601637e+00 5.24879508e-08 1.84083919e-06 1.87802993e-06
3.28224454e+00 5.25877381e-08 1.84646849e-06 1.88345116e-06
3.28847271e+00 5.26875249e-08 1.85221492e-06 1.88893429e-06
3.29470088e+00 5.27873118e-08 1.85807758e-06 1.89447882e-06
3.30092905e+00 5.28870988e-08 1.86405541e-06 1.90008418e-06
3.30715721e+00 5.29868858e-08 1.87014716e-06 1.90574973e-06
3.31338538e+00 5.30866727e-08 1.87635145e-06 1.91147471e-06
3.31961355e+00 5.31864598e-08 1.88266670e-06 1.91725828e-06
3.32584172e+00 5.32862466e-08 1.88909117e-06 1.92309955e-06
3.33206989e+00 5.33860337e-08 1.89562298e-06 1.92899751e-06
3.33829805e+00 5.34858204e-08 1.90226007e-06 1.93495109e-06
3.34452622e+00 5.35856073e-08 1.90900024e-06 1.94095913e-06
3.35075439e+00 5.36853944e-08 1.91584114e-06 1.94702041e-06
3.35698256e+00 5.37851808e-08 1.92278027e-06 1.95313363e-06
3.36321073e+00 5.38849683e-08 1.92981499e-06 1.95929741e-06
3.36943889e+00 5.39847554e-08 1.93694253e-06 1.96551030e-06
3.37566706e+00 5.40845423e-08 1.94415997e-06 1.97177081e-06
3.38189523e+00 5.41843290e-08 1.95146429e-06 1.97807736e-06
3.38812340e+00 5.42841160e-08 1.95885232e-06 1.98442831e-06
3.39435157e+00 5.43839028e-08 1.96632080e-06 1.99082199e-06
3.40057973e+00 5.44836901e-08 1.97386632e-06 1.99725663e-06
3.40680790e+00 5.45834768e-08 1.98148541e-06 2.00373046e-06
3.41303607e+00 5.46832638e-08 1.98917447e-06 2.01024162e-06
3.41926424e+00 5.47830506e-08 1.99692982e-06 2.01678822e-06
3.42549241e+00 5.48828382e-08 2.00474767e-06 2.02336833e-06
3.43172057e+00 5.49826248e-08 2.01262416e-06 2.02997999e-06
3.43794874e+00 5.50824120e-08 2.02055537e-06 2.03662118e-06
3.44417691e+00 5.51821990e-08 2.02853728e-06 2.04328985e-06
3.45040508e+00 5.52819863e-08 2.03656583e-06 2.04998396e-06
3.45663325e+00 5.53817731e-08 2.04463688e-06 2.05670139e-06
3.46286141e+00 5.54815601e-08 2.05274625e-06 2.06344003e-06
3.46908958e+00 5.55813471e-08 2.06088973e-06 2.07019775e-06
3.47531775e+00 5.56811340e-08 2.06906304e-06 2.07697239e-06
3.48154592e+00 5.57809212e-08 2.07726190e-06 2.08376178e-06
3.48777409e+00 5.58807080e-08 2.08548197e-06 2.09056377e-06
3.49400225e+00 5.59804953e-08 2.09371892e-06 2.09737615e-06
3.50023042e+00 5.60802823e-08 2.10196840e-06 2.10419676e-06
3.50645859e+00 5.61800693e-08 2.11022606e-06 2.11102341e-06
3.51268676e+00 5.62798567e-08 2.11848752e-06 2.11785392e-06
3.51891493e+00 5.63796436e-08 2.12674844e-06 2.12468613e-06
3.52514309e+00 5.64794308e-08 2.13500449e-06 2.13151789e-06
3.53137126e+00 5.65792175e-08 2.14325135e-06 2.13834703e-06
3.53759943e+00 5.66790048e-08 2.15148473e-06 2.14517143e-06
3.54382760e+00 5.67787922e-08 2.15970037e-06 2.15198899e-06
3.55005577e+00 5.68785788e-08 2.16789406e-06 2.15879763e-06
3.55628393e+00 5.69783662e-08 2.17606163e-06 2.16559528e-06
3.56251210e+00 5.70781533e-08 2.18419894e-06 2.17237992e-06
3.56874027e+00 5.71779405e-08 2.19230196e-06 2.17914954e-06
3.57496844e+00 5.72777274e-08 2.20036667e-06 2.18590218e-06
3.58119661e+00 5.73775145e-08 2.20838914e-06 2.19263593e-06
3.58742477e+00 5.74773018e-08 2.21636553e-06 2.19934888e-06
3.59365294e+00 5.75770890e-08 2.22429205e-06 2.20603920e-06
3.59988111e+00 5.76768761e-08 2.23216502e-06 2.21270510e-06
3.60610928e+00 5.77766632e-08 2.23998085e-06 2.21934481e-06
3.61233745e+00 5.78764503e-08 2.24773603e-06 2.22595665e-06
3.61856561e+00 5.79762374e-08 2.25542717e-06 2.23253895e-06
3.62479378e+00 5.80760244e-08 2.26305099e-06 2.23909014e-06
3.63102195e+00 5.81758117e-08 2.27060429e-06 2.24560866e-06
3.63725012e+00 5.82755989e-08 2.27808403e-06 2.25209305e-06
3.64347829e+00 5.83753860e-08 2.28548726e-06 2.25854188e-06
3.64970645e+00 5.84751729e-08 2.29281116e-06 2.26495381e-06
3.65593462e+00 5.85749600e-08 2.30005305e-06 2.27132754e-06
3.66216279e+00 5.86747471e-08 2.30721038e-06 2.27766185e-06
3.66839096e+00 5.87745346e-08 2.31428072e-06 2.28395557e-06
3.67461913e+00 5.88743218e-08 2.32126180e-06 2.29020764e-06
3.68084729e+00 5.89741089e-08 2.32815149e-06 2.29641702e-06
3.68707546e+00 5.90738959e-08 2.33494781e-06 2.30258278e-06
3.69330363e+00 5.91736830e-08 2.34164891e-06 2.30870405e-06
3.69953180e+00 5.92734700e-08 2.34825313e-06 2.31478003e-06
3.70575997e+00 5.93732572e-08 2.35475891e-06 2.32081000e-06
3.71198813e+00 5.94730445e-08 2.36116491e-06 2.32679332e-06
3.71821630e+00 5.95728315e-08 2.36746990e-06 2.33272943e-06
3.72444447e+00 5.96726186e-08 2.37367284e-06 2.33861785e-06
3.73067264e+00 5.97724058e-08 2.37977285e-06 2.34445816e-06
3.73690081e+00 5.98721931e-08 2.38576919e-06 2.35025004e-06
3.74312897e+00 5.99719804e-08 2.39166133e-06 2.35599325e-06
3.74935714e+00 6.00717675e-08 2.39744886e-06 2.36168762e-06
3.75558531e+00 6.01715546e-08 2.40313157e-06 2.36733307e-06
3.76181348e+00 6.02713417e-08 2.40870942e-06 2.37292960e-06
3.76804165e+00 6.03711291e-08 2.41418250e-06 2.37847729e-06
3.77426981e+00 6.04709160e-08 2.41955111e-06 2.38397631e-06
3.78049798e+00 6.05707036e-08 2.42481572e-06 2.38942690e-06
3.78672615e+00 6.06704907e-08 2.42997692e-06 2.39482938e-06
3.79295432e+00 6.07702777e-08 2.43503553e-06 2.40018418e-06
3.79918249e+00 6.08700646e-08 2.43999249e-06 2.40549178e-06
3.80541065e+00 6.09698517e-08 2.44484893e-06 2.41075275e-06
3.81163882e+00 6.10696389e-08 2.44960614e-06 2.41596774e-06
3.81786699e+00 6.11694262e-08 2.45426557e-06 2.42113750e-06
3.82409516e+00 6.12692134e-08 2.45882883e-06 2.42626282e-06
3.83032333e+00 6.13690001e-08 2.46329769e-06 2.43134460e-06
3.83655149e+00 6.14687874e-08 2.46767410e-06 2.43638382e-06
3.84277966e+00 6.15685745e-08 2.47196013e-06 2.44138152e-06
3.84900783e+00 6.16683614e-08 2.47615801e-06 2.44633881e-06
3.85523600e+00 6.17681486e-08 2.48027015e-06 2.45125690e-06
3.86146417e+00 6.18679357e-08 2.48429908e-06 2.45613705e-06
3.86769234e+00 6.19677228e-08 2.48824747e-06 2.46098061e-06
3.87392050e+00 6.20675096e-08 2.49211816e-06 2.46578900e-06
3.88014867e+00 6.21672968e-08 2.49591409e-06 2.47056368e-06
3.88637684e+00 6.22670837e-08 2.49963836e-06 2.47530622e-06
3.89260501e+00 6.23668711e-08 2.50329421e-06 2.48001824e-06
3.89883318e+00 6.24666578e-08 2.50688496e-06 2.48470141e-06
3.90506134e+00 6.25664450e-08 2.51041410e-06 2.48935748e-06
3.91128951e+00 6.26662320e-08 2.51388522e-06 2.49398825e-06
3.91751768e+00 6.27660190e-08 2.51730203e-06 2.49859560e-06
3.92374585e+00 6.28658060e-08 2.52066832e-06 2.50318145e-06
3.92997402e+00 6.29655930e-08 2.52398803e-06 2.50774777e-06
3.93620218e+00 6.30653800e-08 2.52726516e-06 2.51229659e-06
3.94243035e+00 6.31651671e-08 2.53050383e-06 2.51683001e-06
3.94865852e+00 6.32649540e-08 2.53370824e-06 2.52135015e-06
3.95488669e+00 6.33647409e-08 2.53688268e-06 2.52585920e-06
3.96111486e+00 6.34645281e-08 2.54003152e-06 2.53035938e-06
3.96734302e+00 6.35643152e-08 2.54315919e-06 2.53485296e-06
3.97357119e+00 6.36641021e-08 2.54627023e-06 2.53934225e-06
3.97979936e+00 6.37638892e-08 2.54936919e-06 2.54382959e-06
3.98602753e+00 6.38636762e-08 2.55246071e-06 2.54831738e-06
3.99225570e+00 6.39634633e-08 2.55554951e-06 2.55280803e-06
3.99848386e+00 6.40632501e-08 2.55864030e-06 2.55730398e-06
4.00471203e+00 6.41630371e-08 2.56173789e-06 2.56180773e-06
4.01094020e+00 6.42628240e-08 2.56484710e-06 2.56632179e-06
4.01716837e+00 6.43626113e-08 2.56797279e-06 2.57084867e-06
4.02339654e+00 6.44623980e-08 2.57111985e-06 2.57539095e-06
4.02962470e+00 6.45621853e-08 2.57429320e-06 2.57995121e-06
4.03585287e+00 6.46619722e-08 2.57749777e-06 2.58453204e-06
4.04208104e+00 6.47617592e-08 2.58073852e-06 2.58913605e-06
4.04830921e+00 6.48615460e-08 2.58402042e-06 2.59376590e-06
4.05453738e+00 6.49613328e-08 2.58734843e-06 2.59842422e-06
4.06076554e+00 6.50611200e-08 2.59072753e-06 2.60311369e-06
4.06699371e+00 6.51609069e-08 2.59416270e-06 2.60783697e-06
4.07322188e+00 6.52606939e-08 2.59765891e-06 2.61259676e-06
4.07945005e+00 6.53604807e-08 2.60122112e-06 2.61739574e-06
4.08567822e+00 6.54602676e-08 2.60485429e-06 2.62223665e-06
4.09190638e+00 6.55600545e-08 2.60856336e-06 2.62712218e-06
4.09813455e+00 6.56598414e-08 2.61235327e-06 2.63205506e-06
4.10436272e+00 6.57596285e-08 2.61622892e-06 2.63703804e-06
4.11059089e+00 6.58594157e-08 2.62019520e-06 2.64207386e-06
4.11681906e+00 6.59592025e-08 2.62425700e-06 2.64716526e-06
4.12304722e+00 6.60589889e-08 2.62841917e-06 2.65231502e-06
4.12927539e+00 6.61587762e-08 2.63268654e-06 2.65752591e-06
4.13550356e+00 6.62585632e-08 2.63706394e-06 2.66280073e-06
4.14173173e+00 6.63583501e-08 2.64155615e-06 2.66814227e-06
4.14795990e+00 6.64581368e-08 2.64616797e-06 2.67355336e-06
4.15418806e+00 6.65579239e-08 2.65090415e-06 2.67903685e-06
4.16041623e+00 6.66577105e-08 2.65576945e-06 2.68459559e-06
4.16664440e+00 6.67574978e-08 2.66076863e-06 2.69023250e-06
4.17287257e+00 6.68572843e-08 2.66590642e-06 2.69595048e-06
4.17910074e+00 6.69570715e-08 2.67118757e-06 2.70175249e-06
4.18532890e+00 6.70568584e-08 2.67661682e-06 2.70764156e-06
4.19155707e+00 6.71566454e-08 2.68219894e-06 2.71362071e-06
4.19778524e+00 6.72564325e-08 2.68793872e-06 2.71969305e-06
4.20401341e+00 6.73562195e-08 2.69384097e-06 2.72586176e-06
4.21024158e+00 6.74560062e-08 2.69991053e-06 2.73213004e-06
4.21646974e+00 6.75557931e-08 2.70615231e-06 2.73850123e-06
4.22269791e+00 6.76555800e-08 2.71257128e-06 2.74497870e-06
4.22892608e+00 6.77553670e-08 2.71917246e-06 2.75156596e-06
4.23515425e+00 6.78551537e-08 2.72596097e-06 2.75826660e-06
4.24138242e+00 6.79549410e-08 2.73294206e-06 2.76508435e-06
4.24761058e+00 6.80547276e-08 2.74012104e-06 2.77202306e-06
4.25383875e+00 6.81545144e-08 2.74750340e-06 2.77908671e-06
4.26006692e+00 6.82543013e-08 2.75509477e-06 2.78627949e-06
4.26629509e+00 6.83540882e-08 2.76290097e-06 2.79360571e-06
4.27252326e+00 6.84538755e-08 2.77092799e-06 2.80106993e-06
4.27875142e+00 6.85536622e-08 2.77918207e-06 2.80867687e-06
4.28497959e+00 6.86534497e-08 2.78766967e-06 2.81643153e-06
4.29120776e+00 6.87532365e-08 2.79639754e-06 2.82433914e-06
4.29743593e+00 6.88530230e-08 2.80537274e-06 2.83240520e-06
4.30366410e+00 6.89528105e-08 2.81460264e-06 2.84063553e-06
4.30989226e+00 6.90525968e-08 2.82409498e-06 2.84903626e-06
4.31612043e+00 6.91523841e-08 2.83385792e-06 2.85761388e-06
4.32234860e+00 6.92521712e-08 2.84390005e-06 2.86637527e-06
4.32857677e+00 6.93519576e-08 2.85423041e-06 2.87532770e-06
4.33480494e+00 6.94517448e-08 2.86485858e-06 2.88447890e-06
4.34103310e+00 6.95515317e-08 2.87579470e-06 2.89383707e-06
4.34726127e+00 6.96513188e-08 2.88704950e-06 2.90341093e-06
4.35348944e+00 6.97511057e-08 2.89863438e-06 2.91320975e-06
4.35971761e+00 6.98508926e-08 2.91056144e-06 2.92324339e-06
4.36594578e+00 6.99506797e-08 2.92284353e-06 2.93352234e-06
4.37217394e+00 7.00504671e-08 2.93549431e-06 2.94405778e-06
4.37840211e+00 7.01502534e-08 2.94852833e-06 2.95486160e-06
4.38463028e+00 7.02500405e-08 2.96196106e-06 2.96594648e-06
4.39085845e+00 7.03498275e-08 2.97580896e-06 2.97732591e-06
4.39708662e+00 7.04496144e-08 2.99008956e-06 2.98901428e-06
4.40331478e+00 7.05494015e-08 3.00482153e-06 3.00102689e-06
4.40954295e+00 7.06491887e-08 3.02002473e-06 3.01338006e-06
4.41577112e+00 7.07489757e-08 3.03572032e-06 3.02609115e-06
4.42199929e+00 7.08487627e-08 3.05193079e-06 3.03917866e-06
4.42822746e+00 7.09485493e-08 3.06868010e-06 3.05266225e-06
4.43445562e+00 7.10483366e-08 3.08599371e-06 3.06656288e-06
4.44068379e+00 7.11481236e-08 3.10389870e-06 3.08090281e-06
4.44691196e+00 7.12479108e-08 3.12242383e-06 3.09570571e-06
4.45314013e+00 7.13476976e-08 3.14159967e-06 3.11099675e-06
4.45936830e+00 7.14474851e-08 3.16145865e-06 3.12680264e-06
4.46559646e+00 7.15472721e-08 3.18203519e-06 3.14315177e-06
4.47182463e+00 7.16470588e-08 3.20336577e-06 3.16007423e-06
4.47805280e+00 7.17468458e-08 3.22548905e-06 3.17760195e-06
4.48428097e+00 7.18466332e-08 3.24844595e-06 3.19576877e-06
4.49050914e+00 7.19464200e-08 3.27227976e-06 3.21461051e-06
4.49673730e+00 7.20462069e-08 3.29703626e-06 3.23416511e-06
4.50296547e+00 7.21459940e-08 3.32276377e-06 3.25447267e-06
4.50919364e+00 7.22457809e-08 3.34951330e-06 3.27557558e-06
4.51542181e+00 7.23455683e-08 3.37733865e-06 3.29751864e-06
4.52164998e+00 7.24453557e-08 3.40629645e-06 3.32034906e-06
4.52787814e+00 7.25451427e-08 3.43644635e-06 3.34411667e-06
4.53410631e+00 7.26449296e-08 3.46785102e-06 3.36887395e-06
4.54033448e+00 7.27447165e-08 3.50057631e-06 3.39467614e-06
4.54656265e+00 7.28445040e-08 3.53469133e-06 3.42158131e-06
4.55279082e+00 7.29442907e-08 3.57026850e-06 3.44965052e-06
4.55901898e+00 7.30440778e-08 3.60738367e-06 3.47894781e-06
4.56524715e+00 7.31438650e-08 3.64611618e-06 3.50954037e-06
4.57147532e+00 7.32436520e-08 3.68654894e-06 3.54149859e-06
4.57770349e+00 7.33434396e-08 3.72876848e-06 3.57489612e-06
4.58393166e+00 7.34432268e-08 3.77286505e-06 3.60980997e-06
4.59015982e+00 7.35430132e-08 3.81893265e-06 3.64632058e-06
4.59638799e+00 7.36428005e-08 3.86706905e-06 3.68451187e-06
4.60261616e+00 7.37425877e-08 3.91737592e-06 3.72447129e-06
4.60884433e+00 7.38423747e-08 3.96995877e-06 3.76628992e-06
4.61507250e+00 7.39421621e-08 4.02492706e-06 3.81006244e-06
4.62130066e+00 7.40419493e-08 4.08239419e-06 3.85588725e-06
4.62752883e+00 7.41417363e-08 4.14247753e-06 3.90386646e-06
4.63375700e+00 7.42415232e-08 4.20529846e-06 3.95410591e-06
4.63998517e+00 7.43413105e-08 4.27098234e-06 4.00671525e-06
4.64621334e+00 7.44410974e-08 4.33965859e-06 4.06180789e-06
4.65244150e+00 7.45408847e-08 4.41146063e-06 4.11950105e-06
4.65866967e+00 7.46406723e-08 4.48652596e-06 4.17991579e-06
4.66489784e+00 7.47404591e-08 4.56499612e-06 4.24317698e-06
4.67112601e+00 7.48402461e-08 4.64701676e-06 4.30941331e-06
4.67735418e+00 7.49400331e-08 4.73273758e-06 4.37875734e-06
4.68358234e+00 7.50398205e-08 4.82231245e-06 4.45134544e-06
4.68981051e+00 7.51396076e-08 4.91589935e-06 4.52731787e-06
4.69603868e+00 7.52393949e-08 5.01366048e-06 4.60681871e-06
4.70226685e+00 7.53391818e-08 5.11576224e-06 4.68999595e-06
4.70849502e+00 7.54389690e-08 5.22237535e-06 4.77700147e-06
4.71472318e+00 7.55387562e-08 5.33367487e-06 4.86799106e-06
4.72095135e+00 7.56385434e-08 5.44984028e-06 4.96312451e-06
4.72717952e+00 7.57383306e-08 5.57105562e-06 5.06256558e-06
4.73340769e+00 7.58381176e-08 5.69750951e-06 5.16648212e-06
4.73963586e+00 7.59379051e-08 5.82939537e-06 5.27504610e-06
4.74586402e+00 7.60376919e-08 5.96691147e-06 5.38843371e-06
4.75209219e+00 7.61374791e-08 6.11026114e-06 5.50682547e-06
4.75832036e+00 7.62372662e-08 6.25965288e-06 5.63040629e-06
4.76454853e+00 7.63370535e-08 6.41530060e-06 5.75936565e-06
4.77077670e+00 7.64368407e-08 6.57742380e-06 5.89389772e-06
4.77700486e+00 7.65366280e-08 6.74624774e-06 6.03420150e-06
4.78323303e+00 7.66364149e-08 6.92200375e-06 6.18048101e-06
4.78946120e+00 7.67362021e-08 7.10492940e-06 6.33294550e-06
4.79568937e+00 7.68359894e-08 7.29526883e-06 6.49180960e-06
4.80191754e+00 7.69357765e-08 7.49327298e-06 6.65729361e-06
4.80814570e+00 7.70355635e-08 7.69919989e-06 6.82962367e-06
4.81437387e+00 7.71353506e-08 7.91331503e-06 7.00903208e-06
4.82060204e+00 7.72351379e-08 8.13589160e-06 7.19575749e-06
4.82683021e+00 7.73349246e-08 8.36721090e-06 7.39004526e-06
4.83305838e+00 7.74347121e-08 8.60756261e-06 7.59214772e-06
4.83928654e+00 7.75344990e-08 8.85724524e-06 7.80232447e-06
4.84551471e+00 7.76342861e-08 9.11656645e-06 8.02084274e-06
4.85174288e+00 7.77340734e-08 9.38584346e-06 8.24797770e-06
4.85797105e+00 7.78338602e-08 9.66540346e-06 8.48401281e-06
4.86419922e+00 7.79336479e-08 9.95558400e-06 8.72924022e-06
4.87042738e+00 7.80334346e-08 1.02567334e-05 8.98396112e-06
4.87665555e+00 7.81332218e-08 1.05692114e-05 9.24848611e-06
4.88288372e+00 7.82330087e-08 1.08933892e-05 9.52313564e-06
4.88911189e+00 7.83327959e-08 1.12296504e-05 9.80824042e-06
4.89534006e+00 7.84325830e-08 1.15783911e-05 1.01041418e-05
4.90156822e+00 7.85323698e-08 1.19400206e-05 1.04111923e-05
4.90779639e+00 7.86321572e-08 1.23149619e-05 1.07297559e-05
4.91402456e+00 7.87319442e-08 1.27036521e-05 1.10602087e-05
4.92025273e+00 7.88317311e-08 1.31065432e-05 1.14029394e-05
4.92648090e+00 7.89315181e-08 1.35241024e-05 1.17583494e-05
4.93270906e+00 7.90313052e-08 1.39568126e-05 1.21268538e-05
4.93893723e+00 7.91310925e-08 1.44051733e-05 1.25088817e-05
4.94516540e+00 7.92308792e-08 1.48697011e-05 1.29048767e-05
4.95139357e+00 7.93306664e-08 1.53509302e-05 1.33152974e-05
4.95762174e+00 7.94304535e-08 1.58494131e-05 1.37406183e-05
4.96384990e+00 7.95302406e-08 1.63657213e-05 1.41813300e-05
4.97007807e+00 7.96300274e-08 1.69004458e-05 1.46379397e-05
4.97630624e+00 7.97298145e-08 1.74541983e-05 1.51109723e-05
4.98253441e+00 7.98296015e-08 1.80276112e-05 1.56009706e-05
4.98876258e+00 7.99293884e-08 1.86213389e-05 1.61084963e-05
4.99499075e+00 8.00291759e-08 1.92360585e-05 1.66341302e-05
5.00121891e+00 8.01289630e-08 1.98724701e-05 1.71784734e-05
