#	Time	Error_of_Energy	Error_of_Position	Error_of_Velocity
1.24563360e-02 -1.44307424e-08 7.98931272e-05 4.05530433e-05
2.49126720e-02 -5.76306575e-08 1.59147472e-04 8.34195408e-05
3.73690081e-02 -1.29323476e-07 2.37153058e-04 1.30693455e-04
4.98253441e-02 -2.29050961e-07 3.13358220e-04 1.84103444e-04
6.22816801e-02 -3.56176207e-07 3.87300445e-04 2.44966799e-04
7.47380161e-02 -5.09888205e-07 4.58639063e-04 3.14220194e-04
8.71943522e-02 -6.89207643e-07 5.27190057e-04 3.92486964e-04
9.96506882e-02 -8.92993870e-07 5.92962769e-04 4.80149526e-04
1.12107024e-01 -1.11995297e-06 6.56197516e-04 5.77411408e-04
1.24563360e-01 -1.36864684e-06 7.17401918e-04 6.84344735e-04
1.37019696e-01 -1.63750326e-06 7.77382089e-04 8.00924493e-04
1.49476032e-01 -1.92482673e-06 8.37262851e-04 9.27052552e-04
1.61932368e-01 -2.22881014e-06 8.98489397e-04 1.06257434e-03
1.74388704e-01 -2.54754704e-06 9.62802183e-04 1.20729044e-03
1.86845040e-01 -2.87904444e-06 1.03217873e-03 1.36096479e-03
1.99301376e-01 -3.22123606e-06 1.10874131e-03 1.52333059e-03
2.11757712e-01 -3.57199595e-06 1.19463787e-03 1.69409459e-03
2.24214048e-01 -3.92915227e-06 1.29191219e-03 1.87294049e-03
2.36670384e-01 -4.29050118e-06 1.40238443e-03 2.05953151e-03
2.49126720e-01 -4.65382081e-06 1.52756115e-03 2.25351258e-03
2.61583056e-01 -5.01688511e-06 1.66858580e-03 2.45451216e-03
2.74039392e-01 -5.37747756e-06 1.82622924e-03 2.66214387e-03
2.86495729e-01 -5.73340457e-06 2.00091174e-03 2.87600794e-03
2.98952065e-01 -6.08250862e-06 2.19274349e-03 3.09569260e-03
3.11408401e-01 -6.42268095e-06 2.40157223e-03 3.32077532e-03
3.23864737e-01 -6.75187381e-06 2.62702933e-03 3.55082410e-03
3.36321073e-01 -7.06811218e-06 2.86857013e-03 3.78539861e-03
3.48777409e-01 -7.36950487e-06 3.12550674e-03 4.02405140e-03
3.61233745e-01 -7.65425510e-06 3.39703384e-03 4.26632904e-03
3.73690081e-01 -7.92067028e-06 3.68224846e-03 4.51177322e-03
3.86146417e-01 -8.16717125e-06 3.98016528e-03 4.75992191e-03
3.98602753e-01 -8.39230066e-06 4.28972859e-03 5.01031040e-03
4.11059089e-01 -8.59473071e-06 4.60982210e-03 5.26247245e-03
4.23515425e-01 -8.77327007e-06 4.93927727e-03 5.51594135e-03
4.35971761e-01 -8.92687005e-06 5.27688085e-03 5.77025098e-03
4.48428097e-01 -9.05462999e-06 5.62138188e-03 6.02493688e-03
4.60884433e-01 -9.15580181e-06 5.97149854e-03 6.27953736e-03
4.73340769e-01 -9.22979381e-06 6.32592492e-03 6.53359447e-03
4.85797105e-01 -9.27617363e-06 6.68333783e-03 6.78665516e-03
4.98253441e-01 -9.29467045e-06 7.04240365e-03 7.03827227e-03
5.10709777e-01 -9.28517627e-06 7.40178530e-03 7.28800561e-03
5.23166113e-01 -9.24774653e-06 7.76014930e-03 7.53542307e-03
5.35622449e-01 -9.18259977e-06 8.11617277e-03 7.78010166e-03
5.48078785e-01 -9.09011656e-06 8.46855057e-03 8.02162863e-03
5.60535121e-01 -8.97083762e-06 8.81600230e-03 8.25960256e-03
5.72991457e-01 -8.82546108e-06 9.15727930e-03 8.49363452e-03
5.85447793e-01 -8.65483897e-06 9.49117146e-03 8.72334920e-03
5.97904129e-01 -8.45997290e-06 9.81651395e-03 8.94838611e-03
6.10360465e-01 -8.24200893e-06 1.01321936e-02 9.16840073e-03
6.22816801e-01 -8.00223168e-06 1.04371554e-02 9.38306579e-03
6.35273137e-01 -7.74205762e-06 1.07304079e-02 9.59207250e-03
6.47729473e-01 -7.46302759e-06 1.10110294e-02 9.79513184e-03
6.60185809e-01 -7.16679865e-06 1.12781730e-02 9.99197586e-03
6.72642145e-01 -6.85513510e-06 1.15310713e-02 1.01823590e-02
6.85098481e-01 -6.52989887e-06 1.17690408e-02 1.03660596e-02
6.97554817e-01 -6.19303919e-06 1.19914864e-02 1.05428809e-02
7.10011153e-01 -5.84658166e-06 1.21979043e-02 1.07126529e-02
7.22467489e-01 -5.49261673e-06 1.23878851e-02 1.08752336e-02
7.34923825e-01 -5.13328758e-06 1.25611167e-02 1.10305102e-02
7.47380161e-01 -4.77077761e-06 1.27173861e-02 1.11784008e-02
7.59836497e-01 -4.40729742e-06 1.28565804e-02 1.13188558e-02
7.72292833e-01 -4.04507147e-06 1.29786885e-02 1.14518589e-02
7.84749169e-01 -3.68632450e-06 1.30838010e-02 1.15774292e-02
7.97205505e-01 -3.33326765e-06 1.31721101e-02 1.16956217e-02
8.09661841e-01 -2.98808457e-06 1.32439089e-02 1.18065290e-02
8.22118177e-01 -2.65291752e-06 1.32995907e-02 1.19102824e-02
8.34574514e-01 -2.32985346e-06 1.33396465e-02 1.20070531e-02
8.47030850e-01 -2.02091041e-06 1.33646638e-02 1.20970527e-02
8.59487186e-01 -1.72802411e-06 1.33753231e-02 1.21805346e-02
8.71943522e-01 -1.45303499e-06 1.33723954e-02 1.22577942e-02
8.84399858e-01 -1.19767577e-06 1.33567387e-02 1.23291695e-02
8.96856194e-01 -9.63559563e-07 1.33292939e-02 1.23950413e-02
9.09312530e-01 -7.52168762e-07 1.32910807e-02 1.24558329e-02
9.21768866e-01 -5.64844717e-07 1.32431927e-02 1.25120101e-02
9.34225202e-01 -4.02778327e-07 1.31867931e-02 1.25640799e-02
9.46681538e-01 -2.67001632e-07 1.31231083e-02 1.26125898e-02
9.59137874e-01 -1.58380485e-07 1.30534230e-02 1.26581259e-02
9.71594210e-01 -7.76083705e-08 1.29790738e-02 1.27013110e-02
9.84050546e-01 -2.52014370e-08 1.29014427e-02 1.27428015e-02
9.96506882e-01 -1.49478587e-09 1.28219498e-02 1.27832850e-02
1.00896322e+00 -6.64005662e-09 1.27420465e-02 1.28234754e-02
1.02141955e+00 -4.06043356e-08 1.26632067e-02 1.28641093e-02
1.03387589e+00 -1.03170390e-07 1.25869188e-02 1.29059408e-02
1.04633223e+00 -1.93938236e-07 1.25146763e-02 1.29497353e-02
1.05878856e+00 -3.12328020e-07 1.24479674e-02 1.29962638e-02
1.07124490e+00 -4.57584180e-07 1.23882652e-02 1.30462957e-02
1.08370123e+00 -6.28780853e-07 1.23370156e-02 1.31005916e-02
1.09615757e+00 -8.24828472e-07 1.22956260e-02 1.31598957e-02
1.10861391e+00 -1.04448149e-06 1.22654524e-02 1.32249278e-02
1.12107024e+00 -1.28634715e-06 1.22477870e-02 1.32963754e-02
1.13352658e+00 -1.54889524e-06 1.22438454e-02 1.33748855e-02
1.14598291e+00 -1.83046869e-06 1.22547535e-02 1.34610574e-02
1.15843925e+00 -2.12929499e-06 1.22815359e-02 1.35554349e-02
1.17089559e+00 -2.44349828e-06 1.23251045e-02 1.36584999e-02
1.18335192e+00 -2.77111198e-06 1.23862482e-02 1.37706669e-02
1.19580826e+00 -3.11009193e-06 1.24656249e-02 1.38922773e-02
1.20826459e+00 -3.45832990e-06 1.25637549e-02 1.40235966e-02
1.22072093e+00 -3.81366728e-06 1.26810160e-02 1.41648106e-02
1.23317727e+00 -4.17390901e-06 1.28176417e-02 1.43160250e-02
1.24563360e+00 -4.53683750e-06 1.29737208e-02 1.44772643e-02
1.25808994e+00 -4.90022655e-06 1.31491993e-02 1.46484731e-02
1.27054627e+00 -5.26185509e-06 1.33438842e-02 1.48295183e-02
1.28300261e+00 -5.61952070e-06 1.35574493e-02 1.50201917e-02
1.29545895e+00 -5.97105285e-06 1.37894413e-02 1.52202141e-02
1.30791528e+00 -6.31432572e-06 1.40392877e-02 1.54292403e-02
1.32037162e+00 -6.64727065e-06 1.43063057e-02 1.56468639e-02
1.33282795e+00 -6.96788795e-06 1.45897102e-02 1.58726229e-02
1.34528429e+00 -7.27425829e-06 1.48886230e-02 1.61060061e-02
1.35774063e+00 -7.56455340e-06 1.52020819e-02 1.63464590e-02
1.37019696e+00 -7.83704613e-06 1.55290489e-02 1.65933896e-02
1.38265330e+00 -8.09011988e-06 1.58684190e-02 1.68461749e-02
1.39510963e+00 -8.32227720e-06 1.62190280e-02 1.71041664e-02
1.40756597e+00 -8.53214784e-06 1.65796605e-02 1.73666958e-02
1.42002231e+00 -8.71849584e-06 1.69490571e-02 1.76330803e-02
1.43247864e+00 -8.88022598e-06 1.73259221e-02 1.79026276e-02
1.44493498e+00 -9.01638944e-06 1.77089297e-02 1.81746404e-02
1.45739131e+00 -9.12618858e-06 1.80967319e-02 1.84484209e-02
1.46984765e+00 -9.20898103e-06 1.84879642e-02 1.87232746e-02
1.48230399e+00 -9.26428289e-06 1.88812530e-02 1.89985137e-02
1.49476032e+00 -9.29177117e-06 1.92752216e-02 1.92734607e-02
1.50721666e+00 -9.29128538e-06 1.96684973e-02 1.95474511e-02
1.51967299e+00 -9.26282836e-06 2.00597176e-02 1.98198365e-02
1.53212933e+00 -9.20656624e-06 2.04475367e-02 2.00899866e-02
1.54458567e+00 -9.12282765e-06 2.08306322e-02 2.03572914e-02
1.55704200e+00 -9.01210201e-06 2.12077113e-02 2.06211639e-02
1.56949834e+00 -8.87503716e-06 2.15775176e-02 2.08810413e-02
1.58195467e+00 -8.71243604e-06 2.19388367e-02 2.11363870e-02
1.59441101e+00 -8.52525265e-06 2.22905031e-02 2.13866921e-02
1.60686735e+00 -8.31458718e-06 2.26314058e-02 2.16314770e-02
1.61932368e+00 -8.08168036e-06 2.29604942e-02 2.18702927e-02
1.63178002e+00 -7.82790700e-06 2.32767837e-02 2.21027223e-02
1.64423635e+00 -7.55476880e-06 2.35793610e-02 2.23283819e-02
1.65669269e+00 -7.26388635e-06 2.38673892e-02 2.25469221e-02
1.66914903e+00 -6.95699047e-06 2.41401124e-02 2.27580290e-02
1.68160536e+00 -6.63591277e-06 2.43968603e-02 2.29614252e-02
1.69406170e+00 -6.30257555e-06 2.46370514e-02 2.31568712e-02
1.70651804e+00 -5.95898107e-06 2.48601974e-02 2.33441657e-02
1.71897437e+00 -5.60720020e-06 2.50659055e-02 2.35231473e-02
1.73143071e+00 -5.24936051e-06 2.52538813e-02 2.36936947e-02
1.74388704e+00 -4.88763385e-06 2.54239309e-02 2.38557282e-02
1.75634338e+00 -4.52422351e-06 2.55759623e-02 2.40092097e-02
1.76879972e+00 -4.16135097e-06 2.57099861e-02 2.41541440e-02
1.78125605e+00 -3.80124238e-06 2.58261167e-02 2.42905788e-02
1.79371239e+00 -3.44611475e-06 2.59245715e-02 2.44186057e-02
1.80616872e+00 -3.09816213e-06 2.60056708e-02 2.45383602e-02
1.81862506e+00 -2.75954160e-06 2.60698362e-02 2.46500220e-02
1.83108140e+00 -2.43235941e-06 2.61175892e-02 2.47538150e-02
1.84353773e+00 -2.11865725e-06 2.61495489e-02 2.48500074e-02
1.85599407e+00 -1.82039875e-06 2.61664290e-02 2.49389111e-02
1.86845040e+00 -1.53945642e-06 2.61690345e-02 2.50208811e-02
1.88090674e+00 -1.27759895e-06 2.61582582e-02 2.50963154e-02
1.89336308e+00 -1.03647920e-06 2.61350761e-02 2.51656530e-02
1.90581941e+00 -8.17622771e-07 2.61005426e-02 2.52293737e-02
1.91827575e+00 -6.22417483e-07 2.60557850e-02 2.52879955e-02
1.93073208e+00 -4.52103608e-07 2.60019983e-02 2.53420736e-02
1.94318842e+00 -3.07765157e-07 2.59404384e-02 2.53921977e-02
1.95564476e+00 -1.90322185e-07 2.58724157e-02 2.54389893e-02
1.96810109e+00 -1.00524242e-07 2.57992883e-02 2.54830994e-02
1.98055743e+00 -3.89450039e-08 2.57224538e-02 2.55252049e-02
1.99301376e+00 -5.97815205e-09 2.56433423e-02 2.55660047e-02
2.00547010e+00 -1.83454257e-09 2.55634075e-02 2.56062162e-02
2.01792644e+00 -2.65406810e-08 2.54841184e-02 2.56465707e-02
2.03038277e+00 -7.99385367e-08 2.54069502e-02 2.56878087e-02
2.04283911e+00 -1.61686678e-07 2.53333755e-02 2.57306752e-02
2.05529544e+00 -2.71262732e-07 2.52648542e-02 2.57759141e-02
2.06775178e+00 -4.07967145e-07 2.52028243e-02 2.58242628e-02
2.08020812e+00 -5.70928186e-07 2.51486917e-02 2.58764465e-02
2.09266445e+00 -7.59108172e-07 2.51038206e-02 2.59331727e-02
2.10512079e+00 -9.71310838e-07 2.50695233e-02 2.59951249e-02
2.11757712e+00 -1.20618978e-06 2.50470504e-02 2.60629569e-02
2.13003346e+00 -1.46225788e-06 2.50375814e-02 2.61372873e-02
2.14248980e+00 -1.73789770e-06 2.50422153e-02 2.62186937e-02
2.15494613e+00 -2.03137257e-06 2.50619616e-02 2.63077073e-02
2.16740247e+00 -2.34083854e-06 2.50977323e-02 2.64048085e-02
2.17985880e+00 -2.66435681e-06 2.51503343e-02 2.65104219e-02
2.19231514e+00 -2.99990672e-06 2.52204626e-02 2.66249127e-02
2.20477148e+00 -3.34539916e-06 2.53086949e-02 2.67485829e-02
2.21722781e+00 -3.69869023e-06 2.54154867e-02 2.68816694e-02
2.22968415e+00 -4.05759507e-06 2.55411682e-02 2.70243412e-02
2.24214048e+00 -4.41990183e-06 2.56859413e-02 2.71766983e-02
2.25459682e+00 -4.78338557e-06 2.58498795e-02 2.73387717e-02
2.26705316e+00 -5.14582207e-06 2.60329271e-02 2.75105226e-02
2.27950949e+00 -5.50500146e-06 2.62349012e-02 2.76918443e-02
2.29196583e+00 -5.85874151e-06 2.64554940e-02 2.78825631e-02
2.30442216e+00 -6.20490067e-06 2.66942761e-02 2.80824408e-02
2.31687850e+00 -6.54139054e-06 2.69507012e-02 2.82911775e-02
2.32933484e+00 -6.86618797e-06 2.72241115e-02 2.85084150e-02
2.34179117e+00 -7.17734660e-06 2.75137434e-02 2.87337404e-02
2.35424751e+00 -7.47300770e-06 2.78187345e-02 2.89666903e-02
2.36670384e+00 -7.75141054e-06 2.81381308e-02 2.92067554e-02
2.37916018e+00 -8.01090196e-06 2.84708941e-02 2.94533851e-02
2.39161652e+00 -8.24994528e-06 2.88159100e-02 2.97059923e-02
2.40407285e+00 -8.46712850e-06 2.91719959e-02 2.99639582e-02
2.41652919e+00 -8.66117169e-06 2.95379095e-02 3.02266374e-02
2.42898552e+00 -8.83093372e-06 2.99123568e-02 3.04933628e-02
2.44144186e+00 -8.97541808e-06 3.02940009e-02 3.07634503e-02
2.45389820e+00 -9.09377802e-06 3.06814700e-02 3.10362037e-02
2.46635453e+00 -9.18532081e-06 3.10733657e-02 3.13109188e-02
2.47881087e+00 -9.24951125e-06 3.14682716e-02 3.15868883e-02
2.49126720e+00 -9.28597436e-06 3.18647611e-02 3.18634058e-02
2.50372354e+00 -9.29449724e-06 3.22614055e-02 3.21397694e-02
2.51617988e+00 -9.27503015e-06 3.26567820e-02 3.24152861e-02
2.52863621e+00 -9.22768672e-06 3.30494816e-02 3.26892748e-02
2.54109255e+00 -9.15274344e-06 3.34381162e-02 3.29610698e-02
2.55354888e+00 -9.05063820e-06 3.38213264e-02 3.32300242e-02
2.56600522e+00 -8.92196821e-06 3.41977888e-02 3.34955123e-02
2.57846156e+00 -8.76748689e-06 3.45662224e-02 3.37569326e-02
2.59091789e+00 -8.58810013e-06 3.49253964e-02 3.40137105e-02
2.60337423e+00 -8.38486166e-06 3.52741354e-02 3.42653002e-02
2.61583056e+00 -8.15896767e-06 3.56113269e-02 3.45111875e-02
2.62828690e+00 -7.91175055e-06 3.59359260e-02 3.47508911e-02
2.64074324e+00 -7.64467203e-06 3.62469622e-02 3.49839654e-02
2.65319957e+00 -7.35931534e-06 3.65435434e-02 3.52100014e-02
2.66565591e+00 -7.05737685e-06 3.68248617e-02 3.54286288e-02
2.67811224e+00 -6.74065678e-06 3.70901972e-02 3.56395174e-02
2.69056858e+00 -6.41104941e-06 3.73389225e-02 3.58423785e-02
2.70302492e+00 -6.07053247e-06 3.75705055e-02 3.60369658e-02
2.71548125e+00 -5.72115604e-06 3.77845134e-02 3.62230772e-02
2.72793759e+00 -5.36503076e-06 3.79806144e-02 3.64005552e-02
2.74039392e+00 -5.00431563e-06 3.81585803e-02 3.65692879e-02
2.75285026e+00 -4.64120525e-06 3.83182878e-02 3.67292100e-02
2.76530660e+00 -4.27791671e-06 3.84597194e-02 3.68803028e-02
2.77776293e+00 -3.91667613e-06 3.85829641e-02 3.70225954e-02
2.79021927e+00 -3.55970501e-06 3.86882169e-02 3.71561642e-02
2.80267561e+00 -3.20920628e-06 3.87757784e-02 3.72811337e-02
2.81513194e+00 -2.86735044e-06 3.88460533e-02 3.73976758e-02
2.82758828e+00 -2.53626161e-06 3.88995489e-02 3.75060100e-02
2.84004461e+00 -2.21800373e-06 3.89368722e-02 3.76064026e-02
2.85250095e+00 -1.91456702e-06 3.89587274e-02 3.76991662e-02
2.86495729e+00 -1.62785469e-06 3.89659122e-02 3.77846588e-02
2.87741362e+00 -1.35967018e-06 3.89593137e-02 3.78632821e-02
2.88986996e+00 -1.11170491e-06 3.89399041e-02 3.79354810e-02
2.90232629e+00 -8.85526616e-07 3.89087351e-02 3.80017408e-02
2.91478263e+00 -6.82568563e-07 3.88669329e-02 3.80625862e-02
2.92723897e+00 -5.04119496e-07 3.88156919e-02 3.81185783e-02
2.93969530e+00 -3.51314596e-07 3.87562679e-02 3.81703122e-02
2.95215164e+00 -2.25127445e-07 3.86899717e-02 3.82184145e-02
2.96460797e+00 -1.26363101e-07 3.86181613e-02 3.82635395e-02
2.97706431e+00 -5.56523387e-08 3.85422344e-02 3.83063661e-02
2.98952065e+00 -1.34471293e-08 3.84636202e-02 3.83475940e-02
3.00197698e+00 -1.73842457e-11 3.83837710e-02 3.83879395e-02
3.01443332e+00 -1.54490129e-08 3.83041533e-02 3.84281311e-02
3.02688965e+00 -5.96433015e-08 3.82262393e-02 3.84689055e-02
3.03934599e+00 -1.32317625e-07 3.81514972e-02 3.85110020e-02
3.05180233e+00 -2.33007483e-07 3.80813825e-02 3.85551579e-02
3.06425866e+00 -3.61069847e-07 3.80173279e-02 3.86021038e-02
3.07671500e+00 -5.15687763e-07 3.79607344e-02 3.86525575e-02
3.08917133e+00 -6.95876197e-07 3.79129616e-02 3.87072197e-02
3.10162767e+00 -9.00489040e-07 3.78753186e-02 3.87667677e-02
3.11408401e+00 -1.12822721e-06 3.78490545e-02 3.88318512e-02
3.12654034e+00 -1.37764779e-06 3.78353501e-02 3.89030864e-02
3.13899668e+00 -1.64717407e-06 3.78353090e-02 3.89810515e-02
3.15145301e+00 -1.93510651e-06 3.78499497e-02 3.90662821e-02
3.16390935e+00 -2.23963433e-06 3.78801979e-02 3.91592663e-02
3.17636569e+00 -2.55884785e-06 3.79268799e-02 3.92604413e-02
3.18882202e+00 -2.89075131e-06 3.79907165e-02 3.93701894e-02
3.20127836e+00 -3.23327616e-06 3.80723171e-02 3.94888349e-02
3.21373469e+00 -3.58429461e-06 3.81721757e-02 3.96166419e-02
3.22619103e+00 -3.94163346e-06 3.82906672e-02 3.97538115e-02
3.23864737e+00 -4.30308802e-06 3.84280446e-02 3.99004810e-02
3.25110370e+00 -4.66643606e-06 3.85844377e-02 4.00567226e-02
3.26356004e+00 -5.02945162e-06 3.87598519e-02 4.02225431e-02
3.27601637e+00 -5.38991875e-06 3.89541692e-02 4.03978843e-02
3.28847271e+00 -5.74564489e-06 3.91671493e-02 4.05826239e-02
3.30092905e+00 -6.09447401e-06 3.93984317e-02 4.07765768e-02
3.31338538e+00 -6.43429927e-06 3.96475391e-02 4.09794971e-02
3.32584172e+00 -6.76307524e-06 3.99138817e-02 4.11910803e-02
3.33829805e+00 -7.07882962e-06 4.01967616e-02 4.14109669e-02
3.35075439e+00 -7.37967435e-06 4.04953786e-02 4.16387446e-02
3.36321073e+00 -7.66381608e-06 4.08088362e-02 4.18739529e-02
3.37566706e+00 -7.92956601e-06 4.11361485e-02 4.21160866e-02
3.38812340e+00 -8.17534908e-06 4.14762473e-02 4.23645997e-02
3.40057973e+00 -8.39971230e-06 4.18279896e-02 4.26189103e-02
3.41303607e+00 -8.60133250e-06 4.21901658e-02 4.28784045e-02
3.42549241e+00 -8.77902321e-06 4.25615073e-02 4.31424413e-02
3.43794874e+00 -8.93174077e-06 4.29406956e-02 4.34103572e-02
3.45040508e+00 -9.05858975e-06 4.33263698e-02 4.36814702e-02
3.46286141e+00 -9.15882744e-06 4.37171362e-02 4.39550853e-02
3.47531775e+00 -9.23186762e-06 4.41115761e-02 4.42304979e-02
3.48777409e+00 -9.27728352e-06 4.45082546e-02 4.45069989e-02
3.50023042e+00 -9.29480993e-06 4.49057292e-02 4.47838786e-02
3.51268676e+00 -9.28434454e-06 4.53025580e-02 4.50604308e-02
3.52514309e+00 -9.24594843e-06 4.56973083e-02 4.53359568e-02
3.53759943e+00 -9.17984581e-06 4.60885643e-02 4.56097691e-02
3.55005577e+00 -9.08642283e-06 4.64749357e-02 4.58811948e-02
3.56251210e+00 -8.96622572e-06 4.68550646e-02 4.61495795e-02
3.57496844e+00 -8.81995803e-06 4.72276338e-02 4.64142900e-02
3.58742477e+00 -8.64847704e-06 4.75913734e-02 4.66747174e-02
3.59988111e+00 -8.45278947e-06 4.79450683e-02 4.69302804e-02
3.61233745e+00 -8.23404630e-06 4.82875645e-02 4.71804276e-02
3.62479378e+00 -7.99353683e-06 4.86177753e-02 4.74246399e-02
3.63725012e+00 -7.73268197e-06 4.89346876e-02 4.76624333e-02
3.64970645e+00 -7.45302675e-06 4.92373672e-02 4.78933606e-02
3.66216279e+00 -7.15623210e-06 4.95249640e-02 4.81170137e-02
3.67461913e+00 -6.84406587e-06 4.97967165e-02 4.83330254e-02
3.68707546e+00 -6.51839319e-06 5.00519563e-02 4.85410710e-02
3.69953180e+00 -6.18116614e-06 5.02901116e-02 4.87408698e-02
3.71198813e+00 -5.83441276e-06 5.05107108e-02 4.89321865e-02
3.72444447e+00 -5.48022553e-06 5.07133846e-02 4.91148325e-02
3.73690081e+00 -5.12074925e-06 5.08978690e-02 4.92886667e-02
3.74935714e+00 -4.75816847e-06 5.10640062e-02 4.94535965e-02
3.76181348e+00 -4.39469451e-06 5.12117461e-02 4.96095783e-02
3.77426981e+00 -4.03255206e-06 5.13411468e-02 4.97566180e-02
3.78672615e+00 -3.67396562e-06 5.14523743e-02 4.98947716e-02
3.79918249e+00 -3.32114561e-06 5.15457020e-02 5.00241447e-02
3.81163882e+00 -2.97627449e-06 5.16215094e-02 5.01448928e-02
3.82409516e+00 -2.64149281e-06 5.16802804e-02 5.02572209e-02
3.83655149e+00 -2.31888538e-06 5.17226009e-02 5.03613825e-02
3.84900783e+00 -2.01046759e-06 5.17491554e-02 5.04576793e-02
3.86146417e+00 -1.71817207e-06 5.17607241e-02 5.05464596e-02
3.87392050e+00 -1.44383574e-06 5.17581784e-02 5.06281176e-02
3.88637684e+00 -1.18918735e-06 5.17424763e-02 5.07030909e-02
3.89883318e+00 -9.55835662e-07 5.17146571e-02 5.07718594e-02
3.91128951e+00 -7.45258343e-07 5.16758362e-02 5.08349428e-02
3.92374585e+00 -5.58791675e-07 5.16271983e-02 5.08928979e-02
3.93620218e+00 -3.97621179e-07 5.15699913e-02 5.09463163e-02
3.94865852e+00 -2.62773245e-07 5.15055190e-02 5.09958211e-02
3.96111486e+00 -1.55107840e-07 5.14351334e-02 5.10420639e-02
3.97357119e+00 -7.53123747e-08 5.13602275e-02 5.10857205e-02
3.98602753e+00 -2.38967668e-08 5.12822264e-02 5.11274879e-02
3.99848386e+00 -1.18978584e-09 5.12025794e-02 5.11680798e-02
4.01094020e+00 -7.33667818e-09 5.11227509e-02 5.12082224e-02
4.02339654e+00 -4.22981222e-08 5.10442115e-02 5.12486496e-02
4.03585287e+00 -1.05850510e-07 5.09684289e-02 5.12900988e-02
4.04830921e+00 -1.97587562e-07 5.08968591e-02 5.13333057e-02
4.06076554e+00 -3.16923249e-07 5.08309362e-02 5.13789994e-02
4.07322188e+00 -4.63096002e-07 5.07720640e-02 5.14278975e-02
4.08567822e+00 -6.35174160e-07 5.07216065e-02 5.14807010e-02
4.09813455e+00 -8.32062610e-07 5.06808785e-02 5.15380894e-02
4.11059089e+00 -1.05251054e-06 5.06511373e-02 5.16007154e-02
4.12304722e+00 -1.29512026e-06 5.06335739e-02 5.16692005e-02
4.13550356e+00 -1.55835697e-06 5.06293045e-02 5.17441299e-02
4.14795990e+00 -1.84055940e-06 5.06393634e-02 5.18260487e-02
4.16041623e+00 -2.13995125e-06 5.06646951e-02 5.19154570e-02
4.17287257e+00 -2.45465330e-06 5.07061480e-02 5.20128065e-02
4.18532890e+00 -2.78269604e-06 5.07644683e-02 5.21184970e-02
4.19778524e+00 -3.12203289e-06 5.08402946e-02 5.22328732e-02
4.21024158e+00 -3.47055360e-06 5.09341538e-02 5.23562224e-02
4.22269791e+00 -3.82609809e-06 5.10464569e-02 5.24887718e-02
4.23515425e+00 -4.18647028e-06 5.11774962e-02 5.26306875e-02
4.24761058e+00 -4.54945204e-06 5.13274439e-02 5.27820729e-02
4.26006692e+00 -4.91281713e-06 5.14963507e-02 5.29429684e-02
4.27252326e+00 -5.27434490e-06 5.16841456e-02 5.31133513e-02
4.28497959e+00 -5.63183381e-06 5.18906369e-02 5.32931362e-02
4.29743593e+00 -5.98311467e-06 5.21155138e-02 5.34821759e-02
4.30989226e+00 -6.32606346e-06 5.23583492e-02 5.36802631e-02
4.32234860e+00 -6.65861368e-06 5.26186027e-02 5.38871322e-02
4.33480494e+00 -6.97876826e-06 5.28956250e-02 5.41024617e-02
4.34726127e+00 -7.28461087e-06 5.31886627e-02 5.43258770e-02
4.35971761e+00 -7.57431656e-06 5.34968638e-02 5.45569533e-02
4.37217394e+00 -7.84616187e-06 5.38192839e-02 5.47952193e-02
4.38463028e+00 -8.09853419e-06 5.41548931e-02 5.50401609e-02
4.39708662e+00 -8.32994038e-06 5.45025825e-02 5.52912250e-02
4.40954295e+00 -8.53901470e-06 5.48611726e-02 5.55478235e-02
4.42199929e+00 -8.72452598e-06 5.52294203e-02 5.58093380e-02
4.43445562e+00 -8.88538400e-06 5.56060277e-02 5.60751234e-02
4.44691196e+00 -9.02064510e-06 5.59896501e-02 5.63445131e-02
4.45936830e+00 -9.12951698e-06 5.63789050e-02 5.66168230e-02
4.47182463e+00 -9.21136270e-06 5.67723798e-02 5.68913557e-02
4.48428097e+00 -9.26570392e-06 5.71686414e-02 5.71674052e-02
4.49673730e+00 -9.29222326e-06 5.75662444e-02 5.74442614e-02
4.50919364e+00 -9.29076589e-06 5.79637398e-02 5.77212135e-02
4.52164998e+00 -9.26134033e-06 5.83596836e-02 5.79975550e-02
4.53410631e+00 -9.20411836e-06 5.87526450e-02 5.82725868e-02
4.54656265e+00 -9.11943421e-06 5.91412148e-02 5.85456218e-02
4.55901898e+00 -9.00778286e-06 5.95240138e-02 5.88159881e-02
4.57147532e+00 -8.86981758e-06 5.98997000e-02 5.90830326e-02
4.58393166e+00 -8.70634663e-06 6.02669765e-02 5.93461243e-02
4.59638799e+00 -8.51832917e-06 6.06245988e-02 5.96046577e-02
4.60884433e+00 -8.30687037e-06 6.09713816e-02 5.98580556e-02
4.62130066e+00 -8.07321571e-06 6.13062058e-02 6.01057717e-02
4.63375700e+00 -7.81874454e-06 6.16280239e-02 6.03472939e-02
4.64621334e+00 -7.54496282e-06 6.19358670e-02 6.05821461e-02
4.65866967e+00 -7.25349512e-06 6.22288491e-02 6.08098911e-02
4.67112601e+00 -6.94607591e-06 6.25061726e-02 6.10301320e-02
4.68358234e+00 -6.62454012e-06 6.27671328e-02 6.12425148e-02
4.69603868e+00 -6.29081302e-06 6.30111216e-02 6.14467299e-02
4.70849502e+00 -5.94689943e-06 6.32376314e-02 6.16425135e-02
4.72095135e+00 -5.59487240e-06 6.34462574e-02 6.18296492e-02
4.73340769e+00 -5.23686124e-06 6.36367004e-02 6.20079690e-02
4.74586402e+00 -4.87503911e-06 6.38087688e-02 6.21773544e-02
4.75832036e+00 -4.51161017e-06 6.39623791e-02 6.23377372e-02
4.77077670e+00 -4.14879627e-06 6.40975573e-02 6.24891000e-02
4.78323303e+00 -3.78882347e-06 6.42144387e-02 6.26314765e-02
4.79568937e+00 -3.43390825e-06 6.43132671e-02 6.27649515e-02
4.80814570e+00 -3.08624357e-06 6.43943940e-02 6.28896611e-02
4.82060204e+00 -2.74798500e-06 6.44582767e-02 6.30057921e-02
4.83305838e+00 -2.42123678e-06 6.45054759e-02 6.31135816e-02
4.84551471e+00 -2.10803810e-06 6.45366528e-02 6.32133156e-02
4.85797105e+00 -1.81034968e-06 6.45525660e-02 6.33053286e-02
4.87042738e+00 -1.53004059e-06 6.45540665e-02 6.33900017e-02
4.88288372e+00 -1.26887573e-06 6.45420939e-02 6.34677611e-02
4.89534006e+00 -1.02850371e-06 6.45176710e-02 6.35390758e-02
4.90779639e+00 -8.10445549e-07 6.44818979e-02 6.36044562e-02
4.92025273e+00 -6.16084084e-07 6.44359459e-02 6.36644504e-02
4.93270906e+00 -4.46654312e-07 6.43810511e-02 6.37196425e-02
4.94516540e+00 -3.03234674e-07 6.43185069e-02 6.37706487e-02
4.95762174e+00 -1.86739414e-07 6.42496568e-02 6.38181144e-02
4.97007807e+00 -9.79120623e-08 6.41758865e-02 6.38627104e-02
4.98253441e+00 -3.73201088e-08 6.40986156e-02 6.39051293e-02
4.99499075e+00 -5.35093211e-09 6.40192891e-02 6.39460811e-02
5.00744708e+00 -2.20900859e-09 6.39393687e-02 6.39862888e-02
