#         i          j          k                    x                    y                    z          Dens          MomX          MomY          MomZ          Engy       Entropy          MagX          MagY          MagZ       MagEngy      Pressure
          0          0          0 3.90625000000000e-03 3.90625000000000e-03 3.90625000000000e-03  1.080000e+00  1.296000e+00  1.080000e-02  5.400000e-01  3.171626e+00  9.024873e-01  5.641896e-01  1.015541e+00  5.641896e-01  8.339719e-01  9.500000e-01
        512          0          0 1.17187500000000e-02 3.90625000000000e-03 3.90625000000000e-03  1.080000e+00  1.296000e+00  1.080000e-02  5.400000e-01  3.171626e+00  9.024873e-01  5.641896e-01  1.015541e+00  5.641896e-01  8.339719e-01  9.500000e-01
       1024          0          0 1.95312500000000e-02 3.90625000000000e-03 3.90625000000000e-03  1.080000e+00  1.296000e+00  1.080000e-02  5.400000e-01  3.171626e+00  9.024873e-01  5.641896e-01  1.015541e+00  5.641896e-01  8.339719e-01  9.500000e-01
       1536          0          0 2.73437500000000e-02 3.90625000000000e-03 3.90625000000000e-03  1.080000e+00  1.296000e+00  1.080000e-02  5.400000e-01  3.171626e+00  9.024873e-01  5.641896e-01  1.015541e+00  5.641896e-01  8.339719e-01  9.500000e-01
       2048          0          0 3.51562500000000e-02 3.90625000000000e-03 3.90625000000000e-03  1.080000e+00  1.296000e+00  1.080000e-02  5.400000e-01  3.171626e+00  9.024873e-01  5.641896e-01  1.015541e+00  5.641896e-01  8.339719e-01  9.500000e-01
       2560          0          0 4.29687500000000e-02 3.90625000000000e-03 3.90625000000000e-03  1.080000e+00  1.296000e+00  1.080000e-02  5.400000e-01  3.171626e+00  9.024873e-01  5.641896e-01  1.015541e+00  5.641896e-01  8.339719e-01  9.500000e-01
       3072          0          0 5.07812500000000e-02 3.90625000000000e-03 3.90625000000000e-03  1.080000e+00  1.296000e+00  1.080000e-02  5.400000e-01  3.171626e+00  9.024873e-01  5.641896e-01  1.015541e+00  5.641896e-01  8.339719e-01  9.500000e-01
       3584          0          0 5.85937500000000e-02 3.90625000000000e-03 3.90625000000000e-03  1.080000e+00  1.296000e+00  1.080000e-02  5.400000e-01  3.171626e+00  9.024873e-01  5.641896e-01  1.015541e+00  5.641896e-01  8.339719e-01  9.500000e-01
       4096          0          0 6.64062500000000e-02 3.90625000000000e-03 3.90625000000000e-03  1.080000e+00  1.296000e+00  1.080000e-02  5.400000e-01  3.171626e+00  9.024873e-01  5.641896e-01  1.015541e+00  5.641896e-01  8.339719e-01  9.500000e-01
       4608          0          0 7.42187500000000e-02 3.90625000000000e-03 3.90625000000000e-03  1.080000e+00  1.296000e+00  1.080000e-02  5.400000e-01  3.171626e+00  9.024873e-01  5.641896e-01  1.015541e+00  5.641896e-01  8.339719e-01  9.500000e-01
       5120          0          0 8.20312500000000e-02 3.90625000000000e-03 3.90625000000000e-03  1.080000e+00  1.296000e+00  1.080000e-02  5.400000e-01  3.171626e+00  9.024873e-01  5.641896e-01  1.015541e+00  5.641896e-01  8.339719e-01  9.500000e-01
       5632          0          0 8.98437500000000e-02 3.90625000000000e-03 3.90625000000000e-03  1.080000e+00  1.296000e+00  1.080000e-02  5.400000e-01  3.171626e+00  9.024873e-01  5.641896e-01  1.015541e+00  5.641896e-01  8.339719e-01  9.500000e-01
       6144          0          0 9.76562500000000e-02 3.90625000000000e-03 3.90625000000000e-03  1.080000e+00  1.296000e+00  1.080000e-02  5.400000e-01  3.171626e+00  9.024873e-01  5.641896e-01  1.015541e+00  5.641896e-01  8.339719e-01  9.500000e-01
       6656          0          0 1.05468750000000e-01 3.90625000000000e-03 3.90625000000000e-03  1.080000e+00  1.296000e+00  1.080000e-02  5.400000e-01  3.171626e+00  9.024873e-01  5.641896e-01  1.015541e+00  5.641896e-01  8.339719e-01  9.500000e-01
       7168          0          0 1.13281250000000e-01 3.90625000000000e-03 3.90625000000000e-03  1.080000e+00  1.296000e+00  1.080000e-02  5.400000e-01  3.171626e+00  9.024873e-01  5.641896e-01  1.015541e+00  5.641896e-01  8.339719e-01  9.500000e-01
       7680          0          0 1.21093750000000e-01 3.90625000000000e-03 3.90625000000000e-03  1.080000e+00  1.296000e+00  1.080000e-02  5.400000e-01  3.171626e+00  9.024873e-01  5.641896e-01  1.015541e+00  5.641896e-01  8.339719e-01  9.500000e-01
       8192          0          0 1.28906250000000e-01 3.90625000000000e-03 3.90625000000000e-03  1.080000e+00  1.296000e+00  1.080000e-02  5.400000e-01  3.171626e+00  9.024873e-01  5.641896e-01  1.015541e+00  5.641896e-01  8.339719e-01  9.500000e-01
       8704          0          0 1.36718750000000e-01 3.90625000000000e-03 3.90625000000000e-03  1.080000e+00  1.296000e+00  1.080000e-02  5.400000e-01  3.171626e+00  9.024873e-01  5.641896e-01  1.015541e+00  5.641896e-01  8.339719e-01  9.500000e-01
       9216          0          0 1.44531250000000e-01 3.90625000000000e-03 3.90625000000000e-03  1.080000e+00  1.296000e+00  1.080000e-02  5.400000e-01  3.171626e+00  9.024873e-01  5.641896e-01  1.015541e+00  5.641896e-01  8.339719e-01  9.500000e-01
       9728          0          0 1.52343750000000e-01 3.90625000000000e-03 3.90625000000000e-03  1.080000e+00  1.296000e+00  1.080000e-02  5.400000e-01  3.171626e+00  9.024873e-01  5.641896e-01  1.015541e+00  5.641896e-01  8.339719e-01  9.500000e-01
      10240          0          0 1.60156250000000e-01 3.90625000000000e-03 3.90625000000000e-03  1.080000e+00  1.296000e+00  1.080000e-02  5.400000e-01  3.171626e+00  9.024873e-01  5.641896e-01  1.015541e+00  5.641896e-01  8.339719e-01  9.500000e-01
      10752          0          0 1.67968750000000e-01 3.90625000000000e-03 3.90625000000000e-03  1.080000e+00  1.296000e+00  1.080000e-02  5.400000e-01  3.171626e+00  9.024873e-01  5.641896e-01  1.015541e+00  5.641896e-01  8.339719e-01  9.500000e-01
      11264          0          0 1.75781250000000e-01 3.90625000000000e-03 3.90625000000000e-03  1.080000e+00  1.296000e+00  1.080000e-02  5.400000e-01  3.171626e+00  9.024873e-01  5.641896e-01  1.015541e+00  5.641896e-01  8.339719e-01  9.500000e-01
      11776          0          0 1.83593750000000e-01 3.90625000000000e-03 3.90625000000000e-03  1.080000e+00  1.296000e+00  1.080000e-02  5.400000e-01  3.171626e+00  9.024873e-01  5.641896e-01  1.015541e+00  5.641896e-01  8.339719e-01  9.500000e-01
      12288          0          0 1.91406250000000e-01 3.90625000000000e-03 3.90625000000000e-03  1.080000e+00  1.296000e+00  1.080000e-02  5.400000e-01  3.171626e+00  9.024873e-01  5.641896e-01  1.015541e+00  5.641896e-01  8.339719e-01  9.500000e-01
      12800          0          0 1.99218750000000e-01 3.90625000000000e-03 3.90625000000000e-03  1.080000e+00  1.296000e+00  1.080000e-02  5.400000e-01  3.171626e+00  9.024873e-01  5.641896e-01  1.015541e+00  5.641896e-01  8.339719e-01  9.500000e-01
      13312          0          0 2.07031250000000e-01 3.90625000000000e-03 3.90625000000000e-03  1.080000e+00  1.296000e+00  1.080000e-02  5.400000e-01  3.171626e+00  9.024873e-01  5.641896e-01  1.015541e+00  5.641896e-01  8.339719e-01  9.500000e-01
      13824          0          0 2.14843750000000e-01 3.90625000000000e-03 3.90625000000000e-03  1.080000e+00  1.296000e+00  1.080000e-02  5.400000e-01  3.171626e+00  9.024873e-01  5.641896e-01  1.015541e+00  5.641896e-01  8.339719e-01  9.500000e-01
      14336          0          0 2.22656250000000e-01 3.90625000000000e-03 3.90625000000000e-03  1.080000e+00  1.296000e+00  1.080000e-02  5.400000e-01  3.171626e+00  9.024873e-01  5.641896e-01  1.015541e+00  5.641896e-01  8.339719e-01  9.500000e-01
      14848          0          0 2.30468750000000e-01 3.90625000000000e-03 3.90625000000000e-03  1.080000e+00  1.296000e+00  1.080000e-02  5.400000e-01  3.171626e+00  9.024873e-01  5.641896e-01  1.015541e+00  5.641896e-01  8.339719e-01  9.500000e-01
      15360          0          0 2.38281250000000e-01 3.90625000000000e-03 3.90625000000000e-03  1.080000e+00  1.296000e+00  1.080000e-02  5.400000e-01  3.171626e+00  9.024873e-01  5.641896e-01  1.015541e+00  5.641896e-01  8.339719e-01  9.500000e-01
      15872          0          0 2.46093750000000e-01 3.90625000000000e-03 3.90625000000000e-03  1.080000e+00  1.296000e+00  1.080004e-02  5.400000e-01  3.171626e+00  9.024875e-01  5.641896e-01  1.015541e+00  5.641896e-01  8.339719e-01  9.500002e-01
      24576          0          0 3.78906250000000e-01 3.90625000000000e-03 3.90625000000000e-03  1.490354e+00  9.029721e-01  1.674518e-01  8.299259e-01  4.510532e+00  1.269024e+00  5.641896e-01  1.438361e+00  7.990894e-01  1.512868e+00  1.655756e+00
      25088          0          0 3.86718750000000e-01 3.90625000000000e-03 3.90625000000000e-03  1.490591e+00  9.027832e-01  1.675009e-01  8.300703e-01  4.511219e+00  1.269171e+00  5.641896e-01  1.438492e+00  7.991625e-01  1.513115e+00  1.656122e+00
      25600          0          0 3.94531250000000e-01 3.90625000000000e-03 3.90625000000000e-03  1.490603e+00  9.027067e-01  1.674888e-01  8.300694e-01  4.511333e+00  1.269210e+00  5.641896e-01  1.438532e+00  7.991844e-01  1.513190e+00  1.656183e+00
      26112          0          0 4.02343750000000e-01 3.90625000000000e-03 3.90625000000000e-03  1.490508e+00  9.027100e-01  1.674705e-01  8.300120e-01  4.511152e+00  1.269205e+00  5.641896e-01  1.438498e+00  7.991655e-01  1.513126e+00  1.656105e+00
      26624          0          0 4.10156250000000e-01 3.90625000000000e-03 3.90625000000000e-03  1.490232e+00  9.029637e-01  1.673798e-01  8.298257e-01  4.510143e+00  1.269017e+00  5.641896e-01  1.438248e+00  7.990269e-01  1.512656e+00  1.655656e+00
      27136          0          0 4.17968750000000e-01 3.90625000000000e-03 3.90625000000000e-03  1.490152e+00  9.031702e-01  1.673569e-01  8.297735e-01  4.509702e+00  1.268920e+00  5.641896e-01  1.438097e+00  7.989429e-01  1.512372e+00  1.655470e+00
      27648          0          0 4.25781250000000e-01 3.90625000000000e-03 3.90625000000000e-03  1.490171e+00  9.031340e-01  1.673697e-01  8.297901e-01  4.509778e+00  1.268936e+00  5.641896e-01  1.438119e+00  7.989551e-01  1.512412e+00  1.655505e+00
      28160          0          0 4.33593750000000e-01 3.90625000000000e-03 3.90625000000000e-03  1.490577e+00  9.025414e-01  1.675539e-01  8.300934e-01  4.511439e+00  1.269291e+00  5.641896e-01  1.438558e+00  7.991990e-01  1.513239e+00  1.656269e+00
      28672          0          0 4.41406250000000e-01 3.90625000000000e-03 3.90625000000000e-03  1.491058e+00  9.017897e-01  1.677715e-01  8.304518e-01  4.513474e+00  1.269724e+00  5.641896e-01  1.439114e+00  7.995083e-01  1.514287e+00  1.657190e+00
      29184          0          0 4.49218750000000e-01 3.90625000000000e-03 3.90625000000000e-03  1.491122e+00  9.017675e-01  1.678258e-01  8.305137e-01  4.513898e+00  1.269794e+00  5.641896e-01  1.439227e+00  7.995707e-01  1.514499e+00  1.657329e+00
      29696          0          0 4.57031250000000e-01 3.90625000000000e-03 3.90625000000000e-03  1.490850e+00  9.021564e-01  1.677417e-01  8.303324e-01  4.512857e+00  1.269555e+00  5.641896e-01  1.438967e+00  7.994261e-01  1.514009e+00  1.656816e+00
      30208          0          0 4.64843750000000e-01 3.90625000000000e-03 3.90625000000000e-03  1.489777e+00  9.036398e-01  1.672957e-01  8.295537e-01  4.508535e+00  1.268626e+00  5.641896e-01  1.437853e+00  7.988070e-01  1.511911e+00  1.654809e+00
      30720          0          0 4.72656250000000e-01 3.90625000000000e-03 3.90625000000000e-03  1.489353e+00  9.042855e-01  1.670832e-01  8.292288e-01  4.506694e+00  1.268234e+00  5.641896e-01  1.437353e+00  7.985323e-01  1.510974e+00  1.653984e+00
      31232          0          0 4.80468750000000e-01 3.90625000000000e-03 3.90625000000000e-03  1.489464e+00  9.043103e-01  1.670974e-01  8.292757e-01  4.506773e+00  1.268232e+00  5.641896e-01  1.437337e+00  7.985075e-01  1.510930e+00  1.654064e+00
      31744          0          0 4.88281250000000e-01 3.90625000000000e-03 3.90625000000000e-03  1.490239e+00  9.034131e-01  1.672945e-01  8.298289e-01  4.509593e+00  1.268827e+00  5.641896e-01  1.437995e+00  7.989212e-01  1.512208e+00  1.655413e+00
      32256          0          0 4.96093750000000e-01 3.90625000000000e-03 3.90625000000000e-03  1.491281e+00  9.021725e-01  1.676470e-01  8.304278e-01  4.513452e+00  1.269671e+00  5.641896e-01  1.439031e+00  7.992924e-01  1.513994e+00  1.657286e+00
      32768          0          0 5.03906250000000e-01 3.90625000000000e-03 3.90625000000000e-03  1.491462e+00  9.018450e-01  1.672650e-01  8.309691e-01  4.514141e+00  1.269830e+00  5.641896e-01  1.438816e+00  7.999009e-01  1.514172e+00  1.657628e+00
      33280          0          0 5.11718750000000e-01 3.90625000000000e-03 3.90625000000000e-03  1.491466e+00  9.020813e-01  1.669554e-01  8.309643e-01  4.513920e+00  1.269951e+00  5.641896e-01  1.438493e+00  7.997751e-01  1.513606e+00  1.657789e+00
      33792          0          0 5.19531250000000e-01 3.90625000000000e-03 3.90625000000000e-03  1.490318e+00  9.036189e-01  1.743674e-01  8.164897e-01  4.503165e+00  1.268949e+00  5.641896e-01  1.443830e+00  7.879525e-01  1.511913e+00  1.655630e+00
      34304          0          0 5.27343750000000e-01 3.90625000000000e-03 3.90625000000000e-03  1.485925e+00  9.027166e-01  2.487632e-01  6.739998e-01  4.433977e+00  1.266061e+00  5.641896e-01  1.502064e+00  6.721835e-01  1.513168e+00  1.648614e+00
      34816          0          0 5.35156250000000e-01 3.90625000000000e-03 3.90625000000000e-03  1.488138e+00  9.058189e-01  3.170401e-01  4.983857e-01  4.383154e+00  1.268242e+00  5.641896e-01  1.557757e+00  5.256293e-01  1.510602e+00  1.653094e+00
      35328          0          0 5.42968750000000e-01 3.90625000000000e-03 3.90625000000000e-03  1.505431e+00  9.012336e-01  3.107041e-01  4.464061e-01  4.387734e+00  1.283173e+00  5.641896e-01  1.558924e+00  4.841731e-01  1.491489e+00  1.685488e+00
      35840          0          0 5.50781250000000e-01 3.90625000000000e-03 3.90625000000000e-03  1.573995e+00  9.275426e-01  1.916378e-01  4.226640e-01  4.424810e+00  1.341393e+00  5.641896e-01  1.480862e+00  4.579794e-01  1.360504e+00  1.815063e+00
      36352          0          0 5.58593750000000e-01 3.90625000000000e-03 3.90625000000000e-03  1.621902e+00  9.375290e-01  9.735043e-02  4.071772e-01  4.463092e+00  1.384618e+00  5.641896e-01  1.424580e+00  4.408181e-01  1.271029e+00  1.911376e+00
      36864          0          0 5.66406250000000e-01 3.90625000000000e-03 3.90625000000000e-03  1.625384e+00  9.361109e-01  8.108407e-02  4.040487e-01  4.467427e+00  1.392374e+00  5.641896e-01  1.416687e+00  4.375120e-01  1.258364e+00  1.924835e+00
      37376          0          0 5.74218750000000e-01 3.90625000000000e-03 3.90625000000000e-03  1.627429e+00  9.363692e-01  7.870459e-02  4.031905e-01  4.467143e+00  1.392581e+00  5.641896e-01  1.414971e+00  4.372401e-01  1.255816e+00  1.926734e+00
      37888          0          0 5.82031250000000e-01 3.90625000000000e-03 3.90625000000000e-03  1.636462e+00  9.411793e-01  7.881114e-02  4.046472e-01  4.469340e+00  1.388753e+00  5.641896e-01  1.413453e+00  4.378869e-01  1.253952e+00  1.928541e+00
      38400          0          0 5.89843750000000e-01 3.90625000000000e-03 3.90625000000000e-03  1.640598e+00  9.435837e-01  7.928466e-02  4.051386e-01  4.471172e+00  1.387759e+00  5.641896e-01  1.412233e+00  4.379885e-01  1.252273e+00  1.930407e+00
      38912          0          0 5.97656250000000e-01 3.90625000000000e-03 3.90625000000000e-03  1.638359e+00  9.426728e-01  7.886659e-02  4.043954e-01  4.472089e+00  1.389849e+00  5.641896e-01  1.411902e+00  4.378700e-01  1.251753e+00  1.931556e+00
      39424          0          0 6.05468750000000e-01 3.90625000000000e-03 3.90625000000000e-03  1.607172e+00  9.252706e-01  7.677225e-02  3.968503e-01  4.468475e+00  1.408677e+00  5.641896e-01  1.412156e+00  4.378492e-01  1.252103e+00  1.932798e+00
      39936          0          0 6.13281250000000e-01 3.90625000000000e-03 3.90625000000000e-03  1.521251e+00  8.761337e-01  7.252476e-02  3.760533e-01  4.453716e+00  1.462116e+00  5.641896e-01  1.412300e+00  4.377452e-01  1.252261e+00  1.933967e+00
      40448          0          0 6.21093750000000e-01 3.90625000000000e-03 3.90625000000000e-03  1.480947e+00  8.530800e-01  7.087570e-02  3.663077e-01  4.446567e+00  1.488885e+00  5.641896e-01  1.412295e+00  4.376510e-01  1.252213e+00  1.934435e+00
      40960          0          0 6.28906250000000e-01 3.90625000000000e-03 3.90625000000000e-03  1.476654e+00  8.508005e-01  7.095637e-02  3.653364e-01  4.445315e+00  1.491462e+00  5.641896e-01  1.412325e+00  4.376613e-01  1.252260e+00  1.934037e+00
      41472          0          0 6.36718750000000e-01 3.90625000000000e-03 3.90625000000000e-03  1.476950e+00  8.508044e-01  7.072829e-02  3.653676e-01  4.443896e+00  1.490360e+00  5.641896e-01  1.412590e+00  4.377110e-01  1.252656e+00  1.932867e+00
      41984          0          0 6.44531250000000e-01 3.90625000000000e-03 3.90625000000000e-03  1.477221e+00  8.501608e-01  6.972560e-02  3.653715e-01  4.441799e+00  1.489035e+00  5.641896e-01  1.413023e+00  4.376772e-01  1.253253e+00  1.931384e+00
      42496          0          0 6.52343750000000e-01 3.90625000000000e-03 3.90625000000000e-03  1.476716e+00  8.491758e-01  6.887972e-02  3.652202e-01  4.439943e+00  1.488570e+00  5.641896e-01  1.413235e+00  4.375731e-01  1.253507e+00  1.930340e+00
      43008          0          0 6.60156250000000e-01 3.90625000000000e-03 3.90625000000000e-03  1.474737e+00  8.477135e-01  6.744734e-02  3.645298e-01  4.438244e+00  1.488838e+00  5.641896e-01  1.413957e+00  4.376491e-01  1.254561e+00  1.928964e+00
      43520          0          0 6.67968750000000e-01 3.90625000000000e-03 3.90625000000000e-03  1.466419e+00  8.419376e-01  6.006738e-02  3.609706e-01  4.430944e+00  1.488760e+00  5.641896e-01  1.418375e+00  4.384917e-01  1.261187e+00  1.921602e+00
      44032          0          0 6.75781250000000e-01 3.90625000000000e-03 3.90625000000000e-03  1.437947e+00  8.173752e-01  5.965671e-03  3.440283e-01  4.384412e+00  1.465142e+00  5.641896e-01  1.451652e+00  4.433819e-01  1.311096e+00  1.866559e+00
      44544          0          0 6.83593750000000e-01 3.90625000000000e-03 3.90625000000000e-03  1.371344e+00  7.549455e-01 -1.322268e-01  2.922375e-01  4.276261e+00  1.392182e+00  5.641896e-01  1.540132e+00  4.651217e-01  1.453327e+00  1.718411e+00
      45056          0          0 6.91406250000000e-01 3.90625000000000e-03 3.90625000000000e-03  1.324198e+00  7.150841e-01 -2.132317e-01  2.377176e-01  4.207238e+00  1.341577e+00  5.641896e-01  1.591472e+00  4.968882e-01  1.548996e+00  1.617773e+00
      45568          0          0 6.99218750000000e-01 3.90625000000000e-03 3.90625000000000e-03  1.307759e+00  6.965815e-01 -2.145860e-01  1.546462e-01  4.165591e+00  1.324806e+00  5.641896e-01  1.586514e+00  5.642781e-01  1.576874e+00  1.584300e+00
      46080          0          0 7.07031250000000e-01 3.90625000000000e-03 3.90625000000000e-03  1.306519e+00  6.971022e-01 -1.756589e-01  4.607812e-02  4.152207e+00  1.323445e+00  5.641896e-01  1.552297e+00  6.589957e-01  1.581105e+00  1.581673e+00
      46592          0          0 7.14843750000000e-01 3.90625000000000e-03 3.90625000000000e-03  1.308032e+00  6.986488e-01 -1.398013e-01 -3.111638e-02  4.150517e+00  1.323821e+00  5.641896e-01  1.521660e+00  7.269114e-01  1.581079e+00  1.583343e+00
      47104          0          0 7.22656250000000e-01 3.90625000000000e-03 3.90625000000000e-03  1.308948e+00  6.995655e-01 -1.263343e-01 -5.672930e-02  4.151558e+00  1.324299e+00  5.641896e-01  1.510173e+00  7.494599e-01  1.580311e+00  1.584654e+00
      47616          0          0 7.30468750000000e-01 3.90625000000000e-03 3.90625000000000e-03  1.309078e+00  6.996199e-01 -1.238312e-01 -6.110334e-02  4.151397e+00  1.324365e+00  5.641896e-01  1.507998e+00  7.532893e-01  1.579907e+00  1.584837e+00
      48128          0          0 7.38281250000000e-01 3.90625000000000e-03 3.90625000000000e-03  1.309071e+00  6.996276e-01 -1.235264e-01 -6.173830e-02  4.151249e+00  1.324317e+00  5.641896e-01  1.507691e+00  7.538241e-01  1.579847e+00  1.584774e+00
      48640          0          0 7.46093750000000e-01 3.90625000000000e-03 3.90625000000000e-03  1.309137e+00  6.997402e-01 -1.235401e-01 -6.183556e-02  4.151611e+00  1.324349e+00  5.641896e-01  1.507749e+00  7.539326e-01  1.580016e+00  1.584866e+00
      49152          0          0 7.53906250000000e-01 3.90625000000000e-03 3.90625000000000e-03  1.309236e+00  6.999320e-01 -1.236602e-01 -6.187737e-02  4.152222e+00  1.324395e+00  5.641896e-01  1.507919e+00  7.540008e-01  1.580323e+00  1.585001e+00
      49664          0          0 7.61718750000000e-01 3.90625000000000e-03 3.90625000000000e-03  1.309250e+00  6.999706e-01 -1.237566e-01 -6.189207e-02  4.152358e+00  1.324376e+00  5.641896e-01  1.507996e+00  7.540098e-01  1.580447e+00  1.584990e+00
      50176          0          0 7.69531250000000e-01 3.90625000000000e-03 3.90625000000000e-03  1.309143e+00  6.998516e-01 -1.237783e-01 -6.188483e-02  4.151849e+00  1.324245e+00  5.641896e-01  1.507951e+00  7.539712e-01  1.580350e+00  1.584746e+00
      50688          0          0 7.77343750000000e-01 3.90625000000000e-03 3.90625000000000e-03  1.308826e+00  6.990631e-01 -1.236843e-01 -6.183336e-02  4.149956e+00  1.323957e+00  5.641896e-01  1.507630e+00  7.538073e-01  1.579742e+00  1.584146e+00
      51200          0          0 7.85156250000000e-01 3.90625000000000e-03 3.90625000000000e-03  1.308573e+00  6.984146e-01 -1.236031e-01 -6.179751e-02  4.148450e+00  1.323739e+00  5.641896e-01  1.507369e+00  7.536814e-01  1.579254e+00  1.583680e+00
      51712          0          0 7.92968750000000e-01 3.90625000000000e-03 3.90625000000000e-03  1.308549e+00  6.983227e-01 -1.235992e-01 -6.179875e-02  4.148402e+00  1.323732e+00  5.641896e-01  1.507389e+00  7.536939e-01  1.579293e+00  1.583652e+00
      52224          0          0 8.00781250000000e-01 3.90625000000000e-03 3.90625000000000e-03  1.308680e+00  6.987024e-01 -1.236975e-01 -6.185001e-02  4.149200e+00  1.323839e+00  5.641896e-01  1.507522e+00  7.537622e-01  1.579545e+00  1.583887e+00
      52736          0          0 8.08593750000000e-01 3.90625000000000e-03 3.90625000000000e-03  1.309081e+00  6.998268e-01 -1.238714e-01 -6.193571e-02  4.151785e+00  1.324213e+00  5.641896e-01  1.507982e+00  7.539916e-01  1.580412e+00  1.584658e+00
      53248          0          0 8.16406250000000e-01 3.90625000000000e-03 3.90625000000000e-03  1.309230e+00  7.002478e-01 -1.239095e-01 -6.195490e-02  4.152844e+00  1.324369e+00  5.641896e-01  1.508189e+00  7.540945e-01  1.580801e+00  1.584966e+00
      53760          0          0 8.24218750000000e-01 3.90625000000000e-03 3.90625000000000e-03  1.309230e+00  7.001464e-01 -1.238913e-01 -6.194554e-02  4.152962e+00  1.324429e+00  5.641896e-01  1.508225e+00  7.541128e-01  1.580869e+00  1.585036e+00
      54272          0          0 8.32031250000000e-01 3.90625000000000e-03 3.90625000000000e-03  1.309101e+00  6.997570e-01 -1.238365e-01 -6.191850e-02  4.152018e+00  1.324284e+00  5.641896e-01  1.508049e+00  7.540246e-01  1.580537e+00  1.584759e+00
      54784          0          0 8.39843750000000e-01 3.90625000000000e-03 3.90625000000000e-03  1.309004e+00  6.995054e-01 -1.237894e-01 -6.189480e-02  4.151160e+00  1.324113e+00  5.641896e-01  1.507885e+00  7.539428e-01  1.580229e+00  1.584476e+00
      55296          0          0 8.47656250000000e-01 3.90625000000000e-03 3.90625000000000e-03  1.308951e+00  6.995980e-01 -1.238037e-01 -6.190190e-02  4.150907e+00  1.324060e+00  5.641896e-01  1.507804e+00  7.539022e-01  1.580075e+00  1.584370e+00
      55808          0          0 8.55468750000000e-01 3.90625000000000e-03 3.90625000000000e-03  1.309083e+00  6.997499e-01 -1.238400e-01 -6.192006e-02  4.151710e+00  1.324208e+00  5.641896e-01  1.507969e+00  7.539847e-01  1.580387e+00  1.584654e+00
      56320          0          0 8.63281250000000e-01 3.90625000000000e-03 3.90625000000000e-03  1.309228e+00  6.999730e-01 -1.239020e-01 -6.195091e-02  4.152614e+00  1.324369e+00  5.641896e-01  1.508146e+00  7.540733e-01  1.580720e+00  1.584964e+00
      56832          0          0 8.71093750000000e-01 3.90625000000000e-03 3.90625000000000e-03  1.309183e+00  6.999012e-01 -1.238891e-01 -6.194439e-02  4.152515e+00  1.324357e+00  5.641896e-01  1.508152e+00  7.540762e-01  1.580731e+00  1.584913e+00
      20480          0          0 3.14453125000000e-01 1.95312500000000e-03 1.95312500000000e-03  1.489057e+00  9.060162e-01  1.668372e-01  8.289436e-01  4.506757e+00  1.268265e+00  5.641896e-01  1.437016e+00  7.983428e-01  1.510339e+00  1.653805e+00
      20736          0          0 3.18359375000000e-01 1.95312500000000e-03 1.95312500000000e-03  1.490000e+00  9.017431e-01  1.675290e-01  8.297941e-01  4.507732e+00  1.268602e+00  5.641896e-01  1.437886e+00  7.988254e-01  1.511973e+00  1.654943e+00
      20992          0          0 3.22265625000000e-01 1.95312500000000e-03 1.95312500000000e-03  1.490158e+00  9.030088e-01  1.673700e-01  8.297833e-01  4.509894e+00  1.268994e+00  5.641896e-01  1.438169e+00  7.989824e-01  1.512506e+00  1.655571e+00
      21248          0          0 3.26171875000000e-01 1.95312500000000e-03 1.95312500000000e-03  1.490337e+00  9.038764e-01  1.673422e-01  8.298567e-01  4.511204e+00  1.269099e+00  5.641896e-01  1.438382e+00  7.991015e-01  1.512909e+00  1.655841e+00
      21504          0          0 3.30078125000000e-01 1.95312500000000e-03 1.95312500000000e-03  1.490169e+00  9.032388e-01  1.673696e-01  8.297890e-01  4.509622e+00  1.268843e+00  5.641896e-01  1.438100e+00  7.989447e-01  1.512377e+00  1.655383e+00
      21760          0          0 3.33984375000000e-01 1.95312500000000e-03 1.95312500000000e-03  1.490080e+00  9.027686e-01  1.673781e-01  8.297496e-01  4.508917e+00  1.268781e+00  5.641896e-01  1.437990e+00  7.988831e-01  1.512169e+00  1.655235e+00
      22016          0          0 3.37890625000000e-01 1.95312500000000e-03 1.95312500000000e-03  1.490231e+00  9.030535e-01  1.673622e-01  8.298153e-01  4.510124e+00  1.269005e+00  5.641896e-01  1.438226e+00  7.990145e-01  1.512614e+00  1.655640e+00
      22272          0          0 3.41796875000000e-01 1.95312500000000e-03 1.95312500000000e-03  1.490341e+00  9.031894e-01  1.673885e-01  8.298842e-01  4.510863e+00  1.269131e+00  5.641896e-01  1.438377e+00  7.990984e-01  1.512898e+00  1.655885e+00
      22528          0          0 3.45703125000000e-01 1.95312500000000e-03 1.95312500000000e-03  1.490272e+00  9.029520e-01  1.674663e-01  8.298935e-01  4.510379e+00  1.269059e+00  5.641896e-01  1.438292e+00  7.990510e-01  1.512738e+00  1.655740e+00
      22784          0          0 3.49609375000000e-01 1.95312500000000e-03 1.95312500000000e-03  1.490229e+00  9.029311e-01  1.674670e-01  8.298730e-01  4.510077e+00  1.269000e+00  5.641896e-01  1.438223e+00  7.990130e-01  1.512609e+00  1.655632e+00
      23040          0          0 3.53515625000000e-01 1.95312500000000e-03 1.95312500000000e-03  1.490280e+00  9.031410e-01  1.674271e-01  8.298756e-01  4.510317e+00  1.269015e+00  5.641896e-01  1.438248e+00  7.990268e-01  1.512656e+00  1.655689e+00
      23296          0          0 3.57421875000000e-01 1.95312500000000e-03 1.95312500000000e-03  1.490286e+00  9.032313e-01  1.674058e-01  8.298668e-01  4.510243e+00  1.268978e+00  5.641896e-01  1.438220e+00  7.990111e-01  1.512603e+00  1.655645e+00
      23552          0          0 3.61328125000000e-01 1.95312500000000e-03 1.95312500000000e-03  1.490246e+00  9.031440e-01  1.674124e-01  8.298509e-01  4.509921e+00  1.268912e+00  5.641896e-01  1.438166e+00  7.989809e-01  1.512501e+00  1.655529e+00
      23808          0          0 3.65234375000000e-01 1.95312500000000e-03 1.95312500000000e-03  1.490234e+00  9.031334e-01  1.674228e-01  8.298512e-01  4.509916e+00  1.268903e+00  5.641896e-01  1.438180e+00  7.989889e-01  1.512527e+00  1.655509e+00
      24064          0          0 3.69140625000000e-01 1.95312500000000e-03 1.95312500000000e-03  1.490222e+00  9.031702e-01  1.674144e-01  8.298401e-01  4.510098e+00  1.268933e+00  5.641896e-01  1.438243e+00  7.990240e-01  1.512646e+00  1.655538e+00
      24320          0          0 3.73046875000000e-01 1.95312500000000e-03 1.95312500000000e-03  1.490232e+00  9.031255e-01  1.674199e-01  8.298479e-01  4.510221e+00  1.268960e+00  5.641896e-01  1.438287e+00  7.990487e-01  1.512730e+00  1.655582e+00
      57344          0          0 8.76953125000000e-01 1.95312500000000e-03 1.95312500000000e-03  1.309032e+00  6.996409e-01 -1.238184e-01 -6.190899e-02  4.151853e+00  1.324267e+00  5.641896e-01  1.508050e+00  7.540250e-01  1.580539e+00  1.584683e+00
      57600          0          0 8.80859375000000e-01 1.95312500000000e-03 1.95312500000000e-03  1.308816e+00  6.993866e-01 -1.237563e-01 -6.187807e-02  4.150561e+00  1.324049e+00  5.641896e-01  1.507769e+00  7.538851e-01  1.580011e+00  1.584248e+00
      57856          0          0 8.84765625000000e-01 1.95312500000000e-03 1.95312500000000e-03  1.308657e+00  6.990723e-01 -1.237157e-01 -6.185794e-02  4.149371e+00  1.323849e+00  5.641896e-01  1.507510e+00  7.537553e-01  1.579522e+00  1.583880e+00
      58112          0          0 8.88671875000000e-01 1.95312500000000e-03 1.95312500000000e-03  1.308694e+00  6.987738e-01 -1.236759e-01 -6.183812e-02  4.149046e+00  1.323793e+00  5.641896e-01  1.507458e+00  7.537291e-01  1.579423e+00  1.583843e+00
      58368          0          0 8.92578125000000e-01 1.95312500000000e-03 1.95312500000000e-03  1.308716e+00  6.984914e-01 -1.236171e-01 -6.180880e-02  4.148954e+00  1.323797e+00  5.641896e-01  1.507476e+00  7.537385e-01  1.579458e+00  1.583865e+00
      58624          0          0 8.96484375000000e-01 1.95312500000000e-03 1.95312500000000e-03  1.308653e+00  6.985483e-01 -1.236092e-01 -6.180473e-02  4.148867e+00  1.323771e+00  5.641896e-01  1.507474e+00  7.537373e-01  1.579454e+00  1.583784e+00
      58880          0          0 9.00390625000000e-01 1.95312500000000e-03 1.95312500000000e-03  1.308597e+00  6.987912e-01 -1.236559e-01 -6.182788e-02  4.148779e+00  1.323738e+00  5.641896e-01  1.507419e+00  7.537094e-01  1.579349e+00  1.583700e+00
      59136          0          0 9.04296875000000e-01 1.95312500000000e-03 1.95312500000000e-03  1.308742e+00  6.988819e-01 -1.236682e-01 -6.183425e-02  4.149534e+00  1.323864e+00  5.641896e-01  1.507592e+00  7.537960e-01  1.579676e+00  1.583967e+00
      59392          0          0 9.08203125000000e-01 1.95312500000000e-03 1.95312500000000e-03  1.309068e+00  6.991305e-01 -1.237978e-01 -6.189908e-02  4.151074e+00  1.324131e+00  5.641896e-01  1.507891e+00  7.539459e-01  1.580240e+00  1.584550e+00
      59648          0          0 9.12109375000000e-01 1.95312500000000e-03 1.95312500000000e-03  1.309112e+00  6.996163e-01 -1.238948e-01 -6.194750e-02  4.151933e+00  1.324278e+00  5.641896e-01  1.508039e+00  7.540194e-01  1.580518e+00  1.584761e+00
      59904          0          0 9.16015625000000e-01 1.95312500000000e-03 1.95312500000000e-03  1.309016e+00  7.001483e-01 -1.238780e-01 -6.193905e-02  4.151960e+00  1.324225e+00  5.641896e-01  1.508008e+00  7.540037e-01  1.580459e+00  1.584620e+00
      60160          0          0 9.19921875000000e-01 1.95312500000000e-03 1.95312500000000e-03  1.309017e+00  7.001743e-01 -1.238639e-01 -6.193189e-02  4.151905e+00  1.324198e+00  5.641896e-01  1.507998e+00  7.539992e-01  1.580442e+00  1.584588e+00
      60416          0          0 9.23828125000000e-01 1.95312500000000e-03 1.95312500000000e-03  1.309260e+00  6.998772e-01 -1.238309e-01 -6.191538e-02  4.152666e+00  1.324351e+00  5.641896e-01  1.508205e+00  7.541026e-01  1.580831e+00  1.584968e+00
      60672          0          0 9.27734375000000e-01 1.95312500000000e-03 1.95312500000000e-03  1.309219e+00  6.994977e-01 -1.237704e-01 -6.188521e-02  4.152007e+00  1.324227e+00  5.641896e-01  1.508108e+00  7.540543e-01  1.580650e+00  1.584786e+00
      60928          0          0 9.31640625000000e-01 1.95312500000000e-03 1.95312500000000e-03  1.308937e+00  6.996065e-01 -1.238262e-01 -6.191316e-02  4.150596e+00  1.323936e+00  5.641896e-01  1.507761e+00  7.538804e-01  1.579994e+00  1.584211e+00
      61184          0          0 9.35546875000000e-01 1.95312500000000e-03 1.95312500000000e-03  1.308719e+00  6.994575e-01 -1.238142e-01 -6.190715e-02  4.149575e+00  1.323745e+00  5.641896e-01  1.507567e+00  7.537831e-01  1.579628e+00  1.583807e+00
      16384          0          0 2.51953125000000e-01 1.95312500000000e-03 1.95312500000000e-03  1.080000e+00  1.296000e+00  1.080004e-02  5.400000e-01  3.171626e+00  9.024873e-01  5.641896e-01  1.015541e+00  5.641896e-01  8.339719e-01  9.500000e-01
      16640          0          0 2.55859375000000e-01 1.95312500000000e-03 1.95312500000000e-03  1.080000e+00  1.296000e+00  1.080003e-02  5.400000e-01  3.171626e+00  9.024872e-01  5.641896e-01  1.015541e+00  5.641896e-01  8.339719e-01  9.499999e-01
      16896          0          0 2.59765625000000e-01 1.95312500000000e-03 1.95312500000000e-03  1.080000e+00  1.296000e+00  1.080003e-02  5.400000e-01  3.171626e+00  9.024872e-01  5.641896e-01  1.015541e+00  5.641896e-01  8.339719e-01  9.499999e-01
      17152          0          0 2.63671875000000e-01 1.95312500000000e-03 1.95312500000000e-03  1.080000e+00  1.296000e+00  1.080003e-02  5.400000e-01  3.171626e+00  9.024872e-01  5.641896e-01  1.015541e+00  5.641896e-01  8.339719e-01  9.499999e-01
      17408          0          0 2.67578125000000e-01 1.95312500000000e-03 1.95312500000000e-03  1.080000e+00  1.296000e+00  1.080003e-02  5.400000e-01  3.171626e+00  9.024872e-01  5.641896e-01  1.015541e+00  5.641896e-01  8.339719e-01  9.499999e-01
      17664          0          0 2.71484375000000e-01 1.95312500000000e-03 1.95312500000000e-03  1.080000e+00  1.296000e+00  1.080001e-02  5.400000e-01  3.171626e+00  9.024872e-01  5.641896e-01  1.015541e+00  5.641896e-01  8.339719e-01  9.499999e-01
      17920          0          0 2.75390625000000e-01 1.95312500000000e-03 1.95312500000000e-03  1.080000e+00  1.296000e+00  1.080000e-02  5.400000e-01  3.171626e+00  9.024872e-01  5.641896e-01  1.015541e+00  5.641896e-01  8.339719e-01  9.499999e-01
      18176          0          0 2.79296875000000e-01 1.95312500000000e-03 1.95312500000000e-03  1.080000e+00  1.296000e+00  1.080000e-02  5.400000e-01  3.171626e+00  9.024872e-01  5.641896e-01  1.015541e+00  5.641896e-01  8.339719e-01  9.499999e-01
      18432          0          0 2.83203125000000e-01 1.95312500000000e-03 1.95312500000000e-03  1.080000e+00  1.296000e+00  1.080000e-02  5.400000e-01  3.171626e+00  9.024872e-01  5.641896e-01  1.015541e+00  5.641896e-01  8.339719e-01  9.499999e-01
      18688          0          0 2.87109375000000e-01 1.95312500000000e-03 1.95312500000000e-03  1.080000e+00  1.296000e+00  1.080000e-02  5.400000e-01  3.171626e+00  9.024872e-01  5.641896e-01  1.015541e+00  5.641896e-01  8.339719e-01  9.499999e-01
      18944          0          0 2.91015625000000e-01 1.95312500000000e-03 1.95312500000000e-03  1.080000e+00  1.296000e+00  1.080004e-02  5.400000e-01  3.171626e+00  9.024873e-01  5.641896e-01  1.015541e+00  5.641896e-01  8.339719e-01  9.500000e-01
      19200          0          0 2.94921875000000e-01 1.95312500000000e-03 1.95312500000000e-03  1.080003e+00  1.295998e+00  1.080120e-02  5.400024e-01  3.171634e+00  9.024898e-01  5.641896e-01  1.015545e+00  5.641916e-01  8.339766e-01  9.500047e-01
      19456          0          0 2.98828125000000e-01 1.95312500000000e-03 1.95312500000000e-03  1.080119e+00  1.295941e+00  1.084273e-02  5.400826e-01  3.171924e+00  9.025866e-01  5.641896e-01  1.015666e+00  5.642588e-01  8.341376e-01  9.501743e-01
      19712          0          0 3.02734375000000e-01 1.95312500000000e-03 1.95312500000000e-03  1.083880e+00  1.294032e+00  1.218974e-02  5.426905e-01  3.181402e+00  9.057829e-01  5.641896e-01  1.019602e+00  5.664458e-01  8.393798e-01  9.557514e-01
      19968          0          0 3.06640625000000e-01 1.95312500000000e-03 1.95312500000000e-03  1.176548e+00  1.233198e+00  4.439458e-02  6.064013e-01  3.443855e+00  9.972275e-01  5.641896e-01  1.115511e+00  6.197285e-01  9.733691e-01  1.111392e+00
      20224          0          0 3.10546875000000e-01 1.95312500000000e-03 1.95312500000000e-03  1.443900e+00  9.685254e-01  1.467960e-01  7.954817e-01  4.332628e+00  1.229808e+00  5.641896e-01  1.390681e+00  7.726005e-01  1.424608e+00  1.571069e+00
      61440          0          0 9.39453125000000e-01 1.95312500000000e-03 1.95312500000000e-03  1.308920e+00  6.990364e-01 -1.237671e-01 -6.188357e-02  4.150474e+00  1.323990e+00  5.641896e-01  1.507820e+00  7.539102e-01  1.580107e+00  1.584261e+00
      61696          0          0 9.43359375000000e-01 1.95312500000000e-03 1.95312500000000e-03  1.308921e+00  6.978013e-01 -1.235493e-01 -6.177461e-02  4.149876e+00  1.324010e+00  5.641896e-01  1.507846e+00  7.539229e-01  1.580155e+00  1.584286e+00
      61952          0          0 9.47265625000000e-01 1.95312500000000e-03 1.95312500000000e-03  1.303707e+00  6.877023e-01 -1.218870e-01 -6.094348e-02  4.117368e+00  1.318769e+00  5.641896e-01  1.501454e+00  7.507268e-01  1.568132e+00  1.573822e+00
      62208          0          0 9.51171875000000e-01 1.95312500000000e-03 1.95312500000000e-03  1.241949e+00  5.249317e-01 -9.456449e-02 -4.728206e-02  3.726228e+00  1.258409e+00  5.641896e-01  1.425859e+00  7.129297e-01  1.429826e+00  1.453977e+00
      62464          0          0 9.55078125000000e-01 1.95312500000000e-03 1.95312500000000e-03  1.063049e+00  1.249659e-01 -2.373752e-02 -1.186874e-02  2.746538e+00  1.069148e+00  5.641896e-01  1.206161e+00  6.030809e-01  1.068421e+00  1.113627e+00
      62720          0          0 9.58984375000000e-01 1.95312500000000e-03 1.95312500000000e-03  1.004052e+00  7.547313e-03 -1.523252e-03 -7.616179e-04  2.472265e+00  1.004091e+00  5.641896e-01  1.133404e+00  5.667022e-01  9.620334e-01  1.006802e+00
      62976          0          0 9.62890625000000e-01 1.95312500000000e-03 1.95312500000000e-03  1.000209e+00  3.867078e-04 -7.902510e-05 -3.971155e-05  2.455819e+00  1.000209e+00  5.641896e-01  1.128639e+00  5.643197e-01  9.552963e-01  1.000348e+00
      63232          0          0 9.66796875000000e-01 1.95312500000000e-03 1.95312500000000e-03  1.000011e+00  1.974894e-05 -4.058836e-06 -2.010823e-06  2.454975e+00  1.000010e+00  5.641896e-01  1.128392e+00  5.641963e-01  9.549484e-01  1.000018e+00
      63488          0          0 9.70703125000000e-01 1.95312500000000e-03 1.95312500000000e-03  1.000000e+00  8.615774e-07 -2.281201e-07 -1.754235e-07  2.454931e+00  1.000000e+00  5.641896e-01  1.128380e+00  5.641900e-01  9.549305e-01  1.000001e+00
      63744          0          0 9.74609375000000e-01 1.95312500000000e-03 1.95312500000000e-03  1.000000e+00 -1.015983e-07 -4.221407e-08 -1.123748e-07  2.454929e+00  9.999996e-01  5.641896e-01  1.128379e+00  5.641896e-01  9.549296e-01  9.999997e-01
      64000          0          0 9.78515625000000e-01 1.95312500000000e-03 1.95312500000000e-03  9.999998e-01 -6.594172e-08  7.833835e-08 -2.577210e-09  2.454929e+00  9.999998e-01  5.641896e-01  1.128379e+00  5.641896e-01  9.549297e-01  9.999998e-01
      64256          0          0 9.82421875000000e-01 1.95312500000000e-03 1.95312500000000e-03  9.999996e-01 -1.608523e-07  2.556327e-07  1.324596e-07  2.454929e+00  1.000000e+00  5.641896e-01  1.128379e+00  5.641894e-01  9.549294e-01  9.999999e-01
      64512          0          0 9.86328125000000e-01 1.95312500000000e-03 1.95312500000000e-03  1.000000e+00 -1.030882e-07  2.900061e-07  1.293930e-07  2.454929e+00  9.999993e-01  5.641896e-01  1.128379e+00  5.641895e-01  9.549297e-01  9.999996e-01
      64768          0          0 9.90234375000000e-01 1.95312500000000e-03 1.95312500000000e-03  1.000000e+00 -1.690299e-07  8.946264e-08 -1.015332e-07  2.454929e+00  9.999996e-01  5.641896e-01  1.128379e+00  5.641896e-01  9.549298e-01  9.999997e-01
      65024          0          0 9.94140625000000e-01 1.95312500000000e-03 1.95312500000000e-03  9.999998e-01 -1.773811e-07  3.092646e-08 -7.011733e-08  2.454929e+00  9.999998e-01  5.641896e-01  1.128379e+00  5.641896e-01  9.549297e-01  9.999998e-01
      65280          0          0 9.98046875000000e-01 1.95312500000000e-03 1.95312500000000e-03  9.999999e-01 -1.196170e-07  3.092646e-08  1.546323e-08  2.454929e+00  9.999996e-01  5.641896e-01  1.128379e+00  5.641896e-01  9.549297e-01  9.999998e-01
