#         i          j          k                    x                    y                    z          Dens          MomX          MomY          MomZ          Engy       Entropy          MagX          MagY          MagZ       MagEngy      Pressure
          0          0          0 7.81250000000000e-03 7.81250000000000e-03 7.81250000000000e-03  1.080000e+00  1.296000e+00  1.080000e-02  5.400000e-01  3.171626e+00  9.024873e-01  5.641896e-01  1.015541e+00  5.641896e-01  8.339719e-01  9.500000e-01
        128          0          0 2.34375000000000e-02 7.81250000000000e-03 7.81250000000000e-03  1.080000e+00  1.296000e+00  1.080000e-02  5.400000e-01  3.171626e+00  9.024873e-01  5.641896e-01  1.015541e+00  5.641896e-01  8.339719e-01  9.500000e-01
        256          0          0 3.90625000000000e-02 7.81250000000000e-03 7.81250000000000e-03  1.080000e+00  1.296000e+00  1.080000e-02  5.400000e-01  3.171626e+00  9.024873e-01  5.641896e-01  1.015541e+00  5.641896e-01  8.339719e-01  9.500000e-01
        384          0          0 5.46875000000000e-02 7.81250000000000e-03 7.81250000000000e-03  1.080000e+00  1.296000e+00  1.080000e-02  5.400000e-01  3.171626e+00  9.024873e-01  5.641896e-01  1.015541e+00  5.641896e-01  8.339719e-01  9.500000e-01
        512          0          0 7.03125000000000e-02 7.81250000000000e-03 7.81250000000000e-03  1.080000e+00  1.296000e+00  1.080000e-02  5.400000e-01  3.171626e+00  9.024873e-01  5.641896e-01  1.015541e+00  5.641896e-01  8.339719e-01  9.500000e-01
        640          0          0 8.59375000000000e-02 7.81250000000000e-03 7.81250000000000e-03  1.080000e+00  1.296000e+00  1.080000e-02  5.400000e-01  3.171626e+00  9.024873e-01  5.641896e-01  1.015541e+00  5.641896e-01  8.339719e-01  9.500000e-01
        768          0          0 1.01562500000000e-01 7.81250000000000e-03 7.81250000000000e-03  1.080000e+00  1.296000e+00  1.080000e-02  5.400000e-01  3.171626e+00  9.024873e-01  5.641896e-01  1.015541e+00  5.641896e-01  8.339719e-01  9.500000e-01
        896          0          0 1.17187500000000e-01 7.81250000000000e-03 7.81250000000000e-03  1.080000e+00  1.296000e+00  1.080000e-02  5.400000e-01  3.171626e+00  9.024875e-01  5.641896e-01  1.015541e+00  5.641896e-01  8.339719e-01  9.500002e-01
       1024          0          0 1.28906250000000e-01 3.90625000000000e-03 3.90625000000000e-03  1.080000e+00  1.296000e+00  1.079999e-02  5.400000e-01  3.171626e+00  9.024873e-01  5.641896e-01  1.015541e+00  5.641896e-01  8.339719e-01  9.500000e-01
       1088          0          0 1.36718750000000e-01 3.90625000000000e-03 3.90625000000000e-03  1.080000e+00  1.296000e+00  1.079999e-02  5.400000e-01  3.171626e+00  9.024873e-01  5.641896e-01  1.015541e+00  5.641896e-01  8.339719e-01  9.500000e-01
       1152          0          0 1.44531250000000e-01 3.90625000000000e-03 3.90625000000000e-03  1.080000e+00  1.296000e+00  1.079998e-02  5.400000e-01  3.171626e+00  9.024873e-01  5.641896e-01  1.015541e+00  5.641896e-01  8.339719e-01  9.500000e-01
       1216          0          0 1.52343750000000e-01 3.90625000000000e-03 3.90625000000000e-03  1.080000e+00  1.296000e+00  1.080000e-02  5.400000e-01  3.171626e+00  9.024873e-01  5.641896e-01  1.015541e+00  5.641896e-01  8.339719e-01  9.500000e-01
       1280          0          0 1.60156250000000e-01 3.90625000000000e-03 3.90625000000000e-03  1.080000e+00  1.296000e+00  1.080000e-02  5.400000e-01  3.171626e+00  9.024873e-01  5.641896e-01  1.015541e+00  5.641896e-01  8.339719e-01  9.500000e-01
       1344          0          0 1.67968750000000e-01 3.90625000000000e-03 3.90625000000000e-03  1.080000e+00  1.296000e+00  1.080000e-02  5.400000e-01  3.171626e+00  9.024873e-01  5.641896e-01  1.015541e+00  5.641896e-01  8.339719e-01  9.500000e-01
       1408          0          0 1.75781250000000e-01 3.90625000000000e-03 3.90625000000000e-03  1.080000e+00  1.296000e+00  1.080000e-02  5.400000e-01  3.171626e+00  9.024873e-01  5.641896e-01  1.015541e+00  5.641896e-01  8.339719e-01  9.500000e-01
       1472          0          0 1.83593750000000e-01 3.90625000000000e-03 3.90625000000000e-03  1.080000e+00  1.296000e+00  1.080000e-02  5.400000e-01  3.171627e+00  9.024880e-01  5.641896e-01  1.015541e+00  5.641896e-01  8.339719e-01  9.500007e-01
       5888          0          0 7.20703125000000e-01 1.95312500000000e-03 1.95312500000000e-03  1.308849e+00  6.992015e-01 -1.237883e-01 -6.205335e-02  4.150462e+00  1.323966e+00  5.641896e-01  1.507769e+00  7.540237e-01  1.580114e+00  1.584175e+00
       5920          0          0 7.24609375000000e-01 1.95312500000000e-03 1.95312500000000e-03  1.308892e+00  6.993114e-01 -1.238165e-01 -6.196818e-02  4.150681e+00  1.324014e+00  5.641896e-01  1.507819e+00  7.539620e-01  1.580144e+00  1.584267e+00
       5952          0          0 7.28515625000000e-01 1.95312500000000e-03 1.95312500000000e-03  1.308953e+00  6.994772e-01 -1.238384e-01 -6.190542e-02  4.151071e+00  1.324082e+00  5.641896e-01  1.507906e+00  7.539411e-01  1.580259e+00  1.584398e+00
       5984          0          0 7.32421875000000e-01 1.95312500000000e-03 1.95312500000000e-03  1.308950e+00  6.994879e-01 -1.238114e-01 -6.188614e-02  4.151088e+00  1.324086e+00  5.641896e-01  1.507914e+00  7.539399e-01  1.580270e+00  1.584401e+00
       6016          0          0 7.36328125000000e-01 1.95312500000000e-03 1.95312500000000e-03  1.308922e+00  6.994178e-01 -1.237597e-01 -6.187243e-02  4.150911e+00  1.324061e+00  5.641896e-01  1.507878e+00  7.539322e-01  1.580210e+00  1.584348e+00
       6048          0          0 7.40234375000000e-01 1.95312500000000e-03 1.95312500000000e-03  1.308904e+00  6.993631e-01 -1.237411e-01 -6.187094e-02  4.150767e+00  1.324042e+00  5.641896e-01  1.507844e+00  7.539217e-01  1.580151e+00  1.584311e+00
       6080          0          0 7.44140625000000e-01 1.95312500000000e-03 1.95312500000000e-03  1.308921e+00  6.993759e-01 -1.237521e-01 -6.187836e-02  4.150779e+00  1.324052e+00  5.641896e-01  1.507825e+00  7.539146e-01  1.580117e+00  1.584337e+00
       6112          0          0 7.48046875000000e-01 1.95312500000000e-03 1.95312500000000e-03  1.308948e+00  6.994219e-01 -1.237796e-01 -6.189144e-02  4.150854e+00  1.324074e+00  5.641896e-01  1.507815e+00  7.539086e-01  1.580097e+00  1.584384e+00
       6144          0          0 7.51953125000000e-01 1.95312500000000e-03 1.95312500000000e-03  1.308951e+00  6.994342e-01 -1.237781e-01 -6.188962e-02  4.150878e+00  1.324078e+00  5.641896e-01  1.507819e+00  7.539101e-01  1.580104e+00  1.584392e+00
       6176          0          0 7.55859375000000e-01 1.95312500000000e-03 1.95312500000000e-03  1.308947e+00  6.994222e-01 -1.237648e-01 -6.188204e-02  4.150881e+00  1.324073e+00  5.641896e-01  1.507832e+00  7.539160e-01  1.580128e+00  1.584383e+00
       6208          0          0 7.59765625000000e-01 1.95312500000000e-03 1.95312500000000e-03  1.308953e+00  6.994103e-01 -1.237671e-01 -6.188313e-02  4.150907e+00  1.324076e+00  5.641896e-01  1.507842e+00  7.539211e-01  1.580148e+00  1.584392e+00
       6240          0          0 7.63671875000000e-01 1.95312500000000e-03 1.95312500000000e-03  1.308981e+00  6.994165e-01 -1.237836e-01 -6.189157e-02  4.150962e+00  1.324081e+00  5.641896e-01  1.507849e+00  7.539240e-01  1.580159e+00  1.584420e+00
       6272          0          0 7.67578125000000e-01 1.95312500000000e-03 1.95312500000000e-03  1.309030e+00  6.994374e-01 -1.237918e-01 -6.189600e-02  4.150989e+00  1.324056e+00  5.641896e-01  1.507853e+00  7.539265e-01  1.580168e+00  1.584429e+00
       6304          0          0 7.71484375000000e-01 1.95312500000000e-03 1.95312500000000e-03  1.309031e+00  6.994364e-01 -1.237795e-01 -6.188995e-02  4.150978e+00  1.324040e+00  5.641896e-01  1.507863e+00  7.539310e-01  1.580186e+00  1.584411e+00
       6336          0          0 7.75390625000000e-01 1.95312500000000e-03 1.95312500000000e-03  1.309014e+00  6.994379e-01 -1.237675e-01 -6.188323e-02  4.150938e+00  1.324030e+00  5.641896e-01  1.507861e+00  7.539309e-01  1.580183e+00  1.584385e+00
       6368          0          0 7.79296875000000e-01 1.95312500000000e-03 1.95312500000000e-03  1.308986e+00  6.994416e-01 -1.237743e-01 -6.188705e-02  4.150919e+00  1.324045e+00  5.641896e-01  1.507851e+00  7.539259e-01  1.580165e+00  1.584380e+00
       6400          0          0 7.83203125000000e-01 1.95312500000000e-03 1.95312500000000e-03  1.308970e+00  6.994345e-01 -1.238007e-01 -6.190036e-02  4.150898e+00  1.324064e+00  5.641896e-01  1.507831e+00  7.539163e-01  1.580127e+00  1.584390e+00
       6432          0          0 7.87109375000000e-01 1.95312500000000e-03 1.95312500000000e-03  1.308956e+00  6.994127e-01 -1.237986e-01 -6.189924e-02  4.150866e+00  1.324067e+00  5.641896e-01  1.507825e+00  7.539132e-01  1.580116e+00  1.584382e+00
       6464          0          0 7.91015625000000e-01 1.95312500000000e-03 1.95312500000000e-03  1.308944e+00  6.993880e-01 -1.237817e-01 -6.189116e-02  4.150835e+00  1.324060e+00  5.641896e-01  1.507830e+00  7.539151e-01  1.580124e+00  1.584365e+00
       6496          0          0 7.94921875000000e-01 1.95312500000000e-03 1.95312500000000e-03  1.308938e+00  6.993869e-01 -1.237667e-01 -6.188343e-02  4.150842e+00  1.324048e+00  5.641896e-01  1.507851e+00  7.539254e-01  1.580164e+00  1.584345e+00
       6528          0          0 7.98828125000000e-01 1.95312500000000e-03 1.95312500000000e-03  1.308957e+00  6.994232e-01 -1.237809e-01 -6.189032e-02  4.150921e+00  1.324049e+00  5.641896e-01  1.507869e+00  7.539350e-01  1.580199e+00  1.584362e+00
       6560          0          0 8.02734375000000e-01 1.95312500000000e-03 1.95312500000000e-03  1.308979e+00  6.994469e-01 -1.238275e-01 -6.191364e-02  4.150993e+00  1.324064e+00  5.641896e-01  1.507871e+00  7.539357e-01  1.580203e+00  1.584398e+00
       6592          0          0 8.06640625000000e-01 1.95312500000000e-03 1.95312500000000e-03  1.308983e+00  6.994328e-01 -1.238423e-01 -6.192126e-02  4.151023e+00  1.324081e+00  5.641896e-01  1.507873e+00  7.539361e-01  1.580205e+00  1.584421e+00
       6624          0          0 8.10546875000000e-01 1.95312500000000e-03 1.95312500000000e-03  1.308945e+00  6.993846e-01 -1.238265e-01 -6.191351e-02  4.150912e+00  1.324067e+00  5.641896e-01  1.507863e+00  7.539311e-01  1.580186e+00  1.584374e+00
       6656          0          0 8.14453125000000e-01 1.95312500000000e-03 1.95312500000000e-03  1.308922e+00  6.993545e-01 -1.237889e-01 -6.189438e-02  4.150783e+00  1.324036e+00  5.641896e-01  1.507847e+00  7.539238e-01  1.580158e+00  1.584318e+00
       6688          0          0 8.18359375000000e-01 1.95312500000000e-03 1.95312500000000e-03  1.308923e+00  6.993746e-01 -1.237824e-01 -6.189126e-02  4.150715e+00  1.324013e+00  5.641896e-01  1.507828e+00  7.539139e-01  1.580120e+00  1.584291e+00
       6720          0          0 8.22265625000000e-01 1.95312500000000e-03 1.95312500000000e-03  1.308950e+00  6.993951e-01 -1.238151e-01 -6.190776e-02  4.150761e+00  1.324038e+00  5.641896e-01  1.507805e+00  7.539027e-01  1.580078e+00  1.584342e+00
       6752          0          0 8.26171875000000e-01 1.95312500000000e-03 1.95312500000000e-03  1.308965e+00  6.993995e-01 -1.238466e-01 -6.192350e-02  4.150858e+00  1.324085e+00  5.641896e-01  1.507800e+00  7.538995e-01  1.580067e+00  1.584412e+00
       6784          0          0 8.30078125000000e-01 1.95312500000000e-03 1.95312500000000e-03  1.308942e+00  6.993649e-01 -1.238146e-01 -6.190729e-02  4.150876e+00  1.324091e+00  5.641896e-01  1.507828e+00  7.539139e-01  1.580121e+00  1.584401e+00
       6816          0          0 8.33984375000000e-01 1.95312500000000e-03 1.95312500000000e-03  1.308925e+00  6.993436e-01 -1.237540e-01 -6.187712e-02  4.150787e+00  1.324040e+00  5.641896e-01  1.507850e+00  7.539246e-01  1.580161e+00  1.584325e+00
       6848          0          0 8.37890625000000e-01 1.95312500000000e-03 1.95312500000000e-03  1.308912e+00  6.993281e-01 -1.237554e-01 -6.187761e-02  4.150726e+00  1.324028e+00  5.641896e-01  1.507840e+00  7.539202e-01  1.580144e+00  1.584300e+00
       6880          0          0 8.41796875000000e-01 1.95312500000000e-03 1.95312500000000e-03  1.308879e+00  6.993104e-01 -1.237678e-01 -6.188415e-02  4.150721e+00  1.324059e+00  5.641896e-01  1.507830e+00  7.539152e-01  1.580125e+00  1.584311e+00
       6912          0          0 8.45703125000000e-01 1.95312500000000e-03 1.95312500000000e-03  1.308874e+00  6.993186e-01 -1.237926e-01 -6.189613e-02  4.150801e+00  1.324102e+00  5.641896e-01  1.507831e+00  7.539155e-01  1.580127e+00  1.584358e+00
       6944          0          0 8.49609375000000e-01 1.95312500000000e-03 1.95312500000000e-03  1.308904e+00  6.993613e-01 -1.238045e-01 -6.190209e-02  4.150891e+00  1.324121e+00  5.641896e-01  1.507832e+00  7.539159e-01  1.580128e+00  1.584404e+00
       6976          0          0 8.53515625000000e-01 1.95312500000000e-03 1.95312500000000e-03  1.308981e+00  6.994299e-01 -1.238016e-01 -6.190063e-02  4.150885e+00  1.324052e+00  5.641896e-01  1.507831e+00  7.539155e-01  1.580126e+00  1.584385e+00
       7008          0          0 8.57421875000000e-01 1.95312500000000e-03 1.95312500000000e-03  1.308988e+00  6.994466e-01 -1.237719e-01 -6.188602e-02  4.150822e+00  1.324013e+00  5.641896e-01  1.507828e+00  7.539139e-01  1.580121e+00  1.584344e+00
       7040          0          0 8.61328125000000e-01 1.95312500000000e-03 1.95312500000000e-03  1.308939e+00  6.994184e-01 -1.237570e-01 -6.187848e-02  4.150784e+00  1.324045e+00  5.641896e-01  1.507814e+00  7.539070e-01  1.580095e+00  1.584342e+00
       7072          0          0 8.65234375000000e-01 1.95312500000000e-03 1.95312500000000e-03  1.308942e+00  6.993827e-01 -1.237726e-01 -6.188640e-02  4.150862e+00  1.324099e+00  5.641896e-01  1.507811e+00  7.539052e-01  1.580088e+00  1.584410e+00
       7104          0          0 8.69140625000000e-01 1.95312500000000e-03 1.95312500000000e-03  1.308972e+00  6.993557e-01 -1.237835e-01 -6.189189e-02  4.151004e+00  1.324141e+00  5.641896e-01  1.507836e+00  7.539179e-01  1.580136e+00  1.584484e+00
       7136          0          0 8.73046875000000e-01 1.95312500000000e-03 1.95312500000000e-03  1.308979e+00  6.993810e-01 -1.237828e-01 -6.189147e-02  4.151026e+00  1.324093e+00  5.641896e-01  1.507883e+00  7.539415e-01  1.580225e+00  1.584432e+00
       7168          0          0 8.76953125000000e-01 1.95312500000000e-03 1.95312500000000e-03  1.308938e+00  6.994157e-01 -1.237669e-01 -6.188356e-02  4.150860e+00  1.324029e+00  5.641896e-01  1.507870e+00  7.539351e-01  1.580201e+00  1.584322e+00
       7200          0          0 8.80859375000000e-01 1.95312500000000e-03 1.95312500000000e-03  1.308883e+00  6.994120e-01 -1.237672e-01 -6.188398e-02  4.150821e+00  1.324062e+00  5.641896e-01  1.507850e+00  7.539244e-01  1.580161e+00  1.584318e+00
       7232          0          0 8.84765625000000e-01 1.95312500000000e-03 1.95312500000000e-03  1.308918e+00  6.993940e-01 -1.237708e-01 -6.188553e-02  4.150897e+00  1.324096e+00  5.641896e-01  1.507843e+00  7.539213e-01  1.580149e+00  1.584387e+00
       7264          0          0 8.88671875000000e-01 1.95312500000000e-03 1.95312500000000e-03  1.309020e+00  6.994294e-01 -1.237896e-01 -6.189493e-02  4.150875e+00  1.324018e+00  5.641896e-01  1.507836e+00  7.539178e-01  1.580136e+00  1.584376e+00
       7296          0          0 8.92578125000000e-01 1.95312500000000e-03 1.95312500000000e-03  1.309013e+00  6.994520e-01 -1.237997e-01 -6.189978e-02  4.150802e+00  1.323996e+00  5.641896e-01  1.507816e+00  7.539074e-01  1.580097e+00  1.584344e+00
       7328          0          0 8.96484375000000e-01 1.95312500000000e-03 1.95312500000000e-03  1.308945e+00  6.994388e-01 -1.237629e-01 -6.188137e-02  4.150787e+00  1.324022e+00  5.641896e-01  1.507828e+00  7.539136e-01  1.580121e+00  1.584319e+00
       7360          0          0 9.00390625000000e-01 1.95312500000000e-03 1.95312500000000e-03  1.308919e+00  6.993946e-01 -1.237648e-01 -6.188209e-02  4.150842e+00  1.324047e+00  5.641896e-01  1.507860e+00  7.539297e-01  1.580181e+00  1.584329e+00
       7392          0          0 9.04296875000000e-01 1.95312500000000e-03 1.95312500000000e-03  1.308955e+00  6.993707e-01 -1.238167e-01 -6.190815e-02  4.150893e+00  1.324036e+00  5.641896e-01  1.507881e+00  7.539404e-01  1.580221e+00  1.584344e+00
       1536          0          0 1.89453125000000e-01 1.95312500000000e-03 1.95312500000000e-03  1.080000e+00  1.296000e+00  1.079996e-02  5.400000e-01  3.171626e+00  9.024878e-01  5.641896e-01  1.015541e+00  5.641896e-01  8.339717e-01  9.500006e-01
       1568          0          0 1.93359375000000e-01 1.95312500000000e-03 1.95312500000000e-03  1.080000e+00  1.296000e+00  1.079989e-02  5.400000e-01  3.171626e+00  9.024876e-01  5.641896e-01  1.015541e+00  5.641896e-01  8.339716e-01  9.500004e-01
       1600          0          0 1.97265625000000e-01 1.95312500000000e-03 1.95312500000000e-03  1.080000e+00  1.296000e+00  1.080004e-02  5.400000e-01  3.171626e+00  9.024870e-01  5.641896e-01  1.015541e+00  5.641896e-01  8.339717e-01  9.500000e-01
       1632          0          0 2.01171875000000e-01 1.95312500000000e-03 1.95312500000000e-03  1.080000e+00  1.296000e+00  1.080000e-02  5.400000e-01  3.171626e+00  9.024872e-01  5.641896e-01  1.015541e+00  5.641897e-01  8.339719e-01  9.500000e-01
       1664          0          0 2.05078125000000e-01 1.95312500000000e-03 1.95312500000000e-03  1.080000e+00  1.296000e+00  1.079999e-02  5.400000e-01  3.171626e+00  9.024875e-01  5.641896e-01  1.015541e+00  5.641896e-01  8.339719e-01  9.500002e-01
       1696          0          0 2.08984375000000e-01 1.95312500000000e-03 1.95312500000000e-03  1.080000e+00  1.296000e+00  1.080000e-02  5.400000e-01  3.171626e+00  9.024873e-01  5.641896e-01  1.015541e+00  5.641896e-01  8.339719e-01  9.500000e-01
       1728          0          0 2.12890625000000e-01 1.95312500000000e-03 1.95312500000000e-03  1.080000e+00  1.296000e+00  1.080004e-02  5.400000e-01  3.171626e+00  9.024872e-01  5.641896e-01  1.015541e+00  5.641896e-01  8.339720e-01  9.500000e-01
       1760          0          0 2.16796875000000e-01 1.95312500000000e-03 1.95312500000000e-03  1.080000e+00  1.296000e+00  1.080004e-02  5.400000e-01  3.171626e+00  9.024872e-01  5.641896e-01  1.015541e+00  5.641896e-01  8.339720e-01  9.500000e-01
       1792          0          0 2.20703125000000e-01 1.95312500000000e-03 1.95312500000000e-03  1.080000e+00  1.296000e+00  1.080004e-02  5.400000e-01  3.171626e+00  9.024872e-01  5.641896e-01  1.015541e+00  5.641896e-01  8.339720e-01  9.500000e-01
       1824          0          0 2.24609375000000e-01 1.95312500000000e-03 1.95312500000000e-03  1.080000e+00  1.296000e+00  1.079999e-02  5.400000e-01  3.171626e+00  9.024872e-01  5.641896e-01  1.015541e+00  5.641896e-01  8.339720e-01  9.500000e-01
       1856          0          0 2.28515625000000e-01 1.95312500000000e-03 1.95312500000000e-03  1.080000e+00  1.296000e+00  1.079997e-02  5.400000e-01  3.171626e+00  9.024874e-01  5.641896e-01  1.015541e+00  5.641897e-01  8.339719e-01  9.500002e-01
       1888          0          0 2.32421875000000e-01 1.95312500000000e-03 1.95312500000000e-03  1.080000e+00  1.296000e+00  1.080009e-02  5.400002e-01  3.171627e+00  9.024875e-01  5.641896e-01  1.015542e+00  5.641899e-01  8.339723e-01  9.500007e-01
       1920          0          0 2.36328125000000e-01 1.95312500000000e-03 1.95312500000000e-03  1.080001e+00  1.296000e+00  1.080007e-02  5.400003e-01  3.171628e+00  9.024880e-01  5.641896e-01  1.015542e+00  5.641899e-01  8.339723e-01  9.500012e-01
       1952          0          0 2.40234375000000e-01 1.95312500000000e-03 1.95312500000000e-03  1.080000e+00  1.296000e+00  1.080006e-02  5.400002e-01  3.171627e+00  9.024877e-01  5.641896e-01  1.015541e+00  5.641897e-01  8.339722e-01  9.500006e-01
       1984          0          0 2.44140625000000e-01 1.95312500000000e-03 1.95312500000000e-03  1.080000e+00  1.296000e+00  1.080023e-02  5.400003e-01  3.171627e+00  9.024876e-01  5.641896e-01  1.015542e+00  5.641898e-01  8.339725e-01  9.500008e-01
       2016          0          0 2.48046875000000e-01 1.95312500000000e-03 1.95312500000000e-03  1.080000e+00  1.296000e+00  1.080011e-02  5.400000e-01  3.171627e+00  9.024879e-01  5.641896e-01  1.015541e+00  5.641897e-01  8.339720e-01  9.500008e-01
       3584          0          0 4.38476562500000e-01 9.76562500000000e-04 9.76562500000000e-04  1.490341e+00  9.029968e-01  1.674364e-01  8.299111e-01  4.510431e+00  1.269016e+00  5.641896e-01  1.438318e+00  7.990661e-01  1.512787e+00  1.655735e+00
       3600          0          0 4.40429687500000e-01 9.76562500000000e-04 9.76562500000000e-04  1.490354e+00  9.030033e-01  1.674409e-01  8.299201e-01  4.510371e+00  1.268983e+00  5.641896e-01  1.438311e+00  7.990618e-01  1.512774e+00  1.655701e+00
       3616          0          0 4.42382812500000e-01 9.76562500000000e-04 9.76562500000000e-04  1.490370e+00  9.030011e-01  1.674402e-01  8.299276e-01  4.510356e+00  1.268975e+00  5.641896e-01  1.438303e+00  7.990572e-01  1.512758e+00  1.655704e+00
       3632          0          0 4.44335937500000e-01 9.76562500000000e-04 9.76562500000000e-04  1.490385e+00  9.029968e-01  1.674254e-01  8.299266e-01  4.510368e+00  1.268984e+00  5.641896e-01  1.438296e+00  7.990536e-01  1.512746e+00  1.655726e+00
       3648          0          0 4.46289062500000e-01 9.76562500000000e-04 9.76562500000000e-04  1.490380e+00  9.030023e-01  1.674179e-01  8.299201e-01  4.510395e+00  1.269003e+00  5.641896e-01  1.438294e+00  7.990522e-01  1.512742e+00  1.655746e+00
       3664          0          0 4.48242187500000e-01 9.76562500000000e-04 9.76562500000000e-04  1.490365e+00  9.030358e-01  1.674176e-01  8.299124e-01  4.510436e+00  1.269015e+00  5.641896e-01  1.438301e+00  7.990559e-01  1.512755e+00  1.655751e+00
       3680          0          0 4.50195312500000e-01 9.76562500000000e-04 9.76562500000000e-04  1.490350e+00  9.030799e-01  1.674279e-01  8.299112e-01  4.510523e+00  1.269032e+00  5.641896e-01  1.438321e+00  7.990673e-01  1.512793e+00  1.655762e+00
       3696          0          0 4.52148437500000e-01 9.76562500000000e-04 9.76562500000000e-04  1.490354e+00  9.030946e-01  1.674400e-01  8.299195e-01  4.510572e+00  1.269038e+00  5.641896e-01  1.438332e+00  7.990733e-01  1.512813e+00  1.655772e+00
       3712          0          0 4.54101562500000e-01 9.76562500000000e-04 9.76562500000000e-04  1.490384e+00  9.030628e-01  1.674567e-01  8.299438e-01  4.510685e+00  1.269062e+00  5.641896e-01  1.438356e+00  7.990869e-01  1.512858e+00  1.655827e+00
       3728          0          0 4.56054687500000e-01 9.76562500000000e-04 9.76562500000000e-04  1.490410e+00  9.030069e-01  1.674676e-01  8.299627e-01  4.510764e+00  1.269085e+00  5.641896e-01  1.438375e+00  7.990977e-01  1.512895e+00  1.655876e+00
       3744          0          0 4.58007812500000e-01 9.76562500000000e-04 9.76562500000000e-04  1.490398e+00  9.029523e-01  1.674702e-01  8.299580e-01  4.510676e+00  1.269075e+00  5.641896e-01  1.438363e+00  7.990903e-01  1.512871e+00  1.655855e+00
       3760          0          0 4.59960937500000e-01 9.76562500000000e-04 9.76562500000000e-04  1.490368e+00  9.029439e-01  1.674753e-01  8.299455e-01  4.510589e+00  1.269060e+00  5.641896e-01  1.438350e+00  7.990832e-01  1.512847e+00  1.655813e+00
       3776          0          0 4.61914062500000e-01 9.76562500000000e-04 9.76562500000000e-04  1.490290e+00  9.029389e-01  1.674725e-01  8.299052e-01  4.510407e+00  1.269035e+00  5.641896e-01  1.438325e+00  7.990696e-01  1.512801e+00  1.655722e+00
       3792          0          0 4.63867187500000e-01 9.76562500000000e-04 9.76562500000000e-04  1.490251e+00  9.029245e-01  1.674710e-01  8.298852e-01  4.510342e+00  1.269028e+00  5.641896e-01  1.438324e+00  7.990686e-01  1.512798e+00  1.655684e+00
       3808          0          0 4.65820312500000e-01 9.76562500000000e-04 9.76562500000000e-04  1.490249e+00  9.029090e-01  1.674665e-01  8.298820e-01  4.510358e+00  1.269034e+00  5.641896e-01  1.438334e+00  7.990740e-01  1.512816e+00  1.655690e+00
       3824          0          0 4.67773437500000e-01 9.76562500000000e-04 9.76562500000000e-04  1.490280e+00  9.028789e-01  1.674535e-01  8.298900e-01  4.510456e+00  1.269056e+00  5.641896e-01  1.438358e+00  7.990879e-01  1.512863e+00  1.655742e+00
       3840          0          0 4.69726562500000e-01 9.76562500000000e-04 9.76562500000000e-04  1.490308e+00  9.028819e-01  1.674356e-01  8.298939e-01  4.510489e+00  1.269066e+00  5.641896e-01  1.438353e+00  7.990853e-01  1.512854e+00  1.655775e+00
       3856          0          0 4.71679687500000e-01 9.76562500000000e-04 9.76562500000000e-04  1.490333e+00  9.029203e-01  1.674237e-01  8.299000e-01  4.510445e+00  1.269035e+00  5.641896e-01  1.438338e+00  7.990766e-01  1.512824e+00  1.655754e+00
       3872          0          0 4.73632812500000e-01 9.76562500000000e-04 9.76562500000000e-04  1.490299e+00  9.029860e-01  1.674085e-01  8.298743e-01  4.510248e+00  1.268985e+00  5.641896e-01  1.438287e+00  7.990486e-01  1.512729e+00  1.655663e+00
       3888          0          0 4.75585937500000e-01 9.76562500000000e-04 9.76562500000000e-04  1.490290e+00  9.030084e-01  1.674132e-01  8.298724e-01  4.510170e+00  1.268959e+00  5.641896e-01  1.438269e+00  7.990382e-01  1.512695e+00  1.655622e+00
       3904          0          0 4.77539062500000e-01 9.76562500000000e-04 9.76562500000000e-04  1.490270e+00  9.029725e-01  1.674259e-01  8.298703e-01  4.510174e+00  1.268983e+00  5.641896e-01  1.438265e+00  7.990364e-01  1.512688e+00  1.655640e+00
       3920          0          0 4.79492187500000e-01 9.76562500000000e-04 9.76562500000000e-04  1.490296e+00  9.028885e-01  1.674433e-01  8.298925e-01  4.510296e+00  1.269026e+00  5.641896e-01  1.438294e+00  7.990524e-01  1.512743e+00  1.655716e+00
       3936          0          0 4.81445312500000e-01 9.76562500000000e-04 9.76562500000000e-04  1.490299e+00  9.028339e-01  1.674279e-01  8.298857e-01  4.510370e+00  1.269078e+00  5.641896e-01  1.438298e+00  7.990546e-01  1.512750e+00  1.655786e+00
       3952          0          0 4.83398437500000e-01 9.76562500000000e-04 9.76562500000000e-04  1.490322e+00  9.028696e-01  1.674011e-01  8.298826e-01  4.510427e+00  1.269102e+00  5.641896e-01  1.438286e+00  7.990483e-01  1.512728e+00  1.655833e+00
       3968          0          0 4.85351562500000e-01 9.76562500000000e-04 9.76562500000000e-04  1.490333e+00  9.029545e-01  1.673786e-01  8.298754e-01  4.510398e+00  1.269080e+00  5.641896e-01  1.438266e+00  7.990369e-01  1.512689e+00  1.655812e+00
       3984          0          0 4.87304687500000e-01 9.76562500000000e-04 9.76562500000000e-04  1.490360e+00  9.030245e-01  1.673735e-01  8.298858e-01  4.510405e+00  1.269055e+00  5.641896e-01  1.438258e+00  7.990324e-01  1.512674e+00  1.655801e+00
       4000          0          0 4.89257812500000e-01 9.76562500000000e-04 9.76562500000000e-04  1.490408e+00  9.030482e-01  1.673872e-01  8.299168e-01  4.510482e+00  1.269043e+00  5.641896e-01  1.438275e+00  7.990418e-01  1.512706e+00  1.655820e+00
       4016          0          0 4.91210937500000e-01 9.76562500000000e-04 9.76562500000000e-04  1.490482e+00  9.029960e-01  1.674228e-01  8.299732e-01  4.510747e+00  1.269083e+00  5.641896e-01  1.438342e+00  7.990791e-01  1.512833e+00  1.655927e+00
       4032          0          0 4.93164062500000e-01 9.76562500000000e-04 9.76562500000000e-04  1.490502e+00  9.029435e-01  1.674408e-01  8.299937e-01  4.510866e+00  1.269112e+00  5.641896e-01  1.438377e+00  7.990987e-01  1.512898e+00  1.655979e+00
       4048          0          0 4.95117187500000e-01 9.76562500000000e-04 9.76562500000000e-04  1.490470e+00  9.029210e-01  1.674412e-01  8.299776e-01  4.510797e+00  1.269110e+00  5.641896e-01  1.438367e+00  7.990931e-01  1.512879e+00  1.655953e+00
       4064          0          0 4.97070312500000e-01 9.76562500000000e-04 9.76562500000000e-04  1.490370e+00  9.029844e-01  1.674197e-01  8.299164e-01  4.510480e+00  1.269054e+00  5.641896e-01  1.438296e+00  7.990537e-01  1.512746e+00  1.655807e+00
       4080          0          0 4.99023437500000e-01 9.76562500000000e-04 9.76562500000000e-04  1.490293e+00  9.030551e-01  1.674121e-01  8.298734e-01  4.510233e+00  1.269000e+00  5.641896e-01  1.438244e+00  7.990244e-01  1.512648e+00  1.655678e+00
       4096          0          0 5.00976562500000e-01 9.76562500000000e-04 9.76562500000000e-04  1.490288e+00  9.030481e-01  1.674332e-01  8.298829e-01  4.510212e+00  1.268969e+00  5.641896e-01  1.438265e+00  7.990358e-01  1.512687e+00  1.655635e+00
       4112          0          0 5.02929687500000e-01 9.76562500000000e-04 9.76562500000000e-04  1.490363e+00  9.029689e-01  1.675010e-01  8.299581e-01  4.510505e+00  1.269003e+00  5.641896e-01  1.438354e+00  7.990851e-01  1.512854e+00  1.655734e+00
       4128          0          0 5.04882812500000e-01 9.76562500000000e-04 9.76562500000000e-04  1.490460e+00  9.028753e-01  1.675573e-01  8.300360e-01  4.510789e+00  1.269021e+00  5.641896e-01  1.438451e+00  7.991386e-01  1.513037e+00  1.655829e+00
       4144          0          0 5.06835937500000e-01 9.76562500000000e-04 9.76562500000000e-04  1.490466e+00  9.028892e-01  1.675686e-01  8.300459e-01  4.510864e+00  1.269026e+00  5.641896e-01  1.438474e+00  7.991522e-01  1.513080e+00  1.655841e+00
       4160          0          0 5.08789062500000e-01 9.76562500000000e-04 9.76562500000000e-04  1.490379e+00  9.030005e-01  1.675363e-01  8.299866e-01  4.510563e+00  1.268966e+00  5.641896e-01  1.438395e+00  7.991093e-01  1.512933e+00  1.655698e+00
       4176          0          0 5.10742187500000e-01 9.76562500000000e-04 9.76562500000000e-04  1.490209e+00  9.031491e-01  1.674791e-01  8.298694e-01  4.510003e+00  1.268875e+00  5.641896e-01  1.438251e+00  7.990286e-01  1.512661e+00  1.655454e+00
       4192          0          0 5.12695312500000e-01 9.76562500000000e-04 9.76562500000000e-04  1.490129e+00  9.031078e-01  1.674644e-01  8.298166e-01  4.509846e+00  1.268899e+00  5.641896e-01  1.438208e+00  7.990001e-01  1.512576e+00  1.655426e+00
       4208          0          0 5.14648437500000e-01 9.76562500000000e-04 9.76562500000000e-04  1.490208e+00  9.029995e-01  1.674875e-01  8.298707e-01  4.510155e+00  1.268981e+00  5.641896e-01  1.438271e+00  7.990386e-01  1.512697e+00  1.655591e+00
       4224          0          0 5.16601562500000e-01 9.76562500000000e-04 9.76562500000000e-04  1.490389e+00  9.027768e-01  1.675432e-01  8.300129e-01  4.510843e+00  1.269141e+00  5.641896e-01  1.438418e+00  7.991323e-01  1.512984e+00  1.655933e+00
       4240          0          0 5.18554687500000e-01 9.76562500000000e-04 9.76562500000000e-04  1.490444e+00  9.027579e-01  1.675300e-01  8.300295e-01  4.510958e+00  1.269159e+00  5.641896e-01  1.438435e+00  7.991507e-01  1.513023e+00  1.655999e+00
       4256          0          0 5.20507812500000e-01 9.76562500000000e-04 9.76562500000000e-04  1.490436e+00  9.029018e-01  1.675370e-01  8.299158e-01  4.510645e+00  1.269073e+00  5.641896e-01  1.438386e+00  7.990366e-01  1.512862e+00  1.655880e+00
       4272          0          0 5.22460937500000e-01 9.76562500000000e-04 9.76562500000000e-04  1.490242e+00  9.032544e-01  1.678039e-01  8.290809e-01  4.509531e+00  1.268880e+00  5.641896e-01  1.438509e+00  7.983554e-01  1.512495e+00  1.655485e+00
       4288          0          0 5.24414062500000e-01 9.76562500000000e-04 9.76562500000000e-04  1.490225e+00  9.033592e-01  1.706081e-01  8.239211e-01  4.506929e+00  1.268889e+00  5.641896e-01  1.440773e+00  7.941012e-01  1.512367e+00  1.655484e+00
       4304          0          0 5.26367187500000e-01 9.76562500000000e-04 9.76562500000000e-04  1.490055e+00  9.030218e-01  1.910410e-01  7.868105e-01  4.489198e+00  1.268646e+00  5.641896e-01  1.457515e+00  7.638006e-01  1.513026e+00  1.655041e+00
       4320          0          0 5.28320312500000e-01 9.76562500000000e-04 9.76562500000000e-04  1.490261e+00  9.024958e-01  2.498937e-01  6.625251e-01  4.436858e+00  1.268879e+00  5.641896e-01  1.505875e+00  6.620150e-01  1.512117e+00  1.655497e+00
       4336          0          0 5.30273437500000e-01 9.76562500000000e-04 9.76562500000000e-04  1.490404e+00  9.022799e-01  3.011385e-01  5.345011e-01  4.396337e+00  1.269412e+00  5.641896e-01  1.547999e+00  5.571380e-01  1.512506e+00  1.656298e+00
       4352          0          0 5.32226562500000e-01 9.76562500000000e-04 9.76562500000000e-04  1.490345e+00  9.025519e-01  3.227395e-01  4.713598e-01  4.379647e+00  1.269373e+00  5.641896e-01  1.565678e+00  5.054415e-01  1.512564e+00  1.656204e+00
       4368          0          0 5.34179687500000e-01 9.76562500000000e-04 9.76562500000000e-04  1.490369e+00  9.033508e-01  3.283821e-01  4.527733e-01  4.374705e+00  1.269353e+00  5.641896e-01  1.569986e+00  4.901112e-01  1.511687e+00  1.656195e+00
       4384          0          0 5.36132812500000e-01 9.76562500000000e-04 9.76562500000000e-04  1.490721e+00  9.034552e-01  3.287020e-01  4.483529e-01  4.373446e+00  1.269647e+00  5.641896e-01  1.570500e+00  4.865440e-01  1.510753e+00  1.656840e+00
       4400          0          0 5.38085937500000e-01 9.76562500000000e-04 9.76562500000000e-04  1.490960e+00  9.033696e-01  3.288432e-01  4.476638e-01  4.373784e+00  1.269857e+00  5.641896e-01  1.570669e+00  4.858930e-01  1.510702e+00  1.657291e+00
       4416          0          0 5.40039062500000e-01 9.76562500000000e-04 9.76562500000000e-04  1.491078e+00  9.026904e-01  3.294478e-01  4.477819e-01  4.375036e+00  1.269968e+00  5.641896e-01  1.571386e+00  4.859952e-01  1.511877e+00  1.657524e+00
       4432          0          0 5.41992187500000e-01 9.76562500000000e-04 9.76562500000000e-04  1.490311e+00  9.023484e-01  3.309687e-01  4.481584e-01  4.375404e+00  1.269317e+00  5.641896e-01  1.572542e+00  4.864916e-01  1.513937e+00  1.656105e+00
       4448          0          0 5.43945312500000e-01 9.76562500000000e-04 9.76562500000000e-04  1.489686e+00  9.022645e-01  3.315178e-01  4.485819e-01  4.374564e+00  1.268778e+00  5.641896e-01  1.572792e+00  4.868129e-01  1.514486e+00  1.654941e+00
       4464          0          0 5.45898437500000e-01 9.76562500000000e-04 9.76562500000000e-04  1.489357e+00  9.030044e-01  3.309641e-01  4.485857e-01  4.372965e+00  1.268484e+00  5.641896e-01  1.572119e+00  4.867970e-01  1.513420e+00  1.654312e+00
       4480          0          0 5.47851562500000e-01 9.76562500000000e-04 9.76562500000000e-04  1.491197e+00  9.040648e-01  3.272811e-01  4.481978e-01  4.372513e+00  1.270026e+00  5.641896e-01  1.569252e+00  4.862681e-01  1.508659e+00  1.657687e+00
       4496          0          0 5.49804687500000e-01 9.76562500000000e-04 9.76562500000000e-04  1.513366e+00  9.100320e-01  2.932914e-01  4.429341e-01  4.385334e+00  1.288508e+00  5.641896e-01  1.547065e+00  4.795018e-01  1.470821e+00  1.698439e+00
       4512          0          0 5.51757812500000e-01 9.76562500000000e-04 9.76562500000000e-04  1.583201e+00  9.274099e-01  1.745874e-01  4.222508e-01  4.432588e+00  1.348835e+00  5.641896e-01  1.472063e+00  4.561150e-01  1.346660e+00  1.832242e+00
       4528          0          0 5.53710937500000e-01 9.76562500000000e-04 9.76562500000000e-04  1.623034e+00  9.377112e-01  9.909032e-02  4.081222e-01  4.462706e+00  1.382893e+00  5.641896e-01  1.425462e+00  4.416680e-01  1.272661e+00  1.909884e+00
       4544          0          0 5.55664062500000e-01 9.76562500000000e-04 9.76562500000000e-04  1.631985e+00  9.397694e-01  8.202077e-02  4.049035e-01  4.470499e+00  1.390473e+00  5.641896e-01  1.415085e+00  4.384747e-01  1.256518e+00  1.927407e+00
       4560          0          0 5.57617187500000e-01 9.76562500000000e-04 9.76562500000000e-04  1.633958e+00  9.403915e-01  7.880093e-02  4.043748e-01  4.472322e+00  1.391833e+00  5.641896e-01  1.413139e+00  4.378756e-01  1.253503e+00  1.930847e+00
       4576          0          0 5.59570312500000e-01 9.76562500000000e-04 9.76562500000000e-04  1.634493e+00  9.405766e-01  7.797070e-02  4.043020e-01  4.472906e+00  1.392195e+00  5.641896e-01  1.412661e+00  4.377166e-01  1.252758e+00  1.931770e+00
       4592          0          0 5.61523437500000e-01 9.76562500000000e-04 9.76562500000000e-04  1.634539e+00  9.405428e-01  7.762320e-02  4.042559e-01  4.473086e+00  1.392425e+00  5.641896e-01  1.412468e+00  4.376607e-01  1.252461e+00  1.932125e+00
       4608          0          0 5.63476562500000e-01 9.76562500000000e-04 9.76562500000000e-04  1.634402e+00  9.403610e-01  7.744407e-02  4.041792e-01  4.472967e+00  1.392549e+00  5.641896e-01  1.412392e+00  4.376514e-01  1.252350e+00  1.932190e+00
       4624          0          0 5.65429687500000e-01 9.76562500000000e-04 9.76562500000000e-04  1.634199e+00  9.401253e-01  7.740642e-02  4.040948e-01  4.472551e+00  1.392577e+00  5.641896e-01  1.412311e+00  4.376520e-01  1.252235e+00  1.932069e+00
       4640          0          0 5.67382812500000e-01 9.76562500000000e-04 9.76562500000000e-04  1.634168e+00  9.400530e-01  7.742210e-02  4.040757e-01  4.472323e+00  1.392531e+00  5.641896e-01  1.412270e+00  4.376566e-01  1.252179e+00  1.931981e+00
       4656          0          0 5.69335937500000e-01 9.76562500000000e-04 9.76562500000000e-04  1.634258e+00  9.401357e-01  7.747942e-02  4.041127e-01  4.472276e+00  1.392437e+00  5.641896e-01  1.412266e+00  4.376643e-01  1.252178e+00  1.931922e+00
       4672          0          0 5.71289062500000e-01 9.76562500000000e-04 9.76562500000000e-04  1.634405e+00  9.403099e-01  7.756838e-02  4.042082e-01  4.472446e+00  1.392364e+00  5.641896e-01  1.412295e+00  4.376850e-01  1.252228e+00  1.931936e+00
       4688          0          0 5.73242187500000e-01 9.76562500000000e-04 9.76562500000000e-04  1.634487e+00  9.405054e-01  7.762476e-02  4.042975e-01  4.472790e+00  1.392378e+00  5.641896e-01  1.412359e+00  4.377005e-01  1.252325e+00  1.932020e+00
       4704          0          0 5.75195312500000e-01 9.76562500000000e-04 9.76562500000000e-04  1.634468e+00  9.405832e-01  7.763238e-02  4.043195e-01  4.472953e+00  1.392406e+00  5.641896e-01  1.412409e+00  4.377096e-01  1.252399e+00  1.932043e+00
       4720          0          0 5.77148437500000e-01 9.76562500000000e-04 9.76562500000000e-04  1.634178e+00  9.404374e-01  7.760695e-02  4.042444e-01  4.472836e+00  1.392517e+00  5.641896e-01  1.412434e+00  4.377174e-01  1.252439e+00  1.931970e+00
       4736          0          0 5.79101562500000e-01 9.76562500000000e-04 9.76562500000000e-04  1.633864e+00  9.402071e-01  7.757771e-02  4.041582e-01  4.472591e+00  1.392618e+00  5.641896e-01  1.412441e+00  4.377195e-01  1.252449e+00  1.931862e+00
       4752          0          0 5.81054687500000e-01 9.76562500000000e-04 9.76562500000000e-04  1.633746e+00  9.400062e-01  7.759614e-02  4.041343e-01  4.472229e+00  1.392589e+00  5.641896e-01  1.412399e+00  4.377059e-01  1.252384e+00  1.931729e+00
       4768          0          0 5.83007812500000e-01 9.76562500000000e-04 9.76562500000000e-04  1.633745e+00  9.399067e-01  7.763471e-02  4.041477e-01  4.472024e+00  1.392540e+00  5.641896e-01  1.412367e+00  4.376934e-01  1.252334e+00  1.931660e+00
       4784          0          0 5.84960937500000e-01 9.76562500000000e-04 9.76562500000000e-04  1.633934e+00  9.399840e-01  7.770837e-02  4.042153e-01  4.472094e+00  1.392449e+00  5.641896e-01  1.412374e+00  4.376927e-01  1.252342e+00  1.931683e+00
       4800          0          0 5.86914062500000e-01 9.76562500000000e-04 9.76562500000000e-04  1.634128e+00  9.401161e-01  7.780754e-02  4.042836e-01  4.472253e+00  1.392338e+00  5.641896e-01  1.412442e+00  4.377068e-01  1.252445e+00  1.931680e+00
       4816          0          0 5.88867187500000e-01 9.76562500000000e-04 9.76562500000000e-04  1.634197e+00  9.402527e-01  7.789131e-02  4.043149e-01  4.472588e+00  1.392329e+00  5.641896e-01  1.412570e+00  4.377375e-01  1.252639e+00  1.931724e+00
       4832          0          0 5.90820312500000e-01 9.76562500000000e-04 9.76562500000000e-04  1.634158e+00  9.403253e-01  7.790367e-02  4.043002e-01  4.472862e+00  1.392396e+00  5.641896e-01  1.412659e+00  4.377598e-01  1.252774e+00  1.931785e+00
       4848          0          0 5.92773437500000e-01 9.76562500000000e-04 9.76562500000000e-04  1.633724e+00  9.401004e-01  7.787021e-02  4.041803e-01  4.472840e+00  1.392655e+00  5.641896e-01  1.412676e+00  4.377641e-01  1.252801e+00  1.931803e+00
       3328          0          0 4.07226562500000e-01 9.76562500000000e-04 9.76562500000000e-04  1.490270e+00  9.028480e-01  1.674358e-01  8.298756e-01  4.510241e+00  1.269031e+00  5.641896e-01  1.438290e+00  7.990497e-01  1.512734e+00  1.655702e+00
       3344          0          0 4.09179687500000e-01 9.76562500000000e-04 9.76562500000000e-04  1.490248e+00  9.027911e-01  1.674422e-01  8.298681e-01  4.510120e+00  1.269017e+00  5.641896e-01  1.438269e+00  7.990381e-01  1.512694e+00  1.655668e+00
       3360          0          0 4.11132812500000e-01 9.76562500000000e-04 9.76562500000000e-04  1.490241e+00  9.027998e-01  1.674468e-01  8.298671e-01  4.510083e+00  1.269003e+00  5.641896e-01  1.438264e+00  7.990357e-01  1.512686e+00  1.655643e+00
       3376          0          0 4.13085937500000e-01 9.76562500000000e-04 9.76562500000000e-04  1.490245e+00  9.028701e-01  1.674546e-01  8.298734e-01  4.510129e+00  1.268988e+00  5.641896e-01  1.438277e+00  7.990430e-01  1.512711e+00  1.655627e+00
       3392          0          0 4.15039062500000e-01 9.76562500000000e-04 9.76562500000000e-04  1.490282e+00  9.029860e-01  1.674651e-01  8.298976e-01  4.510343e+00  1.269004e+00  5.641896e-01  1.438314e+00  7.990633e-01  1.512779e+00  1.655676e+00
       3408          0          0 4.16992187500000e-01 9.76562500000000e-04 9.76562500000000e-04  1.490323e+00  9.030467e-01  1.674692e-01  8.299199e-01  4.510474e+00  1.269014e+00  5.641896e-01  1.438330e+00  7.990724e-01  1.512810e+00  1.655719e+00
       3424          0          0 4.18945312500000e-01 9.76562500000000e-04 9.76562500000000e-04  1.490366e+00  9.030375e-01  1.674729e-01  8.299440e-01  4.510575e+00  1.269033e+00  5.641896e-01  1.438342e+00  7.990791e-01  1.512833e+00  1.655776e+00
       3440          0          0 4.20898437500000e-01 9.76562500000000e-04 9.76562500000000e-04  1.490394e+00  9.029924e-01  1.674761e-01  8.299596e-01  4.510638e+00  1.269056e+00  5.641896e-01  1.438350e+00  7.990833e-01  1.512847e+00  1.655826e+00
       3456          0          0 4.22851562500000e-01 9.76562500000000e-04 9.76562500000000e-04  1.490386e+00  9.029573e-01  1.674768e-01  8.299562e-01  4.510607e+00  1.269058e+00  5.641896e-01  1.438347e+00  7.990817e-01  1.512842e+00  1.655823e+00
       3472          0          0 4.24804687500000e-01 9.76562500000000e-04 9.76562500000000e-04  1.490372e+00  9.029475e-01  1.674791e-01  8.299503e-01  4.510589e+00  1.269059e+00  5.641896e-01  1.438346e+00  7.990816e-01  1.512841e+00  1.655814e+00
       3488          0          0 4.26757812500000e-01 9.76562500000000e-04 9.76562500000000e-04  1.490348e+00  9.029427e-01  1.674736e-01  8.299357e-01  4.510551e+00  1.269061e+00  5.641896e-01  1.438340e+00  7.990780e-01  1.512829e+00  1.655800e+00
       3504          0          0 4.28710937500000e-01 9.76562500000000e-04 9.76562500000000e-04  1.490348e+00  9.029468e-01  1.674575e-01  8.299266e-01  4.510537e+00  1.269066e+00  5.641896e-01  1.438330e+00  7.990723e-01  1.512809e+00  1.655806e+00
       3520          0          0 4.30664062500000e-01 9.76562500000000e-04 9.76562500000000e-04  1.490360e+00  9.029452e-01  1.674337e-01  8.299196e-01  4.510544e+00  1.269081e+00  5.641896e-01  1.438317e+00  7.990655e-01  1.512786e+00  1.655834e+00
       3536          0          0 4.32617187500000e-01 9.76562500000000e-04 9.76562500000000e-04  1.490367e+00  9.029466e-01  1.674162e-01  8.299130e-01  4.510548e+00  1.269086e+00  5.641896e-01  1.438313e+00  7.990634e-01  1.512779e+00  1.655846e+00
       3552          0          0 4.34570312500000e-01 9.76562500000000e-04 9.76562500000000e-04  1.490367e+00  9.029492e-01  1.674151e-01  8.299126e-01  4.510551e+00  1.269084e+00  5.641896e-01  1.438317e+00  7.990655e-01  1.512786e+00  1.655843e+00
       3568          0          0 4.36523437500000e-01 9.76562500000000e-04 9.76562500000000e-04  1.490350e+00  9.029703e-01  1.674179e-01  8.299057e-01  4.510497e+00  1.269059e+00  5.641896e-01  1.438316e+00  7.990648e-01  1.512783e+00  1.655799e+00
       4864          0          0 5.94726562500000e-01 9.76562500000000e-04 9.76562500000000e-04  1.633299e+00  9.398614e-01  7.781983e-02  4.040631e-01  4.472720e+00  1.392888e+00  5.641896e-01  1.412664e+00  4.377610e-01  1.252782e+00  1.931791e+00
       4880          0          0 5.96679687500000e-01 9.76562500000000e-04 9.76562500000000e-04  1.633214e+00  9.397773e-01  7.780321e-02  4.040308e-01  4.472538e+00  1.392903e+00  5.641896e-01  1.412618e+00  4.377511e-01  1.252713e+00  1.931744e+00
       4896          0          0 5.98632812500000e-01 9.76562500000000e-04 9.76562500000000e-04  1.633247e+00  9.397090e-01  7.781246e-02  4.040310e-01  4.472266e+00  1.392810e+00  5.641896e-01  1.412570e+00  4.377363e-01  1.252639e+00  1.931642e+00
       4912          0          0 6.00585937500000e-01 9.76562500000000e-04 9.76562500000000e-04  1.633763e+00  9.399590e-01  7.784192e-02  4.041467e-01  4.472187e+00  1.392461e+00  5.641896e-01  1.412550e+00  4.377260e-01  1.252605e+00  1.931563e+00
       4928          0          0 6.02539062500000e-01 9.76562500000000e-04 9.76562500000000e-04  1.634392e+00  9.403219e-01  7.787742e-02  4.043013e-01  4.472247e+00  1.392068e+00  5.641896e-01  1.412557e+00  4.377239e-01  1.252614e+00  1.931514e+00
       4944          0          0 6.04492187500000e-01 9.76562500000000e-04 9.76562500000000e-04  1.634454e+00  9.403977e-01  7.788818e-02  4.043213e-01  4.472257e+00  1.392014e+00  5.641896e-01  1.412565e+00  4.377244e-01  1.252627e+00  1.931488e+00
       4960          0          0 6.06445312500000e-01 9.76562500000000e-04 9.76562500000000e-04  1.634367e+00  9.404172e-01  7.789304e-02  4.042988e-01  4.472395e+00  1.392101e+00  5.641896e-01  1.412588e+00  4.377325e-01  1.252663e+00  1.931541e+00
       4976          0          0 6.08398437500000e-01 9.76562500000000e-04 9.76562500000000e-04  1.633206e+00  9.398120e-01  7.784551e-02  4.040019e-01  4.472362e+00  1.392822e+00  5.641896e-01  1.412611e+00  4.377374e-01  1.252697e+00  1.931626e+00
       4992          0          0 6.10351562500000e-01 9.76562500000000e-04 9.76562500000000e-04  1.623967e+00  9.345112e-01  7.739934e-02  4.016856e-01  4.470605e+00  1.398133e+00  5.641896e-01  1.412609e+00  4.377353e-01  1.252694e+00  1.931672e+00
       5008          0          0 6.12304687500000e-01 9.76562500000000e-04 9.76562500000000e-04  1.587819e+00  9.137046e-01  7.565383e-02  3.927193e-01  4.463460e+00  1.419284e+00  5.641896e-01  1.412590e+00  4.377398e-01  1.252668e+00  1.931686e+00
       5024          0          0 6.14257812500000e-01 9.76562500000000e-04 9.76562500000000e-04  1.535387e+00  8.835281e-01  7.312848e-02  3.797456e-01  4.453037e+00  1.451388e+00  5.641896e-01  1.412575e+00  4.377434e-01  1.252648e+00  1.931651e+00
       5040          0          0 6.16210937500000e-01 9.76562500000000e-04 9.76562500000000e-04  1.495134e+00  8.603343e-01  7.117990e-02  3.697945e-01  4.445019e+00  1.477293e+00  5.641896e-01  1.412572e+00  4.377470e-01  1.252646e+00  1.931613e+00
       5056          0          0 6.18164062500000e-01 9.76562500000000e-04 9.76562500000000e-04  1.477010e+00  8.498645e-01  7.029662e-02  3.653136e-01  4.441444e+00  1.489368e+00  5.641896e-01  1.412571e+00  4.377429e-01  1.252643e+00  1.931631e+00
       5072          0          0 6.20117187500000e-01 9.76562500000000e-04 9.76562500000000e-04  1.472088e+00  8.469939e-01  7.003632e-02  3.640918e-01  4.440532e+00  1.492737e+00  5.641896e-01  1.412564e+00  4.377311e-01  1.252627e+00  1.931698e+00
       5088          0          0 6.22070312500000e-01 9.76562500000000e-04 9.76562500000000e-04  1.471275e+00  8.465198e-01  6.999559e-02  3.638766e-01  4.440446e+00  1.493356e+00  5.641896e-01  1.412533e+00  4.377113e-01  1.252575e+00  1.931787e+00
       5104          0          0 6.24023437500000e-01 9.76562500000000e-04 9.76562500000000e-04  1.471208e+00  8.464993e-01  7.003020e-02  3.638617e-01  4.440514e+00  1.493447e+00  5.641896e-01  1.412519e+00  4.377056e-01  1.252553e+00  1.931847e+00
       2560          0          0 3.13476562500000e-01 9.76562500000000e-04 9.76562500000000e-04  1.490046e+00  9.017271e-01  1.675006e-01  8.298007e-01  4.507995e+00  1.268635e+00  5.641896e-01  1.437978e+00  7.988766e-01  1.512147e+00  1.655020e+00
       2576          0          0 3.15429687500000e-01 9.76562500000000e-04 9.76562500000000e-04  1.490240e+00  9.026904e-01  1.674763e-01  8.298833e-01  4.510120e+00  1.269020e+00  5.641896e-01  1.438295e+00  7.990527e-01  1.512743e+00  1.655665e+00
       2592          0          0 3.17382812500000e-01 9.76562500000000e-04 9.76562500000000e-04  1.490546e+00  9.035813e-01  1.674615e-01  8.300266e-01  4.511869e+00  1.269216e+00  5.641896e-01  1.438567e+00  7.992042e-01  1.513257e+00  1.656148e+00
       2608          0          0 3.19335937500000e-01 9.76562500000000e-04 9.76562500000000e-04  1.490486e+00  9.031523e-01  1.674258e-01  8.299770e-01  4.510759e+00  1.269016e+00  5.641896e-01  1.438365e+00  7.990915e-01  1.512875e+00  1.655843e+00
       2624          0          0 3.21289062500000e-01 9.76562500000000e-04 9.76562500000000e-04  1.490264e+00  9.026608e-01  1.673992e-01  8.298526e-01  4.509667e+00  1.268916e+00  5.641896e-01  1.438176e+00  7.989864e-01  1.512519e+00  1.655548e+00
       2640          0          0 3.23242187500000e-01 9.76562500000000e-04 9.76562500000000e-04  1.490279e+00  9.029313e-01  1.674154e-01  8.298689e-01  4.510451e+00  1.269086e+00  5.641896e-01  1.438316e+00  7.990646e-01  1.512783e+00  1.655781e+00
       2656          0          0 3.25195312500000e-01 9.76562500000000e-04 9.76562500000000e-04  1.490342e+00  9.030849e-01  1.674419e-01  8.299145e-01  4.510845e+00  1.269159e+00  5.641896e-01  1.438359e+00  7.990889e-01  1.512865e+00  1.655922e+00
       2672          0          0 3.27148437500000e-01 9.76562500000000e-04 9.76562500000000e-04  1.490297e+00  9.028713e-01  1.674883e-01  8.299182e-01  4.510331e+00  1.269049e+00  5.641896e-01  1.438285e+00  7.990472e-01  1.512724e+00  1.655745e+00
       2688          0          0 3.29101562500000e-01 9.76562500000000e-04 9.76562500000000e-04  1.490289e+00  9.027969e-01  1.675207e-01  8.299322e-01  4.510221e+00  1.268995e+00  5.641896e-01  1.438302e+00  7.990572e-01  1.512758e+00  1.655670e+00
       2704          0          0 3.31054687500000e-01 9.76562500000000e-04 9.76562500000000e-04  1.490383e+00  9.030314e-01  1.674893e-01  8.299612e-01  4.510793e+00  1.269074e+00  5.641896e-01  1.438404e+00  7.991135e-01  1.512949e+00  1.655842e+00
       2720          0          0 3.33007812500000e-01 9.76562500000000e-04 9.76562500000000e-04  1.490477e+00  9.031504e-01  1.674278e-01  8.299732e-01  4.511021e+00  1.269104e+00  5.641896e-01  1.438418e+00  7.991211e-01  1.512975e+00  1.655950e+00
       2736          0          0 3.34960937500000e-01 9.76562500000000e-04 9.76562500000000e-04  1.490439e+00  9.029931e-01  1.674210e-01  8.299508e-01  4.510528e+00  1.269021e+00  5.641896e-01  1.438315e+00  7.990643e-01  1.512782e+00  1.655815e+00
       2752          0          0 3.36914062500000e-01 9.76562500000000e-04 9.76562500000000e-04  1.490345e+00  9.028232e-01  1.674387e-01  8.299142e-01  4.510062e+00  1.268947e+00  5.641896e-01  1.438246e+00  7.990264e-01  1.512653e+00  1.655649e+00
       2768          0          0 3.38867187500000e-01 9.76562500000000e-04 9.76562500000000e-04  1.490253e+00  9.027825e-01  1.674539e-01  8.298771e-01  4.509992e+00  1.268966e+00  5.641896e-01  1.438251e+00  7.990286e-01  1.512661e+00  1.655605e+00
       2784          0          0 3.40820312500000e-01 9.76562500000000e-04 9.76562500000000e-04  1.490245e+00  9.028151e-01  1.674471e-01  8.298694e-01  4.510101e+00  1.268995e+00  5.641896e-01  1.438275e+00  7.990420e-01  1.512706e+00  1.655636e+00
       2800          0          0 3.42773437500000e-01 9.76562500000000e-04 9.76562500000000e-04  1.490291e+00  9.028834e-01  1.674165e-01  8.298752e-01  4.510360e+00  1.269059e+00  5.641896e-01  1.438305e+00  7.990587e-01  1.512763e+00  1.655754e+00
       7680          0          0 9.38476562500000e-01 9.76562500000000e-04 9.76562500000000e-04  1.308920e+00  6.996347e-01 -1.237399e-01 -6.186993e-02  4.150666e+00  1.323973e+00  5.641896e-01  1.507770e+00  7.538849e-01  1.580011e+00  1.584241e+00
       7696          0          0 9.40429687500000e-01 9.76562500000000e-04 9.76562500000000e-04  1.309196e+00  6.996050e-01 -1.237609e-01 -6.188058e-02  4.151725e+00  1.324138e+00  5.641896e-01  1.508027e+00  7.540131e-01  1.580495e+00  1.584661e+00
       7712          0          0 9.42382812500000e-01 9.76562500000000e-04 9.76562500000000e-04  1.309458e+00  6.996900e-01 -1.238559e-01 -6.192797e-02  4.153174e+00  1.324418e+00  5.641896e-01  1.508351e+00  7.541752e-01  1.581106e+00  1.585207e+00
       7728          0          0 9.44335937500000e-01 9.76562500000000e-04 9.76562500000000e-04  1.309083e+00  7.001513e-01 -1.239501e-01 -6.197488e-02  4.151806e+00  1.324105e+00  5.641896e-01  1.507998e+00  7.539988e-01  1.580441e+00  1.584531e+00
       7744          0          0 9.46289062500000e-01 9.76562500000000e-04 9.76562500000000e-04  1.308717e+00  7.001736e-01 -1.239854e-01 -6.199254e-02  4.150283e+00  1.323857e+00  5.641896e-01  1.507623e+00  7.538117e-01  1.579735e+00  1.583938e+00
       7760          0          0 9.48242187500000e-01 9.76562500000000e-04 9.76562500000000e-04  1.309371e+00  6.980575e-01 -1.235992e-01 -6.179968e-02  4.152575e+00  1.324562e+00  5.641896e-01  1.508423e+00  7.542115e-01  1.581243e+00  1.585310e+00
       7776          0          0 9.50195312500000e-01 9.76562500000000e-04 9.76562500000000e-04  1.302301e+00  6.846877e-01 -1.213428e-01 -6.067145e-02  4.108045e+00  1.317127e+00  5.641896e-01  1.499728e+00  7.498637e-01  1.564895e+00  1.570731e+00
       7792          0          0 9.52148437500000e-01 9.76562500000000e-04 9.76562500000000e-04  1.226261e+00  4.863324e-01 -8.795737e-02 -4.397877e-02  3.632393e+00  1.243087e+00  5.641896e-01  1.406627e+00  7.033135e-01  1.395780e+00  1.424154e+00
       7808          0          0 9.54101562500000e-01 9.76562500000000e-04 9.76562500000000e-04  1.048675e+00  9.542492e-02 -1.827489e-02 -9.137639e-03  2.676646e+00  1.052890e+00  5.641896e-01  1.188460e+00  5.942302e-01  1.041929e+00  1.086785e+00
       7824          0          0 9.56054687500000e-01 9.76562500000000e-04 9.76562500000000e-04  1.003097e+00  5.761667e-03 -1.164802e-03 -5.823566e-04  2.468166e+00  1.003124e+00  5.641896e-01  1.132221e+00  5.661104e-01  9.603577e-01  1.005194e+00
       7840          0          0 9.58007812500000e-01 9.76562500000000e-04 9.76562500000000e-04  1.000168e+00  3.108932e-04 -6.371557e-05 -3.178613e-05  2.455644e+00  1.000168e+00  5.641896e-01  1.128588e+00  5.642939e-01  9.552242e-01  1.000280e+00
       7856          0          0 9.59960937500000e-01 9.76562500000000e-04 9.76562500000000e-04  1.000009e+00  1.666287e-05 -3.290618e-06 -1.590095e-06  2.454967e+00  1.000009e+00  5.641896e-01  1.128390e+00  5.641949e-01  9.549451e-01  1.000015e+00
       7872          0          0 9.61914062500000e-01 9.76562500000000e-04 9.76562500000000e-04  1.000001e+00  1.167816e-06 -1.933002e-08  8.992988e-08  2.454931e+00  1.000000e+00  5.641896e-01  1.128380e+00  5.641898e-01  9.549304e-01  1.000001e+00
       7888          0          0 9.63867187500000e-01 9.76562500000000e-04 9.76562500000000e-04  1.000000e+00  2.722921e-07  2.897565e-09  1.527616e-07  2.454929e+00  9.999995e-01  5.641896e-01  1.128379e+00  5.641897e-01  9.549298e-01  9.999997e-01
       7904          0          0 9.65820312500000e-01 9.76562500000000e-04 9.76562500000000e-04  1.000000e+00  2.419749e-07 -5.037158e-08  9.739937e-08  2.454929e+00  9.999993e-01  5.641896e-01  1.128379e+00  5.641896e-01  9.549299e-01  9.999995e-01
       7920          0          0 9.67773437500000e-01 9.76562500000000e-04 9.76562500000000e-04  9.999993e-01  1.575903e-07 -1.400480e-07 -7.899975e-08  2.454929e+00  9.999998e-01  5.641896e-01  1.128379e+00  5.641896e-01  9.549298e-01  9.999994e-01
       3072          0          0 3.75976562500000e-01 9.76562500000000e-04 9.76562500000000e-04  1.490321e+00  9.029972e-01  1.674294e-01  8.298972e-01  4.510486e+00  1.269042e+00  5.641896e-01  1.438333e+00  7.990741e-01  1.512816e+00  1.655754e+00
       3088          0          0 3.77929687500000e-01 9.76562500000000e-04 9.76562500000000e-04  1.490336e+00  9.030157e-01  1.674338e-01  8.299074e-01  4.510517e+00  1.269039e+00  5.641896e-01  1.438337e+00  7.990764e-01  1.512823e+00  1.655762e+00
       3104          0          0 3.79882812500000e-01 9.76562500000000e-04 9.76562500000000e-04  1.490355e+00  9.030194e-01  1.674426e-01  8.299211e-01  4.510551e+00  1.269044e+00  5.641896e-01  1.438337e+00  7.990766e-01  1.512824e+00  1.655782e+00
       3120          0          0 3.81835937500000e-01 9.76562500000000e-04 9.76562500000000e-04  1.490375e+00  9.030036e-01  1.674532e-01  8.299363e-01  4.510603e+00  1.269059e+00  5.641896e-01  1.438341e+00  7.990780e-01  1.512830e+00  1.655816e+00
       3136          0          0 3.83789062500000e-01 9.76562500000000e-04 9.76562500000000e-04  1.490387e+00  9.029759e-01  1.674545e-01  8.299432e-01  4.510619e+00  1.269071e+00  5.641896e-01  1.438339e+00  7.990771e-01  1.512827e+00  1.655841e+00
       3152          0          0 3.85742187500000e-01 9.76562500000000e-04 9.76562500000000e-04  1.490388e+00  9.029536e-01  1.674489e-01  8.299415e-01  4.510592e+00  1.269075e+00  5.641896e-01  1.438328e+00  7.990714e-01  1.512807e+00  1.655847e+00
       3168          0          0 3.87695312500000e-01 9.76562500000000e-04 9.76562500000000e-04  1.490387e+00  9.029479e-01  1.674398e-01  8.299356e-01  4.510579e+00  1.269073e+00  5.641896e-01  1.438327e+00  7.990707e-01  1.512805e+00  1.655844e+00
       3184          0          0 3.89648437500000e-01 9.76562500000000e-04 9.76562500000000e-04  1.490382e+00  9.029531e-01  1.674351e-01  8.299303e-01  4.510566e+00  1.269068e+00  5.641896e-01  1.438328e+00  7.990707e-01  1.512805e+00  1.655834e+00
       3200          0          0 3.91601562500000e-01 9.76562500000000e-04 9.76562500000000e-04  1.490378e+00  9.029608e-01  1.674363e-01  8.299294e-01  4.510558e+00  1.269060e+00  5.641896e-01  1.438331e+00  7.990726e-01  1.512811e+00  1.655821e+00
       3216          0          0 3.93554687500000e-01 9.76562500000000e-04 9.76562500000000e-04  1.490368e+00  9.029560e-01  1.674404e-01  8.299267e-01  4.510531e+00  1.269047e+00  5.641896e-01  1.438337e+00  7.990761e-01  1.512823e+00  1.655795e+00
       3232          0          0 3.95507812500000e-01 9.76562500000000e-04 9.76562500000000e-04  1.490358e+00  9.029443e-01  1.674449e-01  8.299236e-01  4.510491e+00  1.269035e+00  5.641896e-01  1.438336e+00  7.990757e-01  1.512821e+00  1.655773e+00
       3248          0          0 3.97460937500000e-01 9.76562500000000e-04 9.76562500000000e-04  1.490344e+00  9.029445e-01  1.674417e-01  8.299149e-01  4.510447e+00  1.269027e+00  5.641896e-01  1.438329e+00  7.990716e-01  1.512808e+00  1.655752e+00
       3264          0          0 3.99414062500000e-01 9.76562500000000e-04 9.76562500000000e-04  1.490330e+00  9.029605e-01  1.674308e-01  8.299020e-01  4.510418e+00  1.269025e+00  5.641896e-01  1.438322e+00  7.990676e-01  1.512794e+00  1.655738e+00
       3280          0          0 4.01367187500000e-01 9.76562500000000e-04 9.76562500000000e-04  1.490320e+00  9.029830e-01  1.674207e-01  8.298916e-01  4.510438e+00  1.269036e+00  5.641896e-01  1.438321e+00  7.990673e-01  1.512793e+00  1.655746e+00
       3296          0          0 4.03320312500000e-01 9.76562500000000e-04 9.76562500000000e-04  1.490309e+00  9.029804e-01  1.674188e-01  8.298855e-01  4.510437e+00  1.269044e+00  5.641896e-01  1.438319e+00  7.990658e-01  1.512789e+00  1.655748e+00
       3312          0          0 4.05273437500000e-01 9.76562500000000e-04 9.76562500000000e-04  1.490298e+00  9.029427e-01  1.674252e-01  8.298839e-01  4.510407e+00  1.269049e+00  5.641896e-01  1.438315e+00  7.990640e-01  1.512782e+00  1.655746e+00
       2304          0          0 2.82226562500000e-01 9.76562500000000e-04 9.76562500000000e-04  1.080000e+00  1.296000e+00  1.080029e-02  5.400000e-01  3.171626e+00  9.024876e-01  5.641896e-01  1.015541e+00  5.641896e-01  8.339719e-01  9.500002e-01
       2320          0          0 2.84179687500000e-01 9.76562500000000e-04 9.76562500000000e-04  1.080000e+00  1.296000e+00  1.080025e-02  5.399999e-01  3.171625e+00  9.024871e-01  5.641896e-01  1.015541e+00  5.641895e-01  8.339714e-01  9.499997e-01
       2336          0          0 2.86132812500000e-01 9.76562500000000e-04 9.76562500000000e-04  1.080000e+00  1.296000e+00  1.080000e-02  5.399998e-01  3.171626e+00  9.024872e-01  5.641896e-01  1.015541e+00  5.641894e-01  8.339713e-01  9.500000e-01
       2352          0          0 2.88085937500000e-01 9.76562500000000e-04 9.76562500000000e-04  1.080000e+00  1.296000e+00  1.080002e-02  5.400000e-01  3.171627e+00  9.024876e-01  5.641896e-01  1.015541e+00  5.641896e-01  8.339717e-01  9.500005e-01
       2368          0          0 2.90039062500000e-01 9.76562500000000e-04 9.76562500000000e-04  1.080000e+00  1.296000e+00  1.079999e-02  5.400001e-01  3.171627e+00  9.024872e-01  5.641896e-01  1.015541e+00  5.641896e-01  8.339719e-01  9.500004e-01
       2384          0          0 2.91992187500000e-01 9.76562500000000e-04 9.76562500000000e-04  1.080000e+00  1.296000e+00  1.079973e-02  5.400001e-01  3.171626e+00  9.024874e-01  5.641896e-01  1.015541e+00  5.641894e-01  8.339715e-01  9.500003e-01
       2400          0          0 2.93945312500000e-01 9.76562500000000e-04 9.76562500000000e-04  1.080000e+00  1.296000e+00  1.079974e-02  5.400000e-01  3.171626e+00  9.024873e-01  5.641896e-01  1.015541e+00  5.641894e-01  8.339715e-01  9.500003e-01
       2416          0          0 2.95898437500000e-01 9.76562500000000e-04 9.76562500000000e-04  1.080000e+00  1.296000e+00  1.079985e-02  5.400001e-01  3.171627e+00  9.024875e-01  5.641896e-01  1.015541e+00  5.641895e-01  8.339718e-01  9.500006e-01
       2432          0          0 2.97851562500000e-01 9.76562500000000e-04 9.76562500000000e-04  1.080000e+00  1.296000e+00  1.080004e-02  5.400003e-01  3.171628e+00  9.024877e-01  5.641896e-01  1.015541e+00  5.641899e-01  8.339723e-01  9.500009e-01
       2448          0          0 2.99804687500000e-01 9.76562500000000e-04 9.76562500000000e-04  1.080000e+00  1.296000e+00  1.079997e-02  5.400003e-01  3.171627e+00  9.024873e-01  5.641896e-01  1.015541e+00  5.641899e-01  8.339722e-01  9.500003e-01
       2464          0          0 3.01757812500000e-01 9.76562500000000e-04 9.76562500000000e-04  1.080004e+00  1.295998e+00  1.080128e-02  5.400027e-01  3.171636e+00  9.024906e-01  5.641896e-01  1.015545e+00  5.641919e-01  8.339772e-01  9.500057e-01
       2480          0          0 3.03710937500000e-01 9.76562500000000e-04 9.76562500000000e-04  1.080136e+00  1.295934e+00  1.084897e-02  5.400947e-01  3.171968e+00  9.026008e-01  5.641896e-01  1.015684e+00  5.642691e-01  8.341616e-01  9.501995e-01
       2496          0          0 3.05664062500000e-01 9.76562500000000e-04 9.76562500000000e-04  1.084330e+00  1.293798e+00  1.235005e-02  5.430020e-01  3.182543e+00  9.061717e-01  5.641896e-01  1.020072e+00  5.667070e-01  8.400073e-01  9.564263e-01
       2512          0          0 3.07617187500000e-01 9.76562500000000e-04 9.76562500000000e-04  1.183781e+00  1.228224e+00  4.685086e-02  6.113421e-01  3.466474e+00  1.004556e+00  5.641896e-01  1.122978e+00  6.238769e-01  9.843059e-01  1.124144e+00
       2528          0          0 3.09570312500000e-01 9.76562500000000e-04 9.76562500000000e-04  1.447073e+00  9.630591e-01  1.483702e-01  7.979253e-01  4.343725e+00  1.232415e+00  5.641896e-01  1.393970e+00  7.744280e-01  1.430601e+00  1.576706e+00
       2544          0          0 3.11523437500000e-01 9.76562500000000e-04 9.76562500000000e-04  1.489432e+00  9.063630e-01  1.669056e-01  8.291667e-01  4.508292e+00  1.268413e+00  5.641896e-01  1.437344e+00  7.985247e-01  1.510955e+00  1.654275e+00
       2816          0          0 3.44726562500000e-01 9.76562500000000e-04 9.76562500000000e-04  1.490383e+00  9.029970e-01  1.674060e-01  8.299151e-01  4.510686e+00  1.269102e+00  5.641896e-01  1.438348e+00  7.990825e-01  1.512843e+00  1.655879e+00
       2832          0          0 3.46679687500000e-01 9.76562500000000e-04 9.76562500000000e-04  1.490420e+00  9.030293e-01  1.674144e-01  8.299377e-01  4.510811e+00  1.269112e+00  5.641896e-01  1.438371e+00  7.990953e-01  1.512888e+00  1.655919e+00
       2848          0          0 3.48632812500000e-01 9.76562500000000e-04 9.76562500000000e-04  1.490409e+00  9.029993e-01  1.674356e-01  8.299444e-01  4.510745e+00  1.269093e+00  5.641896e-01  1.438366e+00  7.990925e-01  1.512878e+00  1.655887e+00
       2864          0          0 3.50585937500000e-01 9.76562500000000e-04 9.76562500000000e-04  1.490374e+00  9.029378e-01  1.674537e-01  8.299374e-01  4.510595e+00  1.269066e+00  5.641896e-01  1.438351e+00  7.990841e-01  1.512849e+00  1.655824e+00
       2880          0          0 3.52539062500000e-01 9.76562500000000e-04 9.76562500000000e-04  1.490332e+00  9.029070e-01  1.674788e-01  8.299303e-01  4.510562e+00  1.269066e+00  5.641896e-01  1.438360e+00  7.990893e-01  1.512867e+00  1.655794e+00
       2896          0          0 3.54492187500000e-01 9.76562500000000e-04 9.76562500000000e-04  1.490313e+00  9.028940e-01  1.674896e-01  8.299270e-01  4.510581e+00  1.269079e+00  5.641896e-01  1.438369e+00  7.990941e-01  1.512884e+00  1.655797e+00
       2912          0          0 3.56445312500000e-01 9.76562500000000e-04 9.76562500000000e-04  1.490322e+00  9.028792e-01  1.674895e-01  8.299314e-01  4.510618e+00  1.269090e+00  5.641896e-01  1.438377e+00  7.990984e-01  1.512899e+00  1.655818e+00
       2928          0          0 3.58398437500000e-01 9.76562500000000e-04 9.76562500000000e-04  1.490341e+00  9.028767e-01  1.674705e-01  8.299301e-01  4.510619e+00  1.269099e+00  5.641896e-01  1.438363e+00  7.990905e-01  1.512872e+00  1.655843e+00
       2944          0          0 3.60351562500000e-01 9.76562500000000e-04 9.76562500000000e-04  1.490367e+00  9.028949e-01  1.674586e-01  8.299359e-01  4.510632e+00  1.269096e+00  5.641896e-01  1.438356e+00  7.990862e-01  1.512858e+00  1.655859e+00
       2960          0          0 3.62304687500000e-01 9.76562500000000e-04 9.76562500000000e-04  1.490399e+00  9.029382e-01  1.674618e-01  8.299538e-01  4.510620e+00  1.269067e+00  5.641896e-01  1.438347e+00  7.990816e-01  1.512842e+00  1.655844e+00
       2976          0          0 3.64257812500000e-01 9.76562500000000e-04 9.76562500000000e-04  1.490391e+00  9.029850e-01  1.674578e-01  8.299478e-01  4.510531e+00  1.269036e+00  5.641896e-01  1.438322e+00  7.990679e-01  1.512795e+00  1.655798e+00
       2992          0          0 3.66210937500000e-01 9.76562500000000e-04 9.76562500000000e-04  1.490392e+00  9.030112e-01  1.674547e-01  8.299467e-01  4.510479e+00  1.269015e+00  5.641896e-01  1.438307e+00  7.990595e-01  1.512767e+00  1.655773e+00
       3008          0          0 3.68164062500000e-01 9.76562500000000e-04 9.76562500000000e-04  1.490387e+00  9.030130e-01  1.674468e-01  8.299398e-01  4.510471e+00  1.269019e+00  5.641896e-01  1.438303e+00  7.990578e-01  1.512760e+00  1.655773e+00
       3024          0          0 3.70117187500000e-01 9.76562500000000e-04 9.76562500000000e-04  1.490360e+00  9.029957e-01  1.674363e-01  8.299208e-01  4.510456e+00  1.269029e+00  5.641896e-01  1.438308e+00  7.990600e-01  1.512768e+00  1.655767e+00
       3040          0          0 3.72070312500000e-01 9.76562500000000e-04 9.76562500000000e-04  1.490322e+00  9.029711e-01  1.674294e-01  8.298982e-01  4.510443e+00  1.269044e+00  5.641896e-01  1.438316e+00  7.990647e-01  1.512784e+00  1.655757e+00
       3056          0          0 3.74023437500000e-01 9.76562500000000e-04 9.76562500000000e-04  1.490314e+00  9.029743e-01  1.674282e-01  8.298931e-01  4.510451e+00  1.269043e+00  5.641896e-01  1.438326e+00  7.990695e-01  1.512801e+00  1.655750e+00
       5120          0          0 6.25976562500000e-01 9.76562500000000e-04 9.76562500000000e-04  1.471255e+00  8.465511e-01  7.009195e-02  3.638808e-01  4.440606e+00  1.493441e+00  5.641896e-01  1.412529e+00  4.377122e-01  1.252569e+00  1.931879e+00
       5136          0          0 6.27929687500000e-01 9.76562500000000e-04 9.76562500000000e-04  1.471598e+00  8.467667e-01  7.016785e-02  3.639800e-01  4.440717e+00  1.493207e+00  5.641896e-01  1.412545e+00  4.377265e-01  1.252599e+00  1.931877e+00
       5152          0          0 6.29882812500000e-01 9.76562500000000e-04 9.76562500000000e-04  1.472237e+00  8.471370e-01  7.023551e-02  3.641543e-01  4.440846e+00  1.492774e+00  5.641896e-01  1.412542e+00  4.377318e-01  1.252596e+00  1.931875e+00
       5168          0          0 6.31835937500000e-01 9.76562500000000e-04 9.76562500000000e-04  1.472663e+00  8.473932e-01  7.024705e-02  3.642709e-01  4.440868e+00  1.492474e+00  5.641896e-01  1.412510e+00  4.377245e-01  1.252549e+00  1.931860e+00
       5184          0          0 6.33789062500000e-01 9.76562500000000e-04 9.76562500000000e-04  1.472825e+00  8.474845e-01  7.024281e-02  3.643102e-01  4.440818e+00  1.492376e+00  5.641896e-01  1.412446e+00  4.376954e-01  1.252446e+00  1.931876e+00
       5200          0          0 6.35742187500000e-01 9.76562500000000e-04 9.76562500000000e-04  1.472887e+00  8.475078e-01  7.027586e-02  3.643378e-01  4.440812e+00  1.492370e+00  5.641896e-01  1.412394e+00  4.376695e-01  1.252361e+00  1.931922e+00
       5216          0          0 6.37695312500000e-01 9.76562500000000e-04 9.76562500000000e-04  1.472952e+00  8.475349e-01  7.038242e-02  3.643800e-01  4.440918e+00  1.492406e+00  5.641896e-01  1.412350e+00  4.376558e-01  1.252293e+00  1.932026e+00
       5232          0          0 6.39648437500000e-01 9.76562500000000e-04 9.76562500000000e-04  1.473014e+00  8.475763e-01  7.050470e-02  3.644192e-01  4.441053e+00  1.492442e+00  5.641896e-01  1.412320e+00  4.376567e-01  1.252251e+00  1.932125e+00
       5248          0          0 6.41601562500000e-01 9.76562500000000e-04 9.76562500000000e-04  1.473064e+00  8.476515e-01  7.061261e-02  3.644420e-01  4.441159e+00  1.492474e+00  5.641896e-01  1.412270e+00  4.376648e-01  1.252184e+00  1.932211e+00
       5264          0          0 6.43554687500000e-01 9.76562500000000e-04 9.76562500000000e-04  1.473117e+00  8.477287e-01  7.063619e-02  3.644548e-01  4.441208e+00  1.492463e+00  5.641896e-01  1.412242e+00  4.376672e-01  1.252146e+00  1.932244e+00
       5280          0          0 6.45507812500000e-01 9.76562500000000e-04 9.76562500000000e-04  1.473199e+00  8.477834e-01  7.062855e-02  3.644693e-01  4.441220e+00  1.492432e+00  5.641896e-01  1.412208e+00  4.376608e-01  1.252094e+00  1.932274e+00
       5296          0          0 6.47460937500000e-01 9.76562500000000e-04 9.76562500000000e-04  1.473354e+00  8.478426e-01  7.061092e-02  3.645031e-01  4.441269e+00  1.492363e+00  5.641896e-01  1.412187e+00  4.376546e-01  1.252063e+00  1.932320e+00
       5312          0          0 6.49414062500000e-01 9.76562500000000e-04 9.76562500000000e-04  1.473484e+00  8.478755e-01  7.059822e-02  3.645327e-01  4.441220e+00  1.492261e+00  5.641896e-01  1.412174e+00  4.376477e-01  1.252040e+00  1.932302e+00
       5328          0          0 6.51367187500000e-01 9.76562500000000e-04 9.76562500000000e-04  1.473619e+00  8.479466e-01  7.060050e-02  3.645625e-01  4.441117e+00  1.492118e+00  5.641896e-01  1.412159e+00  4.376417e-01  1.252017e+00  1.932235e+00
       5344          0          0 6.53320312500000e-01 9.76562500000000e-04 9.76562500000000e-04  1.473711e+00  8.480225e-01  7.061213e-02  3.645704e-01  4.440965e+00  1.491973e+00  5.641896e-01  1.412145e+00  4.376418e-01  1.251997e+00  1.932128e+00
       5360          0          0 6.55273437500000e-01 9.76562500000000e-04 9.76562500000000e-04  1.473795e+00  8.480801e-01  7.062271e-02  3.645727e-01  4.440981e+00  1.491905e+00  5.641896e-01  1.412155e+00  4.376580e-01  1.252018e+00  1.932113e+00
       5632          0          0 6.88476562500000e-01 9.76562500000000e-04 9.76562500000000e-04  1.309168e+00  6.996022e-01 -2.407665e-01  2.304350e-01  4.186487e+00  1.324414e+00  5.641896e-01  1.610152e+00  4.984680e-01  1.579685e+00  1.584969e+00
       5648          0          0 6.90429687500000e-01 9.76562500000000e-04 9.76562500000000e-04  1.309138e+00  6.996530e-01 -2.418739e-01  2.337112e-01  4.187389e+00  1.324403e+00  5.641896e-01  1.611123e+00  4.956079e-01  1.579827e+00  1.584931e+00
       5664          0          0 6.92382812500000e-01 9.76562500000000e-04 9.76562500000000e-04  1.309141e+00  6.996815e-01 -2.426566e-01  2.363724e-01  4.188070e+00  1.324430e+00  5.641896e-01  1.611827e+00  4.932918e-01  1.579816e+00  1.584967e+00
       5680          0          0 6.94335937500000e-01 9.76562500000000e-04 9.76562500000000e-04  1.309127e+00  6.996446e-01 -2.427791e-01  2.369324e-01  4.188140e+00  1.324444e+00  5.641896e-01  1.611949e+00  4.928043e-01  1.579773e+00  1.584972e+00
       5696          0          0 6.96289062500000e-01 9.76562500000000e-04 9.76562500000000e-04  1.309090e+00  6.995752e-01 -2.427287e-01  2.369057e-01  4.187982e+00  1.324441e+00  5.641896e-01  1.611904e+00  4.928205e-01  1.579708e+00  1.584938e+00
       5712          0          0 6.98242187500000e-01 9.76562500000000e-04 9.76562500000000e-04  1.309118e+00  6.995534e-01 -2.423675e-01  2.362059e-01  4.187690e+00  1.324488e+00  5.641896e-01  1.611593e+00  4.934369e-01  1.579510e+00  1.585016e+00
       5728          0          0 7.00195312500000e-01 9.76562500000000e-04 9.76562500000000e-04  1.309207e+00  6.996434e-01 -2.401111e-01  2.298743e-01  4.186143e+00  1.324624e+00  5.641896e-01  1.609639e+00  4.989938e-01  1.579121e+00  1.585252e+00
       5744          0          0 7.02148437500000e-01 9.76562500000000e-04 9.76562500000000e-04  1.309166e+00  6.995304e-01 -2.291837e-01  1.962639e-01  4.178386e+00  1.324716e+00  5.641896e-01  1.600005e+00  5.283324e-01  1.578730e+00  1.585329e+00
       5760          0          0 7.04101562500000e-01 9.76562500000000e-04 9.76562500000000e-04  1.308950e+00  6.993440e-01 -2.048991e-01  1.271676e-01  4.165378e+00  1.324771e+00  5.641896e-01  1.578672e+00  5.886481e-01  1.578511e+00  1.585220e+00
       5776          0          0 7.06054687500000e-01 9.76562500000000e-04 9.76562500000000e-04  1.308897e+00  6.993105e-01 -1.734132e-01  4.735966e-02  4.155559e+00  1.324604e+00  5.641896e-01  1.551153e+00  6.583959e-01  1.578935e+00  1.584978e+00
       5792          0          0 7.08007812500000e-01 9.76562500000000e-04 9.76562500000000e-04  1.308910e+00  6.993673e-01 -1.465726e-01 -1.403368e-02  4.151765e+00  1.324319e+00  5.641896e-01  1.527737e+00  7.120782e-01  1.579672e+00  1.584647e+00
       5808          0          0 7.09960937500000e-01 9.76562500000000e-04 9.76562500000000e-04  1.308891e+00  6.993875e-01 -1.312225e-01 -4.691669e-02  4.151023e+00  1.324111e+00  5.641896e-01  1.514337e+00  7.408279e-01  1.580176e+00  1.584383e+00
       5824          0          0 7.11914062500000e-01 9.76562500000000e-04 9.76562500000000e-04  1.308882e+00  6.993906e-01 -1.254624e-01 -5.877100e-02  4.150949e+00  1.324046e+00  5.641896e-01  1.509313e+00  7.511945e-01  1.580314e+00  1.584297e+00
       5840          0          0 7.13867187500000e-01 9.76562500000000e-04 9.76562500000000e-04  1.308883e+00  6.993769e-01 -1.240779e-01 -6.153626e-02  4.150900e+00  1.324026e+00  5.641896e-01  1.508104e+00  7.536134e-01  1.580310e+00  1.584275e+00
       5856          0          0 7.15820312500000e-01 9.76562500000000e-04 9.76562500000000e-04  1.308862e+00  6.992966e-01 -1.238205e-01 -6.200922e-02  4.150696e+00  1.323990e+00  5.641896e-01  1.507856e+00  7.540147e-01  1.580239e+00  1.584215e+00
       5872          0          0 7.17773437500000e-01 9.76562500000000e-04 9.76562500000000e-04  1.308837e+00  6.992061e-01 -1.237767e-01 -6.206772e-02  4.150466e+00  1.323956e+00  5.641896e-01  1.507779e+00  7.540461e-01  1.580146e+00  1.584154e+00
       5376          0          0 6.57226562500000e-01 9.76562500000000e-04 9.76562500000000e-04  1.473861e+00  8.480810e-01  7.063614e-02  3.645849e-01  4.441107e+00  1.491899e+00  5.641896e-01  1.412191e+00  4.376773e-01  1.252077e+00  1.932163e+00
       5392          0          0 6.59179687500000e-01 9.76562500000000e-04 9.76562500000000e-04  1.473936e+00  8.480905e-01  7.063209e-02  3.646026e-01  4.441275e+00  1.491904e+00  5.641896e-01  1.412231e+00  4.376950e-01  1.252142e+00  1.932235e+00
       5408          0          0 6.61132812500000e-01 9.76562500000000e-04 9.76562500000000e-04  1.473922e+00  8.480852e-01  7.057872e-02  3.645879e-01  4.441252e+00  1.491884e+00  5.641896e-01  1.412259e+00  4.377010e-01  1.252183e+00  1.932197e+00
       5424          0          0 6.63085937500000e-01 9.76562500000000e-04 9.76562500000000e-04  1.473821e+00  8.480451e-01  7.040785e-02  3.645426e-01  4.441012e+00  1.491787e+00  5.641896e-01  1.412332e+00  4.377002e-01  1.252287e+00  1.931983e+00
       5440          0          0 6.65039062500000e-01 9.76562500000000e-04 9.76562500000000e-04  1.473657e+00  8.479065e-01  7.013949e-02  3.644686e-01  4.440726e+00  1.491666e+00  5.641896e-01  1.412499e+00  4.377106e-01  1.252528e+00  1.931684e+00
       5456          0          0 6.66992187500000e-01 9.76562500000000e-04 9.76562500000000e-04  1.473538e+00  8.477477e-01  6.994110e-02  3.643924e-01  4.440582e+00  1.491602e+00  5.641896e-01  1.412655e+00  4.377414e-01  1.252761e+00  1.931497e+00
       5472          0          0 6.68945312500000e-01 9.76562500000000e-04 9.76562500000000e-04  1.473450e+00  8.476703e-01  6.987116e-02  3.643515e-01  4.440574e+00  1.491622e+00  5.641896e-01  1.412726e+00  4.377626e-01  1.252871e+00  1.931445e+00
       5488          0          0 6.70898437500000e-01 9.76562500000000e-04 9.76562500000000e-04  1.473358e+00  8.476505e-01  6.982104e-02  3.643159e-01  4.440517e+00  1.491642e+00  5.641896e-01  1.412744e+00  4.377728e-01  1.252900e+00  1.931391e+00
       5504          0          0 6.72851562500000e-01 9.76562500000000e-04 9.76562500000000e-04  1.473156e+00  8.476298e-01  6.969332e-02  3.642320e-01  4.440303e+00  1.491647e+00  5.641896e-01  1.412768e+00  4.377829e-01  1.252939e+00  1.931221e+00
       5520          0          0 6.74804687500000e-01 9.76562500000000e-04 9.76562500000000e-04  1.472689e+00  8.472916e-01  6.907455e-02  3.639372e-01  4.439650e+00  1.491454e+00  5.641896e-01  1.413117e+00  4.378889e-01  1.253478e+00  1.930563e+00
       5536          0          0 6.76757812500000e-01 9.76562500000000e-04 9.76562500000000e-04  1.470508e+00  8.452041e-01  6.447382e-02  3.620666e-01  4.435845e+00  1.489406e+00  5.641896e-01  1.416015e+00  4.387335e-01  1.257948e+00  1.926008e+00
       5552          0          0 6.78710937500000e-01 9.76562500000000e-04 9.76562500000000e-04  1.453860e+00  8.301039e-01  2.941375e-02  3.477800e-01  4.404937e+00  1.472578e+00  5.641896e-01  1.437446e+00  4.449978e-01  1.291292e+00  1.889847e+00
       5568          0          0 6.80664062500000e-01 9.76562500000000e-04 9.76562500000000e-04  1.397433e+00  7.780671e-01 -8.256678e-02  2.988018e-01  4.310311e+00  1.415789e+00  5.641896e-01  1.507535e+00  4.676909e-01  1.404854e+00  1.769644e+00
       5584          0          0 6.82617187500000e-01 9.76562500000000e-04 9.76562500000000e-04  1.339118e+00  7.258661e-01 -1.888517e-01  2.500245e-01  4.224597e+00  1.355449e+00  5.641896e-01  1.575740e+00  4.908052e-01  1.521078e+00  1.646756e+00
       5600          0          0 6.84570312500000e-01 9.76562500000000e-04 9.76562500000000e-04  1.314794e+00  7.045864e-01 -2.305996e-01  2.316354e-01  4.192867e+00  1.330145e+00  5.641896e-01  1.603209e+00  4.991581e-01  1.568874e+00  1.596384e+00
       5616          0          0 6.86523437500000e-01 9.76562500000000e-04 9.76562500000000e-04  1.309863e+00  7.001586e-01 -2.391048e-01  2.295189e-01  4.186832e+00  1.325113e+00  5.641896e-01  1.608928e+00  4.994852e-01  1.578223e+00  1.586367e+00
       7936          0          0 9.69726562500000e-01 9.76562500000000e-04 9.76562500000000e-04  1.000000e+00  1.606207e-07 -3.680756e-07 -2.011186e-07  2.454929e+00  9.999993e-01  5.641896e-01  1.128379e+00  5.641896e-01  9.549296e-01  9.999997e-01
       7952          0          0 9.71679687500000e-01 9.76562500000000e-04 9.76562500000000e-04  9.999998e-01  2.660577e-07 -3.980333e-08 -9.459239e-08  2.454929e+00  1.000000e+00  5.641896e-01  1.128379e+00  5.641896e-01  9.549294e-01  1.000000e+00
       7968          0          0 9.73632812500000e-01 9.76562500000000e-04 9.76562500000000e-04  9.999997e-01  2.184429e-07  1.154848e-07  6.240472e-08  2.454929e+00  9.999999e-01  5.641896e-01  1.128379e+00  5.641897e-01  9.549296e-01  9.999997e-01
       7984          0          0 9.75585937500000e-01 9.76562500000000e-04 9.76562500000000e-04  9.999999e-01  2.511533e-07 -1.710309e-07  2.836822e-08  2.454929e+00  9.999995e-01  5.641896e-01  1.128379e+00  5.641896e-01  9.549299e-01  9.999995e-01
       8000          0          0 9.77539062500000e-01 9.76562500000000e-04 9.76562500000000e-04  9.999998e-01  2.119504e-07 -2.455573e-07  6.414606e-08  2.454929e+00  9.999998e-01  5.641896e-01  1.128379e+00  5.641895e-01  9.549297e-01  9.999998e-01
       8016          0          0 9.79492187500000e-01 9.76562500000000e-04 9.76562500000000e-04  9.999999e-01  3.742157e-07 -4.735210e-08  6.256125e-08  2.454929e+00  9.999993e-01  5.641896e-01  1.128379e+00  5.641897e-01  9.549298e-01  9.999994e-01
       8032          0          0 9.81445312500000e-01 9.76562500000000e-04 9.76562500000000e-04  9.999997e-01  2.472380e-07 -6.909486e-08 -9.910809e-08  2.454929e+00  9.999995e-01  5.641896e-01  1.128379e+00  5.641894e-01  9.549297e-01  9.999993e-01
       8048          0          0 9.83398437500000e-01 9.76562500000000e-04 9.76562500000000e-04  9.999996e-01  2.554155e-07 -2.547407e-07 -1.010003e-07  2.454929e+00  1.000000e+00  5.641896e-01  1.128379e+00  5.641894e-01  9.549294e-01  9.999997e-01
       8064          0          0 9.85351562500000e-01 9.76562500000000e-04 9.76562500000000e-04  9.999998e-01  1.691602e-07 -7.153973e-07 -2.849824e-07  2.454928e+00  9.999989e-01  5.641896e-01  1.128379e+00  5.641896e-01  9.549298e-01  9.999989e-01
       8080          0          0 9.87304687500000e-01 9.76562500000000e-04 9.76562500000000e-04  9.999987e-01  1.569808e-07 -7.752924e-07 -3.407020e-07  2.454929e+00  1.000000e+00  5.641896e-01  1.128379e+00  5.641896e-01  9.549295e-01  9.999996e-01
       8096          0          0 9.89257812500000e-01 9.76562500000000e-04 9.76562500000000e-04  9.999993e-01  2.842966e-07 -1.664471e-07 -1.515262e-07  2.454929e+00  9.999995e-01  5.641896e-01  1.128379e+00  5.641896e-01  9.549300e-01  9.999990e-01
       8112          0          0 9.91210937500000e-01 9.76562500000000e-04 9.76562500000000e-04  9.999995e-01  2.064377e-07  6.549037e-08 -2.376708e-08  2.454929e+00  9.999996e-01  5.641896e-01  1.128379e+00  5.641896e-01  9.549298e-01  9.999994e-01
       8128          0          0 9.93164062500000e-01 9.76562500000000e-04 9.76562500000000e-04  9.999998e-01  3.256197e-07  1.668552e-07  4.530235e-08  2.454929e+00  9.999994e-01  5.641896e-01  1.128379e+00  5.641895e-01  9.549298e-01  9.999994e-01
       8144          0          0 9.95117187500000e-01 9.76562500000000e-04 9.76562500000000e-04  9.999996e-01  4.702906e-07  3.547190e-07  1.114178e-07  2.454929e+00  9.999998e-01  5.641896e-01  1.128379e+00  5.641895e-01  9.549297e-01  9.999996e-01
       8160          0          0 9.97070312500000e-01 9.76562500000000e-04 9.76562500000000e-04  9.999996e-01  4.909082e-07  2.391037e-07  9.484546e-08  2.454929e+00  9.999995e-01  5.641896e-01  1.128379e+00  5.641896e-01  9.549297e-01  9.999993e-01
       8176          0          0 9.99023437500000e-01 9.76562500000000e-04 9.76562500000000e-04  9.999996e-01  4.745532e-07  1.731621e-07 -1.535464e-08  2.454928e+00  9.999995e-01  5.641896e-01  1.128379e+00  5.641896e-01  9.549296e-01  9.999992e-01
       7424          0          0 9.07226562500000e-01 9.76562500000000e-04 9.76562500000000e-04  1.309016e+00  6.993948e-01 -1.238281e-01 -6.191418e-02  4.150922e+00  1.324013e+00  5.641896e-01  1.507876e+00  7.539382e-01  1.580212e+00  1.584366e+00
       7440          0          0 9.09179687500000e-01 9.76562500000000e-04 9.76562500000000e-04  1.309062e+00  6.993905e-01 -1.238387e-01 -6.191982e-02  4.151010e+00  1.324044e+00  5.641896e-01  1.507869e+00  7.539343e-01  1.580197e+00  1.584440e+00
       7456          0          0 9.11132812500000e-01 9.76562500000000e-04 9.76562500000000e-04  1.309061e+00  6.993826e-01 -1.238373e-01 -6.191909e-02  4.151074e+00  1.324098e+00  5.641896e-01  1.507854e+00  7.539270e-01  1.580170e+00  1.584504e+00
       7472          0          0 9.13085937500000e-01 9.76562500000000e-04 9.76562500000000e-04  1.309026e+00  6.993528e-01 -1.237986e-01 -6.189935e-02  4.151112e+00  1.324111e+00  5.641896e-01  1.507892e+00  7.539461e-01  1.580241e+00  1.584491e+00
       7488          0          0 9.15039062500000e-01 9.76562500000000e-04 9.76562500000000e-04  1.308897e+00  6.993372e-01 -1.237535e-01 -6.187680e-02  4.151030e+00  1.324114e+00  5.641896e-01  1.507926e+00  7.539629e-01  1.580305e+00  1.584391e+00
       7504          0          0 9.16992187500000e-01 9.76562500000000e-04 9.76562500000000e-04  1.308813e+00  6.994301e-01 -1.237592e-01 -6.187948e-02  4.150785e+00  1.324050e+00  5.641896e-01  1.507877e+00  7.539389e-01  1.580214e+00  1.584247e+00
       7520          0          0 9.18945312500000e-01 9.76562500000000e-04 9.76562500000000e-04  1.308800e+00  6.995099e-01 -1.237866e-01 -6.189326e-02  4.150673e+00  1.324013e+00  5.641896e-01  1.507836e+00  7.539178e-01  1.580135e+00  1.584192e+00
       7536          0          0 9.20898437500000e-01 9.76562500000000e-04 9.76562500000000e-04  1.308915e+00  6.994763e-01 -1.237832e-01 -6.189144e-02  4.150862e+00  1.324034e+00  5.641896e-01  1.507861e+00  7.539305e-01  1.580184e+00  1.584310e+00
       7552          0          0 9.22851562500000e-01 9.76562500000000e-04 9.76562500000000e-04  1.309118e+00  6.994430e-01 -1.237730e-01 -6.188645e-02  4.151078e+00  1.324020e+00  5.641896e-01  1.507885e+00  7.539423e-01  1.580228e+00  1.584457e+00
       7568          0          0 9.24804687500000e-01 9.76562500000000e-04 9.76562500000000e-04  1.309083e+00  6.994306e-01 -1.237784e-01 -6.188903e-02  4.150840e+00  1.323979e+00  5.641896e-01  1.507820e+00  7.539103e-01  1.580107e+00  1.584380e+00
       7584          0          0 9.26757812500000e-01 9.76562500000000e-04 9.76562500000000e-04  1.308989e+00  6.993655e-01 -1.237793e-01 -6.188953e-02  4.150422e+00  1.323919e+00  5.641896e-01  1.507727e+00  7.538636e-01  1.579931e+00  1.584232e+00
       7600          0          0 9.28710937500000e-01 9.76562500000000e-04 9.76562500000000e-04  1.308861e+00  6.992093e-01 -1.237718e-01 -6.188577e-02  4.150269e+00  1.323925e+00  5.641896e-01  1.507757e+00  7.538785e-01  1.579987e+00  1.584136e+00
       7616          0          0 9.30664062500000e-01 9.76562500000000e-04 9.76562500000000e-04  1.308832e+00  6.991274e-01 -1.238576e-01 -6.192859e-02  4.150177e+00  1.323952e+00  5.641896e-01  1.507717e+00  7.538584e-01  1.579911e+00  1.584144e+00
       7632          0          0 9.32617187500000e-01 9.76562500000000e-04 9.76562500000000e-04  1.308756e+00  6.991256e-01 -1.238433e-01 -6.192157e-02  4.150084e+00  1.323969e+00  5.641896e-01  1.507695e+00  7.538477e-01  1.579871e+00  1.584104e+00
       7648          0          0 9.34570312500000e-01 9.76562500000000e-04 9.76562500000000e-04  1.308772e+00  6.991507e-01 -1.237826e-01 -6.189143e-02  4.150331e+00  1.324028e+00  5.641896e-01  1.507757e+00  7.538787e-01  1.579988e+00  1.584188e+00
       7664          0          0 9.36523437500000e-01 9.76562500000000e-04 9.76562500000000e-04  1.308825e+00  6.993411e-01 -1.237043e-01 -6.185222e-02  4.150662e+00  1.324067e+00  5.641896e-01  1.507818e+00  7.539089e-01  1.580101e+00  1.584276e+00
       2048          0          0 2.50976562500000e-01 9.76562500000000e-04 9.76562500000000e-04  1.080000e+00  1.296000e+00  1.079981e-02  5.399998e-01  3.171626e+00  9.024878e-01  5.641896e-01  1.015541e+00  5.641893e-01  8.339713e-01  9.500006e-01
       2064          0          0 2.52929687500000e-01 9.76562500000000e-04 9.76562500000000e-04  1.080000e+00  1.296000e+00  1.079980e-02  5.399998e-01  3.171625e+00  9.024872e-01  5.641896e-01  1.015541e+00  5.641894e-01  8.339711e-01  9.499999e-01
       2080          0          0 2.54882812500000e-01 9.76562500000000e-04 9.76562500000000e-04  1.080000e+00  1.296000e+00  1.079981e-02  5.399998e-01  3.171625e+00  9.024873e-01  5.641896e-01  1.015541e+00  5.641893e-01  8.339712e-01  9.500002e-01
       2096          0          0 2.56835937500000e-01 9.76562500000000e-04 9.76562500000000e-04  1.080000e+00  1.296000e+00  1.079976e-02  5.399997e-01  3.171626e+00  9.024880e-01  5.641896e-01  1.015541e+00  5.641892e-01  8.339711e-01  9.500009e-01
       2112          0          0 2.58789062500000e-01 9.76562500000000e-04 9.76562500000000e-04  1.080000e+00  1.296000e+00  1.079967e-02  5.399995e-01  3.171625e+00  9.024878e-01  5.641896e-01  1.015540e+00  5.641890e-01  8.339707e-01  9.500004e-01
       2128          0          0 2.60742187500000e-01 9.76562500000000e-04 9.76562500000000e-04  1.079999e+00  1.296000e+00  1.079959e-02  5.399995e-01  3.171625e+00  9.024874e-01  5.641896e-01  1.015540e+00  5.641891e-01  8.339707e-01  9.499998e-01
       2144          0          0 2.62695312500000e-01 9.76562500000000e-04 9.76562500000000e-04  1.080000e+00  1.296000e+00  1.079966e-02  5.399997e-01  3.171626e+00  9.024878e-01  5.641896e-01  1.015541e+00  5.641894e-01  8.339713e-01  9.500005e-01
       2160          0          0 2.64648437500000e-01 9.76562500000000e-04 9.76562500000000e-04  1.080000e+00  1.296000e+00  1.079992e-02  5.400000e-01  3.171626e+00  9.024879e-01  5.641896e-01  1.015541e+00  5.641896e-01  8.339716e-01  9.500007e-01
       2176          0          0 2.66601562500000e-01 9.76562500000000e-04 9.76562500000000e-04  1.080000e+00  1.296000e+00  1.079995e-02  5.399998e-01  3.171627e+00  9.024882e-01  5.641896e-01  1.015541e+00  5.641895e-01  8.339717e-01  9.500009e-01
       2192          0          0 2.68554687500000e-01 9.76562500000000e-04 9.76562500000000e-04  1.080000e+00  1.296000e+00  1.079993e-02  5.399997e-01  3.171626e+00  9.024877e-01  5.641896e-01  1.015541e+00  5.641894e-01  8.339716e-01  9.500007e-01
       2208          0          0 2.70507812500000e-01 9.76562500000000e-04 9.76562500000000e-04  1.080000e+00  1.296000e+00  1.079989e-02  5.399996e-01  3.171626e+00  9.024879e-01  5.641896e-01  1.015541e+00  5.641893e-01  8.339713e-01  9.500006e-01
       2224          0          0 2.72460937500000e-01 9.76562500000000e-04 9.76562500000000e-04  1.080000e+00  1.296000e+00  1.079993e-02  5.399996e-01  3.171626e+00  9.024876e-01  5.641896e-01  1.015541e+00  5.641893e-01  8.339712e-01  9.500003e-01
       2240          0          0 2.74414062500000e-01 9.76562500000000e-04 9.76562500000000e-04  1.080000e+00  1.296000e+00  1.079987e-02  5.399997e-01  3.171626e+00  9.024879e-01  5.641896e-01  1.015541e+00  5.641895e-01  8.339716e-01  9.500008e-01
       2256          0          0 2.76367187500000e-01 9.76562500000000e-04 9.76562500000000e-04  1.080000e+00  1.296000e+00  1.079980e-02  5.399997e-01  3.171626e+00  9.024878e-01  5.641896e-01  1.015541e+00  5.641895e-01  8.339716e-01  9.500005e-01
       2272          0          0 2.78320312500000e-01 9.76562500000000e-04 9.76562500000000e-04  1.080000e+00  1.296000e+00  1.079991e-02  5.399997e-01  3.171626e+00  9.024876e-01  5.641896e-01  1.015541e+00  5.641895e-01  8.339716e-01  9.500002e-01
       2288          0          0 2.80273437500000e-01 9.76562500000000e-04 9.76562500000000e-04  1.080000e+00  1.296000e+00  1.080028e-02  5.400000e-01  3.171627e+00  9.024879e-01  5.641896e-01  1.015541e+00  5.641896e-01  8.339720e-01  9.500006e-01
