#         i          j          k                    x                    y                    z          Dens          MomX          MomY          MomZ          Engy       Entropy          MagX          MagY          MagZ       MagEngy      Pressure
          0          0          0 3.90625000000000e-03 3.90625000000000e-03 3.90625000000000e-03  1.080000e+00  1.296000e+00  1.080000e-02  5.400000e-01  3.171626e+00  9.024873e-01  5.641896e-01  1.015541e+00  5.641896e-01  8.339719e-01  9.500000e-01
        512          0          0 1.17187500000000e-02 3.90625000000000e-03 3.90625000000000e-03  1.080000e+00  1.296000e+00  1.080000e-02  5.400000e-01  3.171626e+00  9.024873e-01  5.641896e-01  1.015541e+00  5.641896e-01  8.339719e-01  9.500000e-01
       1024          0          0 1.95312500000000e-02 3.90625000000000e-03 3.90625000000000e-03  1.080000e+00  1.296000e+00  1.080000e-02  5.400000e-01  3.171626e+00  9.024873e-01  5.641896e-01  1.015541e+00  5.641896e-01  8.339719e-01  9.500000e-01
       1536          0          0 2.73437500000000e-02 3.90625000000000e-03 3.90625000000000e-03  1.080000e+00  1.296000e+00  1.080000e-02  5.400000e-01  3.171626e+00  9.024873e-01  5.641896e-01  1.015541e+00  5.641896e-01  8.339719e-01  9.500000e-01
       2048          0          0 3.51562500000000e-02 3.90625000000000e-03 3.90625000000000e-03  1.080000e+00  1.296000e+00  1.080000e-02  5.400000e-01  3.171626e+00  9.024873e-01  5.641896e-01  1.015541e+00  5.641896e-01  8.339719e-01  9.500000e-01
       2560          0          0 4.29687500000000e-02 3.90625000000000e-03 3.90625000000000e-03  1.080000e+00  1.296000e+00  1.080000e-02  5.400000e-01  3.171626e+00  9.024873e-01  5.641896e-01  1.015541e+00  5.641896e-01  8.339719e-01  9.500000e-01
       3072          0          0 5.07812500000000e-02 3.90625000000000e-03 3.90625000000000e-03  1.080000e+00  1.296000e+00  1.080000e-02  5.400000e-01  3.171626e+00  9.024873e-01  5.641896e-01  1.015541e+00  5.641896e-01  8.339719e-01  9.500000e-01
       3584          0          0 5.85937500000000e-02 3.90625000000000e-03 3.90625000000000e-03  1.080000e+00  1.296000e+00  1.080000e-02  5.400000e-01  3.171626e+00  9.024873e-01  5.641896e-01  1.015541e+00  5.641896e-01  8.339719e-01  9.500000e-01
       4096          0          0 6.64062500000000e-02 3.90625000000000e-03 3.90625000000000e-03  1.080000e+00  1.296000e+00  1.080000e-02  5.400000e-01  3.171626e+00  9.024873e-01  5.641896e-01  1.015541e+00  5.641896e-01  8.339719e-01  9.500000e-01
       4608          0          0 7.42187500000000e-02 3.90625000000000e-03 3.90625000000000e-03  1.080000e+00  1.296000e+00  1.080000e-02  5.400000e-01  3.171626e+00  9.024873e-01  5.641896e-01  1.015541e+00  5.641896e-01  8.339719e-01  9.500000e-01
       5120          0          0 8.20312500000000e-02 3.90625000000000e-03 3.90625000000000e-03  1.080000e+00  1.296000e+00  1.080000e-02  5.400000e-01  3.171626e+00  9.024873e-01  5.641896e-01  1.015541e+00  5.641896e-01  8.339719e-01  9.500000e-01
       5632          0          0 8.98437500000000e-02 3.90625000000000e-03 3.90625000000000e-03  1.080000e+00  1.296000e+00  1.080000e-02  5.400000e-01  3.171626e+00  9.024873e-01  5.641896e-01  1.015541e+00  5.641896e-01  8.339719e-01  9.500000e-01
       6144          0          0 9.76562500000000e-02 3.90625000000000e-03 3.90625000000000e-03  1.080000e+00  1.296000e+00  1.080000e-02  5.400000e-01  3.171626e+00  9.024873e-01  5.641896e-01  1.015541e+00  5.641896e-01  8.339719e-01  9.500000e-01
       6656          0          0 1.05468750000000e-01 3.90625000000000e-03 3.90625000000000e-03  1.080000e+00  1.296000e+00  1.080000e-02  5.400000e-01  3.171626e+00  9.024873e-01  5.641896e-01  1.015541e+00  5.641896e-01  8.339719e-01  9.500000e-01
       7168          0          0 1.13281250000000e-01 3.90625000000000e-03 3.90625000000000e-03  1.080000e+00  1.296000e+00  1.080000e-02  5.400000e-01  3.171626e+00  9.024873e-01  5.641896e-01  1.015541e+00  5.641896e-01  8.339719e-01  9.500000e-01
       7680          0          0 1.21093750000000e-01 3.90625000000000e-03 3.90625000000000e-03  1.080000e+00  1.296000e+00  1.080000e-02  5.400000e-01  3.171626e+00  9.024873e-01  5.641896e-01  1.015541e+00  5.641896e-01  8.339719e-01  9.500000e-01
       8192          0          0 1.28906250000000e-01 3.90625000000000e-03 3.90625000000000e-03  1.080000e+00  1.296000e+00  1.080000e-02  5.400000e-01  3.171626e+00  9.024873e-01  5.641896e-01  1.015541e+00  5.641896e-01  8.339719e-01  9.500000e-01
       8704          0          0 1.36718750000000e-01 3.90625000000000e-03 3.90625000000000e-03  1.080000e+00  1.296000e+00  1.080000e-02  5.400000e-01  3.171626e+00  9.024873e-01  5.641896e-01  1.015541e+00  5.641896e-01  8.339719e-01  9.500000e-01
       9216          0          0 1.44531250000000e-01 3.90625000000000e-03 3.90625000000000e-03  1.080000e+00  1.296000e+00  1.080000e-02  5.400000e-01  3.171626e+00  9.024873e-01  5.641896e-01  1.015541e+00  5.641896e-01  8.339719e-01  9.500000e-01
       9728          0          0 1.52343750000000e-01 3.90625000000000e-03 3.90625000000000e-03  1.080000e+00  1.296000e+00  1.080000e-02  5.400000e-01  3.171626e+00  9.024873e-01  5.641896e-01  1.015541e+00  5.641896e-01  8.339719e-01  9.500000e-01
      10240          0          0 1.60156250000000e-01 3.90625000000000e-03 3.90625000000000e-03  1.080000e+00  1.296000e+00  1.080000e-02  5.400000e-01  3.171626e+00  9.024873e-01  5.641896e-01  1.015541e+00  5.641896e-01  8.339719e-01  9.500000e-01
      10752          0          0 1.67968750000000e-01 3.90625000000000e-03 3.90625000000000e-03  1.080000e+00  1.296000e+00  1.080000e-02  5.400000e-01  3.171626e+00  9.024873e-01  5.641896e-01  1.015541e+00  5.641896e-01  8.339719e-01  9.500000e-01
      11264          0          0 1.75781250000000e-01 3.90625000000000e-03 3.90625000000000e-03  1.080000e+00  1.296000e+00  1.080000e-02  5.400000e-01  3.171626e+00  9.024873e-01  5.641896e-01  1.015541e+00  5.641896e-01  8.339719e-01  9.500000e-01
      11776          0          0 1.83593750000000e-01 3.90625000000000e-03 3.90625000000000e-03  1.080000e+00  1.296000e+00  1.080000e-02  5.400000e-01  3.171626e+00  9.024873e-01  5.641896e-01  1.015541e+00  5.641896e-01  8.339719e-01  9.500000e-01
      24576          0          0 3.78906250000000e-01 3.90625000000000e-03 3.90625000000000e-03  1.490419e+00  9.029335e-01  1.674587e-01  8.299622e-01  4.510784e+00  1.269115e+00  5.641896e-01  1.438375e+00  7.990971e-01  1.512894e+00  1.655923e+00
      25088          0          0 3.86718750000000e-01 3.90625000000000e-03 3.90625000000000e-03  1.490345e+00  9.030353e-01  1.674276e-01  8.299083e-01  4.510439e+00  1.269040e+00  5.641896e-01  1.438285e+00  7.990474e-01  1.512725e+00  1.655769e+00
      25600          0          0 3.94531250000000e-01 3.90625000000000e-03 3.90625000000000e-03  1.490264e+00  9.029854e-01  1.674310e-01  8.298700e-01  4.510252e+00  1.269008e+00  5.641896e-01  1.438280e+00  7.990445e-01  1.512716e+00  1.655667e+00
      26112          0          0 4.02343750000000e-01 3.90625000000000e-03 3.90625000000000e-03  1.490258e+00  9.029502e-01  1.674209e-01  8.298615e-01  4.510233e+00  1.269018e+00  5.641896e-01  1.438276e+00  7.990419e-01  1.512707e+00  1.655676e+00
      26624          0          0 4.10156250000000e-01 3.90625000000000e-03 3.90625000000000e-03  1.490276e+00  9.029613e-01  1.674397e-01  8.298810e-01  4.510265e+00  1.269015e+00  5.641896e-01  1.438278e+00  7.990434e-01  1.512711e+00  1.655686e+00
      27136          0          0 4.17968750000000e-01 3.90625000000000e-03 3.90625000000000e-03  1.490323e+00  9.030191e-01  1.674600e-01  8.299150e-01  4.510374e+00  1.269008e+00  5.641896e-01  1.438294e+00  7.990521e-01  1.512742e+00  1.655712e+00
      27648          0          0 4.25781250000000e-01 3.90625000000000e-03 3.90625000000000e-03  1.490361e+00  9.029801e-01  1.674574e-01  8.299325e-01  4.510551e+00  1.269058e+00  5.641896e-01  1.438329e+00  7.990715e-01  1.512807e+00  1.655805e+00
      28160          0          0 4.33593750000000e-01 3.90625000000000e-03 3.90625000000000e-03  1.490541e+00  9.027094e-01  1.675222e-01  8.300574e-01  4.511243e+00  1.269210e+00  5.641896e-01  1.438511e+00  7.991726e-01  1.513150e+00  1.656137e+00
      28672          0          0 4.41406250000000e-01 3.90625000000000e-03 3.90625000000000e-03  1.490761e+00  9.024448e-01  1.675892e-01  8.302032e-01  4.512008e+00  1.269359e+00  5.641896e-01  1.438711e+00  7.992839e-01  1.513527e+00  1.656494e+00
      29184          0          0 4.49218750000000e-01 3.90625000000000e-03 3.90625000000000e-03  1.490798e+00  9.024149e-01  1.675951e-01  8.302251e-01  4.512178e+00  1.269409e+00  5.641896e-01  1.438737e+00  7.992986e-01  1.513576e+00  1.656587e+00
      29696          0          0 4.57031250000000e-01 3.90625000000000e-03 3.90625000000000e-03  1.490723e+00  9.025003e-01  1.675635e-01  8.301702e-01  4.511908e+00  1.269358e+00  5.641896e-01  1.438668e+00  7.992600e-01  1.513445e+00  1.656464e+00
      30208          0          0 4.64843750000000e-01 3.90625000000000e-03 3.90625000000000e-03  1.490231e+00  9.031062e-01  1.673627e-01  8.298158e-01  4.509986e+00  1.268955e+00  5.641896e-01  1.438187e+00  7.989929e-01  1.512541e+00  1.655575e+00
      30720          0          0 4.72656250000000e-01 3.90625000000000e-03 3.90625000000000e-03  1.489796e+00  9.036296e-01  1.672166e-01  8.295177e-01  4.508340e+00  1.268601e+00  5.641896e-01  1.437785e+00  7.987712e-01  1.511786e+00  1.654791e+00
      31232          0          0 4.80468750000000e-01 3.90625000000000e-03 3.90625000000000e-03  1.489749e+00  9.036763e-01  1.672466e-01  8.295128e-01  4.508307e+00  1.268587e+00  5.641896e-01  1.437789e+00  7.987674e-01  1.511788e+00  1.654737e+00
      31744          0          0 4.88281250000000e-01 3.90625000000000e-03 3.90625000000000e-03  1.490146e+00  9.031680e-01  1.673759e-01  8.298153e-01  4.509881e+00  1.268928e+00  5.641896e-01  1.438166e+00  7.990002e-01  1.512516e+00  1.655476e+00
      32256          0          0 4.96093750000000e-01 3.90625000000000e-03 3.90625000000000e-03  1.491056e+00  9.020503e-01  1.676558e-01  8.302773e-01  4.513360e+00  1.269713e+00  5.641896e-01  1.439099e+00  7.993621e-01  1.514148e+00  1.657175e+00
      32768          0          0 5.03906250000000e-01 3.90625000000000e-03 3.90625000000000e-03  1.491480e+00  9.016605e-01  1.671461e-01  8.308958e-01  4.514332e+00  1.270055e+00  5.641896e-01  1.438802e+00  7.998048e-01  1.514074e+00  1.657936e+00
      33280          0          0 5.11718750000000e-01 3.90625000000000e-03 3.90625000000000e-03  1.491473e+00  9.019395e-01  1.666546e-01  8.311316e-01  4.514065e+00  1.270133e+00  5.641896e-01  1.438280e+00  7.999181e-01  1.513414e+00  1.658032e+00
      33792          0          0 5.19531250000000e-01 3.90625000000000e-03 3.90625000000000e-03  1.490281e+00  9.038958e-01  1.735598e-01  8.172614e-01  4.503300e+00  1.269043e+00  5.641896e-01  1.443102e+00  7.886287e-01  1.511395e+00  1.655726e+00
      34304          0          0 5.27343750000000e-01 3.90625000000000e-03 3.90625000000000e-03  1.485476e+00  9.024928e-01  2.473889e-01  6.765735e-01  4.434046e+00  1.265616e+00  5.641896e-01  1.501201e+00  6.748412e-01  1.513663e+00  1.647704e+00
      34816          0          0 5.35156250000000e-01 3.90625000000000e-03 3.90625000000000e-03  1.486785e+00  9.063573e-01  3.202287e-01  4.980046e-01  4.381956e+00  1.267039e+00  5.641896e-01  1.558889e+00  5.249636e-01  1.512016e+00  1.650525e+00
      35328          0          0 5.42968750000000e-01 3.90625000000000e-03 3.90625000000000e-03  1.502640e+00  9.019177e-01  3.144737e-01  4.465614e-01  4.384327e+00  1.280986e+00  5.641896e-01  1.560512e+00  4.833898e-01  1.493586e+00  1.680536e+00
      35840          0          0 5.50781250000000e-01 3.90625000000000e-03 3.90625000000000e-03  1.570595e+00  9.275125e-01  1.934854e-01  4.225938e-01  4.420736e+00  1.340381e+00  5.641896e-01  1.481716e+00  4.573333e-01  1.361474e+00  1.811081e+00
      36352          0          0 5.58593750000000e-01 3.90625000000000e-03 3.90625000000000e-03  1.621673e+00  9.368640e-01  9.690816e-02  4.066603e-01  4.464133e+00  1.385018e+00  5.641896e-01  1.425112e+00  4.413143e-01  1.272006e+00  1.911750e+00
      36864          0          0 5.66406250000000e-01 3.90625000000000e-03 3.90625000000000e-03  1.627547e+00  9.363692e-01  8.085609e-02  4.035439e-01  4.470949e+00  1.392532e+00  5.641896e-01  1.417081e+00  4.386318e-01  1.259414e+00  1.926760e+00
      37376          0          0 5.74218750000000e-01 3.90625000000000e-03 3.90625000000000e-03  1.628849e+00  9.360359e-01  7.971732e-02  4.033712e-01  4.469906e+00  1.392434e+00  5.641896e-01  1.415910e+00  4.382342e-01  1.257581e+00  1.927651e+00
      37888          0          0 5.82031250000000e-01 3.90625000000000e-03 3.90625000000000e-03  1.637208e+00  9.411693e-01  8.008561e-02  4.050706e-01  4.470438e+00  1.387974e+00  5.641896e-01  1.414725e+00  4.379506e-01  1.255779e+00  1.928046e+00
      38400          0          0 5.89843750000000e-01 3.90625000000000e-03 3.90625000000000e-03  1.642017e+00  9.450388e-01  8.020020e-02  4.059091e-01  4.470232e+00  1.385611e+00  5.641896e-01  1.413098e+00  4.376687e-01  1.253355e+00  1.928531e+00
      38912          0          0 5.97656250000000e-01 3.90625000000000e-03 3.90625000000000e-03  1.640805e+00  9.445612e-01  7.936215e-02  4.053191e-01  4.472393e+00  1.388013e+00  5.641896e-01  1.412252e+00  4.376466e-01  1.252150e+00  1.930923e+00
      39424          0          0 6.05468750000000e-01 3.90625000000000e-03 3.90625000000000e-03  1.613347e+00  9.290554e-01  7.705767e-02  3.984634e-01  4.470828e+00  1.405571e+00  5.641896e-01  1.412154e+00  4.377824e-01  1.252071e+00  1.933473e+00
      39936          0          0 6.13281250000000e-01 3.90625000000000e-03 3.90625000000000e-03  1.523602e+00  8.774130e-01  7.262870e-02  3.763284e-01  4.455004e+00  1.461034e+00  5.641896e-01  1.412337e+00  4.378596e-01  1.252363e+00  1.934527e+00
      40448          0          0 6.21093750000000e-01 3.90625000000000e-03 3.90625000000000e-03  1.481508e+00  8.532473e-01  7.063166e-02  3.662281e-01  4.446174e+00  1.488330e+00  5.641896e-01  1.412249e+00  4.378018e-01  1.252214e+00  1.934203e+00
      40960          0          0 6.28906250000000e-01 3.90625000000000e-03 3.90625000000000e-03  1.477663e+00  8.509321e-01  7.050113e-02  3.655065e-01  4.443404e+00  1.490085e+00  5.641896e-01  1.412063e+00  4.374778e-01  1.251809e+00  1.933132e+00
      41472          0          0 6.36718750000000e-01 3.90625000000000e-03 3.90625000000000e-03  1.478414e+00  8.508513e-01  7.024954e-02  3.658178e-01  4.441368e+00  1.488404e+00  5.641896e-01  1.412336e+00  4.374746e-01  1.252194e+00  1.931605e+00
      41984          0          0 6.44531250000000e-01 3.90625000000000e-03 3.90625000000000e-03  1.479368e+00  8.507015e-01  6.925651e-02  3.660516e-01  4.440197e+00  1.486637e+00  5.641896e-01  1.413236e+00  4.375101e-01  1.253480e+00  1.930142e+00
      42496          0          0 6.52343750000000e-01 3.90625000000000e-03 3.90625000000000e-03  1.478923e+00  8.502573e-01  6.848273e-02  3.658612e-01  4.439508e+00  1.486290e+00  5.641896e-01  1.413801e+00  4.375536e-01  1.254298e+00  1.929305e+00
      43008          0          0 6.60156250000000e-01 3.90625000000000e-03 3.90625000000000e-03  1.476255e+00  8.487446e-01  6.712195e-02  3.649165e-01  4.438088e+00  1.487126e+00  5.641896e-01  1.414514e+00  4.377106e-01  1.255376e+00  1.928067e+00
      43520          0          0 6.67968750000000e-01 3.90625000000000e-03 3.90625000000000e-03  1.466045e+00  8.419492e-01  6.009224e-02  3.608345e-01  4.431649e+00  1.489092e+00  5.641896e-01  1.418683e+00  4.386465e-01  1.261690e+00  1.921704e+00
      44032          0          0 6.75781250000000e-01 3.90625000000000e-03 3.90625000000000e-03  1.437977e+00  8.180215e-01  7.708748e-03  3.434862e-01  4.385880e+00  1.466464e+00  5.641896e-01  1.450546e+00  4.439843e-01  1.309758e+00  1.868269e+00
      44544          0          0 6.83593750000000e-01 3.90625000000000e-03 3.90625000000000e-03  1.369813e+00  7.536908e-01 -1.347772e-01  2.916906e-01  4.274608e+00  1.391148e+00  5.641896e-01  1.541730e+00  4.651251e-01  1.455791e+00  1.715856e+00
      45056          0          0 6.91406250000000e-01 3.90625000000000e-03 3.90625000000000e-03  1.321696e+00  7.128774e-01 -2.178763e-01  2.393562e-01  4.204461e+00  1.339363e+00  5.641896e-01  1.594645e+00  4.947246e-01  1.552977e+00  1.613068e+00
      45568          0          0 6.99218750000000e-01 3.90625000000000e-03 3.90625000000000e-03  1.306113e+00  6.950312e-01 -2.181816e-01  1.573268e-01  4.164296e+00  1.323557e+00  5.641896e-01  1.589123e+00  5.615038e-01  1.579454e+00  1.581478e+00
      46080          0          0 7.07031250000000e-01 3.90625000000000e-03 3.90625000000000e-03  1.305571e+00  6.963472e-01 -1.758637e-01  4.282914e-02  4.151173e+00  1.322783e+00  5.641896e-01  1.552222e+00  6.616567e-01  1.582747e+00  1.580116e+00
      46592          0          0 7.14843750000000e-01 3.90625000000000e-03 3.90625000000000e-03  1.307808e+00  6.986898e-01 -1.385991e-01 -3.531564e-02  4.150776e+00  1.323608e+00  5.641896e-01  1.520505e+00  7.305285e-01  1.581958e+00  1.582908e+00
      47104          0          0 7.22656250000000e-01 3.90625000000000e-03 3.90625000000000e-03  1.309003e+00  6.997978e-01 -1.258914e-01 -5.783860e-02  4.151943e+00  1.324355e+00  5.641896e-01  1.509761e+00  7.504167e-01  1.580407e+00  1.584765e+00
      47616          0          0 7.30468750000000e-01 3.90625000000000e-03 3.90625000000000e-03  1.309130e+00  6.996769e-01 -1.237201e-01 -6.123154e-02  4.151529e+00  1.324431e+00  5.641896e-01  1.507898e+00  7.534001e-01  1.579839e+00  1.584958e+00
      48128          0          0 7.38281250000000e-01 3.90625000000000e-03 3.90625000000000e-03  1.309064e+00  6.994851e-01 -1.234272e-01 -6.168517e-02  4.151003e+00  1.324344e+00  5.641896e-01  1.507587e+00  7.537684e-01  1.579648e+00  1.584801e+00
      48640          0          0 7.46093750000000e-01 3.90625000000000e-03 3.90625000000000e-03  1.309047e+00  6.994873e-01 -1.234341e-01 -6.175924e-02  4.150959e+00  1.324320e+00  5.641896e-01  1.507569e+00  7.538214e-01  1.579660e+00  1.584758e+00
      49152          0          0 7.53906250000000e-01 3.90625000000000e-03 3.90625000000000e-03  1.309067e+00  6.996230e-01 -1.235584e-01 -6.180936e-02  4.151362e+00  1.324334e+00  5.641896e-01  1.507716e+00  7.538846e-01  1.579930e+00  1.584791e+00
      49664          0          0 7.61718750000000e-01 3.90625000000000e-03 3.90625000000000e-03  1.309088e+00  6.997529e-01 -1.236953e-01 -6.185253e-02  4.151732e+00  1.324327e+00  5.641896e-01  1.507871e+00  7.539399e-01  1.580205e+00  1.584800e+00
      50176          0          0 7.69531250000000e-01 3.90625000000000e-03 3.90625000000000e-03  1.309061e+00  6.996510e-01 -1.237445e-01 -6.186946e-02  4.151599e+00  1.324258e+00  5.641896e-01  1.507910e+00  7.539523e-01  1.580273e+00  1.584696e+00
      50688          0          0 7.77343750000000e-01 3.90625000000000e-03 3.90625000000000e-03  1.308853e+00  6.991468e-01 -1.236829e-01 -6.183859e-02  4.150316e+00  1.324042e+00  5.641896e-01  1.507700e+00  7.538472e-01  1.579878e+00  1.584269e+00
      51200          0          0 7.85156250000000e-01 3.90625000000000e-03 3.90625000000000e-03  1.308708e+00  6.987876e-01 -1.236294e-01 -6.181376e-02  4.149360e+00  1.323892e+00  5.641896e-01  1.507521e+00  7.537597e-01  1.579542e+00  1.583973e+00
      51712          0          0 7.92968750000000e-01 3.90625000000000e-03 3.90625000000000e-03  1.308703e+00  6.988263e-01 -1.236356e-01 -6.181737e-02  4.149342e+00  1.323873e+00  5.641896e-01  1.507521e+00  7.537608e-01  1.579542e+00  1.583946e+00
      52224          0          0 8.00781250000000e-01 3.90625000000000e-03 3.90625000000000e-03  1.308935e+00  6.993612e-01 -1.237442e-01 -6.187245e-02  4.150756e+00  1.324077e+00  5.641896e-01  1.507788e+00  7.538940e-01  1.580045e+00  1.584377e+00
      52736          0          0 8.08593750000000e-01 3.90625000000000e-03 3.90625000000000e-03  1.309255e+00  7.001481e-01 -1.238764e-01 -6.193815e-02  4.152793e+00  1.324375e+00  5.641896e-01  1.508173e+00  7.540864e-01  1.580771e+00  1.584992e+00
      53248          0          0 8.16406250000000e-01 3.90625000000000e-03 3.90625000000000e-03  1.309295e+00  7.002500e-01 -1.238793e-01 -6.193948e-02  4.153065e+00  1.324401e+00  5.641896e-01  1.508240e+00  7.541202e-01  1.580898e+00  1.585056e+00
      53760          0          0 8.24218750000000e-01 3.90625000000000e-03 3.90625000000000e-03  1.309223e+00  7.001322e-01 -1.239014e-01 -6.195085e-02  4.152631e+00  1.324342e+00  5.641896e-01  1.508139e+00  7.540694e-01  1.580707e+00  1.584928e+00
      54272          0          0 8.32031250000000e-01 3.90625000000000e-03 3.90625000000000e-03  1.309032e+00  6.996124e-01 -1.238206e-01 -6.191037e-02  4.151345e+00  1.324128e+00  5.641896e-01  1.507921e+00  7.539603e-01  1.580296e+00  1.584517e+00
      54784          0          0 8.39843750000000e-01 3.90625000000000e-03 3.90625000000000e-03  1.308943e+00  6.993749e-01 -1.237617e-01 -6.188080e-02  4.150800e+00  1.324039e+00  5.641896e-01  1.507838e+00  7.539190e-01  1.580140e+00  1.584338e+00
      55296          0          0 8.47656250000000e-01 3.90625000000000e-03 3.90625000000000e-03  1.308944e+00  6.993567e-01 -1.237921e-01 -6.189604e-02  4.150862e+00  1.324078e+00  5.641896e-01  1.507837e+00  7.539183e-01  1.580137e+00  1.584385e+00
      55808          0          0 8.55468750000000e-01 3.90625000000000e-03 3.90625000000000e-03  1.309017e+00  6.995203e-01 -1.238268e-01 -6.191357e-02  4.151153e+00  1.324091e+00  5.641896e-01  1.507888e+00  7.539443e-01  1.580235e+00  1.584460e+00
      56320          0          0 8.63281250000000e-01 3.90625000000000e-03 3.90625000000000e-03  1.309031e+00  6.996323e-01 -1.238452e-01 -6.192266e-02  4.151436e+00  1.324156e+00  5.641896e-01  1.507936e+00  7.539682e-01  1.580325e+00  1.584549e+00
      56832          0          0 8.71093750000000e-01 3.90625000000000e-03 3.90625000000000e-03  1.309030e+00  6.996059e-01 -1.238494e-01 -6.192478e-02  4.151466e+00  1.324182e+00  5.641896e-01  1.507935e+00  7.539672e-01  1.580322e+00  1.584580e+00
      22528          0          0 3.45703125000000e-01 1.95312500000000e-03 1.95312500000000e-03  1.490677e+00  9.026392e-01  1.675534e-01  8.301418e-01  4.511868e+00  1.269348e+00  5.641896e-01  1.438639e+00  7.992443e-01  1.513392e+00  1.656417e+00
      22784          0          0 3.49609375000000e-01 1.95312500000000e-03 1.95312500000000e-03  1.490427e+00  9.030408e-01  1.674565e-01  8.299646e-01  4.510795e+00  1.269098e+00  5.641896e-01  1.438361e+00  7.990894e-01  1.512868e+00  1.655905e+00
      23040          0          0 3.53515625000000e-01 1.95312500000000e-03 1.95312500000000e-03  1.490150e+00  9.031970e-01  1.673720e-01  8.297808e-01  4.509748e+00  1.268893e+00  5.641896e-01  1.438138e+00  7.989658e-01  1.512449e+00  1.655434e+00
      23296          0          0 3.57421875000000e-01 1.95312500000000e-03 1.95312500000000e-03  1.490118e+00  9.032271e-01  1.673348e-01  8.297443e-01  4.509650e+00  1.268881e+00  5.641896e-01  1.438115e+00  7.989531e-01  1.512406e+00  1.655394e+00
      23552          0          0 3.61328125000000e-01 1.95312500000000e-03 1.95312500000000e-03  1.490153e+00  9.032159e-01  1.673440e-01  8.297665e-01  4.509728e+00  1.268892e+00  5.641896e-01  1.438128e+00  7.989601e-01  1.512430e+00  1.655434e+00
      23808          0          0 3.65234375000000e-01 1.95312500000000e-03 1.95312500000000e-03  1.490283e+00  9.030488e-01  1.674112e-01  8.298683e-01  4.510210e+00  1.268990e+00  5.641896e-01  1.438249e+00  7.990274e-01  1.512657e+00  1.655658e+00
      24064          0          0 3.69140625000000e-01 1.95312500000000e-03 1.95312500000000e-03  1.490369e+00  9.028660e-01  1.674605e-01  8.299382e-01  4.510628e+00  1.269092e+00  5.641896e-01  1.438365e+00  7.990922e-01  1.512877e+00  1.655855e+00
      24320          0          0 3.73046875000000e-01 1.95312500000000e-03 1.95312500000000e-03  1.490379e+00  9.028683e-01  1.674571e-01  8.299413e-01  4.510778e+00  1.269132e+00  5.641896e-01  1.438397e+00  7.991098e-01  1.512936e+00  1.655915e+00
      16384          0          0 2.51953125000000e-01 1.95312500000000e-03 1.95312500000000e-03  1.080000e+00  1.296000e+00  1.080004e-02  5.400000e-01  3.171626e+00  9.024872e-01  5.641896e-01  1.015541e+00  5.641896e-01  8.339719e-01  9.499999e-01
      16640          0          0 2.55859375000000e-01 1.95312500000000e-03 1.95312500000000e-03  1.080000e+00  1.296000e+00  1.080003e-02  5.400000e-01  3.171626e+00  9.024872e-01  5.641896e-01  1.015541e+00  5.641896e-01  8.339719e-01  9.499999e-01
      16896          0          0 2.59765625000000e-01 1.95312500000000e-03 1.95312500000000e-03  1.080000e+00  1.296000e+00  1.080003e-02  5.400000e-01  3.171626e+00  9.024872e-01  5.641896e-01  1.015541e+00  5.641896e-01  8.339719e-01  9.499999e-01
      17152          0          0 2.63671875000000e-01 1.95312500000000e-03 1.95312500000000e-03  1.080000e+00  1.296000e+00  1.080003e-02  5.400000e-01  3.171626e+00  9.024872e-01  5.641896e-01  1.015541e+00  5.641896e-01  8.339719e-01  9.499999e-01
      17408          0          0 2.67578125000000e-01 1.95312500000000e-03 1.95312500000000e-03  1.080000e+00  1.296000e+00  1.080003e-02  5.400000e-01  3.171626e+00  9.024872e-01  5.641896e-01  1.015541e+00  5.641896e-01  8.339719e-01  9.499999e-01
      17664          0          0 2.71484375000000e-01 1.95312500000000e-03 1.95312500000000e-03  1.080000e+00  1.296000e+00  1.080003e-02  5.400000e-01  3.171626e+00  9.024872e-01  5.641896e-01  1.015541e+00  5.641896e-01  8.339719e-01  9.499999e-01
      17920          0          0 2.75390625000000e-01 1.95312500000000e-03 1.95312500000000e-03  1.080000e+00  1.296000e+00  1.080002e-02  5.400000e-01  3.171626e+00  9.024872e-01  5.641896e-01  1.015541e+00  5.641896e-01  8.339719e-01  9.499999e-01
      18176          0          0 2.79296875000000e-01 1.95312500000000e-03 1.95312500000000e-03  1.080000e+00  1.296000e+00  1.080003e-02  5.400000e-01  3.171626e+00  9.024873e-01  5.641896e-01  1.015541e+00  5.641896e-01  8.339719e-01  9.500000e-01
      57344          0          0 8.76953125000000e-01 1.95312500000000e-03 1.95312500000000e-03  1.308963e+00  6.995124e-01 -1.238190e-01 -6.190937e-02  4.151272e+00  1.324156e+00  5.641896e-01  1.507923e+00  7.539614e-01  1.580300e+00  1.584495e+00
      57600          0          0 8.80859375000000e-01 1.95312500000000e-03 1.95312500000000e-03  1.308888e+00  6.994449e-01 -1.237939e-01 -6.189680e-02  4.151019e+00  1.324130e+00  5.641896e-01  1.507877e+00  7.539383e-01  1.580212e+00  1.584403e+00
      57856          0          0 8.84765625000000e-01 1.95312500000000e-03 1.95312500000000e-03  1.308896e+00  6.993785e-01 -1.237760e-01 -6.188791e-02  4.150888e+00  1.324117e+00  5.641896e-01  1.507835e+00  7.539172e-01  1.580133e+00  1.584394e+00
      58112          0          0 8.88671875000000e-01 1.95312500000000e-03 1.95312500000000e-03  1.308947e+00  6.993265e-01 -1.237815e-01 -6.189071e-02  4.150785e+00  1.324092e+00  5.641896e-01  1.507790e+00  7.538949e-01  1.580049e+00  1.584405e+00
      58368          0          0 8.92578125000000e-01 1.95312500000000e-03 1.95312500000000e-03  1.308944e+00  6.992951e-01 -1.237742e-01 -6.188720e-02  4.150653e+00  1.324061e+00  5.641896e-01  1.507759e+00  7.538794e-01  1.579991e+00  1.584367e+00
      58624          0          0 8.96484375000000e-01 1.95312500000000e-03 1.95312500000000e-03  1.308899e+00  6.992803e-01 -1.237468e-01 -6.187347e-02  4.150507e+00  1.324038e+00  5.641896e-01  1.507735e+00  7.538678e-01  1.579946e+00  1.584302e+00
      58880          0          0 9.00390625000000e-01 1.95312500000000e-03 1.95312500000000e-03  1.308795e+00  6.992413e-01 -1.237316e-01 -6.186571e-02  4.150346e+00  1.324040e+00  5.641896e-01  1.507719e+00  7.538596e-01  1.579916e+00  1.584220e+00
      59136          0          0 9.04296875000000e-01 1.95312500000000e-03 1.95312500000000e-03  1.308802e+00  6.992181e-01 -1.237425e-01 -6.187115e-02  4.150274e+00  1.324013e+00  5.641896e-01  1.507708e+00  7.538541e-01  1.579895e+00  1.584194e+00
      12288          0          0 1.89453125000000e-01 1.95312500000000e-03 1.95312500000000e-03  1.080000e+00  1.296000e+00  1.080000e-02  5.400000e-01  3.171626e+00  9.024873e-01  5.641896e-01  1.015541e+00  5.641896e-01  8.339719e-01  9.499999e-01
      12544          0          0 1.93359375000000e-01 1.95312500000000e-03 1.95312500000000e-03  1.080000e+00  1.296000e+00  1.080000e-02  5.400000e-01  3.171626e+00  9.024873e-01  5.641896e-01  1.015541e+00  5.641896e-01  8.339719e-01  9.499999e-01
      12800          0          0 1.97265625000000e-01 1.95312500000000e-03 1.95312500000000e-03  1.080000e+00  1.296000e+00  1.080000e-02  5.400000e-01  3.171626e+00  9.024873e-01  5.641896e-01  1.015541e+00  5.641896e-01  8.339719e-01  9.499999e-01
      13056          0          0 2.01171875000000e-01 1.95312500000000e-03 1.95312500000000e-03  1.080000e+00  1.296000e+00  1.080000e-02  5.400000e-01  3.171626e+00  9.024873e-01  5.641896e-01  1.015541e+00  5.641896e-01  8.339719e-01  9.499999e-01
      13312          0          0 2.05078125000000e-01 1.95312500000000e-03 1.95312500000000e-03  1.080000e+00  1.296000e+00  1.080000e-02  5.400000e-01  3.171626e+00  9.024873e-01  5.641896e-01  1.015541e+00  5.641896e-01  8.339719e-01  9.499999e-01
      13568          0          0 2.08984375000000e-01 1.95312500000000e-03 1.95312500000000e-03  1.080000e+00  1.296000e+00  1.080000e-02  5.400000e-01  3.171626e+00  9.024873e-01  5.641896e-01  1.015541e+00  5.641896e-01  8.339719e-01  9.499999e-01
      13824          0          0 2.12890625000000e-01 1.95312500000000e-03 1.95312500000000e-03  1.080000e+00  1.296000e+00  1.080000e-02  5.400000e-01  3.171626e+00  9.024873e-01  5.641896e-01  1.015541e+00  5.641896e-01  8.339719e-01  9.499999e-01
      14080          0          0 2.16796875000000e-01 1.95312500000000e-03 1.95312500000000e-03  1.080000e+00  1.296000e+00  1.080000e-02  5.400000e-01  3.171626e+00  9.024873e-01  5.641896e-01  1.015541e+00  5.641896e-01  8.339719e-01  9.499999e-01
      14336          0          0 2.20703125000000e-01 1.95312500000000e-03 1.95312500000000e-03  1.080000e+00  1.296000e+00  1.080000e-02  5.400000e-01  3.171626e+00  9.024873e-01  5.641896e-01  1.015541e+00  5.641896e-01  8.339719e-01  9.499999e-01
      14592          0          0 2.24609375000000e-01 1.95312500000000e-03 1.95312500000000e-03  1.080000e+00  1.296000e+00  1.080000e-02  5.400000e-01  3.171626e+00  9.024873e-01  5.641896e-01  1.015541e+00  5.641896e-01  8.339719e-01  9.499999e-01
      14848          0          0 2.28515625000000e-01 1.95312500000000e-03 1.95312500000000e-03  1.080000e+00  1.296000e+00  1.080000e-02  5.400000e-01  3.171626e+00  9.024873e-01  5.641896e-01  1.015541e+00  5.641896e-01  8.339719e-01  9.499999e-01
      15104          0          0 2.32421875000000e-01 1.95312500000000e-03 1.95312500000000e-03  1.080000e+00  1.296000e+00  1.080000e-02  5.400000e-01  3.171626e+00  9.024873e-01  5.641896e-01  1.015541e+00  5.641896e-01  8.339719e-01  9.499999e-01
      15360          0          0 2.36328125000000e-01 1.95312500000000e-03 1.95312500000000e-03  1.080000e+00  1.296000e+00  1.080000e-02  5.400000e-01  3.171626e+00  9.024873e-01  5.641896e-01  1.015541e+00  5.641896e-01  8.339719e-01  9.499999e-01
      15616          0          0 2.40234375000000e-01 1.95312500000000e-03 1.95312500000000e-03  1.080000e+00  1.296000e+00  1.080000e-02  5.400000e-01  3.171626e+00  9.024873e-01  5.641896e-01  1.015541e+00  5.641896e-01  8.339719e-01  9.499999e-01
      15872          0          0 2.44140625000000e-01 1.95312500000000e-03 1.95312500000000e-03  1.080000e+00  1.296000e+00  1.080004e-02  5.400000e-01  3.171626e+00  9.024873e-01  5.641896e-01  1.015541e+00  5.641896e-01  8.339719e-01  9.500000e-01
      16128          0          0 2.48046875000000e-01 1.95312500000000e-03 1.95312500000000e-03  1.080000e+00  1.296000e+00  1.080004e-02  5.400000e-01  3.171626e+00  9.024873e-01  5.641896e-01  1.015541e+00  5.641896e-01  8.339719e-01  9.500000e-01
      20480          0          0 3.13476562500000e-01 9.76562500000000e-04 9.76562500000000e-04  1.490082e+00  9.016786e-01  1.674562e-01  8.297942e-01  4.508329e+00  1.268731e+00  5.641896e-01  1.438061e+00  7.989230e-01  1.512304e+00  1.655172e+00
      20608          0          0 3.15429687500000e-01 9.76562500000000e-04 9.76562500000000e-04  1.490173e+00  9.024584e-01  1.675433e-01  8.298873e-01  4.509800e+00  1.268972e+00  5.641896e-01  1.438272e+00  7.990402e-01  1.512701e+00  1.655553e+00
      20736          0          0 3.17382812500000e-01 9.76562500000000e-04 9.76562500000000e-04  1.490573e+00  9.035481e-01  1.674675e-01  8.300428e-01  4.511837e+00  1.269243e+00  5.641896e-01  1.438517e+00  7.991760e-01  1.513162e+00  1.656203e+00
      20864          0          0 3.19335937500000e-01 9.76562500000000e-04 9.76562500000000e-04  1.490531e+00  9.032242e-01  1.674017e-01  8.299859e-01  4.510980e+00  1.269110e+00  5.641896e-01  1.438341e+00  7.990788e-01  1.512832e+00  1.655999e+00
      20992          0          0 3.21289062500000e-01 9.76562500000000e-04 9.76562500000000e-04  1.490227e+00  9.026548e-01  1.673854e-01  8.298264e-01  4.509627e+00  1.268935e+00  5.641896e-01  1.438160e+00  7.989779e-01  1.512490e+00  1.655545e+00
      21120          0          0 3.23242187500000e-01 9.76562500000000e-04 9.76562500000000e-04  1.490230e+00  9.028983e-01  1.673858e-01  8.298278e-01  4.510284e+00  1.269060e+00  5.641896e-01  1.438300e+00  7.990553e-01  1.512753e+00  1.655710e+00
      21248          0          0 3.25195312500000e-01 9.76562500000000e-04 9.76562500000000e-04  1.490322e+00  9.031231e-01  1.674108e-01  8.298876e-01  4.510844e+00  1.269145e+00  5.641896e-01  1.438379e+00  7.990996e-01  1.512902e+00  1.655890e+00
      21376          0          0 3.27148437500000e-01 9.76562500000000e-04 9.76562500000000e-04  1.490280e+00  9.028792e-01  1.674799e-01  8.299049e-01  4.510345e+00  1.269054e+00  5.641896e-01  1.438295e+00  7.990527e-01  1.512743e+00  1.655740e+00
      21504          0          0 3.29101562500000e-01 9.76562500000000e-04 9.76562500000000e-04  1.490292e+00  9.026930e-01  1.675249e-01  8.299361e-01  4.510212e+00  1.269025e+00  5.641896e-01  1.438298e+00  7.990546e-01  1.512750e+00  1.655711e+00
      21632          0          0 3.31054687500000e-01 9.76562500000000e-04 9.76562500000000e-04  1.490493e+00  9.028689e-01  1.675266e-01  8.300365e-01  4.511149e+00  1.269162e+00  5.641896e-01  1.438485e+00  7.991584e-01  1.513102e+00  1.656038e+00
      21760          0          0 3.33007812500000e-01 9.76562500000000e-04 9.76562500000000e-04  1.490717e+00  9.029788e-01  1.675207e-01  8.301439e-01  4.512092e+00  1.269318e+00  5.641896e-01  1.438666e+00  7.992587e-01  1.513442e+00  1.656408e+00
      21888          0          0 3.34960937500000e-01 9.76562500000000e-04 9.76562500000000e-04  1.490740e+00  9.026346e-01  1.675494e-01  8.301709e-01  4.511939e+00  1.269322e+00  5.641896e-01  1.438672e+00  7.992621e-01  1.513453e+00  1.656430e+00
      22016          0          0 3.36914062500000e-01 9.76562500000000e-04 9.76562500000000e-04  1.490630e+00  9.022380e-01  1.675907e-01  8.301398e-01  4.511301e+00  1.269252e+00  5.641896e-01  1.438584e+00  7.992133e-01  1.513288e+00  1.656258e+00
      22144          0          0 3.38867187500000e-01 9.76562500000000e-04 9.76562500000000e-04  1.490582e+00  9.021136e-01  1.676165e-01  8.301303e-01  4.511214e+00  1.269261e+00  5.641896e-01  1.438590e+00  7.992167e-01  1.513299e+00  1.656234e+00
      22272          0          0 3.40820312500000e-01 9.76562500000000e-04 9.76562500000000e-04  1.490583e+00  9.021537e-01  1.676134e-01  8.301291e-01  4.511330e+00  1.269289e+00  5.641896e-01  1.438609e+00  7.992276e-01  1.513336e+00  1.656271e+00
      22400          0          0 3.42773437500000e-01 9.76562500000000e-04 9.76562500000000e-04  1.490662e+00  9.024071e-01  1.675897e-01  8.301556e-01  4.511785e+00  1.269362e+00  5.641896e-01  1.438655e+00  7.992527e-01  1.513422e+00  1.656425e+00
      61440          0          0 9.38476562500000e-01 9.76562500000000e-04 9.76562500000000e-04  1.308794e+00  6.990094e-01 -1.236367e-01 -6.181804e-02  4.149904e+00  1.323941e+00  5.641896e-01  1.507652e+00  7.538257e-01  1.579788e+00  1.584100e+00
      61568          0          0 9.40429687500000e-01 9.76562500000000e-04 9.76562500000000e-04  1.308869e+00  6.989089e-01 -1.236174e-01 -6.180854e-02  4.149649e+00  1.323831e+00  5.641896e-01  1.507608e+00  7.538038e-01  1.579705e+00  1.584030e+00
      61696          0          0 9.42382812500000e-01 9.76562500000000e-04 9.76562500000000e-04  1.308849e+00  6.989328e-01 -1.236604e-01 -6.183009e-02  4.149514e+00  1.323774e+00  5.641896e-01  1.507593e+00  7.537963e-01  1.579677e+00  1.583945e+00
      61824          0          0 9.44335937500000e-01 9.76562500000000e-04 9.76562500000000e-04  1.308736e+00  6.991579e-01 -1.237387e-01 -6.186910e-02  4.149164e+00  1.323666e+00  5.641896e-01  1.507504e+00  7.537520e-01  1.579510e+00  1.583725e+00
      61952          0          0 9.46289062500000e-01 9.76562500000000e-04 9.76562500000000e-04  1.308673e+00  6.990681e-01 -1.238251e-01 -6.191260e-02  4.149167e+00  1.323702e+00  5.641896e-01  1.507526e+00  7.537631e-01  1.579552e+00  1.583718e+00
      62080          0          0 9.48242187500000e-01 9.76562500000000e-04 9.76562500000000e-04  1.308973e+00  6.974672e-01 -1.235403e-01 -6.177030e-02  4.150147e+00  1.324101e+00  5.641896e-01  1.507969e+00  7.539844e-01  1.580387e+00  1.584437e+00
      62208          0          0 9.50195312500000e-01 9.76562500000000e-04 9.76562500000000e-04  1.302764e+00  6.854678e-01 -1.215364e-01 -6.076827e-02  4.111538e+00  1.317918e+00  5.641896e-01  1.500342e+00  7.501712e-01  1.566047e+00  1.572047e+00
      62336          0          0 9.52148437500000e-01 9.76562500000000e-04 9.76562500000000e-04  1.232461e+00  5.018046e-01 -9.056870e-02 -4.528437e-02  3.669294e+00  1.249117e+00  5.641896e-01  1.414213e+00  7.071066e-01  1.409155e+00  1.435882e+00
      62464          0          0 9.54101562500000e-01 9.76562500000000e-04 9.76562500000000e-04  1.054274e+00  1.068995e-01 -2.039943e-02 -1.019978e-02  2.703794e+00  1.059293e+00  5.641896e-01  1.195357e+00  5.976784e-01  1.052204e+00  1.097283e+00
      62592          0          0 9.56054687500000e-01 9.76562500000000e-04 9.76562500000000e-04  1.003419e+00  6.362505e-03 -1.284916e-03 -6.425296e-04  2.469545e+00  1.003449e+00  5.641896e-01  1.132619e+00  5.663096e-01  9.609211e-01  1.005735e+00
      62720          0          0 9.58007812500000e-01 9.76562500000000e-04 9.76562500000000e-04  1.000177e+00  3.272552e-04 -6.703295e-05 -3.373046e-05  2.455682e+00  1.000176e+00  5.641896e-01  1.128599e+00  5.642998e-01  9.552402e-01  1.000295e+00
      62848          0          0 9.59960937500000e-01 9.76562500000000e-04 9.76562500000000e-04  1.000009e+00  1.691992e-05 -3.663033e-06 -1.907251e-06  2.454969e+00  1.000009e+00  5.641896e-01  1.128391e+00  5.641953e-01  9.549462e-01  1.000015e+00
      62976          0          0 9.61914062500000e-01 9.76562500000000e-04 9.76562500000000e-04  1.000000e+00  7.786358e-07 -1.242918e-07  3.699065e-08  2.454932e+00  1.000001e+00  5.641896e-01  1.128380e+00  5.641898e-01  9.549304e-01  1.000001e+00
      63104          0          0 9.63867187500000e-01 9.76562500000000e-04 9.76562500000000e-04  9.999996e-01  2.153021e-08  1.670073e-07  2.868842e-07  2.454930e+00  1.000000e+00  5.641896e-01  1.128379e+00  5.641894e-01  9.549292e-01  1.000000e+00
      63232          0          0 9.65820312500000e-01 9.76562500000000e-04 9.76562500000000e-04  1.000000e+00 -9.686816e-08  1.084358e-07  5.077473e-08  2.454929e+00  9.999996e-01  5.641896e-01  1.128379e+00  5.641896e-01  9.549292e-01  9.999998e-01
      63360          0          0 9.67773437500000e-01 9.76562500000000e-04 9.76562500000000e-04  1.000000e+00 -1.762070e-07 -6.528627e-08 -2.121002e-07  2.454930e+00  1.000000e+00  5.641896e-01  1.128379e+00  5.641895e-01  9.549292e-01  1.000000e+00
      59392          0          0 9.07226562500000e-01 9.76562500000000e-04 9.76562500000000e-04  1.308866e+00  6.991422e-01 -1.237504e-01 -6.187518e-02  4.150453e+00  1.324053e+00  5.641896e-01  1.507750e+00  7.538751e-01  1.579974e+00  1.584293e+00
      59520          0          0 9.09179687500000e-01 9.76562500000000e-04 9.76562500000000e-04  1.308940e+00  6.991444e-01 -1.237790e-01 -6.188967e-02  4.150544e+00  1.324062e+00  5.641896e-01  1.507745e+00  7.538723e-01  1.579965e+00  1.584364e+00
      59648          0          0 9.11132812500000e-01 9.76562500000000e-04 9.76562500000000e-04  1.308977e+00  6.991737e-01 -1.237864e-01 -6.189303e-02  4.150620e+00  1.324080e+00  5.641896e-01  1.507739e+00  7.538691e-01  1.579952e+00  1.584416e+00
      59776          0          0 9.13085937500000e-01 9.76562500000000e-04 9.76562500000000e-04  1.308970e+00  6.991648e-01 -1.237575e-01 -6.187851e-02  4.150673e+00  1.324090e+00  5.641896e-01  1.507766e+00  7.538826e-01  1.580003e+00  1.584422e+00
      59904          0          0 9.15039062500000e-01 9.76562500000000e-04 9.76562500000000e-04  1.308862e+00  6.991480e-01 -1.236963e-01 -6.184813e-02  4.150653e+00  1.324120e+00  5.641896e-01  1.507797e+00  7.538981e-01  1.580061e+00  1.584370e+00
      60032          0          0 9.16992187500000e-01 9.76562500000000e-04 9.76562500000000e-04  1.308748e+00  6.992469e-01 -1.237095e-01 -6.185463e-02  4.150359e+00  1.324067e+00  5.641896e-01  1.507726e+00  7.538632e-01  1.579929e+00  1.584215e+00
      60160          0          0 9.18945312500000e-01 9.76562500000000e-04 9.76562500000000e-04  1.308708e+00  6.993507e-01 -1.237378e-01 -6.186895e-02  4.150261e+00  1.324028e+00  5.641896e-01  1.507703e+00  7.538512e-01  1.579884e+00  1.584136e+00
      60288          0          0 9.20898437500000e-01 9.76562500000000e-04 9.76562500000000e-04  1.308809e+00  6.993461e-01 -1.237384e-01 -6.186934e-02  4.150501e+00  1.324040e+00  5.641896e-01  1.507763e+00  7.538814e-01  1.579998e+00  1.584232e+00
      60416          0          0 9.22851562500000e-01 9.76562500000000e-04 9.76562500000000e-04  1.308989e+00  6.993197e-01 -1.237390e-01 -6.186970e-02  4.150945e+00  1.324080e+00  5.641896e-01  1.507866e+00  7.539331e-01  1.580193e+00  1.584425e+00
      60544          0          0 9.24804687500000e-01 9.76562500000000e-04 9.76562500000000e-04  1.309057e+00  6.993938e-01 -1.237385e-01 -6.186960e-02  4.150962e+00  1.324055e+00  5.641896e-01  1.507840e+00  7.539197e-01  1.580143e+00  1.584450e+00
      60672          0          0 9.26757812500000e-01 9.76562500000000e-04 9.76562500000000e-04  1.309033e+00  6.994709e-01 -1.237661e-01 -6.188311e-02  4.150826e+00  1.324030e+00  5.641896e-01  1.507782e+00  7.538907e-01  1.580034e+00  1.584400e+00
      60800          0          0 9.28710937500000e-01 9.76562500000000e-04 9.76562500000000e-04  1.309007e+00  6.994050e-01 -1.237649e-01 -6.188249e-02  4.150862e+00  1.324047e+00  5.641896e-01  1.507818e+00  7.539094e-01  1.580103e+00  1.584399e+00
      60928          0          0 9.30664062500000e-01 9.76562500000000e-04 9.76562500000000e-04  1.309018e+00  6.993130e-01 -1.238588e-01 -6.192951e-02  4.150958e+00  1.324118e+00  5.641896e-01  1.507815e+00  7.539076e-01  1.580096e+00  1.584494e+00
      61056          0          0 9.32617187500000e-01 9.76562500000000e-04 9.76562500000000e-04  1.308888e+00  6.992931e-01 -1.238841e-01 -6.194214e-02  4.150718e+00  1.324108e+00  5.641896e-01  1.507775e+00  7.538878e-01  1.580022e+00  1.584376e+00
      61184          0          0 9.34570312500000e-01 9.76562500000000e-04 9.76562500000000e-04  1.308632e+00  6.991832e-01 -1.237912e-01 -6.189549e-02  4.150231e+00  1.324082e+00  5.641896e-01  1.507723e+00  7.538617e-01  1.579923e+00  1.584139e+00
      61312          0          0 9.36523437500000e-01 9.76562500000000e-04 9.76562500000000e-04  1.308695e+00  6.991436e-01 -1.236714e-01 -6.183561e-02  4.150024e+00  1.323984e+00  5.641896e-01  1.507689e+00  7.538444e-01  1.579859e+00  1.584072e+00
      18432          0          0 2.82226562500000e-01 9.76562500000000e-04 9.76562500000000e-04  1.080000e+00  1.296000e+00  1.080003e-02  5.400000e-01  3.171626e+00  9.024870e-01  5.641896e-01  1.015541e+00  5.641896e-01  8.339719e-01  9.499997e-01
      18560          0          0 2.84179687500000e-01 9.76562500000000e-04 9.76562500000000e-04  1.080000e+00  1.296000e+00  1.080003e-02  5.400000e-01  3.171626e+00  9.024870e-01  5.641896e-01  1.015541e+00  5.641896e-01  8.339719e-01  9.499997e-01
      18688          0          0 2.86132812500000e-01 9.76562500000000e-04 9.76562500000000e-04  1.080000e+00  1.296000e+00  1.080004e-02  5.400000e-01  3.171626e+00  9.024870e-01  5.641896e-01  1.015541e+00  5.641896e-01  8.339719e-01  9.499997e-01
      18816          0          0 2.88085937500000e-01 9.76562500000000e-04 9.76562500000000e-04  1.080000e+00  1.296000e+00  1.080004e-02  5.400000e-01  3.171626e+00  9.024870e-01  5.641896e-01  1.015541e+00  5.641896e-01  8.339719e-01  9.499997e-01
      18944          0          0 2.90039062500000e-01 9.76562500000000e-04 9.76562500000000e-04  1.080000e+00  1.296000e+00  1.080003e-02  5.400000e-01  3.171626e+00  9.024870e-01  5.641896e-01  1.015541e+00  5.641896e-01  8.339719e-01  9.499997e-01
      19072          0          0 2.91992187500000e-01 9.76562500000000e-04 9.76562500000000e-04  1.080000e+00  1.296000e+00  1.080000e-02  5.400000e-01  3.171626e+00  9.024870e-01  5.641896e-01  1.015541e+00  5.641896e-01  8.339719e-01  9.499997e-01
      19200          0          0 2.93945312500000e-01 9.76562500000000e-04 9.76562500000000e-04  1.080000e+00  1.296000e+00  1.080000e-02  5.400000e-01  3.171626e+00  9.024870e-01  5.641896e-01  1.015541e+00  5.641896e-01  8.339719e-01  9.499997e-01
      19328          0          0 2.95898437500000e-01 9.76562500000000e-04 9.76562500000000e-04  1.080000e+00  1.296000e+00  1.080000e-02  5.400000e-01  3.171626e+00  9.024870e-01  5.641896e-01  1.015541e+00  5.641896e-01  8.339719e-01  9.499997e-01
      19456          0          0 2.97851562500000e-01 9.76562500000000e-04 9.76562500000000e-04  1.080000e+00  1.296000e+00  1.080000e-02  5.400000e-01  3.171626e+00  9.024870e-01  5.641896e-01  1.015541e+00  5.641896e-01  8.339719e-01  9.499997e-01
      19584          0          0 2.99804687500000e-01 9.76562500000000e-04 9.76562500000000e-04  1.080000e+00  1.296000e+00  1.080003e-02  5.400000e-01  3.171626e+00  9.024870e-01  5.641896e-01  1.015541e+00  5.641896e-01  8.339719e-01  9.499997e-01
      19712          0          0 3.01757812500000e-01 9.76562500000000e-04 9.76562500000000e-04  1.080004e+00  1.295998e+00  1.080150e-02  5.400029e-01  3.171636e+00  9.024905e-01  5.641896e-01  1.015545e+00  5.641920e-01  8.339776e-01  9.500059e-01
      19840          0          0 3.03710937500000e-01 9.76562500000000e-04 9.76562500000000e-04  1.080149e+00  1.295927e+00  1.085342e-02  5.401031e-01  3.171998e+00  9.026109e-01  5.641896e-01  1.015697e+00  5.642762e-01  8.341787e-01  9.502174e-01
      19968          0          0 3.05664062500000e-01 9.76562500000000e-04 9.76562500000000e-04  1.084760e+00  1.293572e+00  1.250321e-02  5.432996e-01  3.183631e+00  9.065434e-01  5.641896e-01  1.020522e+00  5.669565e-01  8.406070e-01  9.570715e-01
      20096          0          0 3.07617187500000e-01 9.76562500000000e-04 9.76562500000000e-04  1.192400e+00  1.222174e+00  4.981714e-02  6.172516e-01  3.493767e+00  1.013324e+00  5.641896e-01  1.131880e+00  6.288222e-01  9.974401e-01  1.139453e+00
      20224          0          0 3.09570312500000e-01 9.76562500000000e-04 9.76562500000000e-04  1.450855e+00  9.566432e-01  1.501986e-01  8.008110e-01  4.356734e+00  1.235385e+00  5.641896e-01  1.397843e+00  7.765796e-01  1.437676e+00  1.583258e+00
      20352          0          0 3.11523437500000e-01 9.76562500000000e-04 9.76562500000000e-04  1.489914e+00  9.066247e-01  1.670330e-01  8.294760e-01  4.510705e+00  1.268857e+00  5.641896e-01  1.437786e+00  7.987701e-01  1.511786e+00  1.655211e+00
      63488          0          0 9.69726562500000e-01 9.76562500000000e-04 9.76562500000000e-04  9.999997e-01 -1.477303e-07  1.137605e-08 -2.105324e-08  2.454930e+00  1.000001e+00  5.641896e-01  1.128379e+00  5.641895e-01  9.549292e-01  1.000000e+00
      63616          0          0 9.71679687500000e-01 9.76562500000000e-04 9.76562500000000e-04  9.999999e-01 -2.732070e-08  1.786686e-07  1.598641e-07  2.454930e+00  1.000000e+00  5.641896e-01  1.128379e+00  5.641896e-01  9.549294e-01  1.000000e+00
      63744          0          0 9.73632812500000e-01 9.76562500000000e-04 9.76562500000000e-04  9.999999e-01 -2.459371e-07  2.599385e-07  2.361240e-07  2.454930e+00  1.000000e+00  5.641896e-01  1.128379e+00  5.641896e-01  9.549295e-01  1.000000e+00
      63872          0          0 9.75585937500000e-01 9.76562500000000e-04 9.76562500000000e-04  9.999999e-01 -2.616734e-07  1.547191e-07  1.155282e-07  2.454929e+00  9.999996e-01  5.641896e-01  1.128379e+00  5.641897e-01  9.549298e-01  9.999997e-01
      64000          0          0 9.77539062500000e-01 9.76562500000000e-04 9.76562500000000e-04  9.999999e-01 -2.267940e-07  8.166593e-08 -6.464715e-09  2.454930e+00  1.000000e+00  5.641896e-01  1.128379e+00  5.641896e-01  9.549295e-01  1.000000e+00
      64128          0          0 9.79492187500000e-01 9.76562500000000e-04 9.76562500000000e-04  1.000000e+00 -5.759049e-08  2.384294e-07  4.739019e-08  2.454930e+00  1.000000e+00  5.641896e-01  1.128379e+00  5.641897e-01  9.549298e-01  1.000000e+00
      64256          0          0 9.81445312500000e-01 9.76562500000000e-04 9.76562500000000e-04  9.999998e-01 -6.594171e-08  3.058936e-07  2.268375e-08  2.454930e+00  9.999999e-01  5.641896e-01  1.128379e+00  5.641897e-01  9.549298e-01  9.999999e-01
      64384          0          0 9.83398437500000e-01 9.76562500000000e-04 9.76562500000000e-04  9.999998e-01 -8.655935e-08  3.080248e-07  1.157573e-08  2.454930e+00  1.000000e+00  5.641896e-01  1.128379e+00  5.641897e-01  9.549298e-01  1.000000e+00
      64512          0          0 9.85351562500000e-01 9.76562500000000e-04 9.76562500000000e-04  1.000000e+00 -2.079122e-08  1.434315e-07 -3.718829e-08  2.454929e+00  9.999993e-01  5.641896e-01  1.128380e+00  5.641898e-01  9.549302e-01  9.999994e-01
      64640          0          0 9.87304687500000e-01 9.76562500000000e-04 9.76562500000000e-04  9.999999e-01 -1.235322e-07 -3.812527e-08 -7.727434e-08  2.454930e+00  9.999998e-01  5.641896e-01  1.128379e+00  5.641896e-01  9.549300e-01  9.999999e-01
      64768          0          0 9.89257812500000e-01 9.76562500000000e-04 9.76562500000000e-04  9.999998e-01 -1.734659e-07  5.150071e-08 -4.536748e-08  2.454929e+00  9.999996e-01  5.641896e-01  1.128379e+00  5.641897e-01  9.549301e-01  9.999995e-01
      64896          0          0 9.91210937500000e-01 9.76562500000000e-04 9.76562500000000e-04  1.000000e+00 -1.443234e-07  3.497187e-08 -1.154848e-07  2.454930e+00  9.999998e-01  5.641896e-01  1.128379e+00  5.641896e-01  9.549299e-01  9.999999e-01
      65024          0          0 9.93164062500000e-01 9.76562500000000e-04 9.76562500000000e-04  9.999999e-01 -2.101784e-07  4.610701e-08  6.754013e-08  2.454930e+00  9.999998e-01  5.641896e-01  1.128379e+00  5.641896e-01  9.549298e-01  9.999999e-01
      65152          0          0 9.95117187500000e-01 9.76562500000000e-04 9.76562500000000e-04  9.999999e-01 -1.031750e-07  1.291429e-07  1.469441e-07  2.454930e+00  9.999999e-01  5.641896e-01  1.128379e+00  5.641896e-01  9.549297e-01  1.000000e+00
      65280          0          0 9.97070312500000e-01 9.76562500000000e-04 9.76562500000000e-04  9.999999e-01 -8.255736e-08  2.618961e-07  1.319920e-07  2.454930e+00  9.999999e-01  5.641896e-01  1.128379e+00  5.641896e-01  9.549299e-01  1.000000e+00
      65408          0          0 9.99023437500000e-01 9.76562500000000e-04 9.76562500000000e-04  9.999999e-01 -1.070902e-07  2.659849e-07  1.309264e-07  2.454929e+00  9.999996e-01  5.641896e-01  1.128379e+00  5.641896e-01  9.549299e-01  9.999997e-01
