#         i          j          k                    x                    y                    z          Dens          MomX          MomY          MomZ          Engy       Entropy          MagX          MagY          MagZ       MagEngy      Pressure
          0          0          0 7.81250000000000e-03 7.81250000000000e-03 7.81250000000000e-03  1.080000e+00  1.296000e+00  1.080000e-02  5.400000e-01  3.171626e+00  9.024873e-01  5.641896e-01  1.015541e+00  5.641896e-01  8.339719e-01  9.500000e-01
        128          0          0 2.34375000000000e-02 7.81250000000000e-03 7.81250000000000e-03  1.080000e+00  1.296000e+00  1.080000e-02  5.400000e-01  3.171626e+00  9.024873e-01  5.641896e-01  1.015541e+00  5.641896e-01  8.339719e-01  9.500000e-01
        256          0          0 3.90625000000000e-02 7.81250000000000e-03 7.81250000000000e-03  1.080000e+00  1.296000e+00  1.080000e-02  5.400000e-01  3.171626e+00  9.024873e-01  5.641896e-01  1.015541e+00  5.641896e-01  8.339719e-01  9.500000e-01
        384          0          0 5.46875000000000e-02 7.81250000000000e-03 7.81250000000000e-03  1.080000e+00  1.296000e+00  1.080000e-02  5.400000e-01  3.171626e+00  9.024873e-01  5.641896e-01  1.015541e+00  5.641896e-01  8.339719e-01  9.500000e-01
        512          0          0 7.03125000000000e-02 7.81250000000000e-03 7.81250000000000e-03  1.080000e+00  1.296000e+00  1.080000e-02  5.400000e-01  3.171626e+00  9.024873e-01  5.641896e-01  1.015541e+00  5.641896e-01  8.339719e-01  9.500000e-01
        640          0          0 8.59375000000000e-02 7.81250000000000e-03 7.81250000000000e-03  1.080000e+00  1.296000e+00  1.080000e-02  5.400000e-01  3.171626e+00  9.024873e-01  5.641896e-01  1.015541e+00  5.641896e-01  8.339719e-01  9.500000e-01
        768          0          0 1.01562500000000e-01 7.81250000000000e-03 7.81250000000000e-03  1.080000e+00  1.296000e+00  1.080000e-02  5.400000e-01  3.171626e+00  9.024873e-01  5.641896e-01  1.015541e+00  5.641896e-01  8.339719e-01  9.500000e-01
        896          0          0 1.17187500000000e-01 7.81250000000000e-03 7.81250000000000e-03  1.080000e+00  1.296000e+00  1.080002e-02  5.400000e-01  3.171626e+00  9.024875e-01  5.641896e-01  1.015541e+00  5.641896e-01  8.339719e-01  9.500002e-01
       2048          0          0 2.53906250000000e-01 3.90625000000000e-03 3.90625000000000e-03  1.080000e+00  1.296000e+00  1.080004e-02  5.400000e-01  3.171626e+00  9.024872e-01  5.641896e-01  1.015541e+00  5.641896e-01  8.339719e-01  9.500000e-01
       2112          0          0 2.61718750000000e-01 3.90625000000000e-03 3.90625000000000e-03  1.080000e+00  1.296000e+00  1.080003e-02  5.400000e-01  3.171626e+00  9.024872e-01  5.641896e-01  1.015541e+00  5.641896e-01  8.339719e-01  9.500000e-01
       2176          0          0 2.69531250000000e-01 3.90625000000000e-03 3.90625000000000e-03  1.080000e+00  1.296000e+00  1.080003e-02  5.400000e-01  3.171626e+00  9.024873e-01  5.641896e-01  1.015541e+00  5.641896e-01  8.339719e-01  9.500000e-01
       2240          0          0 2.77343750000000e-01 3.90625000000000e-03 3.90625000000000e-03  1.080001e+00  1.296000e+00  1.080017e-02  5.400003e-01  3.171627e+00  9.024875e-01  5.641896e-01  1.015542e+00  5.641899e-01  8.339725e-01  9.500008e-01
       2304          0          0 2.85156250000000e-01 3.90625000000000e-03 3.90625000000000e-03  1.080019e+00  1.295991e+00  1.080690e-02  5.400133e-01  3.171674e+00  9.025030e-01  5.641896e-01  1.015561e+00  5.642008e-01  8.339985e-01  9.500278e-01
       2368          0          0 2.92968750000000e-01 3.90625000000000e-03 3.90625000000000e-03  1.080633e+00  1.295687e+00  1.102750e-02  5.404392e-01  3.173214e+00  9.030175e-01  5.641896e-01  1.016204e+00  5.645580e-01  8.348535e-01  9.509293e-01
       2432          0          0 3.00781250000000e-01 3.90625000000000e-03 3.90625000000000e-03  1.100032e+00  1.284741e+00  1.788040e-02  5.538385e-01  3.223161e+00  9.205081e-01  5.641896e-01  1.036409e+00  5.757830e-01  8.619902e-01  9.809146e-01
       2496          0          0 3.08593750000000e-01 3.90625000000000e-03 3.90625000000000e-03  1.314540e+00  1.114171e+00  9.495813e-02  7.027215e-01  3.888472e+00  1.128244e+00  5.641896e-01  1.257718e+00  6.987322e-01  1.194196e+00  1.353897e+00
       2560          0          0 3.16406250000000e-01 3.90625000000000e-03 3.90625000000000e-03  1.479694e+00  9.135744e-01  1.634772e-01  8.224474e-01  4.464529e+00  1.259280e+00  5.641896e-01  1.427291e+00  7.929394e-01  1.492110e+00  1.635198e+00
       2624          0          0 3.24218750000000e-01 3.90625000000000e-03 3.90625000000000e-03  1.491189e+00  9.036335e-01  1.674909e-01  8.303607e-01  4.514524e+00  1.269511e+00  5.641896e-01  1.439292e+00  7.996066e-01  1.514621e+00  1.657009e+00
       2688          0          0 3.32031250000000e-01 3.90625000000000e-03 3.90625000000000e-03  1.491061e+00  9.027588e-01  1.675907e-01  8.303531e-01  4.513897e+00  1.269825e+00  5.641896e-01  1.438962e+00  7.994230e-01  1.513999e+00  1.657325e+00
       2752          0          0 3.39843750000000e-01 3.90625000000000e-03 3.90625000000000e-03  1.490277e+00  9.020771e-01  1.675480e-01  8.299418e-01  4.509840e+00  1.269129e+00  5.641896e-01  1.438193e+00  7.989965e-01  1.512553e+00  1.655835e+00
       2816          0          0 3.47656250000000e-01 3.90625000000000e-03 3.90625000000000e-03  1.489815e+00  9.030347e-01  1.673743e-01  8.296162e-01  4.508509e+00  1.268654e+00  5.641896e-01  1.437966e+00  7.988700e-01  1.512125e+00  1.654874e+00
       2880          0          0 3.55468750000000e-01 3.90625000000000e-03 3.90625000000000e-03  1.489916e+00  9.045206e-01  1.672146e-01  8.295779e-01  4.509662e+00  1.268633e+00  5.641896e-01  1.438102e+00  7.989458e-01  1.512381e+00  1.654920e+00
       2944          0          0 3.63281250000000e-01 3.90625000000000e-03 3.90625000000000e-03  1.489924e+00  9.042221e-01  1.673106e-01  8.296352e-01  4.508464e+00  1.268399e+00  5.641896e-01  1.437778e+00  7.987657e-01  1.511771e+00  1.654622e+00
       3008          0          0 3.71093750000000e-01 3.90625000000000e-03 3.90625000000000e-03  1.489968e+00  9.033814e-01  1.674269e-01  8.297220e-01  4.508108e+00  1.268398e+00  5.641896e-01  1.437811e+00  7.987838e-01  1.511833e+00  1.654653e+00
       3072          0          0 3.78906250000000e-01 3.90625000000000e-03 3.90625000000000e-03  1.490609e+00  9.025630e-01  1.675905e-01  8.301292e-01  4.511027e+00  1.268984e+00  5.641896e-01  1.438625e+00  7.992359e-01  1.513365e+00  1.655892e+00
       3136          0          0 3.86718750000000e-01 3.90625000000000e-03 3.90625000000000e-03  1.491096e+00  9.025354e-01  1.676207e-01  8.303869e-01  4.513301e+00  1.269433e+00  5.641896e-01  1.439099e+00  7.994998e-01  1.514258e+00  1.656838e+00
       3200          0          0 3.94531250000000e-01 3.90625000000000e-03 3.90625000000000e-03  1.491084e+00  9.023781e-01  1.676284e-01  8.303853e-01  4.512846e+00  1.269398e+00  5.641896e-01  1.438949e+00  7.994158e-01  1.513975e+00  1.656784e+00
       3264          0          0 4.02343750000000e-01 3.90625000000000e-03 3.90625000000000e-03  1.490658e+00  9.026021e-01  1.675187e-01  8.301138e-01  4.511126e+00  1.269090e+00  5.641896e-01  1.438544e+00  7.991911e-01  1.513212e+00  1.656066e+00
       3328          0          0 4.10156250000000e-01 3.90625000000000e-03 3.90625000000000e-03  1.489717e+00  9.035401e-01  1.671725e-01  8.294554e-01  4.508062e+00  1.268504e+00  5.641896e-01  1.437821e+00  7.987895e-01  1.511852e+00  1.654605e+00
       3392          0          0 4.17968750000000e-01 3.90625000000000e-03 3.90625000000000e-03  1.489442e+00  9.037994e-01  1.671444e-01  8.293039e-01  4.506931e+00  1.268278e+00  5.641896e-01  1.437530e+00  7.986276e-01  1.511304e+00  1.654107e+00
       3456          0          0 4.25781250000000e-01 3.90625000000000e-03 3.90625000000000e-03  1.489508e+00  9.037905e-01  1.671882e-01  8.293613e-01  4.507046e+00  1.268311e+00  5.641896e-01  1.437513e+00  7.986183e-01  1.511273e+00  1.654199e+00
       3520          0          0 4.33593750000000e-01 3.90625000000000e-03 3.90625000000000e-03  1.490154e+00  9.032139e-01  1.673016e-01  8.297436e-01  4.509295e+00  1.268795e+00  5.641896e-01  1.438008e+00  7.988932e-01  1.512204e+00  1.655309e+00
       3584          0          0 4.41406250000000e-01 3.90625000000000e-03 3.90625000000000e-03  1.491139e+00  9.023782e-01  1.675124e-01  8.303468e-01  4.512972e+00  1.269553e+00  5.641896e-01  1.438850e+00  7.993609e-01  1.513788e+00  1.657028e+00
       3648          0          0 4.49218750000000e-01 3.90625000000000e-03 3.90625000000000e-03  1.491300e+00  9.021412e-01  1.675682e-01  8.304598e-01  4.513564e+00  1.269698e+00  5.641896e-01  1.438987e+00  7.994394e-01  1.514049e+00  1.657336e+00
       3712          0          0 4.57031250000000e-01 3.90625000000000e-03 3.90625000000000e-03  1.491153e+00  9.021068e-01  1.676197e-01  8.304093e-01  4.513381e+00  1.269661e+00  5.641896e-01  1.439013e+00  7.994493e-01  1.514093e+00  1.657179e+00
       3776          0          0 4.64843750000000e-01 3.90625000000000e-03 3.90625000000000e-03  1.490524e+00  9.026721e-01  1.674136e-01  8.300018e-01  4.511289e+00  1.269258e+00  5.641896e-01  1.438524e+00  7.991887e-01  1.513181e+00  1.656186e+00
       3840          0          0 4.72656250000000e-01 3.90625000000000e-03 3.90625000000000e-03  1.489288e+00  9.039973e-01  1.669729e-01  8.291096e-01  4.507158e+00  1.268502e+00  5.641896e-01  1.437493e+00  7.985865e-01  1.511218e+00  1.654285e+00
       3904          0          0 4.80468750000000e-01 3.90625000000000e-03 3.90625000000000e-03  1.488895e+00  9.043238e-01  1.668132e-01  8.288746e-01  4.505958e+00  1.268346e+00  5.641896e-01  1.437127e+00  7.984405e-01  1.510575e+00  1.653790e+00
       3968          0          0 4.88281250000000e-01 3.90625000000000e-03 3.90625000000000e-03  1.489192e+00  9.041109e-01  1.668847e-01  8.289818e-01  4.506481e+00  1.268487e+00  5.641896e-01  1.437211e+00  7.983902e-01  1.510656e+00  1.654194e+00
       4032          0          0 4.96093750000000e-01 3.90625000000000e-03 3.90625000000000e-03  1.490496e+00  9.026542e-01  1.672657e-01  8.300323e-01  4.510971e+00  1.269374e+00  5.641896e-01  1.438243e+00  7.990506e-01  1.512667e+00  1.656317e+00
       4096          0          0 5.03906250000000e-01 3.90625000000000e-03 3.90625000000000e-03  1.491235e+00  9.017425e-01  1.672676e-01  8.304114e-01  4.513190e+00  1.269885e+00  5.641896e-01  1.438657e+00  7.995476e-01  1.513660e+00  1.657531e+00
       4160          0          0 5.11718750000000e-01 3.90625000000000e-03 3.90625000000000e-03  1.491621e+00  9.022116e-01  1.681051e-01  8.287090e-01  4.513216e+00  1.270244e+00  5.641896e-01  1.439275e+00  7.979253e-01  1.513254e+00  1.658287e+00
       4224          0          0 5.19531250000000e-01 3.90625000000000e-03 3.90625000000000e-03  1.490604e+00  9.022489e-01  1.810362e-01  8.068675e-01  4.500973e+00  1.269254e+00  5.641896e-01  1.449617e+00  7.801625e-01  1.514177e+00  1.656241e+00
       4288          0          0 5.27343750000000e-01 3.90625000000000e-03 3.90625000000000e-03  1.485902e+00  9.021484e-01  2.560678e-01  6.712688e-01  4.437967e+00  1.265706e+00  5.641896e-01  1.506707e+00  6.692839e-01  1.518209e+00  1.648136e+00
       4352          0          0 5.35156250000000e-01 3.90625000000000e-03 3.90625000000000e-03  1.490946e+00  9.069362e-01  3.055456e-01  5.050873e-01  4.382106e+00  1.269997e+00  5.641896e-01  1.550784e+00  5.321367e-01  1.503206e+00  1.657463e+00
       4416          0          0 5.42968750000000e-01 3.90625000000000e-03 3.90625000000000e-03  1.515299e+00  9.082938e-01  2.935741e-01  4.475233e-01  4.390769e+00  1.290380e+00  5.641896e-01  1.545609e+00  4.834937e-01  1.470491e+00  1.702354e+00
       4480          0          0 5.50781250000000e-01 3.90625000000000e-03 3.90625000000000e-03  1.572587e+00  9.251023e-01  1.899510e-01  4.236909e-01  4.427860e+00  1.344540e+00  5.641896e-01  1.480091e+00  4.590514e-01  1.359854e+00  1.818236e+00
       4544          0          0 5.58593750000000e-01 3.90625000000000e-03 3.90625000000000e-03  1.618092e+00  9.354082e-01  1.017386e-01  4.083852e-01  4.460275e+00  1.383263e+00  5.641896e-01  1.427406e+00  4.415729e-01  1.275392e+00  1.906515e+00
       4608          0          0 5.66406250000000e-01 3.90625000000000e-03 3.90625000000000e-03  1.634066e+00  9.403169e-01  8.154359e-02  4.055596e-01  4.469967e+00  1.389965e+00  5.641896e-01  1.413948e+00  4.376391e-01  1.254543e+00  1.928340e+00
       4672          0          0 5.74218750000000e-01 3.90625000000000e-03 3.90625000000000e-03  1.637304e+00  9.413127e-01  7.902274e-02  4.045759e-01  4.470966e+00  1.390090e+00  5.641896e-01  1.412053e+00  4.377085e-01  1.251897e+00  1.931060e+00
       4736          0          0 5.82031250000000e-01 3.90625000000000e-03 3.90625000000000e-03  1.637293e+00  9.413108e-01  7.878795e-02  4.043436e-01  4.471395e+00  1.390371e+00  5.641896e-01  1.411990e+00  4.377343e-01  1.251819e+00  1.931443e+00
       4800          0          0 5.89843750000000e-01 3.90625000000000e-03 3.90625000000000e-03  1.636320e+00  9.410116e-01  7.874645e-02  4.043081e-01  4.471594e+00  1.390965e+00  5.641896e-01  1.412111e+00  4.375772e-01  1.251921e+00  1.931501e+00
       4864          0          0 5.97656250000000e-01 3.90625000000000e-03 3.90625000000000e-03  1.629186e+00  9.374880e-01  7.814145e-02  4.032835e-01  4.471297e+00  1.395289e+00  5.641896e-01  1.412319e+00  4.370258e-01  1.251973e+00  1.931870e+00
       4928          0          0 6.05468750000000e-01 3.90625000000000e-03 3.90625000000000e-03  1.588256e+00  9.145696e-01  7.549492e-02  3.933938e-01  4.465052e+00  1.419691e+00  5.641896e-01  1.412633e+00  4.368187e-01  1.252326e+00  1.932595e+00
       4992          0          0 6.13281250000000e-01 3.90625000000000e-03 3.90625000000000e-03  1.520112e+00  8.755918e-01  7.123202e-02  3.764082e-01  4.452563e+00  1.461812e+00  5.641896e-01  1.413232e+00  4.369260e-01  1.253219e+00  1.932600e+00
       5056          0          0 6.21093750000000e-01 3.90625000000000e-03 3.90625000000000e-03  1.479745e+00  8.522214e-01  6.872148e-02  3.658620e-01  4.444759e+00  1.488064e+00  5.641896e-01  1.413644e+00  4.374806e-01  1.254044e+00  1.932322e+00
       5120          0          0 6.28906250000000e-01 3.90625000000000e-03 3.90625000000000e-03  1.470107e+00  8.464339e-01  6.838522e-02  3.627297e-01  4.442370e+00  1.494367e+00  5.641896e-01  1.413563e+00  4.382082e-01  1.254248e+00  1.932072e+00
       5184          0          0 6.36718750000000e-01 3.90625000000000e-03 3.90625000000000e-03  1.468922e+00  8.453819e-01  6.918104e-02  3.623688e-01  4.440820e+00  1.495056e+00  5.641896e-01  1.412885e+00  4.383338e-01  1.253345e+00  1.931924e+00
       5248          0          0 6.44531250000000e-01 3.90625000000000e-03 3.90625000000000e-03  1.469197e+00  8.449581e-01  7.046020e-02  3.629736e-01  4.439142e+00  1.494942e+00  5.641896e-01  1.411800e+00  4.378815e-01  1.251615e+00  1.932017e+00
       5312          0          0 6.52343750000000e-01 3.90625000000000e-03 3.90625000000000e-03  1.470511e+00  8.454551e-01  7.058447e-02  3.647597e-01  4.438405e+00  1.493869e+00  5.641896e-01  1.411591e+00  4.365920e-01  1.250756e+00  1.931782e+00
       5376          0          0 6.60156250000000e-01 3.90625000000000e-03 3.90625000000000e-03  1.470894e+00  8.455024e-01  6.973601e-02  3.650737e-01  4.437340e+00  1.492835e+00  5.641896e-01  1.411987e+00  4.363391e-01  1.251205e+00  1.930780e+00
       5440          0          0 6.67968750000000e-01 3.90625000000000e-03 3.90625000000000e-03  1.469069e+00  8.426665e-01  6.141362e-02  3.634027e-01  4.431894e+00  1.488120e+00  5.641896e-01  1.417538e+00  4.370067e-01  1.259350e+00  1.923089e+00
       5504          0          0 6.75781250000000e-01 3.90625000000000e-03 3.90625000000000e-03  1.441051e+00  8.175801e-01  7.487810e-04  3.469906e-01  4.382016e+00  1.459617e+00  5.641896e-01  1.455028e+00  4.411576e-01  1.315019e+00  1.862196e+00
       5568          0          0 6.83593750000000e-01 3.90625000000000e-03 3.90625000000000e-03  1.375430e+00  7.580422e-01 -1.261435e-01  2.945829e-01  4.280285e+00  1.394769e+00  5.641896e-01  1.535974e+00  4.642596e-01  1.446531e+00  1.725022e+00
       5632          0          0 6.91406250000000e-01 3.90625000000000e-03 3.90625000000000e-03  1.329390e+00  7.199466e-01 -2.020713e-01  2.336564e-01  4.213367e+00  1.347148e+00  5.641896e-01  1.583805e+00  5.020996e-01  1.539425e+00  1.628735e+00
       5696          0          0 6.99218750000000e-01 3.90625000000000e-03 3.90625000000000e-03  1.310422e+00  7.001636e-01 -2.067928e-01  1.455310e-01  4.169511e+00  1.327638e+00  5.641896e-01  1.581066e+00  5.731692e-01  1.573302e+00  1.589841e+00
       5760          0          0 7.07031250000000e-01 3.90625000000000e-03 3.90625000000000e-03  1.307783e+00  6.989564e-01 -1.763693e-01  4.935535e-02  4.157743e+00  1.324714e+00  5.641896e-01  1.553765e+00  6.566190e-01  1.581822e+00  1.584210e+00
       5824          0          0 7.14843750000000e-01 3.90625000000000e-03 3.90625000000000e-03  1.308291e+00  6.996580e-01 -1.440497e-01 -2.218059e-02  4.154552e+00  1.324799e+00  5.641896e-01  1.525998e+00  7.194139e-01  1.582267e+00  1.584722e+00
       5888          0          0 7.22656250000000e-01 3.90625000000000e-03 3.90625000000000e-03  1.309073e+00  7.003818e-01 -1.283104e-01 -5.311939e-02  4.154407e+00  1.324922e+00  5.641896e-01  1.512364e+00  7.465313e-01  1.581431e+00  1.585500e+00
       5952          0          0 7.30468750000000e-01 3.90625000000000e-03 3.90625000000000e-03  1.309363e+00  7.006486e-01 -1.237822e-01 -6.056581e-02  4.153569e+00  1.324942e+00  5.641896e-01  1.508341e+00  7.530171e-01  1.580219e+00  1.585758e+00
       6016          0          0 7.38281250000000e-01 3.90625000000000e-03 3.90625000000000e-03  1.309337e+00  7.002619e-01 -1.229901e-01 -6.177157e-02  4.152059e+00  1.324663e+00  5.641896e-01  1.507383e+00  7.539308e-01  1.579463e+00  1.585403e+00
       6080          0          0 7.46093750000000e-01 3.90625000000000e-03 3.90625000000000e-03  1.309160e+00  6.994024e-01 -1.228489e-01 -6.190261e-02  4.150273e+00  1.324319e+00  5.641896e-01  1.507040e+00  7.539373e-01  1.578950e+00  1.584848e+00
       6144          0          0 7.53906250000000e-01 3.90625000000000e-03 3.90625000000000e-03  1.308879e+00  6.985829e-01 -1.228104e-01 -6.186650e-02  4.148479e+00  1.323914e+00  5.641896e-01  1.506871e+00  7.538392e-01  1.578622e+00  1.584138e+00
       6208          0          0 7.61718750000000e-01 3.90625000000000e-03 3.90625000000000e-03  1.308596e+00  6.981844e-01 -1.229091e-01 -6.177887e-02  4.147285e+00  1.323594e+00  5.641896e-01  1.506861e+00  7.537134e-01  1.578512e+00  1.583526e+00
       6272          0          0 7.69531250000000e-01 3.90625000000000e-03 3.90625000000000e-03  1.308484e+00  6.981158e-01 -1.232012e-01 -6.171178e-02  4.146961e+00  1.323466e+00  5.641896e-01  1.506955e+00  7.535749e-01  1.578549e+00  1.583282e+00
       6336          0          0 7.77343750000000e-01 3.90625000000000e-03 3.90625000000000e-03  1.308646e+00  6.981461e-01 -1.235016e-01 -6.172245e-02  4.147648e+00  1.323521e+00  5.641896e-01  1.507201e+00  7.535766e-01  1.578921e+00  1.583478e+00
       6400          0          0 7.85156250000000e-01 3.90625000000000e-03 3.90625000000000e-03  1.308978e+00  6.985489e-01 -1.236406e-01 -6.177046e-02  4.149333e+00  1.323748e+00  5.641896e-01  1.507577e+00  7.537442e-01  1.579614e+00  1.584019e+00
       6464          0          0 7.92968750000000e-01 3.90625000000000e-03 3.90625000000000e-03  1.309259e+00  6.994074e-01 -1.237451e-01 -6.183102e-02  4.151275e+00  1.323954e+00  5.641896e-01  1.508000e+00  7.539636e-01  1.580417e+00  1.584492e+00
       6528          0          0 8.00781250000000e-01 3.90625000000000e-03 3.90625000000000e-03  1.309320e+00  7.002386e-01 -1.239231e-01 -6.194126e-02  4.152389e+00  1.324071e+00  5.641896e-01  1.508190e+00  7.540780e-01  1.580790e+00  1.584681e+00
       6592          0          0 8.08593750000000e-01 3.90625000000000e-03 3.90625000000000e-03  1.309253e+00  7.006501e-01 -1.240050e-01 -6.199260e-02  4.153069e+00  1.324225e+00  5.641896e-01  1.508317e+00  7.541491e-01  1.581035e+00  1.584811e+00
       6656          0          0 8.16406250000000e-01 3.90625000000000e-03 3.90625000000000e-03  1.309264e+00  7.006233e-01 -1.240633e-01 -6.203579e-02  4.153286e+00  1.324278e+00  5.641896e-01  1.508373e+00  7.541903e-01  1.581151e+00  1.584884e+00
       6720          0          0 8.24218750000000e-01 3.90625000000000e-03 3.90625000000000e-03  1.309468e+00  7.004154e-01 -1.240636e-01 -6.204043e-02  4.153921e+00  1.324412e+00  5.641896e-01  1.508526e+00  7.542704e-01  1.581442e+00  1.585208e+00
       6784          0          0 8.32031250000000e-01 3.90625000000000e-03 3.90625000000000e-03  1.309475e+00  7.001464e-01 -1.239843e-01 -6.199891e-02  4.153762e+00  1.324378e+00  5.641896e-01  1.508550e+00  7.542814e-01  1.581487e+00  1.585174e+00
       6848          0          0 8.39843750000000e-01 3.90625000000000e-03 3.90625000000000e-03  1.309261e+00  6.999818e-01 -1.239137e-01 -6.195664e-02  4.152544e+00  1.324133e+00  5.641896e-01  1.508312e+00  7.541561e-01  1.581033e+00  1.584708e+00
       6912          0          0 8.47656250000000e-01 3.90625000000000e-03 3.90625000000000e-03  1.308923e+00  6.996659e-01 -1.238631e-01 -6.192916e-02  4.150385e+00  1.323801e+00  5.641896e-01  1.507767e+00  7.538815e-01  1.580004e+00  1.584038e+00
       6976          0          0 8.55468750000000e-01 3.90625000000000e-03 3.90625000000000e-03  1.308680e+00  6.990339e-01 -1.237316e-01 -6.186325e-02  4.148724e+00  1.323511e+00  5.641896e-01  1.507486e+00  7.537410e-01  1.579475e+00  1.583495e+00
       7040          0          0 8.63281250000000e-01 3.90625000000000e-03 3.90625000000000e-03  1.308757e+00  6.985961e-01 -1.237972e-01 -6.189685e-02  4.148707e+00  1.323578e+00  5.641896e-01  1.507490e+00  7.537439e-01  1.579483e+00  1.583637e+00
       7104          0          0 8.71093750000000e-01 3.90625000000000e-03 3.90625000000000e-03  1.308802e+00  6.983743e-01 -1.237742e-01 -6.188680e-02  4.149208e+00  1.323796e+00  5.641896e-01  1.507586e+00  7.537929e-01  1.579665e+00  1.583934e+00
       1024          0          0 1.28906250000000e-01 3.90625000000000e-03 3.90625000000000e-03  1.080000e+00  1.296000e+00  1.080003e-02  5.400000e-01  3.171626e+00  9.024873e-01  5.641896e-01  1.015541e+00  5.641896e-01  8.339719e-01  9.500000e-01
       1088          0          0 1.36718750000000e-01 3.90625000000000e-03 3.90625000000000e-03  1.080000e+00  1.296000e+00  1.080003e-02  5.400000e-01  3.171626e+00  9.024873e-01  5.641896e-01  1.015541e+00  5.641896e-01  8.339719e-01  9.500000e-01
       1152          0          0 1.44531250000000e-01 3.90625000000000e-03 3.90625000000000e-03  1.080000e+00  1.296000e+00  1.080003e-02  5.400000e-01  3.171626e+00  9.024873e-01  5.641896e-01  1.015541e+00  5.641896e-01  8.339719e-01  9.500000e-01
       1216          0          0 1.52343750000000e-01 3.90625000000000e-03 3.90625000000000e-03  1.080000e+00  1.296000e+00  1.080002e-02  5.400000e-01  3.171626e+00  9.024873e-01  5.641896e-01  1.015541e+00  5.641896e-01  8.339719e-01  9.500000e-01
       1280          0          0 1.60156250000000e-01 3.90625000000000e-03 3.90625000000000e-03  1.080000e+00  1.296000e+00  1.080000e-02  5.400000e-01  3.171626e+00  9.024873e-01  5.641896e-01  1.015541e+00  5.641896e-01  8.339719e-01  9.500000e-01
       1344          0          0 1.67968750000000e-01 3.90625000000000e-03 3.90625000000000e-03  1.080000e+00  1.296000e+00  1.080000e-02  5.400000e-01  3.171626e+00  9.024873e-01  5.641896e-01  1.015541e+00  5.641896e-01  8.339719e-01  9.500000e-01
       1408          0          0 1.75781250000000e-01 3.90625000000000e-03 3.90625000000000e-03  1.080000e+00  1.296000e+00  1.080000e-02  5.400000e-01  3.171626e+00  9.024873e-01  5.641896e-01  1.015541e+00  5.641896e-01  8.339719e-01  9.500000e-01
       1472          0          0 1.83593750000000e-01 3.90625000000000e-03 3.90625000000000e-03  1.080000e+00  1.296000e+00  1.080000e-02  5.400000e-01  3.171626e+00  9.024873e-01  5.641896e-01  1.015541e+00  5.641896e-01  8.339719e-01  9.500000e-01
       1536          0          0 1.91406250000000e-01 3.90625000000000e-03 3.90625000000000e-03  1.080000e+00  1.296000e+00  1.080000e-02  5.400000e-01  3.171626e+00  9.024873e-01  5.641896e-01  1.015541e+00  5.641896e-01  8.339719e-01  9.500000e-01
       1600          0          0 1.99218750000000e-01 3.90625000000000e-03 3.90625000000000e-03  1.080000e+00  1.296000e+00  1.080000e-02  5.400000e-01  3.171626e+00  9.024873e-01  5.641896e-01  1.015541e+00  5.641896e-01  8.339719e-01  9.500000e-01
       1664          0          0 2.07031250000000e-01 3.90625000000000e-03 3.90625000000000e-03  1.080000e+00  1.296000e+00  1.080000e-02  5.400000e-01  3.171626e+00  9.024873e-01  5.641896e-01  1.015541e+00  5.641896e-01  8.339719e-01  9.500000e-01
       1728          0          0 2.14843750000000e-01 3.90625000000000e-03 3.90625000000000e-03  1.080000e+00  1.296000e+00  1.080000e-02  5.400000e-01  3.171626e+00  9.024873e-01  5.641896e-01  1.015541e+00  5.641896e-01  8.339719e-01  9.500000e-01
       1792          0          0 2.22656250000000e-01 3.90625000000000e-03 3.90625000000000e-03  1.080000e+00  1.296000e+00  1.080000e-02  5.400000e-01  3.171626e+00  9.024873e-01  5.641896e-01  1.015541e+00  5.641896e-01  8.339719e-01  9.500000e-01
       1856          0          0 2.30468750000000e-01 3.90625000000000e-03 3.90625000000000e-03  1.080000e+00  1.296000e+00  1.080000e-02  5.400000e-01  3.171626e+00  9.024873e-01  5.641896e-01  1.015541e+00  5.641896e-01  8.339719e-01  9.500000e-01
       1920          0          0 2.38281250000000e-01 3.90625000000000e-03 3.90625000000000e-03  1.080000e+00  1.296000e+00  1.080003e-02  5.400000e-01  3.171626e+00  9.024873e-01  5.641896e-01  1.015541e+00  5.641896e-01  8.339719e-01  9.500000e-01
       1984          0          0 2.46093750000000e-01 3.90625000000000e-03 3.90625000000000e-03  1.080000e+00  1.296000e+00  1.080003e-02  5.400000e-01  3.171626e+00  9.024873e-01  5.641896e-01  1.015541e+00  5.641896e-01  8.339719e-01  9.500002e-01
       7168          0          0 8.78906250000000e-01 3.90625000000000e-03 3.90625000000000e-03  1.308600e+00  6.985366e-01 -1.236937e-01 -6.184755e-02  4.149105e+00  1.323740e+00  5.641896e-01  1.507657e+00  7.538291e-01  1.579799e+00  1.583705e+00
       7232          0          0 8.86718750000000e-01 3.90625000000000e-03 3.90625000000000e-03  1.308617e+00  6.990359e-01 -1.238243e-01 -6.191284e-02  4.149320e+00  1.323806e+00  5.641896e-01  1.507550e+00  7.537758e-01  1.579598e+00  1.583796e+00
       7296          0          0 8.94531250000000e-01 3.90625000000000e-03 3.90625000000000e-03  1.308814e+00  6.993117e-01 -1.238299e-01 -6.191527e-02  4.150395e+00  1.324032e+00  5.641896e-01  1.507715e+00  7.538582e-01  1.579908e+00  1.584226e+00
       7360          0          0 9.02343750000000e-01 3.90625000000000e-03 3.90625000000000e-03  1.309005e+00  6.994566e-01 -1.237007e-01 -6.185057e-02  4.151490e+00  1.324160e+00  5.641896e-01  1.508034e+00  7.540172e-01  1.580509e+00  1.584534e+00
       7424          0          0 9.10156250000000e-01 3.90625000000000e-03 3.90625000000000e-03  1.309255e+00  6.998039e-01 -1.237784e-01 -6.188928e-02  4.152230e+00  1.324252e+00  5.641896e-01  1.508095e+00  7.540476e-01  1.580624e+00  1.584845e+00
       7488          0          0 9.17968750000000e-01 3.90625000000000e-03 3.90625000000000e-03  1.309346e+00  7.004435e-01 -1.239280e-01 -6.196398e-02  4.153011e+00  1.324324e+00  5.641896e-01  1.508199e+00  7.540997e-01  1.580820e+00  1.585004e+00
       7552          0          0 9.25781250000000e-01 3.90625000000000e-03 3.90625000000000e-03  1.309321e+00  7.008952e-01 -1.240254e-01 -6.201285e-02  4.153273e+00  1.324302e+00  5.641896e-01  1.508238e+00  7.541192e-01  1.580894e+00  1.584958e+00
       7616          0          0 9.33593750000000e-01 3.90625000000000e-03 3.90625000000000e-03  1.309300e+00  6.999784e-01 -1.239684e-01 -6.198430e-02  4.153024e+00  1.324415e+00  5.641896e-01  1.508274e+00  7.541370e-01  1.580962e+00  1.585076e+00
       7680          0          0 9.41406250000000e-01 3.90625000000000e-03 3.90625000000000e-03  1.305339e+00  6.891632e-01 -1.221512e-01 -6.107553e-02  4.127032e+00  1.320581e+00  5.641896e-01  1.503521e+00  7.517607e-01  1.572015e+00  1.577299e+00
       7744          0          0 9.49218750000000e-01 3.90625000000000e-03 3.90625000000000e-03  1.246094e+00  5.371816e-01 -9.663665e-02 -4.831834e-02  3.752340e+00  1.262490e+00  5.641896e-01  1.430976e+00  7.154883e-01  1.438963e+00  1.461937e+00
       7808          0          0 9.57031250000000e-01 3.90625000000000e-03 3.90625000000000e-03  1.067035e+00  1.329575e-01 -2.521250e-02 -1.260633e-02  2.766387e+00  1.073805e+00  5.641896e-01  1.211061e+00  6.055304e-01  1.075823e+00  1.121272e+00
       7872          0          0 9.64843750000000e-01 3.90625000000000e-03 3.90625000000000e-03  1.004660e+00  8.686599e-03 -1.747900e-03 -8.740065e-04  2.474883e+00  1.004714e+00  5.641896e-01  1.134153e+00  5.670767e-01  9.630949e-01  1.007833e+00
       7936          0          0 9.72656250000000e-01 3.90625000000000e-03 3.90625000000000e-03  1.000252e+00  4.671571e-04 -9.567566e-05 -4.778628e-05  2.456004e+00  1.000253e+00  5.641896e-01  1.128693e+00  5.643466e-01  9.553726e-01  1.000421e+00
       8000          0          0 9.80468750000000e-01 3.90625000000000e-03 3.90625000000000e-03  1.000013e+00  2.523278e-05 -5.100214e-06 -2.475836e-06  2.454988e+00  1.000014e+00  5.641896e-01  1.128396e+00  5.641982e-01  9.549537e-01  1.000023e+00
       8064          0          0 9.88281250000000e-01 3.90625000000000e-03 3.90625000000000e-03  1.000001e+00  1.636884e-06  2.043056e-07  4.197316e-09  2.454933e+00  1.000001e+00  5.641896e-01  1.128380e+00  5.641902e-01  9.549309e-01  1.000002e+00
       8128          0          0 9.96093750000000e-01 3.90625000000000e-03 3.90625000000000e-03  9.999998e-01  1.525879e-07  3.587643e-07  5.258801e-08  2.454929e+00  9.999996e-01  5.641896e-01  1.128379e+00  5.641899e-01  9.549301e-01  9.999995e-01
