#         i          j          k                    x                    y                    z          Dens          MomX          MomY          MomZ          Engy       Entropy          MagX          MagY          MagZ       MagEngy      Pressure
          0          0          0 7.81250000000000e-03 7.81250000000000e-03 7.81250000000000e-03  1.080000e+00  1.296000e+00  1.080000e-02  5.400000e-01  3.171626e+00  9.024873e-01  5.641896e-01  1.015541e+00  5.641896e-01  8.339719e-01  9.500000e-01
        128          0          0 2.34375000000000e-02 7.81250000000000e-03 7.81250000000000e-03  1.080000e+00  1.296000e+00  1.080000e-02  5.400000e-01  3.171626e+00  9.024873e-01  5.641896e-01  1.015541e+00  5.641896e-01  8.339719e-01  9.500000e-01
        256          0          0 3.90625000000000e-02 7.81250000000000e-03 7.81250000000000e-03  1.080000e+00  1.296000e+00  1.080000e-02  5.400000e-01  3.171626e+00  9.024873e-01  5.641896e-01  1.015541e+00  5.641896e-01  8.339719e-01  9.500000e-01
        384          0          0 5.46875000000000e-02 7.81250000000000e-03 7.81250000000000e-03  1.080000e+00  1.296000e+00  1.080000e-02  5.400000e-01  3.171626e+00  9.024873e-01  5.641896e-01  1.015541e+00  5.641896e-01  8.339719e-01  9.500000e-01
        512          0          0 7.03125000000000e-02 7.81250000000000e-03 7.81250000000000e-03  1.080000e+00  1.296000e+00  1.080000e-02  5.400000e-01  3.171626e+00  9.024873e-01  5.641896e-01  1.015541e+00  5.641896e-01  8.339719e-01  9.500000e-01
        640          0          0 8.59375000000000e-02 7.81250000000000e-03 7.81250000000000e-03  1.080000e+00  1.296000e+00  1.080000e-02  5.400000e-01  3.171626e+00  9.024873e-01  5.641896e-01  1.015541e+00  5.641896e-01  8.339719e-01  9.500000e-01
        768          0          0 1.01562500000000e-01 7.81250000000000e-03 7.81250000000000e-03  1.080000e+00  1.296000e+00  1.080000e-02  5.400000e-01  3.171626e+00  9.024873e-01  5.641896e-01  1.015541e+00  5.641896e-01  8.339719e-01  9.500000e-01
        896          0          0 1.17187500000000e-01 7.81250000000000e-03 7.81250000000000e-03  1.080000e+00  1.296000e+00  1.080003e-02  5.400000e-01  3.171626e+00  9.024873e-01  5.641896e-01  1.015541e+00  5.641896e-01  8.339719e-01  9.500000e-01
       1024          0          0 1.28906250000000e-01 3.90625000000000e-03 3.90625000000000e-03  1.080000e+00  1.296000e+00  1.080004e-02  5.400000e-01  3.171626e+00  9.024872e-01  5.641896e-01  1.015541e+00  5.641896e-01  8.339719e-01  9.499999e-01
       1088          0          0 1.36718750000000e-01 3.90625000000000e-03 3.90625000000000e-03  1.080000e+00  1.296000e+00  1.080003e-02  5.400000e-01  3.171626e+00  9.024872e-01  5.641896e-01  1.015541e+00  5.641896e-01  8.339719e-01  9.499999e-01
       1152          0          0 1.44531250000000e-01 3.90625000000000e-03 3.90625000000000e-03  1.080000e+00  1.296000e+00  1.080003e-02  5.400000e-01  3.171626e+00  9.024872e-01  5.641896e-01  1.015541e+00  5.641896e-01  8.339719e-01  9.499999e-01
       1216          0          0 1.52343750000000e-01 3.90625000000000e-03 3.90625000000000e-03  1.080000e+00  1.296000e+00  1.080003e-02  5.400000e-01  3.171626e+00  9.024872e-01  5.641896e-01  1.015541e+00  5.641896e-01  8.339719e-01  9.499999e-01
       1280          0          0 1.60156250000000e-01 3.90625000000000e-03 3.90625000000000e-03  1.080000e+00  1.296000e+00  1.080002e-02  5.400000e-01  3.171626e+00  9.024872e-01  5.641896e-01  1.015541e+00  5.641896e-01  8.339719e-01  9.499999e-01
       1344          0          0 1.67968750000000e-01 3.90625000000000e-03 3.90625000000000e-03  1.080000e+00  1.296000e+00  1.080000e-02  5.400000e-01  3.171626e+00  9.024872e-01  5.641896e-01  1.015541e+00  5.641896e-01  8.339719e-01  9.499999e-01
       1408          0          0 1.75781250000000e-01 3.90625000000000e-03 3.90625000000000e-03  1.080000e+00  1.296000e+00  1.080000e-02  5.400000e-01  3.171626e+00  9.024872e-01  5.641896e-01  1.015541e+00  5.641896e-01  8.339719e-01  9.499999e-01
       1472          0          0 1.83593750000000e-01 3.90625000000000e-03 3.90625000000000e-03  1.080000e+00  1.296000e+00  1.080003e-02  5.400000e-01  3.171626e+00  9.024873e-01  5.641896e-01  1.015541e+00  5.641896e-01  8.339719e-01  9.500000e-01
       3072          0          0 3.76953125000000e-01 1.95312500000000e-03 1.95312500000000e-03  1.490391e+00  9.028743e-01  1.675387e-01  8.299928e-01  4.510828e+00  1.269062e+00  5.641896e-01  1.438470e+00  7.991503e-01  1.513074e+00  1.655832e+00
       3104          0          0 3.80859375000000e-01 1.95312500000000e-03 1.95312500000000e-03  1.490228e+00  9.033741e-01  1.673907e-01  8.298299e-01  4.510029e+00  1.268867e+00  5.641896e-01  1.438211e+00  7.990064e-01  1.512586e+00  1.655457e+00
       3136          0          0 3.84765625000000e-01 1.95312500000000e-03 1.95312500000000e-03  1.490189e+00  9.035224e-01  1.673045e-01  8.297631e-01  4.509662e+00  1.268809e+00  5.641896e-01  1.438069e+00  7.989271e-01  1.512318e+00  1.655353e+00
       3168          0          0 3.88671875000000e-01 1.95312500000000e-03 1.95312500000000e-03  1.490221e+00  9.034590e-01  1.672988e-01  8.297753e-01  4.509477e+00  1.268756e+00  5.641896e-01  1.438030e+00  7.989056e-01  1.512245e+00  1.655307e+00
       3200          0          0 3.92578125000000e-01 1.95312500000000e-03 1.95312500000000e-03  1.490365e+00  9.032696e-01  1.673643e-01  8.298826e-01  4.509910e+00  1.268821e+00  5.641896e-01  1.438159e+00  7.989773e-01  1.512488e+00  1.655499e+00
       3232          0          0 3.96484375000000e-01 1.95312500000000e-03 1.95312500000000e-03  1.490581e+00  9.029039e-01  1.674854e-01  8.300568e-01  4.510995e+00  1.269056e+00  5.641896e-01  1.438463e+00  7.991462e-01  1.513061e+00  1.655965e+00
       3264          0          0 4.00390625000000e-01 1.95312500000000e-03 1.95312500000000e-03  1.490559e+00  9.027483e-01  1.674902e-01  8.300483e-01  4.511343e+00  1.269195e+00  5.641896e-01  1.438564e+00  7.992020e-01  1.513250e+00  1.656130e+00
       3296          0          0 4.04296875000000e-01 1.95312500000000e-03 1.95312500000000e-03  1.490472e+00  9.026741e-01  1.674469e-01  8.299813e-01  4.511161e+00  1.269217e+00  5.641896e-01  1.438527e+00  7.991818e-01  1.513180e+00  1.656094e+00
       3328          0          0 4.08203125000000e-01 1.95312500000000e-03 1.95312500000000e-03  1.490317e+00  9.027601e-01  1.673610e-01  8.298576e-01  4.510565e+00  1.269133e+00  5.641896e-01  1.438375e+00  7.990974e-01  1.512894e+00  1.655869e+00
       3360          0          0 4.12109375000000e-01 1.95312500000000e-03 1.95312500000000e-03  1.490152e+00  9.030158e-01  1.672894e-01  8.297358e-01  4.509856e+00  1.268976e+00  5.641896e-01  1.438186e+00  7.989922e-01  1.512538e+00  1.655544e+00
       3392          0          0 4.16015625000000e-01 1.95312500000000e-03 1.95312500000000e-03  1.490199e+00  9.031455e-01  1.673108e-01  8.297711e-01  4.509840e+00  1.268939e+00  5.641896e-01  1.438143e+00  7.989689e-01  1.512459e+00  1.655529e+00
       3424          0          0 4.19921875000000e-01 1.95312500000000e-03 1.95312500000000e-03  1.490269e+00  9.031712e-01  1.673560e-01  8.298313e-01  4.509929e+00  1.268937e+00  5.641896e-01  1.438135e+00  7.989640e-01  1.512443e+00  1.655579e+00
       3456          0          0 4.23828125000000e-01 1.95312500000000e-03 1.95312500000000e-03  1.490402e+00  9.030463e-01  1.674353e-01  8.299410e-01  4.510407e+00  1.269032e+00  5.641896e-01  1.438239e+00  7.990220e-01  1.512639e+00  1.655802e+00
       3488          0          0 4.27734375000000e-01 1.95312500000000e-03 1.95312500000000e-03  1.490526e+00  9.028012e-01  1.675061e-01  8.300415e-01  4.511014e+00  1.269176e+00  5.641896e-01  1.438406e+00  7.991146e-01  1.512954e+00  1.656081e+00
       3520          0          0 4.31640625000000e-01 1.95312500000000e-03 1.95312500000000e-03  1.490455e+00  9.026882e-01  1.674853e-01  8.299946e-01  4.511060e+00  1.269235e+00  5.641896e-01  1.438450e+00  7.991385e-01  1.513035e+00  1.656106e+00
       3552          0          0 4.35546875000000e-01 1.95312500000000e-03 1.95312500000000e-03  1.490401e+00  9.027222e-01  1.674518e-01  8.299487e-01  4.510957e+00  1.269219e+00  5.641896e-01  1.438439e+00  7.991325e-01  1.513015e+00  1.656044e+00
       3584          0          0 4.39453125000000e-01 1.95312500000000e-03 1.95312500000000e-03  1.490275e+00  9.029717e-01  1.673849e-01  8.298491e-01  4.510511e+00  1.269110e+00  5.641896e-01  1.438320e+00  7.990664e-01  1.512790e+00  1.655809e+00
       3616          0          0 4.43359375000000e-01 1.95312500000000e-03 1.95312500000000e-03  1.490166e+00  9.031561e-01  1.673492e-01  8.297758e-01  4.510135e+00  1.269012e+00  5.641896e-01  1.438231e+00  7.990170e-01  1.512623e+00  1.655600e+00
       3648          0          0 4.47265625000000e-01 1.95312500000000e-03 1.95312500000000e-03  1.490087e+00  9.030939e-01  1.673705e-01  8.297487e-01  4.509880e+00  1.268959e+00  5.641896e-01  1.438209e+00  7.990053e-01  1.512582e+00  1.655473e+00
       3680          0          0 4.51171875000000e-01 1.95312500000000e-03 1.95312500000000e-03  1.490109e+00  9.029698e-01  1.674355e-01  8.297961e-01  4.509947e+00  1.268963e+00  5.641896e-01  1.438254e+00  7.990303e-01  1.512667e+00  1.655494e+00
       3712          0          0 4.55078125000000e-01 1.95312500000000e-03 1.95312500000000e-03  1.490249e+00  9.026905e-01  1.675579e-01  8.299329e-01  4.510460e+00  1.269066e+00  5.641896e-01  1.438404e+00  7.991136e-01  1.512949e+00  1.655733e+00
       3744          0          0 4.58984375000000e-01 1.95312500000000e-03 1.95312500000000e-03  1.490341e+00  9.025800e-01  1.676400e-01  8.300239e-01  4.510785e+00  1.269130e+00  5.641896e-01  1.438476e+00  7.991537e-01  1.513085e+00  1.655884e+00
       3776          0          0 4.62890625000000e-01 1.95312500000000e-03 1.95312500000000e-03  1.490349e+00  9.026311e-01  1.676368e-01  8.300261e-01  4.510914e+00  1.269157e+00  5.641896e-01  1.438497e+00  7.991651e-01  1.513124e+00  1.655925e+00
       3808          0          0 4.66796875000000e-01 1.95312500000000e-03 1.95312500000000e-03  1.490288e+00  9.028118e-01  1.675777e-01  8.299634e-01  4.510702e+00  1.269109e+00  5.641896e-01  1.438423e+00  7.991242e-01  1.512986e+00  1.655817e+00
       3840          0          0 4.70703125000000e-01 1.95312500000000e-03 1.95312500000000e-03  1.490175e+00  9.030735e-01  1.674824e-01  8.298545e-01  4.510239e+00  1.269012e+00  5.641896e-01  1.438277e+00  7.990429e-01  1.512710e+00  1.655608e+00
       3872          0          0 4.74609375000000e-01 1.95312500000000e-03 1.95312500000000e-03  1.490190e+00  9.031267e-01  1.674397e-01  8.298389e-01  4.510142e+00  1.268994e+00  5.641896e-01  1.438228e+00  7.990162e-01  1.512619e+00  1.655595e+00
       3904          0          0 4.78515625000000e-01 1.95312500000000e-03 1.95312500000000e-03  1.490260e+00  9.030831e-01  1.674491e-01  8.298773e-01  4.510286e+00  1.269013e+00  5.641896e-01  1.438259e+00  7.990326e-01  1.512676e+00  1.655671e+00
       3936          0          0 4.82421875000000e-01 1.95312500000000e-03 1.95312500000000e-03  1.490488e+00  9.028535e-01  1.675301e-01  8.300353e-01  4.510958e+00  1.269124e+00  5.641896e-01  1.438430e+00  7.991278e-01  1.512999e+00  1.655985e+00
       3968          0          0 4.86328125000000e-01 1.95312500000000e-03 1.95312500000000e-03  1.490643e+00  9.027903e-01  1.675773e-01  8.301399e-01  4.511274e+00  1.269141e+00  5.641896e-01  1.438503e+00  7.991697e-01  1.513136e+00  1.656122e+00
       4000          0          0 4.90234375000000e-01 1.95312500000000e-03 1.95312500000000e-03  1.490700e+00  9.028706e-01  1.675750e-01  8.301643e-01  4.511325e+00  1.269132e+00  5.641896e-01  1.438486e+00  7.991562e-01  1.513101e+00  1.656152e+00
       4032          0          0 4.94140625000000e-01 1.95312500000000e-03 1.95312500000000e-03  1.490556e+00  9.031572e-01  1.674617e-01  8.300329e-01  4.510703e+00  1.269004e+00  5.641896e-01  1.438298e+00  7.990569e-01  1.512751e+00  1.655878e+00
       4064          0          0 4.98046875000000e-01 1.95312500000000e-03 1.95312500000000e-03  1.490384e+00  9.034984e-01  1.673200e-01  8.298706e-01  4.509885e+00  1.268846e+00  5.641896e-01  1.438044e+00  7.989157e-01  1.512273e+00  1.655545e+00
       4096          0          0 5.01953125000000e-01 1.95312500000000e-03 1.95312500000000e-03  1.490306e+00  9.034353e-01  1.672940e-01  8.297935e-01  4.509447e+00  1.268778e+00  5.641896e-01  1.437965e+00  7.988542e-01  1.512111e+00  1.655399e+00
       4128          0          0 5.05859375000000e-01 1.95312500000000e-03 1.95312500000000e-03  1.490385e+00  9.032289e-01  1.673405e-01  8.298782e-01  4.509766e+00  1.268851e+00  5.641896e-01  1.438058e+00  7.989233e-01  1.512300e+00  1.655553e+00
       4160          0          0 5.09765625000000e-01 1.95312500000000e-03 1.95312500000000e-03  1.490674e+00  9.027343e-01  1.674350e-01  8.301468e-01  4.511059e+00  1.269145e+00  5.641896e-01  1.438374e+00  7.991513e-01  1.512936e+00  1.656150e+00
       4192          0          0 5.13671875000000e-01 1.95312500000000e-03 1.95312500000000e-03  1.490723e+00  9.025997e-01  1.674482e-01  8.301190e-01  4.511481e+00  1.269277e+00  5.641896e-01  1.438514e+00  7.991771e-01  1.513158e+00  1.656359e+00
       4224          0          0 5.17578125000000e-01 1.95312500000000e-03 1.95312500000000e-03  1.490640e+00  9.027508e-01  1.678058e-01  8.292667e-01  4.510971e+00  1.269258e+00  5.641896e-01  1.438823e+00  7.985360e-01  1.513091e+00  1.656272e+00
       4256          0          0 5.21484375000000e-01 1.95312500000000e-03 1.95312500000000e-03  1.490397e+00  9.033477e-01  1.715047e-01  8.219836e-01  4.506551e+00  1.269067e+00  5.641896e-01  1.441693e+00  7.925774e-01  1.512483e+00  1.655843e+00
       4288          0          0 5.25390625000000e-01 1.95312500000000e-03 1.95312500000000e-03  1.490201e+00  9.035121e-01  2.006959e-01  7.669407e-01  4.479032e+00  1.268575e+00  5.641896e-01  1.465100e+00  7.473464e-01  1.511678e+00  1.655056e+00
       4320          0          0 5.29296875000000e-01 1.95312500000000e-03 1.95312500000000e-03  1.490355e+00  9.029467e-01  2.711193e-01  6.078409e-01  4.415541e+00  1.268923e+00  5.641896e-01  1.523351e+00  6.172612e-01  1.509960e+00  1.655625e+00
       4352          0          0 5.33203125000000e-01 1.95312500000000e-03 1.95312500000000e-03  1.488687e+00  9.020451e-01  3.180825e-01  4.918619e-01  4.383667e+00  1.267947e+00  5.641896e-01  1.561908e+00  5.225574e-01  1.515466e+00  1.653116e+00
       4384          0          0 5.37109375000000e-01 1.95312500000000e-03 1.95312500000000e-03  1.488730e+00  9.020908e-01  3.314843e-01  4.572707e-01  4.376856e+00  1.268018e+00  5.641896e-01  1.571847e+00  4.940605e-01  1.516555e+00  1.653240e+00
       4416          0          0 5.41015625000000e-01 1.95312500000000e-03 1.95312500000000e-03  1.489345e+00  9.018038e-01  3.319239e-01  4.494416e-01  4.374753e+00  1.268540e+00  5.641896e-01  1.573083e+00  4.876747e-01  1.515364e+00  1.654376e+00
       4448          0          0 5.44921875000000e-01 1.95312500000000e-03 1.95312500000000e-03  1.493674e+00  9.044504e-01  3.240738e-01  4.461085e-01  4.374199e+00  1.272222e+00  5.641896e-01  1.567552e+00  4.842297e-01  1.505003e+00  1.662393e+00
       4480          0          0 5.48828125000000e-01 1.95312500000000e-03 1.95312500000000e-03  1.532146e+00  9.155892e-01  2.622919e-01  4.364335e-01  4.395930e+00  1.304939e+00  5.641896e-01  1.526898e+00  4.720948e-01  1.436301e+00  1.734298e+00
       4512          0          0 5.52734375000000e-01 1.95312500000000e-03 1.95312500000000e-03  1.599692e+00  9.313179e-01  1.428074e-01  4.158785e-01  4.445222e+00  1.364090e+00  5.641896e-01  1.452358e+00  4.497699e-01  1.314974e+00  1.865810e+00
       4544          0          0 5.56640625000000e-01 1.95312500000000e-03 1.95312500000000e-03  1.626896e+00  9.381958e-01  8.993867e-02  4.058654e-01  4.466046e+00  1.387283e+00  5.641896e-01  1.419915e+00  4.397831e-01  1.263938e+00  1.918984e+00
       4576          0          0 5.60546875000000e-01 1.95312500000000e-03 1.95312500000000e-03  1.633517e+00  9.404004e-01  7.999288e-02  4.043398e-01  4.471416e+00  1.391038e+00  5.641896e-01  1.413922e+00  4.379233e-01  1.254631e+00  1.929397e+00
       4608          0          0 5.64453125000000e-01 1.95312500000000e-03 1.95312500000000e-03  1.634587e+00  9.407728e-01  7.846855e-02  4.041986e-01  4.472576e+00  1.391826e+00  5.641896e-01  1.412869e+00  4.375790e-01  1.252992e+00  1.931332e+00
       4640          0          0 5.68359375000000e-01 1.95312500000000e-03 1.95312500000000e-03  1.634599e+00  9.405444e-01  7.821830e-02  4.041852e-01  4.472636e+00  1.392072e+00  5.641896e-01  1.412657e+00  4.375382e-01  1.252675e+00  1.931684e+00
       4672          0          0 5.72265625000000e-01 1.95312500000000e-03 1.95312500000000e-03  1.633644e+00  9.397104e-01  7.804696e-02  4.039641e-01  4.471827e+00  1.392541e+00  5.641896e-01  1.412447e+00  4.375277e-01  1.252374e+00  1.931581e+00
       4704          0          0 5.76171875000000e-01 1.95312500000000e-03 1.95312500000000e-03  1.632455e+00  9.388925e-01  7.774982e-02  4.036383e-01  4.471283e+00  1.393234e+00  5.641896e-01  1.412264e+00  4.375535e-01  1.252126e+00  1.931604e+00
       4736          0          0 5.80078125000000e-01 1.95312500000000e-03 1.95312500000000e-03  1.632167e+00  9.387657e-01  7.750024e-02  4.034860e-01  4.471281e+00  1.393510e+00  5.641896e-01  1.412132e+00  4.375904e-01  1.251956e+00  1.931760e+00
       4768          0          0 5.83984375000000e-01 1.95312500000000e-03 1.95312500000000e-03  1.632393e+00  9.391475e-01  7.747914e-02  4.035181e-01  4.471963e+00  1.393612e+00  5.641896e-01  1.412136e+00  4.376241e-01  1.251976e+00  1.932079e+00
       4800          0          0 5.87890625000000e-01 1.95312500000000e-03 1.95312500000000e-03  1.634166e+00  9.405057e-01  7.764223e-02  4.039834e-01  4.473368e+00  1.392938e+00  5.641896e-01  1.412238e+00  4.376515e-01  1.252132e+00  1.932543e+00
       4832          0          0 5.91796875000000e-01 1.95312500000000e-03 1.95312500000000e-03  1.636318e+00  9.418477e-01  7.795005e-02  4.046202e-01  4.474166e+00  1.391825e+00  5.641896e-01  1.412279e+00  4.376386e-01  1.252184e+00  1.932694e+00
       4864          0          0 5.95703125000000e-01 1.95312500000000e-03 1.95312500000000e-03  1.636698e+00  9.420419e-01  7.813437e-02  4.048366e-01  4.474253e+00  1.391618e+00  5.641896e-01  1.412260e+00  4.376286e-01  1.252153e+00  1.932706e+00
       4896          0          0 5.99609375000000e-01 1.95312500000000e-03 1.95312500000000e-03  1.636502e+00  9.418082e-01  7.816641e-02  4.048604e-01  4.473858e+00  1.391641e+00  5.641896e-01  1.412170e+00  4.376348e-01  1.252029e+00  1.932584e+00
       4928          0          0 6.03515625000000e-01 1.95312500000000e-03 1.95312500000000e-03  1.634313e+00  9.403929e-01  7.811109e-02  4.043142e-01  4.473063e+00  1.392805e+00  5.641896e-01  1.412088e+00  4.376461e-01  1.251918e+00  1.932475e+00
       4960          0          0 6.07421875000000e-01 1.95312500000000e-03 1.95312500000000e-03  1.617986e+00  9.308988e-01  7.740349e-02  4.002182e-01  4.469765e+00  1.402140e+00  5.641896e-01  1.412096e+00  4.376898e-01  1.251948e+00  1.932449e+00
       4992          0          0 6.11328125000000e-01 1.95312500000000e-03 1.95312500000000e-03  1.566557e+00  9.012457e-01  7.504689e-02  3.874741e-01  4.459543e+00  1.432622e+00  5.641896e-01  1.412112e+00  4.377328e-01  1.251990e+00  1.932395e+00
       5024          0          0 6.15234375000000e-01 1.95312500000000e-03 1.95312500000000e-03  1.509425e+00  8.683801e-01  7.233862e-02  3.733613e-01  4.448061e+00  1.468439e+00  5.641896e-01  1.412105e+00  4.377355e-01  1.251982e+00  1.932252e+00
       5056          0          0 6.19140625000000e-01 1.95312500000000e-03 1.95312500000000e-03  1.479346e+00  8.511389e-01  7.084927e-02  3.659771e-01  4.441791e+00  1.488125e+00  5.641896e-01  1.412053e+00  4.376996e-01  1.251892e+00  1.932054e+00
       5088          0          0 6.23046875000000e-01 1.95312500000000e-03 1.95312500000000e-03  1.471494e+00  8.466935e-01  7.040620e-02  3.641705e-01  4.440159e+00  1.493352e+00  5.641896e-01  1.412063e+00  4.375900e-01  1.251858e+00  1.931974e+00
       5120          0          0 6.26953125000000e-01 1.95312500000000e-03 1.95312500000000e-03  1.470380e+00  8.461541e-01  7.035033e-02  3.639683e-01  4.440187e+00  1.494144e+00  5.641896e-01  1.412140e+00  4.375627e-01  1.251956e+00  1.932022e+00
       5152          0          0 6.30859375000000e-01 1.95312500000000e-03 1.95312500000000e-03  1.470442e+00  8.463349e-01  7.039630e-02  3.639987e-01  4.440862e+00  1.494272e+00  5.641896e-01  1.412300e+00  4.376035e-01  1.252200e+00  1.932242e+00
       5184          0          0 6.34765625000000e-01 1.95312500000000e-03 1.95312500000000e-03  1.470827e+00  8.466071e-01  7.053636e-02  3.640615e-01  4.441319e+00  1.494100e+00  5.641896e-01  1.412404e+00  4.376861e-01  1.252383e+00  1.932357e+00
       5216          0          0 6.38671875000000e-01 1.95312500000000e-03 1.95312500000000e-03  1.471858e+00  8.471254e-01  7.061712e-02  3.641798e-01  4.441588e+00  1.493423e+00  5.641896e-01  1.412435e+00  4.378194e-01  1.252484e+00  1.932384e+00
       5248          0          0 6.42578125000000e-01 1.95312500000000e-03 1.95312500000000e-03  1.472480e+00  8.473417e-01  7.053916e-02  3.642428e-01  4.441379e+00  1.492856e+00  5.641896e-01  1.412460e+00  4.378738e-01  1.252543e+00  1.932195e+00
       5280          0          0 6.46484375000000e-01 1.95312500000000e-03 1.95312500000000e-03  1.472439e+00  8.470554e-01  7.003853e-02  3.641714e-01  4.440239e+00  1.492294e+00  5.641896e-01  1.412612e+00  4.378488e-01  1.252748e+00  1.931431e+00
       5312          0          0 6.50390625000000e-01 1.95312500000000e-03 1.95312500000000e-03  1.472338e+00  8.469197e-01  6.960085e-02  3.642264e-01  4.439540e+00  1.491923e+00  5.641896e-01  1.412810e+00  4.377116e-01  1.252967e+00  1.930863e+00
       5344          0          0 6.54296875000000e-01 1.95312500000000e-03 1.95312500000000e-03  1.472356e+00  8.469746e-01  6.954342e-02  3.644317e-01  4.439473e+00  1.491861e+00  5.641896e-01  1.412838e+00  4.375121e-01  1.252919e+00  1.930799e+00
       5376          0          0 6.58203125000000e-01 1.95312500000000e-03 1.95312500000000e-03  1.472453e+00  8.470428e-01  6.962766e-02  3.645304e-01  4.439633e+00  1.491897e+00  5.641896e-01  1.412794e+00  4.374612e-01  1.252834e+00  1.930930e+00
       5408          0          0 6.62109375000000e-01 1.95312500000000e-03 1.95312500000000e-03  1.472539e+00  8.471493e-01  6.973284e-02  3.645736e-01  4.439883e+00  1.491973e+00  5.641896e-01  1.412744e+00  4.374605e-01  1.252764e+00  1.931104e+00
       5440          0          0 6.66015625000000e-01 1.95312500000000e-03 1.95312500000000e-03  1.472542e+00  8.471529e-01  6.971035e-02  3.645479e-01  4.439977e+00  1.491964e+00  5.641896e-01  1.412811e+00  4.375062e-01  1.252878e+00  1.931094e+00
       5472          0          0 6.69921875000000e-01 1.95312500000000e-03 1.95312500000000e-03  1.472221e+00  8.469550e-01  6.902372e-02  3.641561e-01  4.439425e+00  1.491579e+00  5.641896e-01  1.413304e+00  4.377293e-01  1.253673e+00  1.930316e+00
       5504          0          0 6.73828125000000e-01 1.95312500000000e-03 1.95312500000000e-03  1.469299e+00  8.442484e-01  6.247059e-02  3.609698e-01  4.433982e+00  1.488454e+00  5.641896e-01  1.417396e+00  4.393658e-01  1.260182e+00  1.923721e+00
       5536          0          0 6.77734375000000e-01 1.95312500000000e-03 1.95312500000000e-03  1.446220e+00  8.230587e-01  1.423525e-02  3.393717e-01  4.391801e+00  1.465136e+00  5.641896e-01  1.447015e+00  4.496001e-01  1.307151e+00  1.873704e+00
       5568          0          0 6.81640625000000e-01 1.95312500000000e-03 1.95312500000000e-03  1.384677e+00  7.667726e-01 -1.078638e-01  2.912592e-01  4.292250e+00  1.402812e+00  5.641896e-01  1.524060e+00  4.700521e-01  1.431009e+00  1.742737e+00
       5600          0          0 6.85546875000000e-01 1.95312500000000e-03 1.95312500000000e-03  1.332162e+00  7.197735e-01 -2.054541e-01  2.584085e-01  4.219005e+00  1.348112e+00  5.641896e-01  1.587688e+00  4.813962e-01  1.535403e+00  1.632165e+00
       2560          0          0 3.14453125000000e-01 1.95312500000000e-03 1.95312500000000e-03  1.488829e+00  9.060457e-01  1.668272e-01  8.288251e-01  4.505323e+00  1.267916e+00  5.641896e-01  1.436735e+00  7.981863e-01  1.509810e+00  1.653181e+00
       2592          0          0 3.18359375000000e-01 1.95312500000000e-03 1.95312500000000e-03  1.489924e+00  9.019527e-01  1.673769e-01  8.296716e-01  4.507221e+00  1.268427e+00  5.641896e-01  1.437805e+00  7.987804e-01  1.511821e+00  1.654659e+00
       2624          0          0 3.22265625000000e-01 1.95312500000000e-03 1.95312500000000e-03  1.490051e+00  9.031113e-01  1.673259e-01  8.297063e-01  4.509810e+00  1.269029e+00  5.641896e-01  1.438123e+00  7.989572e-01  1.512420e+00  1.655538e+00
       2656          0          0 3.26171875000000e-01 1.95312500000000e-03 1.95312500000000e-03  1.490291e+00  9.038395e-01  1.674358e-01  8.298857e-01  4.511068e+00  1.269055e+00  5.641896e-01  1.438373e+00  7.990964e-01  1.512891e+00  1.655749e+00
       2688          0          0 3.30078125000000e-01 1.95312500000000e-03 1.95312500000000e-03  1.490325e+00  9.031963e-01  1.674263e-01  8.298972e-01  4.509951e+00  1.268839e+00  5.641896e-01  1.438195e+00  7.989972e-01  1.512556e+00  1.655491e+00
       2720          0          0 3.33984375000000e-01 1.95312500000000e-03 1.95312500000000e-03  1.490317e+00  9.025169e-01  1.673832e-01  8.298699e-01  4.509537e+00  1.268895e+00  5.641896e-01  1.438148e+00  7.989713e-01  1.512467e+00  1.655560e+00
       2752          0          0 3.37890625000000e-01 1.95312500000000e-03 1.95312500000000e-03  1.490442e+00  9.027780e-01  1.673930e-01  8.299370e-01  4.511067e+00  1.269229e+00  5.641896e-01  1.438459e+00  7.991443e-01  1.513053e+00  1.656088e+00
       2784          0          0 3.41796875000000e-01 1.95312500000000e-03 1.95312500000000e-03  1.490495e+00  9.028576e-01  1.674851e-01  8.300145e-01  4.511627e+00  1.269328e+00  5.641896e-01  1.438578e+00  7.992103e-01  1.513277e+00  1.656256e+00
       2816          0          0 3.45703125000000e-01 1.95312500000000e-03 1.95312500000000e-03  1.490353e+00  9.027420e-01  1.675351e-01  8.299717e-01  4.510800e+00  1.269164e+00  5.641896e-01  1.438414e+00  7.991191e-01  1.512968e+00  1.655937e+00
       2848          0          0 3.49609375000000e-01 1.95312500000000e-03 1.95312500000000e-03  1.490078e+00  9.029563e-01  1.674532e-01  8.297904e-01  4.509486e+00  1.268886e+00  5.641896e-01  1.438106e+00  7.989477e-01  1.512388e+00  1.655371e+00
       2880          0          0 3.53515625000000e-01 1.95312500000000e-03 1.95312500000000e-03  1.490096e+00  9.035220e-01  1.673416e-01  8.297372e-01  4.509697e+00  1.268856e+00  5.641896e-01  1.438083e+00  7.989349e-01  1.512344e+00  1.655345e+00
       2912          0          0 3.57421875000000e-01 1.95312500000000e-03 1.95312500000000e-03  1.490142e+00  9.035902e-01  1.673160e-01  8.297453e-01  4.509612e+00  1.268828e+00  5.641896e-01  1.438025e+00  7.989032e-01  1.512237e+00  1.655342e+00
       2944          0          0 3.61328125000000e-01 1.95312500000000e-03 1.95312500000000e-03  1.490174e+00  9.033124e-01  1.673719e-01  8.297925e-01  4.509581e+00  1.268836e+00  5.641896e-01  1.438060e+00  7.989222e-01  1.512301e+00  1.655376e+00
       2976          0          0 3.65234375000000e-01 1.95312500000000e-03 1.95312500000000e-03  1.490376e+00  9.027902e-01  1.675133e-01  8.299713e-01  4.510365e+00  1.269015e+00  5.641896e-01  1.438313e+00  7.990632e-01  1.512779e+00  1.655761e+00
       3008          0          0 3.69140625000000e-01 1.95312500000000e-03 1.95312500000000e-03  1.490433e+00  9.025789e-01  1.675724e-01  8.300318e-01  4.510888e+00  1.269128e+00  5.641896e-01  1.438498e+00  7.991661e-01  1.513127e+00  1.655949e+00
       3040          0          0 3.73046875000000e-01 1.95312500000000e-03 1.95312500000000e-03  1.490438e+00  9.026461e-01  1.675871e-01  8.300427e-01  4.511117e+00  1.269155e+00  5.641896e-01  1.438564e+00  7.992023e-01  1.513251e+00  1.655988e+00
       5632          0          0 6.89453125000000e-01 1.95312500000000e-03 1.95312500000000e-03  1.313519e+00  7.042456e-01 -2.381240e-01  2.469593e-01  4.195876e+00  1.328646e+00  5.641896e-01  1.609339e+00  4.854097e-01  1.571952e+00  1.593554e+00
       5664          0          0 6.93359375000000e-01 1.95312500000000e-03 1.95312500000000e-03  1.309402e+00  6.994830e-01 -2.428126e-01  2.402203e-01  4.187629e+00  1.324435e+00  5.641896e-01  1.612003e+00  4.899828e-01  1.578473e+00  1.585184e+00
       5696          0          0 6.97265625000000e-01 1.95312500000000e-03 1.95312500000000e-03  1.308248e+00  6.984951e-01 -2.380672e-01  2.170961e-01  4.181339e+00  1.323363e+00  5.641896e-01  1.607264e+00  5.097825e-01  1.580743e+00  1.582968e+00
       5728          0          0 7.01171875000000e-01 1.95312500000000e-03 1.95312500000000e-03  1.308558e+00  6.988539e-01 -2.174810e-01  1.595681e-01  4.169517e+00  1.324016e+00  5.641896e-01  1.589379e+00  5.601429e-01  1.579098e+00  1.584001e+00
       5760          0          0 7.05078125000000e-01 1.95312500000000e-03 1.95312500000000e-03  1.309094e+00  6.992695e-01 -1.848671e-01  7.629570e-02  4.157889e+00  1.324690e+00  5.641896e-01  1.561058e+00  6.330641e-01  1.577991e+00  1.585239e+00
       5792          0          0 7.08984375000000e-01 1.95312500000000e-03 1.95312500000000e-03  1.309404e+00  6.994565e-01 -1.526543e-01  1.367264e-03  4.152279e+00  1.324635e+00  5.641896e-01  1.533108e+00  6.986583e-01  1.578427e+00  1.585423e+00
       5824          0          0 7.12890625000000e-01 1.95312500000000e-03 1.95312500000000e-03  1.309470e+00  6.994949e-01 -1.327185e-01 -4.203962e-02  4.151183e+00  1.324336e+00  5.641896e-01  1.515785e+00  7.366396e-01  1.579275e+00  1.585119e+00
       5856          0          0 7.16796875000000e-01 1.95312500000000e-03 1.95312500000000e-03  1.309469e+00  6.995835e-01 -1.252713e-01 -5.793057e-02  4.151446e+00  1.324208e+00  5.641896e-01  1.509325e+00  7.505508e-01  1.579849e+00  1.584965e+00
       5888          0          0 7.20703125000000e-01 1.95312500000000e-03 1.95312500000000e-03  1.309457e+00  6.997983e-01 -1.237200e-01 -6.150859e-02  4.151870e+00  1.324200e+00  5.641896e-01  1.507976e+00  7.536814e-01  1.580169e+00  1.584946e+00
       5920          0          0 7.24609375000000e-01 1.95312500000000e-03 1.95312500000000e-03  1.309409e+00  7.000393e-01 -1.235807e-01 -6.210411e-02  4.152048e+00  1.324196e+00  5.641896e-01  1.507793e+00  7.541704e-01  1.580262e+00  1.584902e+00
       5952          0          0 7.28515625000000e-01 1.95312500000000e-03 1.95312500000000e-03  1.309306e+00  7.001172e-01 -1.236130e-01 -6.219744e-02  4.151947e+00  1.324168e+00  5.641896e-01  1.507771e+00  7.542274e-01  1.580271e+00  1.584786e+00
       5984          0          0 7.32421875000000e-01 1.95312500000000e-03 1.95312500000000e-03  1.309186e+00  7.000404e-01 -1.237242e-01 -6.221244e-02  4.151697e+00  1.324088e+00  5.641896e-01  1.507812e+00  7.542121e-01  1.580322e+00  1.584594e+00
       6016          0          0 7.36328125000000e-01 1.95312500000000e-03 1.95312500000000e-03  1.309032e+00  6.997665e-01 -1.238381e-01 -6.211885e-02  4.151231e+00  1.324022e+00  5.641896e-01  1.507842e+00  7.540949e-01  1.580278e+00  1.584390e+00
       6048          0          0 7.40234375000000e-01 1.95312500000000e-03 1.95312500000000e-03  1.308862e+00  6.993063e-01 -1.238880e-01 -6.196132e-02  4.150445e+00  1.323953e+00  5.641896e-01  1.507782e+00  7.539062e-01  1.580045e+00  1.584171e+00
       6080          0          0 7.44140625000000e-01 1.95312500000000e-03 1.95312500000000e-03  1.308758e+00  6.989645e-01 -1.238683e-01 -6.189250e-02  4.149860e+00  1.323896e+00  5.641896e-01  1.507705e+00  7.538153e-01  1.579861e+00  1.584018e+00
       6112          0          0 7.48046875000000e-01 1.95312500000000e-03 1.95312500000000e-03  1.308725e+00  6.988382e-01 -1.238355e-01 -6.186815e-02  4.149704e+00  1.323882e+00  5.641896e-01  1.507694e+00  7.538037e-01  1.579836e+00  1.583975e+00
       6144          0          0 7.51953125000000e-01 1.95312500000000e-03 1.95312500000000e-03  1.308727e+00  6.988275e-01 -1.237998e-01 -6.186169e-02  4.149754e+00  1.323871e+00  5.641896e-01  1.507731e+00  7.538320e-01  1.579913e+00  1.583964e+00
       6176          0          0 7.55859375000000e-01 1.95312500000000e-03 1.95312500000000e-03  1.308771e+00  6.989210e-01 -1.238149e-01 -6.189564e-02  4.149925e+00  1.323876e+00  5.641896e-01  1.507755e+00  7.538673e-01  1.579976e+00  1.584005e+00
       6208          0          0 7.59765625000000e-01 1.95312500000000e-03 1.95312500000000e-03  1.308844e+00  6.991618e-01 -1.238868e-01 -6.195151e-02  4.150388e+00  1.323939e+00  5.641896e-01  1.507820e+00  7.539169e-01  1.580110e+00  1.584139e+00
       6240          0          0 7.63671875000000e-01 1.95312500000000e-03 1.95312500000000e-03  1.308946e+00  6.995018e-01 -1.239659e-01 -6.199216e-02  4.151140e+00  1.324048e+00  5.641896e-01  1.507956e+00  7.539861e-01  1.580367e+00  1.584352e+00
       6272          0          0 7.67578125000000e-01 1.95312500000000e-03 1.95312500000000e-03  1.309037e+00  6.998008e-01 -1.240070e-01 -6.201076e-02  4.151869e+00  1.324167e+00  5.641896e-01  1.508091e+00  7.540518e-01  1.580621e+00  1.584568e+00
       6304          0          0 7.71484375000000e-01 1.95312500000000e-03 1.95312500000000e-03  1.309038e+00  6.999169e-01 -1.240017e-01 -6.200349e-02  4.152173e+00  1.324236e+00  5.641896e-01  1.508156e+00  7.540802e-01  1.580740e+00  1.584650e+00
       6336          0          0 7.75390625000000e-01 1.95312500000000e-03 1.95312500000000e-03  1.309016e+00  6.999287e-01 -1.239601e-01 -6.197841e-02  4.152185e+00  1.324257e+00  5.641896e-01  1.508154e+00  7.540756e-01  1.580735e+00  1.584659e+00
       6368          0          0 7.79296875000000e-01 1.95312500000000e-03 1.95312500000000e-03  1.309037e+00  6.998666e-01 -1.239172e-01 -6.195600e-02  4.152138e+00  1.324272e+00  5.641896e-01  1.508125e+00  7.540600e-01  1.580678e+00  1.584693e+00
       6400          0          0 7.83203125000000e-01 1.95312500000000e-03 1.95312500000000e-03  1.309008e+00  6.995389e-01 -1.238419e-01 -6.191937e-02  4.151537e+00  1.324210e+00  5.641896e-01  1.507978e+00  7.539874e-01  1.580402e+00  1.584596e+00
       6432          0          0 7.87109375000000e-01 1.95312500000000e-03 1.95312500000000e-03  1.308854e+00  6.990082e-01 -1.237422e-01 -6.187035e-02  4.150312e+00  1.324043e+00  5.641896e-01  1.507731e+00  7.538648e-01  1.579937e+00  1.584271e+00
       6464          0          0 7.91015625000000e-01 1.95312500000000e-03 1.95312500000000e-03  1.308704e+00  6.986221e-01 -1.236601e-01 -6.183041e-02  4.149322e+00  1.323901e+00  5.641896e-01  1.507540e+00  7.537700e-01  1.579578e+00  1.583980e+00
       6496          0          0 7.94921875000000e-01 1.95312500000000e-03 1.95312500000000e-03  1.308643e+00  6.985283e-01 -1.236245e-01 -6.181302e-02  4.149010e+00  1.323836e+00  5.641896e-01  1.507499e+00  7.537500e-01  1.579501e+00  1.583853e+00
       6528          0          0 7.98828125000000e-01 1.95312500000000e-03 1.95312500000000e-03  1.308620e+00  6.985822e-01 -1.236390e-01 -6.181987e-02  4.148849e+00  1.323785e+00  5.641896e-01  1.507458e+00  7.537302e-01  1.579425e+00  1.583774e+00
       6560          0          0 8.02734375000000e-01 1.95312500000000e-03 1.95312500000000e-03  1.308674e+00  6.988001e-01 -1.237103e-01 -6.185521e-02  4.149077e+00  1.323808e+00  5.641896e-01  1.507461e+00  7.537314e-01  1.579431e+00  1.583844e+00
       6592          0          0 8.06640625000000e-01 1.95312500000000e-03 1.95312500000000e-03  1.308856e+00  6.993097e-01 -1.238074e-01 -6.190408e-02  4.150280e+00  1.323995e+00  5.641896e-01  1.507668e+00  7.538339e-01  1.579819e+00  1.584216e+00
       6624          0          0 8.10546875000000e-01 1.95312500000000e-03 1.95312500000000e-03  1.309108e+00  6.999506e-01 -1.238798e-01 -6.193974e-02  4.152018e+00  1.324270e+00  5.641896e-01  1.508000e+00  7.539999e-01  1.580444e+00  1.584749e+00
       6656          0          0 8.14453125000000e-01 1.95312500000000e-03 1.95312500000000e-03  1.309265e+00  7.003049e-01 -1.238820e-01 -6.194070e-02  4.153097e+00  1.324424e+00  5.641896e-01  1.508237e+00  7.541184e-01  1.580892e+00  1.585058e+00
       6688          0          0 8.18359375000000e-01 1.95312500000000e-03 1.95312500000000e-03  1.309301e+00  7.003774e-01 -1.238765e-01 -6.193840e-02  4.153362e+00  1.324479e+00  5.641896e-01  1.508285e+00  7.541423e-01  1.580982e+00  1.585154e+00
       6720          0          0 8.22265625000000e-01 1.95312500000000e-03 1.95312500000000e-03  1.309297e+00  7.003639e-01 -1.239329e-01 -6.196644e-02  4.153337e+00  1.324502e+00  5.641896e-01  1.508252e+00  7.541260e-01  1.580920e+00  1.585178e+00
       6752          0          0 8.26171875000000e-01 1.95312500000000e-03 1.95312500000000e-03  1.309263e+00  7.001243e-01 -1.239465e-01 -6.197306e-02  4.153038e+00  1.324502e+00  5.641896e-01  1.508179e+00  7.540900e-01  1.580783e+00  1.585151e+00
       6784          0          0 8.30078125000000e-01 1.95312500000000e-03 1.95312500000000e-03  1.309044e+00  6.994730e-01 -1.238257e-01 -6.191267e-02  4.151583e+00  1.324256e+00  5.641896e-01  1.507958e+00  7.539793e-01  1.580366e+00  1.584679e+00
       6816          0          0 8.33984375000000e-01 1.95312500000000e-03 1.95312500000000e-03  1.308700e+00  6.987181e-01 -1.236415e-01 -6.182078e-02  4.149406e+00  1.323876e+00  5.641896e-01  1.507583e+00  7.537919e-01  1.579660e+00  1.583948e+00
       6848          0          0 8.37890625000000e-01 1.95312500000000e-03 1.95312500000000e-03  1.308497e+00  6.983799e-01 -1.235658e-01 -6.178262e-02  4.148110e+00  1.323642e+00  5.641896e-01  1.507334e+00  7.536672e-01  1.579190e+00  1.583503e+00
       6880          0          0 8.41796875000000e-01 1.95312500000000e-03 1.95312500000000e-03  1.308400e+00  6.982989e-01 -1.235401e-01 -6.176994e-02  4.147730e+00  1.323591e+00  5.641896e-01  1.507260e+00  7.536301e-01  1.579050e+00  1.583364e+00
       6912          0          0 8.45703125000000e-01 1.95312500000000e-03 1.95312500000000e-03  1.308416e+00  6.982756e-01 -1.235399e-01 -6.177009e-02  4.147863e+00  1.323638e+00  5.641896e-01  1.507283e+00  7.536415e-01  1.579094e+00  1.583434e+00
       6944          0          0 8.49609375000000e-01 1.95312500000000e-03 1.95312500000000e-03  1.308507e+00  6.984332e-01 -1.235906e-01 -6.179549e-02  4.148381e+00  1.323733e+00  5.641896e-01  1.507369e+00  7.536843e-01  1.579255e+00  1.583620e+00
       6976          0          0 8.53515625000000e-01 1.95312500000000e-03 1.95312500000000e-03  1.308785e+00  6.990641e-01 -1.237216e-01 -6.186094e-02  4.149859e+00  1.323935e+00  5.641896e-01  1.507616e+00  7.538082e-01  1.579722e+00  1.584087e+00
       7008          0          0 8.57421875000000e-01 1.95312500000000e-03 1.95312500000000e-03  1.309220e+00  6.999686e-01 -1.238465e-01 -6.192325e-02  4.152051e+00  1.324194e+00  5.641896e-01  1.508024e+00  7.540122e-01  1.580491e+00  1.584748e+00
       7040          0          0 8.61328125000000e-01 1.95312500000000e-03 1.95312500000000e-03  1.309505e+00  7.004753e-01 -1.239349e-01 -6.196745e-02  4.153718e+00  1.324455e+00  5.641896e-01  1.508350e+00  7.541747e-01  1.581104e+00  1.585290e+00
       7072          0          0 8.65234375000000e-01 1.95312500000000e-03 1.95312500000000e-03  1.309591e+00  7.006382e-01 -1.240177e-01 -6.200858e-02  4.154297e+00  1.324598e+00  5.641896e-01  1.508421e+00  7.542102e-01  1.581238e+00  1.585531e+00
       7104          0          0 8.69140625000000e-01 1.95312500000000e-03 1.95312500000000e-03  1.309548e+00  7.006951e-01 -1.240432e-01 -6.202193e-02  4.154230e+00  1.324585e+00  5.641896e-01  1.508404e+00  7.542018e-01  1.581207e+00  1.585480e+00
       7136          0          0 8.73046875000000e-01 1.95312500000000e-03 1.95312500000000e-03  1.309381e+00  7.006438e-01 -1.240182e-01 -6.200919e-02  4.153834e+00  1.324519e+00  5.641896e-01  1.508368e+00  7.541835e-01  1.581138e+00  1.585266e+00
       2048          0          0 2.51953125000000e-01 1.95312500000000e-03 1.95312500000000e-03  1.080000e+00  1.296000e+00  1.080002e-02  5.400000e-01  3.171626e+00  9.024873e-01  5.641896e-01  1.015541e+00  5.641896e-01  8.339719e-01  9.500000e-01
       2080          0          0 2.55859375000000e-01 1.95312500000000e-03 1.95312500000000e-03  1.080000e+00  1.296000e+00  1.080003e-02  5.400000e-01  3.171626e+00  9.024870e-01  5.641896e-01  1.015541e+00  5.641896e-01  8.339719e-01  9.499997e-01
       2112          0          0 2.59765625000000e-01 1.95312500000000e-03 1.95312500000000e-03  1.080000e+00  1.296000e+00  1.080003e-02  5.400000e-01  3.171626e+00  9.024870e-01  5.641896e-01  1.015541e+00  5.641896e-01  8.339719e-01  9.499997e-01
       2144          0          0 2.63671875000000e-01 1.95312500000000e-03 1.95312500000000e-03  1.080000e+00  1.296000e+00  1.080003e-02  5.400000e-01  3.171626e+00  9.024870e-01  5.641896e-01  1.015541e+00  5.641896e-01  8.339719e-01  9.499997e-01
       2176          0          0 2.67578125000000e-01 1.95312500000000e-03 1.95312500000000e-03  1.080000e+00  1.296000e+00  1.080003e-02  5.400000e-01  3.171626e+00  9.024870e-01  5.641896e-01  1.015541e+00  5.641896e-01  8.339719e-01  9.499997e-01
       2208          0          0 2.71484375000000e-01 1.95312500000000e-03 1.95312500000000e-03  1.080000e+00  1.296000e+00  1.080003e-02  5.400000e-01  3.171626e+00  9.024870e-01  5.641896e-01  1.015541e+00  5.641896e-01  8.339719e-01  9.499997e-01
       2240          0          0 2.75390625000000e-01 1.95312500000000e-03 1.95312500000000e-03  1.080000e+00  1.296000e+00  1.080003e-02  5.400000e-01  3.171626e+00  9.024870e-01  5.641896e-01  1.015541e+00  5.641896e-01  8.339719e-01  9.499997e-01
       2272          0          0 2.79296875000000e-01 1.95312500000000e-03 1.95312500000000e-03  1.080000e+00  1.296000e+00  1.080002e-02  5.400000e-01  3.171626e+00  9.024870e-01  5.641896e-01  1.015541e+00  5.641896e-01  8.339719e-01  9.499997e-01
       2304          0          0 2.83203125000000e-01 1.95312500000000e-03 1.95312500000000e-03  1.080000e+00  1.296000e+00  1.080003e-02  5.400000e-01  3.171626e+00  9.024870e-01  5.641896e-01  1.015541e+00  5.641896e-01  8.339719e-01  9.499997e-01
       2336          0          0 2.87109375000000e-01 1.95312500000000e-03 1.95312500000000e-03  1.080000e+00  1.296000e+00  1.080003e-02  5.400000e-01  3.171626e+00  9.024870e-01  5.641896e-01  1.015541e+00  5.641896e-01  8.339719e-01  9.499997e-01
       2368          0          0 2.91015625000000e-01 1.95312500000000e-03 1.95312500000000e-03  1.080000e+00  1.296000e+00  1.080003e-02  5.400000e-01  3.171626e+00  9.024870e-01  5.641896e-01  1.015541e+00  5.641896e-01  8.339719e-01  9.499997e-01
       2400          0          0 2.94921875000000e-01 1.95312500000000e-03 1.95312500000000e-03  1.080003e+00  1.295999e+00  1.080119e-02  5.400022e-01  3.171634e+00  9.024895e-01  5.641896e-01  1.015545e+00  5.641915e-01  8.339763e-01  9.500045e-01
       2432          0          0 2.98828125000000e-01 1.95312500000000e-03 1.95312500000000e-03  1.080119e+00  1.295941e+00  1.084292e-02  5.400828e-01  3.171924e+00  9.025864e-01  5.641896e-01  1.015666e+00  5.642591e-01  8.341380e-01  9.501743e-01
       2464          0          0 3.02734375000000e-01 1.95312500000000e-03 1.95312500000000e-03  1.083828e+00  1.294060e+00  1.217095e-02  5.426543e-01  3.181271e+00  9.057384e-01  5.641896e-01  1.019548e+00  5.664155e-01  8.393072e-01  9.556739e-01
       2496          0          0 3.06640625000000e-01 1.95312500000000e-03 1.95312500000000e-03  1.174035e+00  1.235089e+00  4.350664e-02  6.046652e-01  3.435991e+00  9.945388e-01  5.641896e-01  1.112918e+00  6.182880e-01  9.695886e-01  1.106817e+00
       2528          0          0 3.10546875000000e-01 1.95312500000000e-03 1.95312500000000e-03  1.442401e+00  9.707747e-01  1.461567e-01  7.943855e-01  4.327792e+00  1.228833e+00  5.641896e-01  1.389166e+00  7.717589e-01  1.421852e+00  1.568738e+00
       7168          0          0 8.76953125000000e-01 1.95312500000000e-03 1.95312500000000e-03  1.309174e+00  7.003112e-01 -1.239194e-01 -6.195968e-02  4.153325e+00  1.324488e+00  5.641896e-01  1.508344e+00  7.541719e-01  1.581094e+00  1.585062e+00
       7200          0          0 8.80859375000000e-01 1.95312500000000e-03 1.95312500000000e-03  1.308904e+00  6.996025e-01 -1.238025e-01 -6.190092e-02  4.151540e+00  1.324213e+00  5.641896e-01  1.508019e+00  7.540096e-01  1.580481e+00  1.584516e+00
       7232          0          0 8.84765625000000e-01 1.95312500000000e-03 1.95312500000000e-03  1.308563e+00  6.988197e-01 -1.237084e-01 -6.185389e-02  4.149072e+00  1.323805e+00  5.641896e-01  1.507518e+00  7.537591e-01  1.579537e+00  1.583752e+00
       7264          0          0 8.88671875000000e-01 1.95312500000000e-03 1.95312500000000e-03  1.308525e+00  6.983871e-01 -1.236350e-01 -6.181715e-02  4.147940e+00  1.323588e+00  5.641896e-01  1.507272e+00  7.536362e-01  1.579074e+00  1.583462e+00
       7296          0          0 8.92578125000000e-01 1.95312500000000e-03 1.95312500000000e-03  1.308609e+00  6.981656e-01 -1.235633e-01 -6.178160e-02  4.148035e+00  1.323615e+00  5.641896e-01  1.507317e+00  7.536585e-01  1.579158e+00  1.583562e+00
       7328          0          0 8.96484375000000e-01 1.95312500000000e-03 1.95312500000000e-03  1.308660e+00  6.981925e-01 -1.235311e-01 -6.176561e-02  4.148372e+00  1.323683e+00  5.641896e-01  1.507397e+00  7.536985e-01  1.579309e+00  1.583684e+00
       7360          0          0 9.00390625000000e-01 1.95312500000000e-03 1.95312500000000e-03  1.308566e+00  6.984369e-01 -1.235842e-01 -6.179234e-02  4.148190e+00  1.323641e+00  5.641896e-01  1.507321e+00  7.536603e-01  1.579165e+00  1.583558e+00
       7392          0          0 9.04296875000000e-01 1.95312500000000e-03 1.95312500000000e-03  1.308674e+00  6.988803e-01 -1.236530e-01 -6.182649e-02  4.149114e+00  1.323748e+00  5.641896e-01  1.507519e+00  7.537594e-01  1.579538e+00  1.583773e+00
       7424          0          0 9.08203125000000e-01 1.95312500000000e-03 1.95312500000000e-03  1.309116e+00  6.994510e-01 -1.238775e-01 -6.193896e-02  4.151542e+00  1.324155e+00  5.641896e-01  1.507994e+00  7.539973e-01  1.580435e+00  1.584617e+00
       7456          0          0 9.12109375000000e-01 1.95312500000000e-03 1.95312500000000e-03  1.309326e+00  7.000225e-01 -1.239994e-01 -6.200000e-02  4.153081e+00  1.324443e+00  5.641896e-01  1.508249e+00  7.541241e-01  1.580914e+00  1.585131e+00
       7488          0          0 9.16015625000000e-01 1.95312500000000e-03 1.95312500000000e-03  1.309146e+00  7.004128e-01 -1.239587e-01 -6.197935e-02  4.152754e+00  1.324342e+00  5.641896e-01  1.508165e+00  7.540823e-01  1.580755e+00  1.584865e+00
       7520          0          0 9.19921875000000e-01 1.95312500000000e-03 1.95312500000000e-03  1.309007e+00  7.004052e-01 -1.239228e-01 -6.196141e-02  4.152331e+00  1.324260e+00  5.641896e-01  1.508102e+00  7.540508e-01  1.580637e+00  1.584654e+00
       7552          0          0 9.23828125000000e-01 1.95312500000000e-03 1.95312500000000e-03  1.309313e+00  7.000443e-01 -1.238600e-01 -6.192995e-02  4.153241e+00  1.324451e+00  5.641896e-01  1.508336e+00  7.541677e-01  1.581078e+00  1.585130e+00
       7584          0          0 9.27734375000000e-01 1.95312500000000e-03 1.95312500000000e-03  1.309383e+00  6.996814e-01 -1.237805e-01 -6.189021e-02  4.152790e+00  1.324342e+00  5.641896e-01  1.508269e+00  7.541342e-01  1.580951e+00  1.585056e+00
       7616          0          0 9.31640625000000e-01 1.95312500000000e-03 1.95312500000000e-03  1.309070e+00  6.999095e-01 -1.238597e-01 -6.192986e-02  4.151239e+00  1.324011e+00  5.641896e-01  1.507868e+00  7.539340e-01  1.580196e+00  1.584407e+00
       7648          0          0 9.35546875000000e-01 1.95312500000000e-03 1.95312500000000e-03  1.308814e+00  6.996476e-01 -1.238399e-01 -6.191990e-02  4.150039e+00  1.323801e+00  5.641896e-01  1.507650e+00  7.538255e-01  1.579786e+00  1.583950e+00
       7680          0          0 9.39453125000000e-01 1.95312500000000e-03 1.95312500000000e-03  1.309024e+00  6.991258e-01 -1.237829e-01 -6.189160e-02  4.151026e+00  1.324077e+00  5.641896e-01  1.507945e+00  7.539727e-01  1.580342e+00  1.584449e+00
       7712          0          0 9.43359375000000e-01 1.95312500000000e-03 1.95312500000000e-03  1.308897e+00  6.979243e-01 -1.235789e-01 -6.178950e-02  4.149835e+00  1.323984e+00  5.641896e-01  1.507826e+00  7.539133e-01  1.580118e+00  1.584236e+00
       7744          0          0 9.47265625000000e-01 1.95312500000000e-03 1.95312500000000e-03  1.303625e+00  6.866829e-01 -1.217125e-01 -6.085614e-02  4.116378e+00  1.318663e+00  5.641896e-01  1.501372e+00  7.506863e-01  1.567979e+00  1.573628e+00
       7776          0          0 9.51171875000000e-01 1.95312500000000e-03 1.95312500000000e-03  1.239802e+00  5.209011e-01 -9.388861e-02 -4.694406e-02  3.714683e+00  1.256786e+00  5.641896e-01  1.423243e+00  7.116219e-01  1.425169e+00  1.450428e+00
       7808          0          0 9.55078125000000e-01 1.95312500000000e-03 1.95312500000000e-03  1.061680e+00  1.219633e-01 -2.316660e-02 -1.158317e-02  2.739482e+00  1.067416e+00  5.641896e-01  1.204460e+00  6.022301e-01  1.065857e+00  1.110869e+00
       7840          0          0 9.58984375000000e-01 1.95312500000000e-03 1.95312500000000e-03  1.004192e+00  7.810588e-03 -1.572734e-03 -7.864360e-04  2.472872e+00  1.004239e+00  5.641896e-01  1.133574e+00  5.667872e-01  9.622743e-01  1.007044e+00
       7872          0          0 9.62890625000000e-01 1.95312500000000e-03 1.95312500000000e-03  1.000225e+00  4.153041e-04 -8.461988e-05 -4.230169e-05  2.455885e+00  1.000224e+00  5.641896e-01  1.128658e+00  5.643290e-01  9.553227e-01  1.000375e+00
       7904          0          0 9.66796875000000e-01 1.95312500000000e-03 1.95312500000000e-03  1.000012e+00  2.186012e-05 -4.233351e-06 -2.247591e-06  2.454979e+00  1.000012e+00  5.641896e-01  1.128394e+00  5.641970e-01  9.549502e-01  1.000020e+00
       7936          0          0 9.70703125000000e-01 1.95312500000000e-03 1.95312500000000e-03  1.000001e+00  1.169381e-06 -1.253596e-07 -2.018489e-07  2.454932e+00  1.000000e+00  5.641896e-01  1.128380e+00  5.641901e-01  9.549308e-01  1.000001e+00
       7968          0          0 9.74609375000000e-01 1.95312500000000e-03 1.95312500000000e-03  1.000000e+00  1.649411e-07  7.229193e-08 -9.075669e-08  2.454930e+00  9.999996e-01  5.641896e-01  1.128379e+00  5.641898e-01  9.549299e-01  9.999999e-01
       8000          0          0 9.78515625000000e-01 1.95312500000000e-03 1.95312500000000e-03  9.999995e-01  1.237058e-07  3.459096e-08  7.636416e-09  2.454930e+00  1.000000e+00  5.641896e-01  1.128379e+00  5.641898e-01  9.549295e-01  1.000000e+00
       8032          0          0 9.82421875000000e-01 1.95312500000000e-03 1.95312500000000e-03  9.999996e-01  1.979988e-07  2.104194e-08  1.109585e-07  2.454930e+00  1.000000e+00  5.641896e-01  1.128379e+00  5.641898e-01  9.549297e-01  9.999999e-01
       8064          0          0 9.86328125000000e-01 1.95312500000000e-03 1.95312500000000e-03  9.999986e-01  3.711175e-07  2.412133e-07  2.103303e-07  2.454929e+00  1.000001e+00  5.641896e-01  1.128379e+00  5.641896e-01  9.549295e-01  9.999998e-01
       8096          0          0 9.90234375000000e-01 1.95312500000000e-03 1.95312500000000e-03  9.999998e-01  3.666815e-07  4.969328e-07  2.453890e-07  2.454929e+00  9.999996e-01  5.641896e-01  1.128379e+00  5.641898e-01  9.549300e-01  9.999995e-01
       8128          0          0 9.94140625000000e-01 1.95312500000000e-03 1.95312500000000e-03  9.999995e-01  4.333177e-07  6.290115e-07  2.690732e-07  2.454929e+00  1.000000e+00  5.641896e-01  1.128379e+00  5.641897e-01  9.549298e-01  9.999997e-01
       8160          0          0 9.98046875000000e-01 1.95312500000000e-03 1.95312500000000e-03  9.999998e-01  5.525876e-07  1.020660e-06  3.701170e-07  2.454929e+00  9.999998e-01  5.641896e-01  1.128379e+00  5.641897e-01  9.549298e-01  9.999997e-01
       1536          0          0 1.89453125000000e-01 1.95312500000000e-03 1.95312500000000e-03  1.080000e+00  1.296000e+00  1.080003e-02  5.400000e-01  3.171626e+00  9.024870e-01  5.641896e-01  1.015541e+00  5.641896e-01  8.339719e-01  9.499997e-01
       1568          0          0 1.93359375000000e-01 1.95312500000000e-03 1.95312500000000e-03  1.080000e+00  1.296000e+00  1.080002e-02  5.400000e-01  3.171626e+00  9.024870e-01  5.641896e-01  1.015541e+00  5.641896e-01  8.339719e-01  9.499997e-01
       1600          0          0 1.97265625000000e-01 1.95312500000000e-03 1.95312500000000e-03  1.080000e+00  1.296000e+00  1.080000e-02  5.400000e-01  3.171626e+00  9.024870e-01  5.641896e-01  1.015541e+00  5.641896e-01  8.339719e-01  9.499997e-01
       1632          0          0 2.01171875000000e-01 1.95312500000000e-03 1.95312500000000e-03  1.080000e+00  1.296000e+00  1.080000e-02  5.400000e-01  3.171626e+00  9.024870e-01  5.641896e-01  1.015541e+00  5.641896e-01  8.339719e-01  9.499997e-01
       1664          0          0 2.05078125000000e-01 1.95312500000000e-03 1.95312500000000e-03  1.080000e+00  1.296000e+00  1.080000e-02  5.400000e-01  3.171626e+00  9.024870e-01  5.641896e-01  1.015541e+00  5.641896e-01  8.339719e-01  9.499997e-01
       1696          0          0 2.08984375000000e-01 1.95312500000000e-03 1.95312500000000e-03  1.080000e+00  1.296000e+00  1.080000e-02  5.400000e-01  3.171626e+00  9.024870e-01  5.641896e-01  1.015541e+00  5.641896e-01  8.339719e-01  9.499997e-01
       1728          0          0 2.12890625000000e-01 1.95312500000000e-03 1.95312500000000e-03  1.080000e+00  1.296000e+00  1.080000e-02  5.400000e-01  3.171626e+00  9.024870e-01  5.641896e-01  1.015541e+00  5.641896e-01  8.339719e-01  9.499997e-01
       1760          0          0 2.16796875000000e-01 1.95312500000000e-03 1.95312500000000e-03  1.080000e+00  1.296000e+00  1.080000e-02  5.400000e-01  3.171626e+00  9.024870e-01  5.641896e-01  1.015541e+00  5.641896e-01  8.339719e-01  9.499997e-01
       1792          0          0 2.20703125000000e-01 1.95312500000000e-03 1.95312500000000e-03  1.080000e+00  1.296000e+00  1.080000e-02  5.400000e-01  3.171626e+00  9.024870e-01  5.641896e-01  1.015541e+00  5.641896e-01  8.339719e-01  9.499997e-01
       1824          0          0 2.24609375000000e-01 1.95312500000000e-03 1.95312500000000e-03  1.080000e+00  1.296000e+00  1.080000e-02  5.400000e-01  3.171626e+00  9.024870e-01  5.641896e-01  1.015541e+00  5.641896e-01  8.339719e-01  9.499997e-01
       1856          0          0 2.28515625000000e-01 1.95312500000000e-03 1.95312500000000e-03  1.080000e+00  1.296000e+00  1.080000e-02  5.400000e-01  3.171626e+00  9.024870e-01  5.641896e-01  1.015541e+00  5.641896e-01  8.339719e-01  9.499997e-01
       1888          0          0 2.32421875000000e-01 1.95312500000000e-03 1.95312500000000e-03  1.080000e+00  1.296000e+00  1.080000e-02  5.400000e-01  3.171626e+00  9.024870e-01  5.641896e-01  1.015541e+00  5.641896e-01  8.339719e-01  9.499997e-01
       1920          0          0 2.36328125000000e-01 1.95312500000000e-03 1.95312500000000e-03  1.080000e+00  1.296000e+00  1.080002e-02  5.400000e-01  3.171626e+00  9.024872e-01  5.641896e-01  1.015541e+00  5.641896e-01  8.339719e-01  9.499999e-01
       1952          0          0 2.40234375000000e-01 1.95312500000000e-03 1.95312500000000e-03  1.080000e+00  1.296000e+00  1.080002e-02  5.400000e-01  3.171626e+00  9.024872e-01  5.641896e-01  1.015541e+00  5.641896e-01  8.339719e-01  9.499999e-01
       1984          0          0 2.44140625000000e-01 1.95312500000000e-03 1.95312500000000e-03  1.080000e+00  1.296000e+00  1.080002e-02  5.400000e-01  3.171626e+00  9.024872e-01  5.641896e-01  1.015541e+00  5.641896e-01  8.339719e-01  9.499999e-01
       2016          0          0 2.48046875000000e-01 1.95312500000000e-03 1.95312500000000e-03  1.080000e+00  1.296000e+00  1.080002e-02  5.400000e-01  3.171626e+00  9.024872e-01  5.641896e-01  1.015541e+00  5.641896e-01  8.339719e-01  9.499999e-01
