4.8828125000000000e-04 2.0000000000000001e-01 5.0000000000000000e+01 1.0000000000000002e+01
1.4648437500000000e-03 2.0000000000000001e-01 5.0000000000000000e+01 1.0000000000000002e+01
2.4414062500000000e-03 2.0000000000000001e-01 5.0000000000000000e+01 1.0000000000000002e+01
3.4179687500000000e-03 2.0000000000000001e-01 5.0000000000000000e+01 1.0000000000000002e+01
4.3945312500000000e-03 2.0000000000000001e-01 5.0000000000000000e+01 1.0000000000000002e+01
5.3710937500000000e-03 2.0000000000000001e-01 5.0000000000000000e+01 1.0000000000000002e+01
6.3476562500000000e-03 2.0000000000000001e-01 5.0000000000000000e+01 1.0000000000000002e+01
7.3242187500000000e-03 2.0000000000000001e-01 5.0000000000000000e+01 1.0000000000000002e+01
8.3007812500000000e-03 2.0000000000000001e-01 5.0000000000000000e+01 1.0000000000000002e+01
9.2773437500000000e-03 2.0000000000000001e-01 5.0000000000000000e+01 1.0000000000000002e+01
1.0253906250000000e-02 2.0000000000000001e-01 5.0000000000000000e+01 1.0000000000000002e+01
1.1230468750000000e-02 2.0000000000000001e-01 5.0000000000000000e+01 1.0000000000000002e+01
1.2207031250000000e-02 2.0000000000000001e-01 5.0000000000000000e+01 1.0000000000000002e+01
1.3183593750000000e-02 2.0000000000000001e-01 5.0000000000000000e+01 1.0000000000000002e+01
1.4160156250000000e-02 2.0000000000000001e-01 5.0000000000000000e+01 1.0000000000000002e+01
1.5136718750000000e-02 2.0000000000000001e-01 5.0000000000000000e+01 1.0000000000000002e+01
1.6113281250000000e-02 2.0000000000000001e-01 5.0000000000000000e+01 1.0000000000000002e+01
1.7089843750000000e-02 2.0000000000000001e-01 5.0000000000000000e+01 1.0000000000000002e+01
1.8066406250000000e-02 2.0000000000000001e-01 5.0000000000000000e+01 1.0000000000000002e+01
1.9042968750000000e-02 2.0000000000000001e-01 5.0000000000000000e+01 1.0000000000000002e+01
2.0019531250000000e-02 2.0000000000000001e-01 5.0000000000000000e+01 1.0000000000000002e+01
2.0996093750000000e-02 2.0000000000000001e-01 5.0000000000000000e+01 1.0000000000000002e+01
2.1972656250000000e-02 2.0000000000000001e-01 5.0000000000000000e+01 1.0000000000000002e+01
2.2949218750000000e-02 2.0000000000000001e-01 5.0000000000000000e+01 1.0000000000000002e+01
2.3925781250000000e-02 2.0000000000000001e-01 5.0000000000000000e+01 1.0000000000000002e+01
2.4902343750000000e-02 2.0000000000000001e-01 5.0000000000000000e+01 1.0000000000000002e+01
2.5878906250000000e-02 2.0000000000000001e-01 5.0000000000000000e+01 1.0000000000000002e+01
2.6855468750000000e-02 2.0000000000000001e-01 5.0000000000000000e+01 1.0000000000000002e+01
2.7832031250000000e-02 2.0000000000000001e-01 5.0000000000000000e+01 1.0000000000000002e+01
2.8808593750000000e-02 2.0000000000000001e-01 5.0000000000000000e+01 1.0000000000000002e+01
2.9785156250000000e-02 2.0000000000000001e-01 5.0000000000000000e+01 1.0000000000000002e+01
3.0761718750000000e-02 2.0000000000000001e-01 5.0000000000000000e+01 1.0000000000000002e+01
3.1738281250000000e-02 2.0000000000000001e-01 5.0000000000000000e+01 1.0000000000000002e+01
3.2714843750000000e-02 2.0000000000000001e-01 5.0000000000000000e+01 1.0000000000000002e+01
3.3691406250000000e-02 2.0000000000000001e-01 5.0000000000000000e+01 1.0000000000000002e+01
3.4667968750000000e-02 2.0000000000000001e-01 5.0000000000000000e+01 1.0000000000000002e+01
3.5644531250000000e-02 2.0000000000000001e-01 5.0000000000000000e+01 1.0000000000000002e+01
3.6621093750000000e-02 2.0000000000000001e-01 5.0000000000000000e+01 1.0000000000000002e+01
3.7597656250000000e-02 2.0000000000000001e-01 5.0000000000000000e+01 1.0000000000000002e+01
3.8574218750000000e-02 2.0000000000000001e-01 5.0000000000000000e+01 1.0000000000000002e+01
3.9550781250000000e-02 2.0000000000000001e-01 5.0000000000000000e+01 1.0000000000000002e+01
4.0527343750000000e-02 2.0000000000000001e-01 5.0000000000000000e+01 1.0000000000000002e+01
4.1503906250000000e-02 2.0000000000000001e-01 5.0000000000000000e+01 1.0000000000000002e+01
4.2480468750000000e-02 2.0000000000000001e-01 5.0000000000000000e+01 1.0000000000000002e+01
4.3457031250000000e-02 2.0000000000000001e-01 5.0000000000000000e+01 1.0000000000000002e+01
4.4433593750000000e-02 2.0000000000000001e-01 5.0000000000000000e+01 1.0000000000000002e+01
4.5410156250000000e-02 2.0000000000000001e-01 5.0000000000000000e+01 1.0000000000000002e+01
4.6386718750000000e-02 2.0000000000000001e-01 5.0000000000000000e+01 1.0000000000000002e+01
4.7363281250000000e-02 2.0000000000000001e-01 5.0000000000000000e+01 1.0000000000000002e+01
4.8339843750000000e-02 2.0000000000000001e-01 5.0000000000000000e+01 1.0000000000000002e+01
4.9316406250000000e-02 2.0000000000000001e-01 5.0000000000000000e+01 1.0000000000000002e+01
5.0292968750000000e-02 2.0000000000000001e-01 5.0000000000000000e+01 1.0000000000000002e+01
5.1269531250000000e-02 2.0000000000000001e-01 5.0000000000000000e+01 1.0000000000000002e+01
5.2246093750000000e-02 2.0000000000000001e-01 5.0000000000000000e+01 1.0000000000000002e+01
5.3222656250000000e-02 2.0000000000000001e-01 5.0000000000000000e+01 1.0000000000000002e+01
5.4199218750000000e-02 2.0000000000000001e-01 5.0000000000000000e+01 1.0000000000000002e+01
5.5175781250000000e-02 2.0000000000000001e-01 5.0000000000000000e+01 1.0000000000000002e+01
5.6152343750000000e-02 2.0000000000000001e-01 5.0000000000000000e+01 1.0000000000000002e+01
5.7128906250000000e-02 2.0000000000000001e-01 5.0000000000000000e+01 1.0000000000000002e+01
5.8105468750000000e-02 2.0000000000000001e-01 5.0000000000000000e+01 1.0000000000000002e+01
5.9082031250000000e-02 2.0000000000000001e-01 5.0000000000000000e+01 1.0000000000000002e+01
6.0058593750000000e-02 2.0000000000000001e-01 5.0000000000000000e+01 1.0000000000000002e+01
6.1035156250000000e-02 2.0000000000000001e-01 5.0000000000000000e+01 1.0000000000000002e+01
6.2011718750000000e-02 2.0000000000000001e-01 5.0000000000000000e+01 1.0000000000000002e+01
6.2988281250000000e-02 2.0000000000000001e-01 5.0000000000000000e+01 1.0000000000000002e+01
6.3964843750000000e-02 2.0000000000000001e-01 5.0000000000000000e+01 1.0000000000000002e+01
6.4941406250000000e-02 2.0000000000000001e-01 5.0000000000000000e+01 1.0000000000000002e+01
6.5917968750000000e-02 2.0000000000000001e-01 5.0000000000000000e+01 1.0000000000000002e+01
6.6894531250000000e-02 2.0000000000000001e-01 5.0000000000000000e+01 1.0000000000000002e+01
6.7871093750000000e-02 2.0000000000000001e-01 5.0000000000000000e+01 1.0000000000000002e+01
6.8847656250000000e-02 2.0000000000000001e-01 5.0000000000000000e+01 1.0000000000000002e+01
6.9824218750000000e-02 2.0000000000000001e-01 5.0000000000000000e+01 1.0000000000000002e+01
7.0800781250000000e-02 2.0000000000000001e-01 5.0000000000000000e+01 1.0000000000000002e+01
7.1777343750000000e-02 2.0000000000000001e-01 5.0000000000000000e+01 1.0000000000000002e+01
7.2753906250000000e-02 2.0000000000000001e-01 5.0000000000000000e+01 1.0000000000000002e+01
7.3730468750000000e-02 2.0000000000000001e-01 5.0000000000000000e+01 1.0000000000000002e+01
7.4707031250000000e-02 2.0000000000000001e-01 5.0000000000000000e+01 1.0000000000000002e+01
7.5683593750000000e-02 2.0000000000000001e-01 5.0000000000000000e+01 1.0000000000000002e+01
7.6660156250000000e-02 2.0000000000000001e-01 5.0000000000000000e+01 1.0000000000000002e+01
7.7636718750000000e-02 2.0000000000000001e-01 5.0000000000000000e+01 1.0000000000000002e+01
7.8613281250000000e-02 2.0000000000000001e-01 5.0000000000000000e+01 1.0000000000000002e+01
7.9589843750000000e-02 2.0000000000000001e-01 5.0000000000000000e+01 1.0000000000000002e+01
8.0566406250000000e-02 2.0000000000000001e-01 5.0000000000000000e+01 1.0000000000000002e+01
8.1542968750000000e-02 2.0000000000000001e-01 5.0000000000000000e+01 1.0000000000000002e+01
8.2519531250000000e-02 2.0000000000000001e-01 5.0000000000000000e+01 1.0000000000000002e+01
8.3496093750000000e-02 2.0000000000000001e-01 5.0000000000000000e+01 1.0000000000000002e+01
8.4472656250000000e-02 2.0000000000000001e-01 5.0000000000000000e+01 1.0000000000000002e+01
8.5449218750000000e-02 2.0000000000000001e-01 5.0000000000000000e+01 1.0000000000000002e+01
8.6425781250000000e-02 2.0000000000000001e-01 5.0000000000000000e+01 1.0000000000000002e+01
8.7402343750000000e-02 2.0000000000000001e-01 5.0000000000000000e+01 1.0000000000000002e+01
8.8378906250000000e-02 2.0000000000000001e-01 5.0000000000000000e+01 1.0000000000000002e+01
8.9355468750000000e-02 2.0000000000000001e-01 5.0000000000000000e+01 1.0000000000000002e+01
9.0332031250000000e-02 2.0000000000000001e-01 5.0000000000000000e+01 1.0000000000000002e+01
9.1308593750000000e-02 2.0000000000000001e-01 5.0000000000000000e+01 1.0000000000000002e+01
9.2285156250000000e-02 2.0000000000000001e-01 5.0000000000000000e+01 1.0000000000000002e+01
9.3261718750000000e-02 2.0000000000000001e-01 5.0000000000000000e+01 1.0000000000000002e+01
9.4238281250000000e-02 2.0000000000000001e-01 5.0000000000000000e+01 1.0000000000000002e+01
9.5214843750000000e-02 2.0000000000000001e-01 5.0000000000000000e+01 1.0000000000000002e+01
9.6191406250000000e-02 2.0000000000000001e-01 5.0000000000000000e+01 1.0000000000000002e+01
9.7167968750000000e-02 2.0000000000000001e-01 5.0000000000000000e+01 1.0000000000000002e+01
9.8144531250000000e-02 2.0000000000000001e-01 5.0000000000000000e+01 1.0000000000000002e+01
9.9121093750000000e-02 2.0000000000000001e-01 5.0000000000000000e+01 1.0000000000000002e+01
1.0009765625000000e-01 2.0000000000000001e-01 5.0000000000000000e+01 1.0000000000000002e+01
1.0107421875000000e-01 2.0000000000000001e-01 5.0000000000000000e+01 1.0000000000000002e+01
1.0205078125000000e-01 2.0000000000000001e-01 5.0000000000000000e+01 1.0000000000000002e+01
1.0302734375000000e-01 2.0000000000000001e-01 5.0000000000000000e+01 1.0000000000000002e+01
1.0400390625000000e-01 2.0000000000000001e-01 5.0000000000000000e+01 1.0000000000000002e+01
1.0498046875000000e-01 2.0000000000000001e-01 5.0000000000000000e+01 1.0000000000000002e+01
1.0595703125000000e-01 2.0000000000000001e-01 5.0000000000000000e+01 1.0000000000000002e+01
1.0693359375000000e-01 2.0000000000000001e-01 5.0000000000000000e+01 1.0000000000000002e+01
1.0791015625000000e-01 2.0000000000000001e-01 5.0000000000000000e+01 1.0000000000000002e+01
1.0888671875000000e-01 2.0000000000000001e-01 5.0000000000000000e+01 1.0000000000000002e+01
1.0986328125000000e-01 2.0000000000000001e-01 5.0000000000000000e+01 1.0000000000000002e+01
1.1083984375000000e-01 2.0000000000000001e-01 5.0000000000000000e+01 1.0000000000000002e+01
1.1181640625000000e-01 2.0000000000000001e-01 5.0000000000000000e+01 1.0000000000000002e+01
1.1279296875000000e-01 2.0000000000000001e-01 5.0000000000000000e+01 1.0000000000000002e+01
1.1376953125000000e-01 2.0000000000000001e-01 5.0000000000000000e+01 1.0000000000000002e+01
1.1474609375000000e-01 2.0000000000000001e-01 5.0000000000000000e+01 1.0000000000000002e+01
1.1572265625000000e-01 2.0000000000000001e-01 5.0000000000000000e+01 1.0000000000000002e+01
1.1669921875000000e-01 2.0000000000000001e-01 5.0000000000000000e+01 1.0000000000000002e+01
1.1767578125000000e-01 2.0000000000000001e-01 5.0000000000000000e+01 1.0000000000000002e+01
1.1865234375000000e-01 2.0000000000000001e-01 5.0000000000000000e+01 1.0000000000000002e+01
1.1962890625000000e-01 2.0000000000000001e-01 5.0000000000000000e+01 1.0000000000000002e+01
1.2060546875000000e-01 2.0000000000000001e-01 5.0000000000000000e+01 1.0000000000000002e+01
1.2158203125000000e-01 2.0000000000000001e-01 5.0000000000000000e+01 1.0000000000000002e+01
1.2255859375000000e-01 2.0000000000000001e-01 5.0000000000000000e+01 1.0000000000000002e+01
1.2353515625000000e-01 2.0000000000000001e-01 5.0000000000000000e+01 1.0000000000000002e+01
1.2451171875000000e-01 2.0000000000000001e-01 5.0000000000000000e+01 1.0000000000000002e+01
1.2548828125000000e-01 2.0000000000000001e-01 5.0000000000000000e+01 1.0000000000000002e+01
1.2646484375000000e-01 2.0000000000000001e-01 5.0000000000000000e+01 1.0000000000000002e+01
1.2744140625000000e-01 2.0000000000000001e-01 5.0000000000000000e+01 1.0000000000000002e+01
1.2841796875000000e-01 2.0000000000000001e-01 5.0000000000000000e+01 1.0000000000000002e+01
1.2939453125000000e-01 2.0000000000000001e-01 5.0000000000000000e+01 1.0000000000000002e+01
1.3037109375000000e-01 2.0000000000000001e-01 5.0000000000000000e+01 1.0000000000000002e+01
1.3134765625000000e-01 2.0000000000000001e-01 5.0000000000000000e+01 1.0000000000000002e+01
1.3232421875000000e-01 2.0000000000000001e-01 5.0000000000000000e+01 1.0000000000000002e+01
1.3330078125000000e-01 2.0000000000000001e-01 5.0000000000000000e+01 1.0000000000000002e+01
1.3427734375000000e-01 2.0000000000000001e-01 5.0000000000000000e+01 1.0000000000000002e+01
1.3525390625000000e-01 2.0000000000000001e-01 5.0000000000000000e+01 1.0000000000000002e+01
1.3623046875000000e-01 2.0000000000000001e-01 5.0000000000000000e+01 1.0000000000000002e+01
1.3720703125000000e-01 2.0000000000000001e-01 5.0000000000000000e+01 1.0000000000000002e+01
1.3818359375000000e-01 2.0000000000000001e-01 5.0000000000000000e+01 1.0000000000000002e+01
1.3916015625000000e-01 2.0000000000000001e-01 5.0000000000000000e+01 1.0000000000000002e+01
1.4013671875000000e-01 2.0000000000000001e-01 5.0000000000000000e+01 1.0000000000000002e+01
1.4111328125000000e-01 2.0000000000000001e-01 5.0000000000000000e+01 1.0000000000000002e+01
1.4208984375000000e-01 2.0000000000000001e-01 5.0000000000000000e+01 1.0000000000000002e+01
1.4306640625000000e-01 2.0000000000000001e-01 5.0000000000000000e+01 1.0000000000000002e+01
1.4404296875000000e-01 2.0000000000000001e-01 5.0000000000000000e+01 1.0000000000000002e+01
1.4501953125000000e-01 2.0000000000000001e-01 5.0000000000000000e+01 1.0000000000000002e+01
1.4599609375000000e-01 2.0000000000000001e-01 5.0000000000000000e+01 1.0000000000000002e+01
1.4697265625000000e-01 2.0000000000000001e-01 5.0000000000000000e+01 1.0000000000000002e+01
1.4794921875000000e-01 2.0000000000000001e-01 5.0000000000000000e+01 1.0000000000000002e+01
1.4892578125000000e-01 2.0000000000000001e-01 5.0000000000000000e+01 1.0000000000000002e+01
1.4990234375000000e-01 2.0000000000000001e-01 5.0000000000000000e+01 1.0000000000000002e+01
1.5087890625000000e-01 2.0000000000000001e-01 5.0000000000000000e+01 1.0000000000000002e+01
1.5185546875000000e-01 2.0000000000000001e-01 5.0000000000000000e+01 1.0000000000000002e+01
1.5283203125000000e-01 2.0000000000000001e-01 5.0000000000000000e+01 1.0000000000000002e+01
1.5380859375000000e-01 2.0000000000000001e-01 5.0000000000000000e+01 1.0000000000000002e+01
1.5478515625000000e-01 2.0000000000000001e-01 5.0000000000000000e+01 1.0000000000000002e+01
1.5576171875000000e-01 2.0000000000000001e-01 5.0000000000000000e+01 1.0000000000000002e+01
1.5673828125000000e-01 2.0000000000000001e-01 5.0000000000000000e+01 1.0000000000000002e+01
1.5771484375000000e-01 2.0000000000000001e-01 5.0000000000000000e+01 1.0000000000000002e+01
1.5869140625000000e-01 2.0000000000000001e-01 5.0000000000000000e+01 1.0000000000000002e+01
1.5966796875000000e-01 2.0000000000000001e-01 5.0000000000000000e+01 1.0000000000000002e+01
1.6064453125000000e-01 2.0000000000000001e-01 5.0000000000000000e+01 1.0000000000000002e+01
1.6162109375000000e-01 2.0000000000000001e-01 5.0000000000000000e+01 1.0000000000000002e+01
1.6259765625000000e-01 2.0000000000000001e-01 5.0000000000000000e+01 1.0000000000000002e+01
1.6357421875000000e-01 2.0000000000000001e-01 5.0000000000000000e+01 1.0000000000000002e+01
1.6455078125000000e-01 2.0000000000000001e-01 5.0000000000000000e+01 1.0000000000000002e+01
1.6552734375000000e-01 2.0000000000000001e-01 5.0000000000000000e+01 1.0000000000000002e+01
1.6650390625000000e-01 2.0000000000000001e-01 5.0000000000000000e+01 1.0000000000000002e+01
1.6748046875000000e-01 2.0000000000000001e-01 5.0000000000000000e+01 1.0000000000000002e+01
1.6845703125000000e-01 2.0000000000000001e-01 5.0000000000000000e+01 1.0000000000000002e+01
1.6943359375000000e-01 2.0000000000000001e-01 5.0000000000000000e+01 1.0000000000000002e+01
1.7041015625000000e-01 2.0000000000000001e-01 5.0000000000000000e+01 1.0000000000000002e+01
1.7138671875000000e-01 2.0000000000000001e-01 5.0000000000000000e+01 1.0000000000000002e+01
1.7236328125000000e-01 2.0000000000000001e-01 5.0000000000000000e+01 1.0000000000000002e+01
1.7333984375000000e-01 2.0000000000000001e-01 5.0000000000000000e+01 1.0000000000000002e+01
1.7431640625000000e-01 2.0000000000000001e-01 5.0000000000000000e+01 1.0000000000000002e+01
1.7529296875000000e-01 2.0000000000000001e-01 5.0000000000000000e+01 1.0000000000000002e+01
1.7626953125000000e-01 2.0000000000000001e-01 5.0000000000000000e+01 1.0000000000000002e+01
1.7724609375000000e-01 2.0000000000000001e-01 5.0000000000000000e+01 1.0000000000000002e+01
1.7822265625000000e-01 2.0000000000000001e-01 5.0000000000000000e+01 1.0000000000000002e+01
1.7919921875000000e-01 2.0000000000000001e-01 5.0000000000000000e+01 1.0000000000000002e+01
1.8017578125000000e-01 2.0000000000000001e-01 5.0000000000000000e+01 1.0000000000000002e+01
1.8115234375000000e-01 2.0000000000000001e-01 5.0000000000000000e+01 1.0000000000000002e+01
1.8212890625000000e-01 2.0000000000000001e-01 5.0000000000000000e+01 1.0000000000000002e+01
1.8310546875000000e-01 2.0000000000000001e-01 5.0000000000000000e+01 1.0000000000000002e+01
1.8408203125000000e-01 2.0000000000000001e-01 5.0000000000000000e+01 1.0000000000000002e+01
1.8505859375000000e-01 2.0000000000000001e-01 5.0000000000000000e+01 1.0000000000000002e+01
1.8603515625000000e-01 2.0000000000000001e-01 5.0000000000000000e+01 1.0000000000000002e+01
1.8701171875000000e-01 2.0000000000000001e-01 5.0000000000000000e+01 1.0000000000000002e+01
1.8798828125000000e-01 2.0000000000000001e-01 5.0000000000000000e+01 1.0000000000000002e+01
1.8896484375000000e-01 2.0000000000000001e-01 5.0000000000000000e+01 1.0000000000000002e+01
1.8994140625000000e-01 2.0000000000000001e-01 5.0000000000000000e+01 1.0000000000000002e+01
1.9091796875000000e-01 2.0000000000000001e-01 5.0000000000000000e+01 1.0000000000000002e+01
1.9189453125000000e-01 2.0000000000000001e-01 5.0000000000000000e+01 1.0000000000000002e+01
1.9287109375000000e-01 2.0000000000000001e-01 5.0000000000000000e+01 1.0000000000000002e+01
1.9384765625000000e-01 2.0000000000000001e-01 5.0000000000000000e+01 1.0000000000000002e+01
1.9482421875000000e-01 2.0000000000000001e-01 5.0000000000000000e+01 1.0000000000000002e+01
1.9580078125000000e-01 2.0000000000000001e-01 5.0000000000000000e+01 1.0000000000000002e+01
1.9677734375000000e-01 2.0000000000000001e-01 5.0000000000000000e+01 1.0000000000000002e+01
1.9775390625000000e-01 2.0000000000000001e-01 5.0000000000000000e+01 1.0000000000000002e+01
1.9873046875000000e-01 2.0000000000000001e-01 5.0000000000000000e+01 1.0000000000000002e+01
1.9970703125000000e-01 2.0000000000000001e-01 5.0000000000000000e+01 1.0000000000000002e+01
2.0068359375000000e-01 2.0000000000000001e-01 5.0000000000000000e+01 1.0000000000000002e+01
2.0166015625000000e-01 2.0000000000000001e-01 5.0000000000000000e+01 1.0000000000000002e+01
2.0263671875000000e-01 2.0000000000000001e-01 5.0000000000000000e+01 1.0000000000000002e+01
2.0361328125000000e-01 2.0000000000000001e-01 5.0000000000000000e+01 1.0000000000000002e+01
2.0458984375000000e-01 2.0000000000000001e-01 5.0000000000000000e+01 1.0000000000000002e+01
2.0556640625000000e-01 2.0000000000000001e-01 5.0000000000000000e+01 1.0000000000000002e+01
2.0654296875000000e-01 2.0000000000000001e-01 5.0000000000000000e+01 1.0000000000000002e+01
2.0751953125000000e-01 2.0000000000000001e-01 5.0000000000000000e+01 1.0000000000000002e+01
2.0849609375000000e-01 2.0000000000000001e-01 5.0000000000000000e+01 1.0000000000000002e+01
2.0947265625000000e-01 2.0000000000000001e-01 5.0000000000000000e+01 1.0000000000000002e+01
2.1044921875000000e-01 2.0000000000000001e-01 5.0000000000000000e+01 1.0000000000000002e+01
2.1142578125000000e-01 2.0000000000000001e-01 5.0000000000000000e+01 1.0000000000000002e+01
2.1240234375000000e-01 2.0000000000000001e-01 5.0000000000000000e+01 1.0000000000000002e+01
2.1337890625000000e-01 2.0000000000000001e-01 5.0000000000000000e+01 1.0000000000000002e+01
2.1435546875000000e-01 2.0000000000000001e-01 5.0000000000000000e+01 1.0000000000000002e+01
2.1533203125000000e-01 2.0000000000000001e-01 5.0000000000000000e+01 1.0000000000000002e+01
2.1630859375000000e-01 2.0000000000000001e-01 5.0000000000000000e+01 1.0000000000000002e+01
2.1728515625000000e-01 2.0000000000000001e-01 5.0000000000000000e+01 1.0000000000000002e+01
2.1826171875000000e-01 2.0000000000000001e-01 5.0000000000000000e+01 1.0000000000000002e+01
2.1923828125000000e-01 2.0000000000000001e-01 5.0000000000000000e+01 1.0000000000000002e+01
2.2021484375000000e-01 2.0000000000000001e-01 5.0000000000000000e+01 1.0000000000000002e+01
2.2119140625000000e-01 2.0000000000000001e-01 5.0000000000000000e+01 1.0000000000000002e+01
2.2216796875000000e-01 2.0000000000000001e-01 5.0000000000000000e+01 1.0000000000000002e+01
2.2314453125000000e-01 2.0000000000000001e-01 5.0000000000000000e+01 1.0000000000000002e+01
2.2412109375000000e-01 2.0000000000000001e-01 5.0000000000000000e+01 1.0000000000000002e+01
2.2509765625000000e-01 2.0000000000000001e-01 5.0000000000000000e+01 1.0000000000000002e+01
2.2607421875000000e-01 2.0000000000000001e-01 5.0000000000000000e+01 1.0000000000000002e+01
2.2705078125000000e-01 2.0000000000000001e-01 5.0000000000000000e+01 1.0000000000000002e+01
2.2802734375000000e-01 2.0000000000000001e-01 5.0000000000000000e+01 1.0000000000000002e+01
2.2900390625000000e-01 2.0000000000000001e-01 5.0000000000000000e+01 1.0000000000000002e+01
2.2998046875000000e-01 2.0000000000000001e-01 5.0000000000000000e+01 1.0000000000000002e+01
2.3095703125000000e-01 2.0000000000000001e-01 5.0000000000000000e+01 1.0000000000000002e+01
2.3193359375000000e-01 2.0000000000000001e-01 5.0000000000000000e+01 1.0000000000000002e+01
2.3291015625000000e-01 2.0000000000000001e-01 5.0000000000000000e+01 1.0000000000000002e+01
2.3388671875000000e-01 2.0000000000000001e-01 5.0000000000000000e+01 1.0000000000000002e+01
2.3486328125000000e-01 2.0000000000000001e-01 5.0000000000000000e+01 1.0000000000000002e+01
2.3583984375000000e-01 2.0000000000000001e-01 5.0000000000000000e+01 1.0000000000000002e+01
2.3681640625000000e-01 2.0000000000000001e-01 5.0000000000000000e+01 1.0000000000000002e+01
2.3779296875000000e-01 2.0000000000000001e-01 5.0000000000000000e+01 1.0000000000000002e+01
2.3876953125000000e-01 2.0000000000000001e-01 5.0000000000000000e+01 1.0000000000000002e+01
2.3974609375000000e-01 2.0000000000000001e-01 5.0000000000000000e+01 1.0000000000000002e+01
2.4072265625000000e-01 2.0000000000000001e-01 5.0000000000000000e+01 1.0000000000000002e+01
2.4169921875000000e-01 2.0000000000000001e-01 5.0000000000000000e+01 1.0000000000000002e+01
2.4267578125000000e-01 2.0000000000000001e-01 5.0000000000000000e+01 1.0000000000000002e+01
2.4365234375000000e-01 2.0000000000000001e-01 5.0000000000000000e+01 1.0000000000000002e+01
2.4462890625000000e-01 2.0000000000000001e-01 5.0000000000000000e+01 1.0000000000000002e+01
2.4560546875000000e-01 2.0000000000000001e-01 5.0000000000000000e+01 1.0000000000000002e+01
2.4658203125000000e-01 2.0000000000000001e-01 5.0000000000000000e+01 1.0000000000000002e+01
2.4755859375000000e-01 2.0000000000000001e-01 5.0000000000000000e+01 1.0000000000000002e+01
2.4853515625000000e-01 2.0000000000000001e-01 5.0000000000000000e+01 1.0000000000000002e+01
2.4951171875000000e-01 2.0000000000000001e-01 5.0000000000000000e+01 1.0000000000000002e+01
2.5048828125000000e-01 2.0000000000000001e-01 5.0000000000000000e+01 1.0000000000000002e+01
2.5146484375000000e-01 2.0000000000000001e-01 5.0000000000000000e+01 1.0000000000000002e+01
2.5244140625000000e-01 2.0000000000000001e-01 5.0000000000000000e+01 1.0000000000000002e+01
2.5341796875000000e-01 2.0000000000000001e-01 5.0000000000000000e+01 1.0000000000000002e+01
2.5439453125000000e-01 2.0000000000000001e-01 5.0000000000000000e+01 1.0000000000000002e+01
2.5537109375000000e-01 2.0000000000000001e-01 5.0000000000000000e+01 1.0000000000000002e+01
2.5634765625000000e-01 2.0000000000000001e-01 5.0000000000000000e+01 1.0000000000000002e+01
2.5732421875000000e-01 2.0000000000000001e-01 5.0000000000000000e+01 1.0000000000000002e+01
2.5830078125000000e-01 2.0000000000000001e-01 5.0000000000000000e+01 1.0000000000000002e+01
2.5927734375000000e-01 2.0000000000000001e-01 5.0000000000000000e+01 1.0000000000000002e+01
2.6025390625000000e-01 2.0000000000000001e-01 5.0000000000000000e+01 1.0000000000000002e+01
2.6123046875000000e-01 2.0000000000000001e-01 5.0000000000000000e+01 1.0000000000000002e+01
2.6220703125000000e-01 2.0000000000000001e-01 5.0000000000000000e+01 1.0000000000000002e+01
2.6318359375000000e-01 2.0000000000000001e-01 5.0000000000000000e+01 1.0000000000000002e+01
2.6416015625000000e-01 2.0000000000000001e-01 5.0000000000000000e+01 1.0000000000000002e+01
2.6513671875000000e-01 2.0000000000000001e-01 5.0000000000000000e+01 1.0000000000000002e+01
2.6611328125000000e-01 2.0000000000000001e-01 5.0000000000000000e+01 1.0000000000000002e+01
2.6708984375000000e-01 2.0000000000000001e-01 5.0000000000000000e+01 1.0000000000000002e+01
2.6806640625000000e-01 2.0000000000000001e-01 5.0000000000000000e+01 1.0000000000000002e+01
2.6904296875000000e-01 2.0000000000000001e-01 5.0000000000000000e+01 1.0000000000000002e+01
2.7001953125000000e-01 2.0000000000000001e-01 5.0000000000000000e+01 1.0000000000000002e+01
2.7099609375000000e-01 2.0000000000000001e-01 5.0000000000000000e+01 1.0000000000000002e+01
2.7197265625000000e-01 2.0000000000000001e-01 5.0000000000000000e+01 1.0000000000000002e+01
2.7294921875000000e-01 2.0000000000000001e-01 5.0000000000000000e+01 1.0000000000000002e+01
2.7392578125000000e-01 2.0000000000000001e-01 5.0000000000000000e+01 1.0000000000000002e+01
2.7490234375000000e-01 2.0000000000000001e-01 5.0000000000000000e+01 1.0000000000000002e+01
2.7587890625000000e-01 2.0000000000000001e-01 5.0000000000000000e+01 1.0000000000000002e+01
2.7685546875000000e-01 2.0000000000000001e-01 5.0000000000000000e+01 1.0000000000000002e+01
2.7783203125000000e-01 2.0000000000000001e-01 5.0000000000000000e+01 1.0000000000000002e+01
2.7880859375000000e-01 2.0000000000000001e-01 5.0000000000000000e+01 1.0000000000000002e+01
2.7978515625000000e-01 2.0000000000000001e-01 5.0000000000000000e+01 1.0000000000000002e+01
2.8076171875000000e-01 2.0000000000000001e-01 5.0000000000000000e+01 1.0000000000000002e+01
2.8173828125000000e-01 2.0000000000000001e-01 5.0000000000000000e+01 1.0000000000000002e+01
2.8271484375000000e-01 2.0000000000000001e-01 5.0000000000000000e+01 1.0000000000000002e+01
2.8369140625000000e-01 2.0000000000000001e-01 5.0000000000000000e+01 1.0000000000000002e+01
2.8466796875000000e-01 2.0000000000000001e-01 5.0000000000000000e+01 1.0000000000000002e+01
2.8564453125000000e-01 2.0000000000000001e-01 5.0000000000000000e+01 1.0000000000000002e+01
2.8662109375000000e-01 2.0000000000000001e-01 5.0000000000000000e+01 1.0000000000000002e+01
2.8759765625000000e-01 2.0000000000000001e-01 5.0000000000000000e+01 1.0000000000000002e+01
2.8857421875000000e-01 2.0000000000000001e-01 5.0000000000000000e+01 1.0000000000000002e+01
2.8955078125000000e-01 2.0000000000000001e-01 5.0000000000000000e+01 1.0000000000000002e+01
2.9052734375000000e-01 2.0000000000000001e-01 5.0000000000000000e+01 1.0000000000000002e+01
2.9150390625000000e-01 2.0000000000000001e-01 5.0000000000000000e+01 1.0000000000000002e+01
2.9248046875000000e-01 2.0000000000000001e-01 5.0000000000000000e+01 1.0000000000000002e+01
2.9345703125000000e-01 2.0000000000000001e-01 5.0000000000000000e+01 1.0000000000000002e+01
2.9443359375000000e-01 2.0000000000000001e-01 5.0000000000000000e+01 1.0000000000000002e+01
2.9541015625000000e-01 2.0000000000000001e-01 5.0000000000000000e+01 1.0000000000000002e+01
2.9638671875000000e-01 2.0000000000000001e-01 5.0000000000000000e+01 1.0000000000000002e+01
2.9736328125000000e-01 2.0000000000000001e-01 5.0000000000000000e+01 1.0000000000000002e+01
2.9833984375000000e-01 2.0000000000000001e-01 5.0000000000000000e+01 1.0000000000000002e+01
2.9931640625000000e-01 2.0000000000000001e-01 5.0000000000000000e+01 1.0000000000000002e+01
3.0029296875000000e-01 2.0000000000000001e-01 5.0000000000000000e+01 1.0000000000000002e+01
3.0126953125000000e-01 2.0000000000000001e-01 5.0000000000000000e+01 1.0000000000000002e+01
3.0224609375000000e-01 2.0000000000000001e-01 5.0000000000000000e+01 1.0000000000000002e+01
3.0322265625000000e-01 2.0000000000000001e-01 5.0000000000000000e+01 1.0000000000000002e+01
3.0419921875000000e-01 2.0000000000000001e-01 5.0000000000000000e+01 1.0000000000000002e+01
3.0517578125000000e-01 2.0000000000000001e-01 5.0000000000000000e+01 1.0000000000000002e+01
3.0615234375000000e-01 2.0000000000000001e-01 5.0000000000000000e+01 1.0000000000000002e+01
3.0712890625000000e-01 2.0000000000000001e-01 5.0000000000000000e+01 1.0000000000000002e+01
3.0810546875000000e-01 2.0000000000000001e-01 5.0000000000000000e+01 1.0000000000000002e+01
3.0908203125000000e-01 2.0000000000000001e-01 5.0000000000000000e+01 1.0000000000000002e+01
3.1005859375000000e-01 2.0000000000000001e-01 5.0000000000000000e+01 1.0000000000000002e+01
3.1103515625000000e-01 2.0000000000000001e-01 5.0000000000000000e+01 1.0000000000000002e+01
3.1201171875000000e-01 2.0000000000000001e-01 5.0000000000000000e+01 1.0000000000000002e+01
3.1298828125000000e-01 2.0000000000000001e-01 5.0000000000000000e+01 1.0000000000000002e+01
3.1396484375000000e-01 2.0000000000000001e-01 5.0000000000000000e+01 1.0000000000000002e+01
3.1494140625000000e-01 2.0000000000000001e-01 5.0000000000000000e+01 1.0000000000000002e+01
3.1591796875000000e-01 2.0000000000000001e-01 5.0000000000000000e+01 1.0000000000000002e+01
3.1689453125000000e-01 2.0000000000000001e-01 5.0000000000000000e+01 1.0000000000000002e+01
3.1787109375000000e-01 2.0000000000000001e-01 5.0000000000000000e+01 1.0000000000000002e+01
3.1884765625000000e-01 2.0000000000000001e-01 5.0000000000000000e+01 1.0000000000000002e+01
3.1982421875000000e-01 2.0000000000000001e-01 5.0000000000000000e+01 1.0000000000000002e+01
3.2080078125000000e-01 2.0000000000000001e-01 5.0000000000000000e+01 1.0000000000000002e+01
3.2177734375000000e-01 2.0000000000000001e-01 5.0000000000000000e+01 1.0000000000000002e+01
3.2275390625000000e-01 2.0000000000000001e-01 5.0000000000000000e+01 1.0000000000000002e+01
3.2373046875000000e-01 2.0000000000000001e-01 5.0000000000000000e+01 1.0000000000000002e+01
3.2470703125000000e-01 2.0000000000000001e-01 5.0000000000000000e+01 1.0000000000000002e+01
3.2568359375000000e-01 2.0000000000000001e-01 5.0000000000000000e+01 1.0000000000000002e+01
3.2666015625000000e-01 2.0000000000000001e-01 5.0000000000000000e+01 1.0000000000000002e+01
3.2763671875000000e-01 2.0000000000000001e-01 5.0000000000000000e+01 1.0000000000000002e+01
3.2861328125000000e-01 2.0000000000000001e-01 5.0000000000000000e+01 1.0000000000000002e+01
3.2958984375000000e-01 2.0000000000000001e-01 5.0000000000000000e+01 1.0000000000000002e+01
3.3056640625000000e-01 2.0000000000000001e-01 5.0000000000000000e+01 1.0000000000000002e+01
3.3154296875000000e-01 2.0000000000000001e-01 5.0000000000000000e+01 1.0000000000000002e+01
3.3251953125000000e-01 2.0000000000000001e-01 5.0000000000000000e+01 1.0000000000000002e+01
3.3349609375000000e-01 2.0000000000000001e-01 5.0000000000000000e+01 1.0000000000000002e+01
3.3447265625000000e-01 2.0000000000000001e-01 5.0000000000000000e+01 1.0000000000000002e+01
3.3544921875000000e-01 2.0000000000000001e-01 5.0000000000000000e+01 1.0000000000000002e+01
3.3642578125000000e-01 2.0000000000000001e-01 5.0000000000000000e+01 1.0000000000000002e+01
3.3740234375000000e-01 2.0000000000000001e-01 5.0000000000000000e+01 1.0000000000000002e+01
3.3837890625000000e-01 2.0000000000000001e-01 5.0000000000000000e+01 1.0000000000000002e+01
3.3935546875000000e-01 2.0000000000000001e-01 5.0000000000000000e+01 1.0000000000000002e+01
3.4033203125000000e-01 2.0000000000000001e-01 5.0000000000000000e+01 1.0000000000000002e+01
3.4130859375000000e-01 2.0000000000000001e-01 5.0000000000000000e+01 1.0000000000000002e+01
3.4228515625000000e-01 2.0000000000000001e-01 5.0000000000000000e+01 1.0000000000000002e+01
3.4326171875000000e-01 2.0000000000000001e-01 5.0000000000000000e+01 1.0000000000000002e+01
3.4423828125000000e-01 2.0000000000000001e-01 5.0000000000000000e+01 1.0000000000000002e+01
3.4521484375000000e-01 2.0000000000000001e-01 5.0000000000000000e+01 1.0000000000000002e+01
3.4619140625000000e-01 2.0000000000000001e-01 5.0000000000000000e+01 1.0000000000000002e+01
3.4716796875000000e-01 2.0000000000000001e-01 5.0000000000000000e+01 1.0000000000000002e+01
3.4814453125000000e-01 2.0000000000000001e-01 5.0000000000000000e+01 1.0000000000000002e+01
3.4912109375000000e-01 2.0000000000000001e-01 5.0000000000000000e+01 1.0000000000000002e+01
3.5009765625000000e-01 2.0000000000000001e-01 5.0000000000000000e+01 1.0000000000000002e+01
3.5107421875000000e-01 2.0000000000000001e-01 5.0000000000000000e+01 1.0000000000000002e+01
3.5205078125000000e-01 2.0000000000000001e-01 5.0000000000000000e+01 1.0000000000000002e+01
3.5302734375000000e-01 2.0000000000000001e-01 5.0000000000000000e+01 1.0000000000000002e+01
3.5400390625000000e-01 2.0000000000000001e-01 5.0000000000000000e+01 1.0000000000000002e+01
3.5498046875000000e-01 2.0000000000000001e-01 5.0000000000000000e+01 1.0000000000000002e+01
3.5595703125000000e-01 2.0000000000000001e-01 5.0000000000000000e+01 1.0000000000000002e+01
3.5693359375000000e-01 2.0000000000000001e-01 5.0000000000000000e+01 1.0000000000000002e+01
3.5791015625000000e-01 2.0000000000000001e-01 5.0000000000000000e+01 1.0000000000000002e+01
3.5888671875000000e-01 2.0000000000000001e-01 5.0000000000000000e+01 1.0000000000000002e+01
3.5986328125000000e-01 2.0000000000000001e-01 5.0000000000000000e+01 1.0000000000000002e+01
3.6083984375000000e-01 2.0000000000000001e-01 5.0000000000000000e+01 1.0000000000000002e+01
3.6181640625000000e-01 2.0000000000000001e-01 5.0000000000000000e+01 1.0000000000000002e+01
3.6279296875000000e-01 2.0000000000000001e-01 5.0000000000000000e+01 1.0000000000000002e+01
3.6376953125000000e-01 2.0000000000000001e-01 5.0000000000000000e+01 1.0000000000000002e+01
3.6474609375000000e-01 2.0000000000000001e-01 5.0000000000000000e+01 1.0000000000000002e+01
3.6572265625000000e-01 2.0000000000000001e-01 5.0000000000000000e+01 1.0000000000000002e+01
3.6669921875000000e-01 2.0000000000000001e-01 5.0000000000000000e+01 1.0000000000000002e+01
3.6767578125000000e-01 2.0000000000000001e-01 5.0000000000000000e+01 1.0000000000000002e+01
3.6865234375000000e-01 2.0000000000000001e-01 5.0000000000000000e+01 1.0000000000000002e+01
3.6962890625000000e-01 2.0000000000000001e-01 5.0000000000000000e+01 1.0000000000000002e+01
3.7060546875000000e-01 2.0000000000000001e-01 5.0000000000000000e+01 1.0000000000000002e+01
3.7158203125000000e-01 2.0000000000000001e-01 5.0000000000000000e+01 1.0000000000000002e+01
3.7255859375000000e-01 2.0000000000000001e-01 5.0000000000000000e+01 1.0000000000000002e+01
3.7353515625000000e-01 2.0000000000000001e-01 5.0000000000000000e+01 1.0000000000000002e+01
3.7451171875000000e-01 2.0000000000000001e-01 5.0000000000000000e+01 1.0000000000000002e+01
3.7548828125000000e-01 2.0000000000000001e-01 5.0000000000000000e+01 1.0000000000000002e+01
3.7646484375000000e-01 2.0000000000000001e-01 5.0000000000000000e+01 1.0000000000000002e+01
3.7744140625000000e-01 2.0000000000000001e-01 5.0000000000000000e+01 1.0000000000000002e+01
3.7841796875000000e-01 2.0000000000000001e-01 5.0000000000000000e+01 1.0000000000000002e+01
3.7939453125000000e-01 2.0000000000000001e-01 5.0000000000000000e+01 1.0000000000000002e+01
3.8037109375000000e-01 2.0000000000000001e-01 5.0000000000000000e+01 1.0000000000000002e+01
3.8134765625000000e-01 2.0000000000000001e-01 5.0000000000000000e+01 1.0000000000000002e+01
3.8232421875000000e-01 2.0000000000000001e-01 5.0000000000000000e+01 1.0000000000000002e+01
3.8330078125000000e-01 2.0000000000000001e-01 5.0000000000000000e+01 1.0000000000000002e+01
3.8427734375000000e-01 2.0000000000000001e-01 5.0000000000000000e+01 1.0000000000000002e+01
3.8525390625000000e-01 2.0000000000000001e-01 5.0000000000000000e+01 1.0000000000000002e+01
3.8623046875000000e-01 2.0000000000000001e-01 5.0000000000000000e+01 1.0000000000000002e+01
3.8720703125000000e-01 2.0000000000000001e-01 5.0000000000000000e+01 1.0000000000000002e+01
3.8818359375000000e-01 2.0000000000000001e-01 5.0000000000000000e+01 1.0000000000000002e+01
3.8916015625000000e-01 2.0000000000000001e-01 5.0000000000000000e+01 1.0000000000000002e+01
3.9013671875000000e-01 2.0000000000000001e-01 5.0000000000000000e+01 1.0000000000000002e+01
3.9111328125000000e-01 2.0000000000000001e-01 5.0000000000000000e+01 1.0000000000000002e+01
3.9208984375000000e-01 2.0000000000000001e-01 5.0000000000000000e+01 1.0000000000000002e+01
3.9306640625000000e-01 2.0000000000000001e-01 5.0000000000000000e+01 1.0000000000000002e+01
3.9404296875000000e-01 2.0000000000000001e-01 5.0000000000000000e+01 1.0000000000000002e+01
3.9501953125000000e-01 2.0000000000000001e-01 5.0000000000000000e+01 1.0000000000000002e+01
3.9599609375000000e-01 2.0000000000000001e-01 5.0000000000000000e+01 1.0000000000000002e+01
3.9697265625000000e-01 2.0000000000000001e-01 5.0000000000000000e+01 1.0000000000000002e+01
3.9794921875000000e-01 2.0000000000000001e-01 5.0000000000000000e+01 1.0000000000000002e+01
3.9892578125000000e-01 2.0000000000000001e-01 5.0000000000000000e+01 1.0000000000000002e+01
3.9990234375000000e-01 2.0000000000000001e-01 5.0000000000000000e+01 1.0000000000000002e+01
4.0087890625000000e-01 2.0000000000000001e-01 5.0000000000000000e+01 1.0000000000000002e+01
4.0185546875000000e-01 2.0000000000000001e-01 5.0000000000000000e+01 1.0000000000000002e+01
4.0283203125000000e-01 2.0000000000000001e-01 5.0000000000000000e+01 1.0000000000000002e+01
4.0380859375000000e-01 2.0000000000000001e-01 5.0000000000000000e+01 1.0000000000000002e+01
4.0478515625000000e-01 2.0000000000000001e-01 5.0000000000000000e+01 1.0000000000000002e+01
4.0576171875000000e-01 2.0000000000000001e-01 5.0000000000000000e+01 1.0000000000000002e+01
4.0673828125000000e-01 2.0000000000000001e-01 5.0000000000000000e+01 1.0000000000000002e+01
4.0771484375000000e-01 2.0000000000000001e-01 5.0000000000000000e+01 1.0000000000000002e+01
4.0869140625000000e-01 2.0000000000000001e-01 5.0000000000000000e+01 1.0000000000000002e+01
4.0966796875000000e-01 2.0000000000000001e-01 5.0000000000000000e+01 1.0000000000000002e+01
4.1064453125000000e-01 2.0000000000000001e-01 5.0000000000000000e+01 1.0000000000000002e+01
4.1162109375000000e-01 2.0000000000000001e-01 5.0000000000000000e+01 1.0000000000000002e+01
4.1259765625000000e-01 2.0000000000000001e-01 5.0000000000000000e+01 1.0000000000000002e+01
4.1357421875000000e-01 2.0000000000000001e-01 5.0000000000000000e+01 1.0000000000000002e+01
4.1455078125000000e-01 2.0000000000000001e-01 5.0000000000000000e+01 1.0000000000000002e+01
4.1552734375000000e-01 2.0000000000000001e-01 5.0000000000000000e+01 1.0000000000000002e+01
4.1650390625000000e-01 2.0000000000000001e-01 5.0000000000000000e+01 1.0000000000000002e+01
4.1748046875000000e-01 2.0000000000000001e-01 5.0000000000000000e+01 1.0000000000000002e+01
4.1845703125000000e-01 2.0000000000000001e-01 5.0000000000000000e+01 1.0000000000000002e+01
4.1943359375000000e-01 2.0000000000000001e-01 5.0000000000000000e+01 1.0000000000000002e+01
4.2041015625000000e-01 2.0000000000000001e-01 5.0000000000000000e+01 1.0000000000000002e+01
4.2138671875000000e-01 2.0000000000000001e-01 5.0000000000000000e+01 1.0000000000000002e+01
4.2236328125000000e-01 2.0000000000000001e-01 5.0000000000000000e+01 1.0000000000000002e+01
4.2333984375000000e-01 2.0000000000000001e-01 5.0000000000000000e+01 1.0000000000000002e+01
4.2431640625000000e-01 2.0000000000000001e-01 5.0000000000000000e+01 1.0000000000000002e+01
4.2529296875000000e-01 2.0000000000000001e-01 5.0000000000000000e+01 1.0000000000000002e+01
4.2626953125000000e-01 2.0000000000000001e-01 5.0000000000000000e+01 1.0000000000000002e+01
4.2724609375000000e-01 2.0000000000000001e-01 5.0000000000000000e+01 1.0000000000000002e+01
4.2822265625000000e-01 2.0000000000000001e-01 5.0000000000000000e+01 1.0000000000000002e+01
4.2919921875000000e-01 2.0000000000000001e-01 5.0000000000000000e+01 1.0000000000000002e+01
4.3017578125000000e-01 2.0000000000000001e-01 5.0000000000000000e+01 1.0000000000000002e+01
4.3115234375000000e-01 2.0000000000000001e-01 5.0000000000000000e+01 1.0000000000000002e+01
4.3212890625000000e-01 2.0000000000000001e-01 5.0000000000000000e+01 1.0000000000000002e+01
4.3310546875000000e-01 2.0000000000000001e-01 5.0000000000000000e+01 1.0000000000000002e+01
4.3408203125000000e-01 2.0000000000000001e-01 5.0000000000000000e+01 1.0000000000000002e+01
4.3505859375000000e-01 2.0000000000000001e-01 5.0000000000000000e+01 1.0000000000000002e+01
4.3603515625000000e-01 2.0000000000000001e-01 5.0000000000000000e+01 1.0000000000000002e+01
4.3701171875000000e-01 2.0000000000000001e-01 5.0000000000000000e+01 1.0000000000000002e+01
4.3798828125000000e-01 2.0000000000000001e-01 5.0000000000000000e+01 1.0000000000000002e+01
4.3896484375000000e-01 2.0000000000000001e-01 5.0000000000000000e+01 1.0000000000000002e+01
4.3994140625000000e-01 2.0000000000000001e-01 5.0000000000000000e+01 1.0000000000000002e+01
4.4091796875000000e-01 2.0000000000000001e-01 5.0000000000000000e+01 1.0000000000000002e+01
4.4189453125000000e-01 2.0000000000000001e-01 5.0000000000000000e+01 1.0000000000000002e+01
4.4287109375000000e-01 2.0000000000000001e-01 5.0000000000000000e+01 1.0000000000000002e+01
4.4384765625000000e-01 2.0000000000000001e-01 5.0000000000000000e+01 1.0000000000000002e+01
4.4482421875000000e-01 2.0000000000000001e-01 5.0000000000000000e+01 1.0000000000000002e+01
4.4580078125000000e-01 2.0000000000000001e-01 5.0000000000000000e+01 1.0000000000000002e+01
4.4677734375000000e-01 2.0000000000000001e-01 5.0000000000000000e+01 1.0000000000000002e+01
4.4775390625000000e-01 2.0000000000000001e-01 5.0000000000000000e+01 1.0000000000000002e+01
4.4873046875000000e-01 2.0000000000000001e-01 5.0000000000000000e+01 1.0000000000000002e+01
4.4970703125000000e-01 2.0000000000000001e-01 5.0000000000000000e+01 1.0000000000000002e+01
4.5068359375000000e-01 2.0000000000000001e-01 5.0000000000000000e+01 1.0000000000000002e+01
4.5166015625000000e-01 2.0000000000000001e-01 5.0000000000000000e+01 1.0000000000000002e+01
4.5263671875000000e-01 2.0000000000000001e-01 5.0000000000000000e+01 1.0000000000000002e+01
4.5361328125000000e-01 2.0000000000000001e-01 5.0000000000000000e+01 1.0000000000000002e+01
4.5458984375000000e-01 2.0000000000000001e-01 5.0000000000000000e+01 1.0000000000000002e+01
4.5556640625000000e-01 2.0000000000000001e-01 5.0000000000000000e+01 1.0000000000000002e+01
4.5654296875000000e-01 2.0000000000000001e-01 5.0000000000000000e+01 1.0000000000000002e+01
4.5751953125000000e-01 2.0000000000000001e-01 5.0000000000000000e+01 1.0000000000000002e+01
4.5849609375000000e-01 2.0000000000000001e-01 5.0000000000000000e+01 1.0000000000000002e+01
4.5947265625000000e-01 2.0000000000000001e-01 5.0000000000000000e+01 1.0000000000000002e+01
4.6044921875000000e-01 2.0000000000000001e-01 5.0000000000000000e+01 1.0000000000000002e+01
4.6142578125000000e-01 2.0000000000000001e-01 5.0000000000000000e+01 1.0000000000000002e+01
4.6240234375000000e-01 2.0000000000000001e-01 5.0000000000000000e+01 1.0000000000000002e+01
4.6337890625000000e-01 2.0000000000000001e-01 5.0000000000000000e+01 1.0000000000000002e+01
4.6435546875000000e-01 2.0000000000000001e-01 5.0000000000000000e+01 1.0000000000000002e+01
4.6533203125000000e-01 2.0000000000000001e-01 5.0000000000000000e+01 1.0000000000000002e+01
4.6630859375000000e-01 2.0000000000000001e-01 5.0000000000000000e+01 1.0000000000000002e+01
4.6728515625000000e-01 2.0000000000000001e-01 5.0000000000000000e+01 1.0000000000000002e+01
4.6826171875000000e-01 2.0000000000000001e-01 5.0000000000000000e+01 1.0000000000000002e+01
4.6923828125000000e-01 2.0000000000000001e-01 5.0000000000000000e+01 1.0000000000000002e+01
4.7021484375000000e-01 2.0000000000000001e-01 5.0000000000000000e+01 1.0000000000000002e+01
4.7119140625000000e-01 2.0000000000000001e-01 5.0000000000000000e+01 1.0000000000000002e+01
4.7216796875000000e-01 2.0000000000000001e-01 5.0000000000000000e+01 1.0000000000000002e+01
4.7314453125000000e-01 2.0000000000000001e-01 5.0000000000000000e+01 1.0000000000000002e+01
4.7412109375000000e-01 2.0000000000000001e-01 5.0000000000000000e+01 1.0000000000000002e+01
4.7509765625000000e-01 2.0000000000000001e-01 5.0000000000000000e+01 1.0000000000000002e+01
4.7607421875000000e-01 2.0000000000000001e-01 5.0000000000000000e+01 1.0000000000000002e+01
4.7705078125000000e-01 2.0000000000000001e-01 5.0000000000000000e+01 1.0000000000000002e+01
4.7802734375000000e-01 2.0000000000000001e-01 5.0000000000000000e+01 1.0000000000000002e+01
4.7900390625000000e-01 2.0000000000000001e-01 5.0000000000000000e+01 1.0000000000000002e+01
4.7998046875000000e-01 2.0000000000000001e-01 5.0000000000000000e+01 1.0000000000000002e+01
4.8095703125000000e-01 2.0000000000000001e-01 5.0000000000000000e+01 1.0000000000000002e+01
4.8193359375000000e-01 2.0000000000000001e-01 5.0000000000000000e+01 1.0000000000000002e+01
4.8291015625000000e-01 2.0000000000000001e-01 5.0000000000000000e+01 1.0000000000000002e+01
4.8388671875000000e-01 2.0000000000000001e-01 5.0000000000000000e+01 1.0000000000000002e+01
4.8486328125000000e-01 2.0000000000000001e-01 5.0000000000000000e+01 1.0000000000000002e+01
4.8583984375000000e-01 2.0000000000000001e-01 5.0000000000000000e+01 1.0000000000000002e+01
4.8681640625000000e-01 2.0000000000000001e-01 5.0000000000000000e+01 1.0000000000000002e+01
4.8779296875000000e-01 2.0000000000000001e-01 5.0000000000000000e+01 1.0000000000000002e+01
4.8876953125000000e-01 2.0000000000000001e-01 5.0000000000000000e+01 1.0000000000000002e+01
4.8974609375000000e-01 2.0000000000000001e-01 5.0000000000000000e+01 1.0000000000000002e+01
4.9072265625000000e-01 2.0000000000000001e-01 5.0000000000000000e+01 1.0000000000000002e+01
4.9169921875000000e-01 2.0000000000000001e-01 5.0000000000000000e+01 1.0000000000000002e+01
4.9267578125000000e-01 2.0000000000000001e-01 5.0000000000000000e+01 1.0000000000000002e+01
4.9365234375000000e-01 2.0000000000000001e-01 5.0000000000000000e+01 1.0000000000000002e+01
4.9462890625000000e-01 2.0000000000000001e-01 5.0000000000000000e+01 1.0000000000000002e+01
4.9560546875000000e-01 2.0000000000000001e-01 5.0000000000000000e+01 1.0000000000000039e+01
4.9658203125000000e-01 2.0000000000000001e-01 5.0000000000000000e+01 1.0000000000000002e+01
4.9755859375000000e-01 2.0000000000000001e-01 5.0000000000000007e+01 9.9999999999998685e+00
4.9853515625000000e-01 1.9999999999999998e-01 4.9999999999999993e+01 1.0000000000000039e+01
4.9951171875000000e-01 2.0003599697756402e-01 4.9998528092566659e+01 1.0002738603323225e+01
5.0048828125000000e-01 4.8891102417650212e-01 2.5762072659260443e+01 1.7998407382045249e+02
5.0146484375000000e-01 5.6202112559947648e-01 1.6917236761006965e+01 3.1477606132410659e+02
5.0244140625000000e-01 4.0700363814585827e-01 1.1230633996539327e+01 2.2990001340921020e+02
5.0341796875000000e-01 1.4380108628080529e-01 -2.0903810694547314e+01 1.1291572662624267e+01
5.0439453125000000e-01 1.2500000000000000e-01 -2.5000000000000000e+01 1.0000000000000000e+00
5.0537109375000000e-01 1.2500000000000000e-01 -2.5000000000000000e+01 1.0000000000000000e+00
5.0634765625000000e-01 1.2500000000000000e-01 -2.5000000000000000e+01 1.0000000000000000e+00
5.0732421875000000e-01 1.2500000000000000e-01 -2.5000000000000000e+01 1.0000000000000000e+00
5.0830078125000000e-01 1.2500000000000000e-01 -2.5000000000000000e+01 1.0000000000000000e+00
5.0927734375000000e-01 1.2500000000000000e-01 -2.5000000000000000e+01 1.0000000000000000e+00
5.1025390625000000e-01 1.2500000000000000e-01 -2.5000000000000000e+01 1.0000000000000000e+00
5.1123046875000000e-01 1.2500000000000000e-01 -2.5000000000000000e+01 1.0000000000000000e+00
5.1220703125000000e-01 1.2500000000000000e-01 -2.5000000000000000e+01 1.0000000000000000e+00
5.1318359375000000e-01 1.2500000000000000e-01 -2.5000000000000000e+01 1.0000000000000000e+00
5.1416015625000000e-01 1.2500000000000000e-01 -2.5000000000000000e+01 1.0000000000000000e+00
5.1513671875000000e-01 1.2500000000000000e-01 -2.5000000000000000e+01 1.0000000000000000e+00
5.1611328125000000e-01 1.2500000000000000e-01 -2.5000000000000000e+01 1.0000000000000000e+00
5.1708984375000000e-01 1.2500000000000000e-01 -2.5000000000000000e+01 1.0000000000000000e+00
5.1806640625000000e-01 1.2500000000000000e-01 -2.5000000000000000e+01 1.0000000000000000e+00
5.1904296875000000e-01 1.2500000000000000e-01 -2.5000000000000000e+01 1.0000000000000000e+00
5.2001953125000000e-01 1.2500000000000000e-01 -2.5000000000000000e+01 1.0000000000000000e+00
5.2099609375000000e-01 1.2500000000000000e-01 -2.5000000000000000e+01 1.0000000000000000e+00
5.2197265625000000e-01 1.2500000000000000e-01 -2.5000000000000000e+01 1.0000000000000000e+00
5.2294921875000000e-01 1.2500000000000000e-01 -2.5000000000000000e+01 1.0000000000000000e+00
5.2392578125000000e-01 1.2500000000000000e-01 -2.5000000000000000e+01 1.0000000000000000e+00
5.2490234375000000e-01 1.2500000000000000e-01 -2.5000000000000000e+01 1.0000000000000000e+00
5.2587890625000000e-01 1.2500000000000000e-01 -2.5000000000000000e+01 1.0000000000000000e+00
5.2685546875000000e-01 1.2500000000000000e-01 -2.5000000000000000e+01 1.0000000000000000e+00
5.2783203125000000e-01 1.2500000000000000e-01 -2.5000000000000000e+01 1.0000000000000000e+00
5.2880859375000000e-01 1.2500000000000000e-01 -2.5000000000000000e+01 1.0000000000000000e+00
5.2978515625000000e-01 1.2500000000000000e-01 -2.5000000000000000e+01 1.0000000000000000e+00
5.3076171875000000e-01 1.2500000000000000e-01 -2.5000000000000000e+01 1.0000000000000000e+00
5.3173828125000000e-01 1.2500000000000000e-01 -2.5000000000000000e+01 1.0000000000000000e+00
5.3271484375000000e-01 1.2500000000000000e-01 -2.5000000000000000e+01 1.0000000000000000e+00
5.3369140625000000e-01 1.2500000000000000e-01 -2.5000000000000000e+01 1.0000000000000000e+00
5.3466796875000000e-01 1.2500000000000000e-01 -2.5000000000000000e+01 1.0000000000000000e+00
5.3564453125000000e-01 1.2500000000000000e-01 -2.5000000000000000e+01 1.0000000000000000e+00
5.3662109375000000e-01 1.2500000000000000e-01 -2.5000000000000000e+01 1.0000000000000000e+00
5.3759765625000000e-01 1.2500000000000000e-01 -2.5000000000000000e+01 1.0000000000000000e+00
5.3857421875000000e-01 1.2500000000000000e-01 -2.5000000000000000e+01 1.0000000000000000e+00
5.3955078125000000e-01 1.2500000000000000e-01 -2.5000000000000000e+01 1.0000000000000000e+00
5.4052734375000000e-01 1.2500000000000000e-01 -2.5000000000000000e+01 1.0000000000000000e+00
5.4150390625000000e-01 1.2500000000000000e-01 -2.5000000000000000e+01 1.0000000000000000e+00
5.4248046875000000e-01 1.2500000000000000e-01 -2.5000000000000000e+01 1.0000000000000000e+00
5.4345703125000000e-01 1.2500000000000000e-01 -2.5000000000000000e+01 1.0000000000000000e+00
5.4443359375000000e-01 1.2500000000000000e-01 -2.5000000000000000e+01 1.0000000000000000e+00
5.4541015625000000e-01 1.2500000000000000e-01 -2.5000000000000000e+01 1.0000000000000000e+00
5.4638671875000000e-01 1.2500000000000000e-01 -2.5000000000000000e+01 1.0000000000000000e+00
5.4736328125000000e-01 1.2500000000000000e-01 -2.5000000000000000e+01 1.0000000000000000e+00
5.4833984375000000e-01 1.2500000000000000e-01 -2.5000000000000000e+01 1.0000000000000000e+00
5.4931640625000000e-01 1.2500000000000000e-01 -2.5000000000000000e+01 1.0000000000000000e+00
5.5029296875000000e-01 1.2500000000000000e-01 -2.5000000000000000e+01 1.0000000000000000e+00
5.5126953125000000e-01 1.2500000000000000e-01 -2.5000000000000000e+01 1.0000000000000000e+00
5.5224609375000000e-01 1.2500000000000000e-01 -2.5000000000000000e+01 1.0000000000000000e+00
5.5322265625000000e-01 1.2500000000000000e-01 -2.5000000000000000e+01 1.0000000000000000e+00
5.5419921875000000e-01 1.2500000000000000e-01 -2.5000000000000000e+01 1.0000000000000000e+00
5.5517578125000000e-01 1.2500000000000000e-01 -2.5000000000000000e+01 1.0000000000000000e+00
5.5615234375000000e-01 1.2500000000000000e-01 -2.5000000000000000e+01 1.0000000000000000e+00
5.5712890625000000e-01 1.2500000000000000e-01 -2.5000000000000000e+01 1.0000000000000000e+00
5.5810546875000000e-01 1.2500000000000000e-01 -2.5000000000000000e+01 1.0000000000000000e+00
5.5908203125000000e-01 1.2500000000000000e-01 -2.5000000000000000e+01 1.0000000000000000e+00
5.6005859375000000e-01 1.2500000000000000e-01 -2.5000000000000000e+01 1.0000000000000000e+00
5.6103515625000000e-01 1.2500000000000000e-01 -2.5000000000000000e+01 1.0000000000000000e+00
5.6201171875000000e-01 1.2500000000000000e-01 -2.5000000000000000e+01 1.0000000000000000e+00
5.6298828125000000e-01 1.2500000000000000e-01 -2.5000000000000000e+01 1.0000000000000000e+00
5.6396484375000000e-01 1.2500000000000000e-01 -2.5000000000000000e+01 1.0000000000000000e+00
5.6494140625000000e-01 1.2500000000000000e-01 -2.5000000000000000e+01 1.0000000000000000e+00
5.6591796875000000e-01 1.2500000000000000e-01 -2.5000000000000000e+01 1.0000000000000000e+00
5.6689453125000000e-01 1.2500000000000000e-01 -2.5000000000000000e+01 1.0000000000000000e+00
5.6787109375000000e-01 1.2500000000000000e-01 -2.5000000000000000e+01 1.0000000000000000e+00
5.6884765625000000e-01 1.2500000000000000e-01 -2.5000000000000000e+01 1.0000000000000000e+00
5.6982421875000000e-01 1.2500000000000000e-01 -2.5000000000000000e+01 1.0000000000000000e+00
5.7080078125000000e-01 1.2500000000000000e-01 -2.5000000000000000e+01 1.0000000000000000e+00
5.7177734375000000e-01 1.2500000000000000e-01 -2.5000000000000000e+01 1.0000000000000000e+00
5.7275390625000000e-01 1.2500000000000000e-01 -2.5000000000000000e+01 1.0000000000000000e+00
5.7373046875000000e-01 1.2500000000000000e-01 -2.5000000000000000e+01 1.0000000000000000e+00
5.7470703125000000e-01 1.2500000000000000e-01 -2.5000000000000000e+01 1.0000000000000000e+00
5.7568359375000000e-01 1.2500000000000000e-01 -2.5000000000000000e+01 1.0000000000000000e+00
5.7666015625000000e-01 1.2500000000000000e-01 -2.5000000000000000e+01 1.0000000000000000e+00
5.7763671875000000e-01 1.2500000000000000e-01 -2.5000000000000000e+01 1.0000000000000000e+00
5.7861328125000000e-01 1.2500000000000000e-01 -2.5000000000000000e+01 1.0000000000000000e+00
5.7958984375000000e-01 1.2500000000000000e-01 -2.5000000000000000e+01 1.0000000000000000e+00
5.8056640625000000e-01 1.2500000000000000e-01 -2.5000000000000000e+01 1.0000000000000000e+00
5.8154296875000000e-01 1.2500000000000000e-01 -2.5000000000000000e+01 1.0000000000000000e+00
5.8251953125000000e-01 1.2500000000000000e-01 -2.5000000000000000e+01 1.0000000000000000e+00
5.8349609375000000e-01 1.2500000000000000e-01 -2.5000000000000000e+01 1.0000000000000000e+00
5.8447265625000000e-01 1.2500000000000000e-01 -2.5000000000000000e+01 1.0000000000000000e+00
5.8544921875000000e-01 1.2500000000000000e-01 -2.5000000000000000e+01 1.0000000000000000e+00
5.8642578125000000e-01 1.2500000000000000e-01 -2.5000000000000000e+01 1.0000000000000000e+00
5.8740234375000000e-01 1.2500000000000000e-01 -2.5000000000000000e+01 1.0000000000000000e+00
5.8837890625000000e-01 1.2500000000000000e-01 -2.5000000000000000e+01 1.0000000000000000e+00
5.8935546875000000e-01 1.2500000000000000e-01 -2.5000000000000000e+01 1.0000000000000000e+00
5.9033203125000000e-01 1.2500000000000000e-01 -2.5000000000000000e+01 1.0000000000000000e+00
5.9130859375000000e-01 1.2500000000000000e-01 -2.5000000000000000e+01 1.0000000000000000e+00
5.9228515625000000e-01 1.2500000000000000e-01 -2.5000000000000000e+01 1.0000000000000000e+00
5.9326171875000000e-01 1.2500000000000000e-01 -2.5000000000000000e+01 1.0000000000000000e+00
5.9423828125000000e-01 1.2500000000000000e-01 -2.5000000000000000e+01 1.0000000000000000e+00
5.9521484375000000e-01 1.2500000000000000e-01 -2.5000000000000000e+01 1.0000000000000000e+00
5.9619140625000000e-01 1.2500000000000000e-01 -2.5000000000000000e+01 1.0000000000000000e+00
5.9716796875000000e-01 1.2500000000000000e-01 -2.5000000000000000e+01 1.0000000000000000e+00
5.9814453125000000e-01 1.2500000000000000e-01 -2.5000000000000000e+01 1.0000000000000000e+00
5.9912109375000000e-01 1.2500000000000000e-01 -2.5000000000000000e+01 1.0000000000000000e+00
6.0009765625000000e-01 1.2500000000000000e-01 -2.5000000000000000e+01 1.0000000000000000e+00
6.0107421875000000e-01 1.2500000000000000e-01 -2.5000000000000000e+01 1.0000000000000000e+00
6.0205078125000000e-01 1.2500000000000000e-01 -2.5000000000000000e+01 1.0000000000000000e+00
6.0302734375000000e-01 1.2500000000000000e-01 -2.5000000000000000e+01 1.0000000000000000e+00
6.0400390625000000e-01 1.2500000000000000e-01 -2.5000000000000000e+01 1.0000000000000000e+00
6.0498046875000000e-01 1.2500000000000000e-01 -2.5000000000000000e+01 1.0000000000000000e+00
6.0595703125000000e-01 1.2500000000000000e-01 -2.5000000000000000e+01 1.0000000000000000e+00
6.0693359375000000e-01 1.2500000000000000e-01 -2.5000000000000000e+01 1.0000000000000000e+00
6.0791015625000000e-01 1.2500000000000000e-01 -2.5000000000000000e+01 1.0000000000000000e+00
6.0888671875000000e-01 1.2500000000000000e-01 -2.5000000000000000e+01 1.0000000000000000e+00
6.0986328125000000e-01 1.2500000000000000e-01 -2.5000000000000000e+01 1.0000000000000000e+00
6.1083984375000000e-01 1.2500000000000000e-01 -2.5000000000000000e+01 1.0000000000000000e+00
6.1181640625000000e-01 1.2500000000000000e-01 -2.5000000000000000e+01 1.0000000000000000e+00
6.1279296875000000e-01 1.2500000000000000e-01 -2.5000000000000000e+01 1.0000000000000000e+00
6.1376953125000000e-01 1.2500000000000000e-01 -2.5000000000000000e+01 1.0000000000000000e+00
6.1474609375000000e-01 1.2500000000000000e-01 -2.5000000000000000e+01 1.0000000000000000e+00
6.1572265625000000e-01 1.2500000000000000e-01 -2.5000000000000000e+01 1.0000000000000000e+00
6.1669921875000000e-01 1.2500000000000000e-01 -2.5000000000000000e+01 1.0000000000000000e+00
6.1767578125000000e-01 1.2500000000000000e-01 -2.5000000000000000e+01 1.0000000000000000e+00
6.1865234375000000e-01 1.2500000000000000e-01 -2.5000000000000000e+01 1.0000000000000000e+00
6.1962890625000000e-01 1.2500000000000000e-01 -2.5000000000000000e+01 1.0000000000000000e+00
6.2060546875000000e-01 1.2500000000000000e-01 -2.5000000000000000e+01 1.0000000000000000e+00
6.2158203125000000e-01 1.2500000000000000e-01 -2.5000000000000000e+01 1.0000000000000000e+00
6.2255859375000000e-01 1.2500000000000000e-01 -2.5000000000000000e+01 1.0000000000000000e+00
6.2353515625000000e-01 1.2500000000000000e-01 -2.5000000000000000e+01 1.0000000000000000e+00
6.2451171875000000e-01 1.2500000000000000e-01 -2.5000000000000000e+01 1.0000000000000000e+00
6.2548828125000000e-01 1.2500000000000000e-01 -2.5000000000000000e+01 1.0000000000000000e+00
6.2646484375000000e-01 1.2500000000000000e-01 -2.5000000000000000e+01 1.0000000000000000e+00
6.2744140625000000e-01 1.2500000000000000e-01 -2.5000000000000000e+01 1.0000000000000000e+00
6.2841796875000000e-01 1.2500000000000000e-01 -2.5000000000000000e+01 1.0000000000000000e+00
6.2939453125000000e-01 1.2500000000000000e-01 -2.5000000000000000e+01 1.0000000000000000e+00
6.3037109375000000e-01 1.2500000000000000e-01 -2.5000000000000000e+01 1.0000000000000000e+00
6.3134765625000000e-01 1.2500000000000000e-01 -2.5000000000000000e+01 1.0000000000000000e+00
6.3232421875000000e-01 1.2500000000000000e-01 -2.5000000000000000e+01 1.0000000000000000e+00
6.3330078125000000e-01 1.2500000000000000e-01 -2.5000000000000000e+01 1.0000000000000000e+00
6.3427734375000000e-01 1.2500000000000000e-01 -2.5000000000000000e+01 1.0000000000000000e+00
6.3525390625000000e-01 1.2500000000000000e-01 -2.5000000000000000e+01 1.0000000000000000e+00
6.3623046875000000e-01 1.2500000000000000e-01 -2.5000000000000000e+01 1.0000000000000000e+00
6.3720703125000000e-01 1.2500000000000000e-01 -2.5000000000000000e+01 1.0000000000000000e+00
6.3818359375000000e-01 1.2500000000000000e-01 -2.5000000000000000e+01 1.0000000000000000e+00
6.3916015625000000e-01 1.2500000000000000e-01 -2.5000000000000000e+01 1.0000000000000000e+00
6.4013671875000000e-01 1.2500000000000000e-01 -2.5000000000000000e+01 1.0000000000000000e+00
6.4111328125000000e-01 1.2500000000000000e-01 -2.5000000000000000e+01 1.0000000000000000e+00
6.4208984375000000e-01 1.2500000000000000e-01 -2.5000000000000000e+01 1.0000000000000000e+00
6.4306640625000000e-01 1.2500000000000000e-01 -2.5000000000000000e+01 1.0000000000000000e+00
6.4404296875000000e-01 1.2500000000000000e-01 -2.5000000000000000e+01 1.0000000000000000e+00
6.4501953125000000e-01 1.2500000000000000e-01 -2.5000000000000000e+01 1.0000000000000000e+00
6.4599609375000000e-01 1.2500000000000000e-01 -2.5000000000000000e+01 1.0000000000000000e+00
6.4697265625000000e-01 1.2500000000000000e-01 -2.5000000000000000e+01 1.0000000000000000e+00
6.4794921875000000e-01 1.2500000000000000e-01 -2.5000000000000000e+01 1.0000000000000000e+00
6.4892578125000000e-01 1.2500000000000000e-01 -2.5000000000000000e+01 1.0000000000000000e+00
6.4990234375000000e-01 1.2500000000000000e-01 -2.5000000000000000e+01 1.0000000000000000e+00
6.5087890625000000e-01 1.2500000000000000e-01 -2.5000000000000000e+01 1.0000000000000000e+00
6.5185546875000000e-01 1.2500000000000000e-01 -2.5000000000000000e+01 1.0000000000000000e+00
6.5283203125000000e-01 1.2500000000000000e-01 -2.5000000000000000e+01 1.0000000000000000e+00
6.5380859375000000e-01 1.2500000000000000e-01 -2.5000000000000000e+01 1.0000000000000000e+00
6.5478515625000000e-01 1.2500000000000000e-01 -2.5000000000000000e+01 1.0000000000000000e+00
6.5576171875000000e-01 1.2500000000000000e-01 -2.5000000000000000e+01 1.0000000000000000e+00
6.5673828125000000e-01 1.2500000000000000e-01 -2.5000000000000000e+01 1.0000000000000000e+00
6.5771484375000000e-01 1.2500000000000000e-01 -2.5000000000000000e+01 1.0000000000000000e+00
6.5869140625000000e-01 1.2500000000000000e-01 -2.5000000000000000e+01 1.0000000000000000e+00
6.5966796875000000e-01 1.2500000000000000e-01 -2.5000000000000000e+01 1.0000000000000000e+00
6.6064453125000000e-01 1.2500000000000000e-01 -2.5000000000000000e+01 1.0000000000000000e+00
6.6162109375000000e-01 1.2500000000000000e-01 -2.5000000000000000e+01 1.0000000000000000e+00
6.6259765625000000e-01 1.2500000000000000e-01 -2.5000000000000000e+01 1.0000000000000000e+00
6.6357421875000000e-01 1.2500000000000000e-01 -2.5000000000000000e+01 1.0000000000000000e+00
6.6455078125000000e-01 1.2500000000000000e-01 -2.5000000000000000e+01 1.0000000000000000e+00
6.6552734375000000e-01 1.2500000000000000e-01 -2.5000000000000000e+01 1.0000000000000000e+00
6.6650390625000000e-01 1.2500000000000000e-01 -2.5000000000000000e+01 1.0000000000000000e+00
6.6748046875000000e-01 1.2500000000000000e-01 -2.5000000000000000e+01 1.0000000000000000e+00
6.6845703125000000e-01 1.2500000000000000e-01 -2.5000000000000000e+01 1.0000000000000000e+00
6.6943359375000000e-01 1.2500000000000000e-01 -2.5000000000000000e+01 1.0000000000000000e+00
6.7041015625000000e-01 1.2500000000000000e-01 -2.5000000000000000e+01 1.0000000000000000e+00
6.7138671875000000e-01 1.2500000000000000e-01 -2.5000000000000000e+01 1.0000000000000000e+00
6.7236328125000000e-01 1.2500000000000000e-01 -2.5000000000000000e+01 1.0000000000000000e+00
6.7333984375000000e-01 1.2500000000000000e-01 -2.5000000000000000e+01 1.0000000000000000e+00
6.7431640625000000e-01 1.2500000000000000e-01 -2.5000000000000000e+01 1.0000000000000000e+00
6.7529296875000000e-01 1.2500000000000000e-01 -2.5000000000000000e+01 1.0000000000000000e+00
6.7626953125000000e-01 1.2500000000000000e-01 -2.5000000000000000e+01 1.0000000000000000e+00
6.7724609375000000e-01 1.2500000000000000e-01 -2.5000000000000000e+01 1.0000000000000000e+00
6.7822265625000000e-01 1.2500000000000000e-01 -2.5000000000000000e+01 1.0000000000000000e+00
6.7919921875000000e-01 1.2500000000000000e-01 -2.5000000000000000e+01 1.0000000000000000e+00
6.8017578125000000e-01 1.2500000000000000e-01 -2.5000000000000000e+01 1.0000000000000000e+00
6.8115234375000000e-01 1.2500000000000000e-01 -2.5000000000000000e+01 1.0000000000000000e+00
6.8212890625000000e-01 1.2500000000000000e-01 -2.5000000000000000e+01 1.0000000000000000e+00
6.8310546875000000e-01 1.2500000000000000e-01 -2.5000000000000000e+01 1.0000000000000000e+00
6.8408203125000000e-01 1.2500000000000000e-01 -2.5000000000000000e+01 1.0000000000000000e+00
6.8505859375000000e-01 1.2500000000000000e-01 -2.5000000000000000e+01 1.0000000000000000e+00
6.8603515625000000e-01 1.2500000000000000e-01 -2.5000000000000000e+01 1.0000000000000000e+00
6.8701171875000000e-01 1.2500000000000000e-01 -2.5000000000000000e+01 1.0000000000000000e+00
6.8798828125000000e-01 1.2500000000000000e-01 -2.5000000000000000e+01 1.0000000000000000e+00
6.8896484375000000e-01 1.2500000000000000e-01 -2.5000000000000000e+01 1.0000000000000000e+00
6.8994140625000000e-01 1.2500000000000000e-01 -2.5000000000000000e+01 1.0000000000000000e+00
6.9091796875000000e-01 1.2500000000000000e-01 -2.5000000000000000e+01 1.0000000000000000e+00
6.9189453125000000e-01 1.2500000000000000e-01 -2.5000000000000000e+01 1.0000000000000000e+00
6.9287109375000000e-01 1.2500000000000000e-01 -2.5000000000000000e+01 1.0000000000000000e+00
6.9384765625000000e-01 1.2500000000000000e-01 -2.5000000000000000e+01 1.0000000000000000e+00
6.9482421875000000e-01 1.2500000000000000e-01 -2.5000000000000000e+01 1.0000000000000000e+00
6.9580078125000000e-01 1.2500000000000000e-01 -2.5000000000000000e+01 1.0000000000000000e+00
6.9677734375000000e-01 1.2500000000000000e-01 -2.5000000000000000e+01 1.0000000000000000e+00
6.9775390625000000e-01 1.2500000000000000e-01 -2.5000000000000000e+01 1.0000000000000000e+00
6.9873046875000000e-01 1.2500000000000000e-01 -2.5000000000000000e+01 1.0000000000000000e+00
6.9970703125000000e-01 1.2500000000000000e-01 -2.5000000000000000e+01 1.0000000000000000e+00
7.0068359375000000e-01 1.2500000000000000e-01 -2.5000000000000000e+01 1.0000000000000000e+00
7.0166015625000000e-01 1.2500000000000000e-01 -2.5000000000000000e+01 1.0000000000000000e+00
7.0263671875000000e-01 1.2500000000000000e-01 -2.5000000000000000e+01 1.0000000000000000e+00
7.0361328125000000e-01 1.2500000000000000e-01 -2.5000000000000000e+01 1.0000000000000000e+00
7.0458984375000000e-01 1.2500000000000000e-01 -2.5000000000000000e+01 1.0000000000000000e+00
7.0556640625000000e-01 1.2500000000000000e-01 -2.5000000000000000e+01 1.0000000000000000e+00
7.0654296875000000e-01 1.2500000000000000e-01 -2.5000000000000000e+01 1.0000000000000000e+00
7.0751953125000000e-01 1.2500000000000000e-01 -2.5000000000000000e+01 1.0000000000000000e+00
7.0849609375000000e-01 1.2500000000000000e-01 -2.5000000000000000e+01 1.0000000000000000e+00
7.0947265625000000e-01 1.2500000000000000e-01 -2.5000000000000000e+01 1.0000000000000000e+00
7.1044921875000000e-01 1.2500000000000000e-01 -2.5000000000000000e+01 1.0000000000000000e+00
7.1142578125000000e-01 1.2500000000000000e-01 -2.5000000000000000e+01 1.0000000000000000e+00
7.1240234375000000e-01 1.2500000000000000e-01 -2.5000000000000000e+01 1.0000000000000000e+00
7.1337890625000000e-01 1.2500000000000000e-01 -2.5000000000000000e+01 1.0000000000000000e+00
7.1435546875000000e-01 1.2500000000000000e-01 -2.5000000000000000e+01 1.0000000000000000e+00
7.1533203125000000e-01 1.2500000000000000e-01 -2.5000000000000000e+01 1.0000000000000000e+00
7.1630859375000000e-01 1.2500000000000000e-01 -2.5000000000000000e+01 1.0000000000000000e+00
7.1728515625000000e-01 1.2500000000000000e-01 -2.5000000000000000e+01 1.0000000000000000e+00
7.1826171875000000e-01 1.2500000000000000e-01 -2.5000000000000000e+01 1.0000000000000000e+00
7.1923828125000000e-01 1.2500000000000000e-01 -2.5000000000000000e+01 1.0000000000000000e+00
7.2021484375000000e-01 1.2500000000000000e-01 -2.5000000000000000e+01 1.0000000000000000e+00
7.2119140625000000e-01 1.2500000000000000e-01 -2.5000000000000000e+01 1.0000000000000000e+00
7.2216796875000000e-01 1.2500000000000000e-01 -2.5000000000000000e+01 1.0000000000000000e+00
7.2314453125000000e-01 1.2500000000000000e-01 -2.5000000000000000e+01 1.0000000000000000e+00
7.2412109375000000e-01 1.2500000000000000e-01 -2.5000000000000000e+01 1.0000000000000000e+00
7.2509765625000000e-01 1.2500000000000000e-01 -2.5000000000000000e+01 1.0000000000000000e+00
7.2607421875000000e-01 1.2500000000000000e-01 -2.5000000000000000e+01 1.0000000000000000e+00
7.2705078125000000e-01 1.2500000000000000e-01 -2.5000000000000000e+01 1.0000000000000000e+00
7.2802734375000000e-01 1.2500000000000000e-01 -2.5000000000000000e+01 1.0000000000000000e+00
7.2900390625000000e-01 1.2500000000000000e-01 -2.5000000000000000e+01 1.0000000000000000e+00
7.2998046875000000e-01 1.2500000000000000e-01 -2.5000000000000000e+01 1.0000000000000000e+00
7.3095703125000000e-01 1.2500000000000000e-01 -2.5000000000000000e+01 1.0000000000000000e+00
7.3193359375000000e-01 1.2500000000000000e-01 -2.5000000000000000e+01 1.0000000000000000e+00
7.3291015625000000e-01 1.2500000000000000e-01 -2.5000000000000000e+01 1.0000000000000000e+00
7.3388671875000000e-01 1.2500000000000000e-01 -2.5000000000000000e+01 1.0000000000000000e+00
7.3486328125000000e-01 1.2500000000000000e-01 -2.5000000000000000e+01 1.0000000000000000e+00
7.3583984375000000e-01 1.2500000000000000e-01 -2.5000000000000000e+01 1.0000000000000000e+00
7.3681640625000000e-01 1.2500000000000000e-01 -2.5000000000000000e+01 1.0000000000000000e+00
7.3779296875000000e-01 1.2500000000000000e-01 -2.5000000000000000e+01 1.0000000000000000e+00
7.3876953125000000e-01 1.2500000000000000e-01 -2.5000000000000000e+01 1.0000000000000000e+00
7.3974609375000000e-01 1.2500000000000000e-01 -2.5000000000000000e+01 1.0000000000000000e+00
7.4072265625000000e-01 1.2500000000000000e-01 -2.5000000000000000e+01 1.0000000000000000e+00
7.4169921875000000e-01 1.2500000000000000e-01 -2.5000000000000000e+01 1.0000000000000000e+00
7.4267578125000000e-01 1.2500000000000000e-01 -2.5000000000000000e+01 1.0000000000000000e+00
7.4365234375000000e-01 1.2500000000000000e-01 -2.5000000000000000e+01 1.0000000000000000e+00
7.4462890625000000e-01 1.2500000000000000e-01 -2.5000000000000000e+01 1.0000000000000000e+00
7.4560546875000000e-01 1.2500000000000000e-01 -2.5000000000000000e+01 1.0000000000000000e+00
7.4658203125000000e-01 1.2500000000000000e-01 -2.5000000000000000e+01 1.0000000000000000e+00
7.4755859375000000e-01 1.2500000000000000e-01 -2.5000000000000000e+01 1.0000000000000000e+00
7.4853515625000000e-01 1.2500000000000000e-01 -2.5000000000000000e+01 1.0000000000000000e+00
7.4951171875000000e-01 1.2500000000000000e-01 -2.5000000000000000e+01 1.0000000000000000e+00
7.5048828125000000e-01 1.2500000000000000e-01 -2.5000000000000000e+01 1.0000000000000000e+00
7.5146484375000000e-01 1.2500000000000000e-01 -2.5000000000000000e+01 1.0000000000000000e+00
7.5244140625000000e-01 1.2500000000000000e-01 -2.5000000000000000e+01 1.0000000000000000e+00
7.5341796875000000e-01 1.2500000000000000e-01 -2.5000000000000000e+01 1.0000000000000000e+00
7.5439453125000000e-01 1.2500000000000000e-01 -2.5000000000000000e+01 1.0000000000000000e+00
7.5537109375000000e-01 1.2500000000000000e-01 -2.5000000000000000e+01 1.0000000000000000e+00
7.5634765625000000e-01 1.2500000000000000e-01 -2.5000000000000000e+01 1.0000000000000000e+00
7.5732421875000000e-01 1.2500000000000000e-01 -2.5000000000000000e+01 1.0000000000000000e+00
7.5830078125000000e-01 1.2500000000000000e-01 -2.5000000000000000e+01 1.0000000000000000e+00
7.5927734375000000e-01 1.2500000000000000e-01 -2.5000000000000000e+01 1.0000000000000000e+00
7.6025390625000000e-01 1.2500000000000000e-01 -2.5000000000000000e+01 1.0000000000000000e+00
7.6123046875000000e-01 1.2500000000000000e-01 -2.5000000000000000e+01 1.0000000000000000e+00
7.6220703125000000e-01 1.2500000000000000e-01 -2.5000000000000000e+01 1.0000000000000000e+00
7.6318359375000000e-01 1.2500000000000000e-01 -2.5000000000000000e+01 1.0000000000000000e+00
7.6416015625000000e-01 1.2500000000000000e-01 -2.5000000000000000e+01 1.0000000000000000e+00
7.6513671875000000e-01 1.2500000000000000e-01 -2.5000000000000000e+01 1.0000000000000000e+00
7.6611328125000000e-01 1.2500000000000000e-01 -2.5000000000000000e+01 1.0000000000000000e+00
7.6708984375000000e-01 1.2500000000000000e-01 -2.5000000000000000e+01 1.0000000000000000e+00
7.6806640625000000e-01 1.2500000000000000e-01 -2.5000000000000000e+01 1.0000000000000000e+00
7.6904296875000000e-01 1.2500000000000000e-01 -2.5000000000000000e+01 1.0000000000000000e+00
7.7001953125000000e-01 1.2500000000000000e-01 -2.5000000000000000e+01 1.0000000000000000e+00
7.7099609375000000e-01 1.2500000000000000e-01 -2.5000000000000000e+01 1.0000000000000000e+00
7.7197265625000000e-01 1.2500000000000000e-01 -2.5000000000000000e+01 1.0000000000000000e+00
7.7294921875000000e-01 1.2500000000000000e-01 -2.5000000000000000e+01 1.0000000000000000e+00
7.7392578125000000e-01 1.2500000000000000e-01 -2.5000000000000000e+01 1.0000000000000000e+00
7.7490234375000000e-01 1.2500000000000000e-01 -2.5000000000000000e+01 1.0000000000000000e+00
7.7587890625000000e-01 1.2500000000000000e-01 -2.5000000000000000e+01 1.0000000000000000e+00
7.7685546875000000e-01 1.2500000000000000e-01 -2.5000000000000000e+01 1.0000000000000000e+00
7.7783203125000000e-01 1.2500000000000000e-01 -2.5000000000000000e+01 1.0000000000000000e+00
7.7880859375000000e-01 1.2500000000000000e-01 -2.5000000000000000e+01 1.0000000000000000e+00
7.7978515625000000e-01 1.2500000000000000e-01 -2.5000000000000000e+01 1.0000000000000000e+00
7.8076171875000000e-01 1.2500000000000000e-01 -2.5000000000000000e+01 1.0000000000000000e+00
7.8173828125000000e-01 1.2500000000000000e-01 -2.5000000000000000e+01 1.0000000000000000e+00
7.8271484375000000e-01 1.2500000000000000e-01 -2.5000000000000000e+01 1.0000000000000000e+00
7.8369140625000000e-01 1.2500000000000000e-01 -2.5000000000000000e+01 1.0000000000000000e+00
7.8466796875000000e-01 1.2500000000000000e-01 -2.5000000000000000e+01 1.0000000000000000e+00
7.8564453125000000e-01 1.2500000000000000e-01 -2.5000000000000000e+01 1.0000000000000000e+00
7.8662109375000000e-01 1.2500000000000000e-01 -2.5000000000000000e+01 1.0000000000000000e+00
7.8759765625000000e-01 1.2500000000000000e-01 -2.5000000000000000e+01 1.0000000000000000e+00
7.8857421875000000e-01 1.2500000000000000e-01 -2.5000000000000000e+01 1.0000000000000000e+00
7.8955078125000000e-01 1.2500000000000000e-01 -2.5000000000000000e+01 1.0000000000000000e+00
7.9052734375000000e-01 1.2500000000000000e-01 -2.5000000000000000e+01 1.0000000000000000e+00
7.9150390625000000e-01 1.2500000000000000e-01 -2.5000000000000000e+01 1.0000000000000000e+00
7.9248046875000000e-01 1.2500000000000000e-01 -2.5000000000000000e+01 1.0000000000000000e+00
7.9345703125000000e-01 1.2500000000000000e-01 -2.5000000000000000e+01 1.0000000000000000e+00
7.9443359375000000e-01 1.2500000000000000e-01 -2.5000000000000000e+01 1.0000000000000000e+00
7.9541015625000000e-01 1.2500000000000000e-01 -2.5000000000000000e+01 1.0000000000000000e+00
7.9638671875000000e-01 1.2500000000000000e-01 -2.5000000000000000e+01 1.0000000000000000e+00
7.9736328125000000e-01 1.2500000000000000e-01 -2.5000000000000000e+01 1.0000000000000000e+00
7.9833984375000000e-01 1.2500000000000000e-01 -2.5000000000000000e+01 1.0000000000000000e+00
7.9931640625000000e-01 1.2500000000000000e-01 -2.5000000000000000e+01 1.0000000000000000e+00
8.0029296875000000e-01 1.2500000000000000e-01 -2.5000000000000000e+01 1.0000000000000000e+00
8.0126953125000000e-01 1.2500000000000000e-01 -2.5000000000000000e+01 1.0000000000000000e+00
8.0224609375000000e-01 1.2500000000000000e-01 -2.5000000000000000e+01 1.0000000000000000e+00
8.0322265625000000e-01 1.2500000000000000e-01 -2.5000000000000000e+01 1.0000000000000000e+00
8.0419921875000000e-01 1.2500000000000000e-01 -2.5000000000000000e+01 1.0000000000000000e+00
8.0517578125000000e-01 1.2500000000000000e-01 -2.5000000000000000e+01 1.0000000000000000e+00
8.0615234375000000e-01 1.2500000000000000e-01 -2.5000000000000000e+01 1.0000000000000000e+00
8.0712890625000000e-01 1.2500000000000000e-01 -2.5000000000000000e+01 1.0000000000000000e+00
8.0810546875000000e-01 1.2500000000000000e-01 -2.5000000000000000e+01 1.0000000000000000e+00
8.0908203125000000e-01 1.2500000000000000e-01 -2.5000000000000000e+01 1.0000000000000000e+00
8.1005859375000000e-01 1.2500000000000000e-01 -2.5000000000000000e+01 1.0000000000000000e+00
8.1103515625000000e-01 1.2500000000000000e-01 -2.5000000000000000e+01 1.0000000000000000e+00
8.1201171875000000e-01 1.2500000000000000e-01 -2.5000000000000000e+01 1.0000000000000000e+00
8.1298828125000000e-01 1.2500000000000000e-01 -2.5000000000000000e+01 1.0000000000000000e+00
8.1396484375000000e-01 1.2500000000000000e-01 -2.5000000000000000e+01 1.0000000000000000e+00
8.1494140625000000e-01 1.2500000000000000e-01 -2.5000000000000000e+01 1.0000000000000000e+00
8.1591796875000000e-01 1.2500000000000000e-01 -2.5000000000000000e+01 1.0000000000000000e+00
8.1689453125000000e-01 1.2500000000000000e-01 -2.5000000000000000e+01 1.0000000000000000e+00
8.1787109375000000e-01 1.2500000000000000e-01 -2.5000000000000000e+01 1.0000000000000000e+00
8.1884765625000000e-01 1.2500000000000000e-01 -2.5000000000000000e+01 1.0000000000000000e+00
8.1982421875000000e-01 1.2500000000000000e-01 -2.5000000000000000e+01 1.0000000000000000e+00
8.2080078125000000e-01 1.2500000000000000e-01 -2.5000000000000000e+01 1.0000000000000000e+00
8.2177734375000000e-01 1.2500000000000000e-01 -2.5000000000000000e+01 1.0000000000000000e+00
8.2275390625000000e-01 1.2500000000000000e-01 -2.5000000000000000e+01 1.0000000000000000e+00
8.2373046875000000e-01 1.2500000000000000e-01 -2.5000000000000000e+01 1.0000000000000000e+00
8.2470703125000000e-01 1.2500000000000000e-01 -2.5000000000000000e+01 1.0000000000000000e+00
8.2568359375000000e-01 1.2500000000000000e-01 -2.5000000000000000e+01 1.0000000000000000e+00
8.2666015625000000e-01 1.2500000000000000e-01 -2.5000000000000000e+01 1.0000000000000000e+00
8.2763671875000000e-01 1.2500000000000000e-01 -2.5000000000000000e+01 1.0000000000000000e+00
8.2861328125000000e-01 1.2500000000000000e-01 -2.5000000000000000e+01 1.0000000000000000e+00
8.2958984375000000e-01 1.2500000000000000e-01 -2.5000000000000000e+01 1.0000000000000000e+00
8.3056640625000000e-01 1.2500000000000000e-01 -2.5000000000000000e+01 1.0000000000000000e+00
8.3154296875000000e-01 1.2500000000000000e-01 -2.5000000000000000e+01 1.0000000000000000e+00
8.3251953125000000e-01 1.2500000000000000e-01 -2.5000000000000000e+01 1.0000000000000000e+00
8.3349609375000000e-01 1.2500000000000000e-01 -2.5000000000000000e+01 1.0000000000000000e+00
8.3447265625000000e-01 1.2500000000000000e-01 -2.5000000000000000e+01 1.0000000000000000e+00
8.3544921875000000e-01 1.2500000000000000e-01 -2.5000000000000000e+01 1.0000000000000000e+00
8.3642578125000000e-01 1.2500000000000000e-01 -2.5000000000000000e+01 1.0000000000000000e+00
8.3740234375000000e-01 1.2500000000000000e-01 -2.5000000000000000e+01 1.0000000000000000e+00
8.3837890625000000e-01 1.2500000000000000e-01 -2.5000000000000000e+01 1.0000000000000000e+00
8.3935546875000000e-01 1.2500000000000000e-01 -2.5000000000000000e+01 1.0000000000000000e+00
8.4033203125000000e-01 1.2500000000000000e-01 -2.5000000000000000e+01 1.0000000000000000e+00
8.4130859375000000e-01 1.2500000000000000e-01 -2.5000000000000000e+01 1.0000000000000000e+00
8.4228515625000000e-01 1.2500000000000000e-01 -2.5000000000000000e+01 1.0000000000000000e+00
8.4326171875000000e-01 1.2500000000000000e-01 -2.5000000000000000e+01 1.0000000000000000e+00
8.4423828125000000e-01 1.2500000000000000e-01 -2.5000000000000000e+01 1.0000000000000000e+00
8.4521484375000000e-01 1.2500000000000000e-01 -2.5000000000000000e+01 1.0000000000000000e+00
8.4619140625000000e-01 1.2500000000000000e-01 -2.5000000000000000e+01 1.0000000000000000e+00
8.4716796875000000e-01 1.2500000000000000e-01 -2.5000000000000000e+01 1.0000000000000000e+00
8.4814453125000000e-01 1.2500000000000000e-01 -2.5000000000000000e+01 1.0000000000000000e+00
8.4912109375000000e-01 1.2500000000000000e-01 -2.5000000000000000e+01 1.0000000000000000e+00
8.5009765625000000e-01 1.2500000000000000e-01 -2.5000000000000000e+01 1.0000000000000000e+00
8.5107421875000000e-01 1.2500000000000000e-01 -2.5000000000000000e+01 1.0000000000000000e+00
8.5205078125000000e-01 1.2500000000000000e-01 -2.5000000000000000e+01 1.0000000000000000e+00
8.5302734375000000e-01 1.2500000000000000e-01 -2.5000000000000000e+01 1.0000000000000000e+00
8.5400390625000000e-01 1.2500000000000000e-01 -2.5000000000000000e+01 1.0000000000000000e+00
8.5498046875000000e-01 1.2500000000000000e-01 -2.5000000000000000e+01 1.0000000000000000e+00
8.5595703125000000e-01 1.2500000000000000e-01 -2.5000000000000000e+01 1.0000000000000000e+00
8.5693359375000000e-01 1.2500000000000000e-01 -2.5000000000000000e+01 1.0000000000000000e+00
8.5791015625000000e-01 1.2500000000000000e-01 -2.5000000000000000e+01 1.0000000000000000e+00
8.5888671875000000e-01 1.2500000000000000e-01 -2.5000000000000000e+01 1.0000000000000000e+00
8.5986328125000000e-01 1.2500000000000000e-01 -2.5000000000000000e+01 1.0000000000000000e+00
8.6083984375000000e-01 1.2500000000000000e-01 -2.5000000000000000e+01 1.0000000000000000e+00
8.6181640625000000e-01 1.2500000000000000e-01 -2.5000000000000000e+01 1.0000000000000000e+00
8.6279296875000000e-01 1.2500000000000000e-01 -2.5000000000000000e+01 1.0000000000000000e+00
8.6376953125000000e-01 1.2500000000000000e-01 -2.5000000000000000e+01 1.0000000000000000e+00
8.6474609375000000e-01 1.2500000000000000e-01 -2.5000000000000000e+01 1.0000000000000000e+00
8.6572265625000000e-01 1.2500000000000000e-01 -2.5000000000000000e+01 1.0000000000000000e+00
8.6669921875000000e-01 1.2500000000000000e-01 -2.5000000000000000e+01 1.0000000000000000e+00
8.6767578125000000e-01 1.2500000000000000e-01 -2.5000000000000000e+01 1.0000000000000000e+00
8.6865234375000000e-01 1.2500000000000000e-01 -2.5000000000000000e+01 1.0000000000000000e+00
8.6962890625000000e-01 1.2500000000000000e-01 -2.5000000000000000e+01 1.0000000000000000e+00
8.7060546875000000e-01 1.2500000000000000e-01 -2.5000000000000000e+01 1.0000000000000000e+00
8.7158203125000000e-01 1.2500000000000000e-01 -2.5000000000000000e+01 1.0000000000000000e+00
8.7255859375000000e-01 1.2500000000000000e-01 -2.5000000000000000e+01 1.0000000000000000e+00
8.7353515625000000e-01 1.2500000000000000e-01 -2.5000000000000000e+01 1.0000000000000000e+00
8.7451171875000000e-01 1.2500000000000000e-01 -2.5000000000000000e+01 1.0000000000000000e+00
8.7548828125000000e-01 1.2500000000000000e-01 -2.5000000000000000e+01 1.0000000000000000e+00
8.7646484375000000e-01 1.2500000000000000e-01 -2.5000000000000000e+01 1.0000000000000000e+00
8.7744140625000000e-01 1.2500000000000000e-01 -2.5000000000000000e+01 1.0000000000000000e+00
8.7841796875000000e-01 1.2500000000000000e-01 -2.5000000000000000e+01 1.0000000000000000e+00
8.7939453125000000e-01 1.2500000000000000e-01 -2.5000000000000000e+01 1.0000000000000000e+00
8.8037109375000000e-01 1.2500000000000000e-01 -2.5000000000000000e+01 1.0000000000000000e+00
8.8134765625000000e-01 1.2500000000000000e-01 -2.5000000000000000e+01 1.0000000000000000e+00
8.8232421875000000e-01 1.2500000000000000e-01 -2.5000000000000000e+01 1.0000000000000000e+00
8.8330078125000000e-01 1.2500000000000000e-01 -2.5000000000000000e+01 1.0000000000000000e+00
8.8427734375000000e-01 1.2500000000000000e-01 -2.5000000000000000e+01 1.0000000000000000e+00
8.8525390625000000e-01 1.2500000000000000e-01 -2.5000000000000000e+01 1.0000000000000000e+00
8.8623046875000000e-01 1.2500000000000000e-01 -2.5000000000000000e+01 1.0000000000000000e+00
8.8720703125000000e-01 1.2500000000000000e-01 -2.5000000000000000e+01 1.0000000000000000e+00
8.8818359375000000e-01 1.2500000000000000e-01 -2.5000000000000000e+01 1.0000000000000000e+00
8.8916015625000000e-01 1.2500000000000000e-01 -2.5000000000000000e+01 1.0000000000000000e+00
8.9013671875000000e-01 1.2500000000000000e-01 -2.5000000000000000e+01 1.0000000000000000e+00
8.9111328125000000e-01 1.2500000000000000e-01 -2.5000000000000000e+01 1.0000000000000000e+00
8.9208984375000000e-01 1.2500000000000000e-01 -2.5000000000000000e+01 1.0000000000000000e+00
8.9306640625000000e-01 1.2500000000000000e-01 -2.5000000000000000e+01 1.0000000000000000e+00
8.9404296875000000e-01 1.2500000000000000e-01 -2.5000000000000000e+01 1.0000000000000000e+00
8.9501953125000000e-01 1.2500000000000000e-01 -2.5000000000000000e+01 1.0000000000000000e+00
8.9599609375000000e-01 1.2500000000000000e-01 -2.5000000000000000e+01 1.0000000000000000e+00
8.9697265625000000e-01 1.2500000000000000e-01 -2.5000000000000000e+01 1.0000000000000000e+00
8.9794921875000000e-01 1.2500000000000000e-01 -2.5000000000000000e+01 1.0000000000000000e+00
8.9892578125000000e-01 1.2500000000000000e-01 -2.5000000000000000e+01 1.0000000000000000e+00
8.9990234375000000e-01 1.2500000000000000e-01 -2.5000000000000000e+01 1.0000000000000000e+00
9.0087890625000000e-01 1.2500000000000000e-01 -2.5000000000000000e+01 1.0000000000000000e+00
9.0185546875000000e-01 1.2500000000000000e-01 -2.5000000000000000e+01 1.0000000000000000e+00
9.0283203125000000e-01 1.2500000000000000e-01 -2.5000000000000000e+01 1.0000000000000000e+00
9.0380859375000000e-01 1.2500000000000000e-01 -2.5000000000000000e+01 1.0000000000000000e+00
9.0478515625000000e-01 1.2500000000000000e-01 -2.5000000000000000e+01 1.0000000000000000e+00
9.0576171875000000e-01 1.2500000000000000e-01 -2.5000000000000000e+01 1.0000000000000000e+00
9.0673828125000000e-01 1.2500000000000000e-01 -2.5000000000000000e+01 1.0000000000000000e+00
9.0771484375000000e-01 1.2500000000000000e-01 -2.5000000000000000e+01 1.0000000000000000e+00
9.0869140625000000e-01 1.2500000000000000e-01 -2.5000000000000000e+01 1.0000000000000000e+00
9.0966796875000000e-01 1.2500000000000000e-01 -2.5000000000000000e+01 1.0000000000000000e+00
9.1064453125000000e-01 1.2500000000000000e-01 -2.5000000000000000e+01 1.0000000000000000e+00
9.1162109375000000e-01 1.2500000000000000e-01 -2.5000000000000000e+01 1.0000000000000000e+00
9.1259765625000000e-01 1.2500000000000000e-01 -2.5000000000000000e+01 1.0000000000000000e+00
9.1357421875000000e-01 1.2500000000000000e-01 -2.5000000000000000e+01 1.0000000000000000e+00
9.1455078125000000e-01 1.2500000000000000e-01 -2.5000000000000000e+01 1.0000000000000000e+00
9.1552734375000000e-01 1.2500000000000000e-01 -2.5000000000000000e+01 1.0000000000000000e+00
9.1650390625000000e-01 1.2500000000000000e-01 -2.5000000000000000e+01 1.0000000000000000e+00
9.1748046875000000e-01 1.2500000000000000e-01 -2.5000000000000000e+01 1.0000000000000000e+00
9.1845703125000000e-01 1.2500000000000000e-01 -2.5000000000000000e+01 1.0000000000000000e+00
9.1943359375000000e-01 1.2500000000000000e-01 -2.5000000000000000e+01 1.0000000000000000e+00
9.2041015625000000e-01 1.2500000000000000e-01 -2.5000000000000000e+01 1.0000000000000000e+00
9.2138671875000000e-01 1.2500000000000000e-01 -2.5000000000000000e+01 1.0000000000000000e+00
9.2236328125000000e-01 1.2500000000000000e-01 -2.5000000000000000e+01 1.0000000000000000e+00
9.2333984375000000e-01 1.2500000000000000e-01 -2.5000000000000000e+01 1.0000000000000000e+00
9.2431640625000000e-01 1.2500000000000000e-01 -2.5000000000000000e+01 1.0000000000000000e+00
9.2529296875000000e-01 1.2500000000000000e-01 -2.5000000000000000e+01 1.0000000000000000e+00
9.2626953125000000e-01 1.2500000000000000e-01 -2.5000000000000000e+01 1.0000000000000000e+00
9.2724609375000000e-01 1.2500000000000000e-01 -2.5000000000000000e+01 1.0000000000000000e+00
9.2822265625000000e-01 1.2500000000000000e-01 -2.5000000000000000e+01 1.0000000000000000e+00
9.2919921875000000e-01 1.2500000000000000e-01 -2.5000000000000000e+01 1.0000000000000000e+00
9.3017578125000000e-01 1.2500000000000000e-01 -2.5000000000000000e+01 1.0000000000000000e+00
9.3115234375000000e-01 1.2500000000000000e-01 -2.5000000000000000e+01 1.0000000000000000e+00
9.3212890625000000e-01 1.2500000000000000e-01 -2.5000000000000000e+01 1.0000000000000000e+00
9.3310546875000000e-01 1.2500000000000000e-01 -2.5000000000000000e+01 1.0000000000000000e+00
9.3408203125000000e-01 1.2500000000000000e-01 -2.5000000000000000e+01 1.0000000000000000e+00
9.3505859375000000e-01 1.2500000000000000e-01 -2.5000000000000000e+01 1.0000000000000000e+00
9.3603515625000000e-01 1.2500000000000000e-01 -2.5000000000000000e+01 1.0000000000000000e+00
9.3701171875000000e-01 1.2500000000000000e-01 -2.5000000000000000e+01 1.0000000000000000e+00
9.3798828125000000e-01 1.2500000000000000e-01 -2.5000000000000000e+01 1.0000000000000000e+00
9.3896484375000000e-01 1.2500000000000000e-01 -2.5000000000000000e+01 1.0000000000000000e+00
9.3994140625000000e-01 1.2500000000000000e-01 -2.5000000000000000e+01 1.0000000000000000e+00
9.4091796875000000e-01 1.2500000000000000e-01 -2.5000000000000000e+01 1.0000000000000000e+00
9.4189453125000000e-01 1.2500000000000000e-01 -2.5000000000000000e+01 1.0000000000000000e+00
9.4287109375000000e-01 1.2500000000000000e-01 -2.5000000000000000e+01 1.0000000000000000e+00
9.4384765625000000e-01 1.2500000000000000e-01 -2.5000000000000000e+01 1.0000000000000000e+00
9.4482421875000000e-01 1.2500000000000000e-01 -2.5000000000000000e+01 1.0000000000000000e+00
9.4580078125000000e-01 1.2500000000000000e-01 -2.5000000000000000e+01 1.0000000000000000e+00
9.4677734375000000e-01 1.2500000000000000e-01 -2.5000000000000000e+01 1.0000000000000000e+00
9.4775390625000000e-01 1.2500000000000000e-01 -2.5000000000000000e+01 1.0000000000000000e+00
9.4873046875000000e-01 1.2500000000000000e-01 -2.5000000000000000e+01 1.0000000000000000e+00
9.4970703125000000e-01 1.2500000000000000e-01 -2.5000000000000000e+01 1.0000000000000000e+00
9.5068359375000000e-01 1.2500000000000000e-01 -2.5000000000000000e+01 1.0000000000000000e+00
9.5166015625000000e-01 1.2500000000000000e-01 -2.5000000000000000e+01 1.0000000000000000e+00
9.5263671875000000e-01 1.2500000000000000e-01 -2.5000000000000000e+01 1.0000000000000000e+00
9.5361328125000000e-01 1.2500000000000000e-01 -2.5000000000000000e+01 1.0000000000000000e+00
9.5458984375000000e-01 1.2500000000000000e-01 -2.5000000000000000e+01 1.0000000000000000e+00
9.5556640625000000e-01 1.2500000000000000e-01 -2.5000000000000000e+01 1.0000000000000000e+00
9.5654296875000000e-01 1.2500000000000000e-01 -2.5000000000000000e+01 1.0000000000000000e+00
9.5751953125000000e-01 1.2500000000000000e-01 -2.5000000000000000e+01 1.0000000000000000e+00
9.5849609375000000e-01 1.2500000000000000e-01 -2.5000000000000000e+01 1.0000000000000000e+00
9.5947265625000000e-01 1.2500000000000000e-01 -2.5000000000000000e+01 1.0000000000000000e+00
9.6044921875000000e-01 1.2500000000000000e-01 -2.5000000000000000e+01 1.0000000000000000e+00
9.6142578125000000e-01 1.2500000000000000e-01 -2.5000000000000000e+01 1.0000000000000000e+00
9.6240234375000000e-01 1.2500000000000000e-01 -2.5000000000000000e+01 1.0000000000000000e+00
9.6337890625000000e-01 1.2500000000000000e-01 -2.5000000000000000e+01 1.0000000000000000e+00
9.6435546875000000e-01 1.2500000000000000e-01 -2.5000000000000000e+01 1.0000000000000000e+00
9.6533203125000000e-01 1.2500000000000000e-01 -2.5000000000000000e+01 1.0000000000000000e+00
9.6630859375000000e-01 1.2500000000000000e-01 -2.5000000000000000e+01 1.0000000000000000e+00
9.6728515625000000e-01 1.2500000000000000e-01 -2.5000000000000000e+01 1.0000000000000000e+00
9.6826171875000000e-01 1.2500000000000000e-01 -2.5000000000000000e+01 1.0000000000000000e+00
9.6923828125000000e-01 1.2500000000000000e-01 -2.5000000000000000e+01 1.0000000000000000e+00
9.7021484375000000e-01 1.2500000000000000e-01 -2.5000000000000000e+01 1.0000000000000000e+00
9.7119140625000000e-01 1.2500000000000000e-01 -2.5000000000000000e+01 1.0000000000000000e+00
9.7216796875000000e-01 1.2500000000000000e-01 -2.5000000000000000e+01 1.0000000000000000e+00
9.7314453125000000e-01 1.2500000000000000e-01 -2.5000000000000000e+01 1.0000000000000000e+00
9.7412109375000000e-01 1.2500000000000000e-01 -2.5000000000000000e+01 1.0000000000000000e+00
9.7509765625000000e-01 1.2500000000000000e-01 -2.5000000000000000e+01 1.0000000000000000e+00
9.7607421875000000e-01 1.2500000000000000e-01 -2.5000000000000000e+01 1.0000000000000000e+00
9.7705078125000000e-01 1.2500000000000000e-01 -2.5000000000000000e+01 1.0000000000000000e+00
9.7802734375000000e-01 1.2500000000000000e-01 -2.5000000000000000e+01 1.0000000000000000e+00
9.7900390625000000e-01 1.2500000000000000e-01 -2.5000000000000000e+01 1.0000000000000000e+00
9.7998046875000000e-01 1.2500000000000000e-01 -2.5000000000000000e+01 1.0000000000000000e+00
9.8095703125000000e-01 1.2500000000000000e-01 -2.5000000000000000e+01 1.0000000000000000e+00
9.8193359375000000e-01 1.2500000000000000e-01 -2.5000000000000000e+01 1.0000000000000000e+00
9.8291015625000000e-01 1.2500000000000000e-01 -2.5000000000000000e+01 1.0000000000000000e+00
9.8388671875000000e-01 1.2500000000000000e-01 -2.5000000000000000e+01 1.0000000000000000e+00
9.8486328125000000e-01 1.2500000000000000e-01 -2.5000000000000000e+01 1.0000000000000000e+00
9.8583984375000000e-01 1.2500000000000000e-01 -2.5000000000000000e+01 1.0000000000000000e+00
9.8681640625000000e-01 1.2500000000000000e-01 -2.5000000000000000e+01 1.0000000000000000e+00
9.8779296875000000e-01 1.2500000000000000e-01 -2.5000000000000000e+01 1.0000000000000000e+00
9.8876953125000000e-01 1.2500000000000000e-01 -2.5000000000000000e+01 1.0000000000000000e+00
9.8974609375000000e-01 1.2500000000000000e-01 -2.5000000000000000e+01 1.0000000000000000e+00
9.9072265625000000e-01 1.2500000000000000e-01 -2.5000000000000000e+01 1.0000000000000000e+00
9.9169921875000000e-01 1.2500000000000000e-01 -2.5000000000000000e+01 1.0000000000000000e+00
9.9267578125000000e-01 1.2500000000000000e-01 -2.5000000000000000e+01 1.0000000000000000e+00
9.9365234375000000e-01 1.2500000000000000e-01 -2.5000000000000000e+01 1.0000000000000000e+00
9.9462890625000000e-01 1.2500000000000000e-01 -2.5000000000000000e+01 1.0000000000000000e+00
9.9560546875000000e-01 1.2500000000000000e-01 -2.5000000000000000e+01 1.0000000000000000e+00
9.9658203125000000e-01 1.2500000000000000e-01 -2.5000000000000000e+01 1.0000000000000000e+00
9.9755859375000000e-01 1.2500000000000000e-01 -2.5000000000000000e+01 1.0000000000000000e+00
9.9853515625000000e-01 1.2500000000000000e-01 -2.5000000000000000e+01 1.0000000000000000e+00
9.9951171875000000e-01 1.2500000000000000e-01 -2.5000000000000000e+01 1.0000000000000000e+00
