4.8828125000000000e-04 1.9999999999999918e-01 5.0000000000000384e+01 4.9999999999997904e+01
1.4648437500000000e-03 1.9999999999999923e-01 5.0000000000000369e+01 4.9999999999997961e+01
2.4414062500000000e-03 1.9999999999999898e-01 5.0000000000000398e+01 4.9999999999997861e+01
3.4179687500000000e-03 1.9999999999999893e-01 5.0000000000000448e+01 4.9999999999997655e+01
4.3945312500000000e-03 1.9999999999999912e-01 5.0000000000000426e+01 4.9999999999997677e+01
5.3710937500000000e-03 1.9999999999999901e-01 5.0000000000000433e+01 4.9999999999997577e+01
6.3476562500000000e-03 1.9999999999999876e-01 5.0000000000000391e+01 4.9999999999997598e+01
7.3242187500000000e-03 1.9999999999999929e-01 5.0000000000000433e+01 4.9999999999997790e+01
8.3007812500000000e-03 1.9999999999999918e-01 5.0000000000000419e+01 4.9999999999997790e+01
9.2773437500000000e-03 1.9999999999999910e-01 5.0000000000000405e+01 4.9999999999997733e+01
1.0253906250000000e-02 1.9999999999999901e-01 5.0000000000000398e+01 4.9999999999997520e+01
1.1230468750000000e-02 1.9999999999999923e-01 5.0000000000000419e+01 4.9999999999997748e+01
1.2207031250000000e-02 1.9999999999999943e-01 5.0000000000000455e+01 4.9999999999997634e+01
1.3183593750000000e-02 1.9999999999999907e-01 5.0000000000000412e+01 4.9999999999997577e+01
1.4160156250000000e-02 1.9999999999999879e-01 5.0000000000000412e+01 4.9999999999997520e+01
1.5136718750000000e-02 1.9999999999999843e-01 5.0000000000000405e+01 4.9999999999997520e+01
1.6113281250000000e-02 1.9999999999999907e-01 5.0000000000000497e+01 4.9999999999997748e+01
1.7089843750000000e-02 1.9999999999999798e-01 5.0000000000000433e+01 4.9999999999997236e+01
1.8066406250000000e-02 1.9999999999999857e-01 5.0000000000000426e+01 4.9999999999997620e+01
1.9042968750000000e-02 1.9999999999999879e-01 5.0000000000000469e+01 4.9999999999997449e+01
2.0019531250000000e-02 1.9999999999999887e-01 5.0000000000000433e+01 4.9999999999997634e+01
2.0996093750000000e-02 1.9999999999999904e-01 5.0000000000000433e+01 4.9999999999997677e+01
2.1972656250000000e-02 1.9999999999999915e-01 5.0000000000000419e+01 4.9999999999997655e+01
2.2949218750000000e-02 1.9999999999999921e-01 5.0000000000000412e+01 4.9999999999997577e+01
2.3925781250000000e-02 1.9999999999999946e-01 5.0000000000000419e+01 4.9999999999997733e+01
2.4902343750000000e-02 1.9999999999999929e-01 5.0000000000000384e+01 4.9999999999997804e+01
2.5878906250000000e-02 1.9999999999999984e-01 5.0000000000000476e+01 4.9999999999997861e+01
2.6855468750000000e-02 1.9999999999999959e-01 5.0000000000000433e+01 4.9999999999997577e+01
2.7832031250000000e-02 1.9999999999999976e-01 5.0000000000000362e+01 4.9999999999997598e+01
2.8808593750000000e-02 2.0000000000000032e-01 5.0000000000000412e+01 4.9999999999997861e+01
2.9785156250000000e-02 2.0000000000000015e-01 5.0000000000000412e+01 4.9999999999997939e+01
3.0761718750000000e-02 1.9999999999999984e-01 5.0000000000000405e+01 4.9999999999997883e+01
3.1738281250000000e-02 1.9999999999999993e-01 5.0000000000000391e+01 4.9999999999997961e+01
3.2714843750000000e-02 1.9999999999999968e-01 5.0000000000000362e+01 4.9999999999997918e+01
3.3691406250000000e-02 1.9999999999999996e-01 5.0000000000000348e+01 4.9999999999997904e+01
3.4667968750000000e-02 1.9999999999999923e-01 5.0000000000000369e+01 4.9999999999997883e+01
3.5644531250000000e-02 1.9999999999999882e-01 5.0000000000000320e+01 4.9999999999997620e+01
3.6621093750000000e-02 1.9999999999999948e-01 5.0000000000000369e+01 4.9999999999997883e+01
3.7597656250000000e-02 1.9999999999999943e-01 5.0000000000000348e+01 4.9999999999997883e+01
3.8574218750000000e-02 1.9999999999999971e-01 5.0000000000000377e+01 4.9999999999998053e+01
3.9550781250000000e-02 1.9999999999999948e-01 5.0000000000000341e+01 4.9999999999997804e+01
4.0527343750000000e-02 1.9999999999999940e-01 5.0000000000000320e+01 4.9999999999997996e+01
4.1503906250000000e-02 1.9999999999999901e-01 5.0000000000000334e+01 4.9999999999997790e+01
4.2480468750000000e-02 1.9999999999999968e-01 5.0000000000000412e+01 4.9999999999998110e+01
4.3457031250000000e-02 1.9999999999999893e-01 5.0000000000000419e+01 4.9999999999997826e+01
4.4433593750000000e-02 1.9999999999999968e-01 5.0000000000000455e+01 4.9999999999997861e+01
4.5410156250000000e-02 1.9999999999999921e-01 5.0000000000000348e+01 4.9999999999997904e+01
4.6386718750000000e-02 1.9999999999999868e-01 5.0000000000000384e+01 4.9999999999997748e+01
4.7363281250000000e-02 1.9999999999999890e-01 5.0000000000000369e+01 4.9999999999997826e+01
4.8339843750000000e-02 1.9999999999999896e-01 5.0000000000000377e+01 4.9999999999997975e+01
4.9316406250000000e-02 1.9999999999999879e-01 5.0000000000000391e+01 4.9999999999997847e+01
5.0292968750000000e-02 1.9999999999999923e-01 5.0000000000000405e+01 4.9999999999998018e+01
5.1269531250000000e-02 1.9999999999999882e-01 5.0000000000000384e+01 4.9999999999997939e+01
5.2246093750000000e-02 1.9999999999999901e-01 5.0000000000000426e+01 4.9999999999997883e+01
5.3222656250000000e-02 1.9999999999999854e-01 5.0000000000000320e+01 4.9999999999997790e+01
5.4199218750000000e-02 1.9999999999999959e-01 5.0000000000000419e+01 4.9999999999998224e+01
5.5175781250000000e-02 1.9999999999999840e-01 5.0000000000000348e+01 4.9999999999997804e+01
5.6152343750000000e-02 1.9999999999999837e-01 5.0000000000000405e+01 4.9999999999997847e+01
5.7128906250000000e-02 1.9999999999999857e-01 5.0000000000000426e+01 4.9999999999997883e+01
5.8105468750000000e-02 1.9999999999999865e-01 5.0000000000000419e+01 4.9999999999997733e+01
5.9082031250000000e-02 1.9999999999999854e-01 5.0000000000000348e+01 4.9999999999997804e+01
6.0058593750000000e-02 1.9999999999999887e-01 5.0000000000000398e+01 4.9999999999997975e+01
6.1035156250000000e-02 1.9999999999999826e-01 5.0000000000000426e+01 4.9999999999997961e+01
6.2011718750000000e-02 1.9999999999999832e-01 5.0000000000000419e+01 4.9999999999997733e+01
6.2988281250000000e-02 1.9999999999999854e-01 5.0000000000000362e+01 4.9999999999997769e+01
6.3964843750000000e-02 1.9999999999999910e-01 5.0000000000000398e+01 4.9999999999998032e+01
6.4941406250000000e-02 1.9999999999999846e-01 5.0000000000000341e+01 4.9999999999997790e+01
6.5917968750000000e-02 1.9999999999999896e-01 5.0000000000000405e+01 4.9999999999997996e+01
6.6894531250000000e-02 1.9999999999999910e-01 5.0000000000000377e+01 4.9999999999998110e+01
6.7871093750000000e-02 1.9999999999999921e-01 5.0000000000000355e+01 4.9999999999998089e+01
6.8847656250000000e-02 1.9999999999999876e-01 5.0000000000000355e+01 4.9999999999998089e+01
6.9824218750000000e-02 1.9999999999999901e-01 5.0000000000000362e+01 4.9999999999998053e+01
7.0800781250000000e-02 1.9999999999999993e-01 5.0000000000000391e+01 4.9999999999998373e+01
7.1777343750000000e-02 1.9999999999999904e-01 5.0000000000000341e+01 4.9999999999998053e+01
7.2753906250000000e-02 1.9999999999999968e-01 5.0000000000000433e+01 4.9999999999998280e+01
7.3730468750000000e-02 1.9999999999999954e-01 5.0000000000000405e+01 4.9999999999997996e+01
7.4707031250000000e-02 1.9999999999999976e-01 5.0000000000000341e+01 4.9999999999998302e+01
7.5683593750000000e-02 1.9999999999999996e-01 5.0000000000000391e+01 4.9999999999998394e+01
7.6660156250000000e-02 1.9999999999999932e-01 5.0000000000000384e+01 4.9999999999998053e+01
7.7636718750000000e-02 2.0000000000000001e-01 5.0000000000000405e+01 4.9999999999998359e+01
7.8613281250000000e-02 1.9999999999999890e-01 5.0000000000000291e+01 4.9999999999997826e+01
7.9589843750000000e-02 1.9999999999999993e-01 5.0000000000000469e+01 4.9999999999998394e+01
8.0566406250000000e-02 1.9999999999999946e-01 5.0000000000000426e+01 4.9999999999998074e+01
8.1542968750000000e-02 1.9999999999999907e-01 5.0000000000000320e+01 4.9999999999997804e+01
8.2519531250000000e-02 2.0000000000000037e-01 5.0000000000000469e+01 4.9999999999998359e+01
8.3496093750000000e-02 1.9999999999999893e-01 5.0000000000000391e+01 4.9999999999997748e+01
8.4472656250000000e-02 1.9999999999999826e-01 5.0000000000000384e+01 4.9999999999997733e+01
8.5449218750000000e-02 1.9999999999999835e-01 5.0000000000000441e+01 4.9999999999997677e+01
8.6425781250000000e-02 1.9999999999999868e-01 5.0000000000000455e+01 4.9999999999997961e+01
8.7402343750000000e-02 1.9999999999999951e-01 5.0000000000000469e+01 4.9999999999998259e+01
8.8378906250000000e-02 1.9999999999999921e-01 5.0000000000000441e+01 4.9999999999997847e+01
8.9355468750000000e-02 1.9999999999999959e-01 5.0000000000000405e+01 4.9999999999997847e+01
9.0332031250000000e-02 1.9999999999999951e-01 5.0000000000000391e+01 4.9999999999997904e+01
9.1308593750000000e-02 1.9999999999999929e-01 5.0000000000000391e+01 4.9999999999998110e+01
9.2285156250000000e-02 1.9999999999999893e-01 5.0000000000000398e+01 4.9999999999997939e+01
9.3261718750000000e-02 1.9999999999999971e-01 5.0000000000000554e+01 4.9999999999998110e+01
9.4238281250000000e-02 1.9999999999999890e-01 5.0000000000000433e+01 4.9999999999997677e+01
9.5214843750000000e-02 1.9999999999999832e-01 5.0000000000000355e+01 4.9999999999997677e+01
9.6191406250000000e-02 1.9999999999999848e-01 5.0000000000000377e+01 4.9999999999997563e+01
9.7167968750000000e-02 2.0000000000000009e-01 5.0000000000000455e+01 4.9999999999998280e+01
9.8144531250000000e-02 1.9999999999999910e-01 5.0000000000000433e+01 4.9999999999998188e+01
9.9121093750000000e-02 1.9999999999999832e-01 5.0000000000000384e+01 4.9999999999997826e+01
1.0009765625000000e-01 1.9999999999999896e-01 5.0000000000000405e+01 4.9999999999997961e+01
1.0107421875000000e-01 1.9999999999999843e-01 5.0000000000000384e+01 4.9999999999997712e+01
1.0205078125000000e-01 1.9999999999999835e-01 5.0000000000000469e+01 4.9999999999997847e+01
1.0302734375000000e-01 1.9999999999999829e-01 5.0000000000000426e+01 4.9999999999997861e+01
1.0400390625000000e-01 1.9999999999999893e-01 5.0000000000000540e+01 4.9999999999998167e+01
1.0498046875000000e-01 1.9999999999999815e-01 5.0000000000000455e+01 4.9999999999997634e+01
1.0595703125000000e-01 1.9999999999999810e-01 5.0000000000000455e+01 4.9999999999997826e+01
1.0693359375000000e-01 1.9999999999999776e-01 5.0000000000000462e+01 4.9999999999997407e+01
1.0791015625000000e-01 1.9999999999999857e-01 5.0000000000000490e+01 4.9999999999997804e+01
1.0888671875000000e-01 1.9999999999999851e-01 5.0000000000000469e+01 4.9999999999997655e+01
1.0986328125000000e-01 1.9999999999999837e-01 5.0000000000000476e+01 4.9999999999997826e+01
1.1083984375000000e-01 1.9999999999999818e-01 5.0000000000000426e+01 4.9999999999997449e+01
1.1181640625000000e-01 1.9999999999999868e-01 5.0000000000000448e+01 4.9999999999997634e+01
1.1279296875000000e-01 1.9999999999999893e-01 5.0000000000000504e+01 4.9999999999997620e+01
1.1376953125000000e-01 1.9999999999999862e-01 5.0000000000000433e+01 4.9999999999997655e+01
1.1474609375000000e-01 1.9999999999999904e-01 5.0000000000000504e+01 4.9999999999997733e+01
1.1572265625000000e-01 1.9999999999999807e-01 5.0000000000000455e+01 4.9999999999997577e+01
1.1669921875000000e-01 1.9999999999999873e-01 5.0000000000000554e+01 4.9999999999997826e+01
1.1767578125000000e-01 1.9999999999999715e-01 5.0000000000000455e+01 4.9999999999997144e+01
1.1865234375000000e-01 1.9999999999999840e-01 5.0000000000000576e+01 4.9999999999997748e+01
1.1962890625000000e-01 1.9999999999999660e-01 5.0000000000000398e+01 4.9999999999996881e+01
1.2060546875000000e-01 1.9999999999999793e-01 5.0000000000000519e+01 4.9999999999997485e+01
1.2158203125000000e-01 1.9999999999999835e-01 5.0000000000000561e+01 4.9999999999997677e+01
1.2255859375000000e-01 1.9999999999999832e-01 5.0000000000000526e+01 4.9999999999997449e+01
1.2353515625000000e-01 1.9999999999999826e-01 5.0000000000000526e+01 4.9999999999997655e+01
1.2451171875000000e-01 1.9999999999999801e-01 5.0000000000000561e+01 4.9999999999997620e+01
1.2548828125000000e-01 1.9999999999999743e-01 5.0000000000000519e+01 4.9999999999997335e+01
1.2646484375000000e-01 1.9999999999999749e-01 5.0000000000000504e+01 4.9999999999997293e+01
1.2744140625000000e-01 1.9999999999999729e-01 5.0000000000000462e+01 4.9999999999997236e+01
1.2841796875000000e-01 1.9999999999999760e-01 5.0000000000000504e+01 4.9999999999997428e+01
1.2939453125000000e-01 1.9999999999999740e-01 5.0000000000000519e+01 4.9999999999997392e+01
1.3037109375000000e-01 1.9999999999999804e-01 5.0000000000000554e+01 4.9999999999997449e+01
1.3134765625000000e-01 1.9999999999999785e-01 5.0000000000000476e+01 4.9999999999997485e+01
1.3232421875000000e-01 1.9999999999999840e-01 5.0000000000000504e+01 4.9999999999997804e+01
1.3330078125000000e-01 1.9999999999999857e-01 5.0000000000000497e+01 4.9999999999997677e+01
1.3427734375000000e-01 1.9999999999999757e-01 5.0000000000000412e+01 4.9999999999997279e+01
1.3525390625000000e-01 1.9999999999999818e-01 5.0000000000000462e+01 4.9999999999997691e+01
1.3623046875000000e-01 1.9999999999999785e-01 5.0000000000000497e+01 4.9999999999997506e+01
1.3720703125000000e-01 1.9999999999999857e-01 5.0000000000000590e+01 4.9999999999997804e+01
1.3818359375000000e-01 1.9999999999999721e-01 5.0000000000000398e+01 4.9999999999997108e+01
1.3916015625000000e-01 1.9999999999999823e-01 5.0000000000000483e+01 4.9999999999997620e+01
1.4013671875000000e-01 1.9999999999999785e-01 5.0000000000000433e+01 4.9999999999997371e+01
1.4111328125000000e-01 1.9999999999999954e-01 5.0000000000000597e+01 4.9999999999998089e+01
1.4208984375000000e-01 1.9999999999999771e-01 5.0000000000000455e+01 4.9999999999997407e+01
1.4306640625000000e-01 1.9999999999999776e-01 5.0000000000000469e+01 4.9999999999997563e+01
1.4404296875000000e-01 1.9999999999999840e-01 5.0000000000000526e+01 4.9999999999997691e+01
1.4501953125000000e-01 1.9999999999999807e-01 5.0000000000000512e+01 4.9999999999997485e+01
1.4599609375000000e-01 1.9999999999999821e-01 5.0000000000000490e+01 4.9999999999997563e+01
1.4697265625000000e-01 1.9999999999999721e-01 5.0000000000000405e+01 4.9999999999997009e+01
1.4794921875000000e-01 1.9999999999999826e-01 5.0000000000000504e+01 4.9999999999997371e+01
1.4892578125000000e-01 1.9999999999999818e-01 5.0000000000000519e+01 4.9999999999997335e+01
1.4990234375000000e-01 1.9999999999999785e-01 5.0000000000000512e+01 4.9999999999997236e+01
1.5087890625000000e-01 1.9999999999999751e-01 5.0000000000000540e+01 4.9999999999997314e+01
1.5185546875000000e-01 1.9999999999999768e-01 5.0000000000000533e+01 4.9999999999997257e+01
1.5283203125000000e-01 1.9999999999999765e-01 5.0000000000000519e+01 4.9999999999997279e+01
1.5380859375000000e-01 1.9999999999999776e-01 5.0000000000000561e+01 4.9999999999997463e+01
1.5478515625000000e-01 1.9999999999999893e-01 5.0000000000000647e+01 4.9999999999997655e+01
1.5576171875000000e-01 1.9999999999999798e-01 5.0000000000000519e+01 4.9999999999997371e+01
1.5673828125000000e-01 1.9999999999999810e-01 5.0000000000000476e+01 4.9999999999997279e+01
1.5771484375000000e-01 1.9999999999999904e-01 5.0000000000000497e+01 4.9999999999997748e+01
1.5869140625000000e-01 1.9999999999999934e-01 5.0000000000000504e+01 4.9999999999997691e+01
1.5966796875000000e-01 1.9999999999999893e-01 5.0000000000000419e+01 4.9999999999997449e+01
1.6064453125000000e-01 1.9999999999999876e-01 5.0000000000000405e+01 4.9999999999997449e+01
1.6162109375000000e-01 1.9999999999999882e-01 5.0000000000000441e+01 4.9999999999997577e+01
1.6259765625000000e-01 1.9999999999999798e-01 5.0000000000000398e+01 4.9999999999997293e+01
1.6357421875000000e-01 1.9999999999999971e-01 5.0000000000000590e+01 4.9999999999998074e+01
1.6455078125000000e-01 1.9999999999999923e-01 5.0000000000000519e+01 4.9999999999997769e+01
1.6552734375000000e-01 1.9999999999999993e-01 5.0000000000000540e+01 4.9999999999997883e+01
1.6650390625000000e-01 1.9999999999999843e-01 5.0000000000000355e+01 4.9999999999997293e+01
1.6748046875000000e-01 1.9999999999999984e-01 5.0000000000000526e+01 4.9999999999997861e+01
1.6845703125000000e-01 1.9999999999999932e-01 5.0000000000000448e+01 4.9999999999997620e+01
1.6943359375000000e-01 1.9999999999999896e-01 5.0000000000000419e+01 4.9999999999997506e+01
1.7041015625000000e-01 1.9999999999999954e-01 5.0000000000000455e+01 4.9999999999997790e+01
1.7138671875000000e-01 1.9999999999999923e-01 5.0000000000000384e+01 4.9999999999997506e+01
1.7236328125000000e-01 1.9999999999999896e-01 5.0000000000000341e+01 4.9999999999997598e+01
1.7333984375000000e-01 1.9999999999999943e-01 5.0000000000000377e+01 4.9999999999997691e+01
1.7431640625000000e-01 2.0000000000000043e-01 5.0000000000000490e+01 4.9999999999998053e+01
1.7529296875000000e-01 1.9999999999999954e-01 5.0000000000000405e+01 4.9999999999997577e+01
1.7626953125000000e-01 2.0000000000000034e-01 5.0000000000000462e+01 4.9999999999997748e+01
1.7724609375000000e-01 1.9999999999999993e-01 5.0000000000000419e+01 4.9999999999997883e+01
1.7822265625000000e-01 1.9999999999999957e-01 5.0000000000000377e+01 4.9999999999997520e+01
1.7919921875000000e-01 1.9999999999999921e-01 5.0000000000000334e+01 4.9999999999997506e+01
1.8017578125000000e-01 2.0000000000000173e-01 5.0000000000000561e+01 4.9999999999998451e+01
1.8115234375000000e-01 1.9999999999999948e-01 5.0000000000000348e+01 4.9999999999997485e+01
1.8212890625000000e-01 1.9999999999999954e-01 5.0000000000000405e+01 4.9999999999997577e+01
1.8310546875000000e-01 1.9999999999999965e-01 5.0000000000000433e+01 4.9999999999997655e+01
1.8408203125000000e-01 1.9999999999999954e-01 5.0000000000000441e+01 4.9999999999997712e+01
1.8505859375000000e-01 1.9999999999999887e-01 5.0000000000000355e+01 4.9999999999997371e+01
1.8603515625000000e-01 2.0000000000000043e-01 5.0000000000000512e+01 4.9999999999998110e+01
1.8701171875000000e-01 1.9999999999999926e-01 5.0000000000000391e+01 4.9999999999997598e+01
1.8798828125000000e-01 1.9999999999999918e-01 5.0000000000000455e+01 4.9999999999997691e+01
1.8896484375000000e-01 1.9999999999999871e-01 5.0000000000000469e+01 4.9999999999997335e+01
1.8994140625000000e-01 1.9999999999999976e-01 5.0000000000000533e+01 4.9999999999997861e+01
1.9091796875000000e-01 1.9999999999999846e-01 5.0000000000000398e+01 4.9999999999997463e+01
1.9189453125000000e-01 1.9999999999999943e-01 5.0000000000000490e+01 4.9999999999997577e+01
1.9287109375000000e-01 1.9999999999999959e-01 5.0000000000000490e+01 4.9999999999997712e+01
1.9384765625000000e-01 1.9999999999999879e-01 5.0000000000000448e+01 4.9999999999997598e+01
1.9482421875000000e-01 2.0000000000000054e-01 5.0000000000000547e+01 4.9999999999998032e+01
1.9580078125000000e-01 1.9999999999999984e-01 5.0000000000000448e+01 4.9999999999997634e+01
1.9677734375000000e-01 1.9999999999999926e-01 5.0000000000000369e+01 4.9999999999997293e+01
1.9775390625000000e-01 2.0000000000000007e-01 5.0000000000000426e+01 4.9999999999997748e+01
1.9873046875000000e-01 1.9999999999999910e-01 5.0000000000000306e+01 4.9999999999997293e+01
1.9970703125000000e-01 2.0000000000000057e-01 5.0000000000000462e+01 4.9999999999997883e+01
2.0068359375000000e-01 1.9999999999999962e-01 5.0000000000000362e+01 4.9999999999997463e+01
2.0166015625000000e-01 1.9999999999999959e-01 5.0000000000000341e+01 4.9999999999997407e+01
2.0263671875000000e-01 2.0000000000000051e-01 5.0000000000000433e+01 4.9999999999997939e+01
2.0361328125000000e-01 1.9999999999999979e-01 5.0000000000000362e+01 4.9999999999997520e+01
2.0458984375000000e-01 1.9999999999999882e-01 5.0000000000000242e+01 4.9999999999997144e+01
2.0556640625000000e-01 2.0000000000000104e-01 5.0000000000000497e+01 4.9999999999997975e+01
2.0654296875000000e-01 2.0000000000000070e-01 5.0000000000000462e+01 4.9999999999997733e+01
2.0751953125000000e-01 2.0000000000000037e-01 5.0000000000000369e+01 4.9999999999997542e+01
2.0849609375000000e-01 2.0000000000000179e-01 5.0000000000000547e+01 4.9999999999998394e+01
2.0947265625000000e-01 1.9999999999999915e-01 5.0000000000000355e+01 4.9999999999997371e+01
2.1044921875000000e-01 1.9999999999999993e-01 5.0000000000000398e+01 4.9999999999997691e+01
2.1142578125000000e-01 2.0000000000000001e-01 5.0000000000000426e+01 4.9999999999997577e+01
2.1240234375000000e-01 1.9999999999999896e-01 5.0000000000000341e+01 4.9999999999997030e+01
2.1337890625000000e-01 2.0000000000000095e-01 5.0000000000000483e+01 4.9999999999997769e+01
2.1435546875000000e-01 2.0000000000000021e-01 5.0000000000000348e+01 4.9999999999997542e+01
2.1533203125000000e-01 2.0000000000000298e-01 5.0000000000000611e+01 4.9999999999998828e+01
2.1630859375000000e-01 1.9999999999999879e-01 5.0000000000000256e+01 4.9999999999997200e+01
2.1728515625000000e-01 1.9999999999999990e-01 5.0000000000000391e+01 4.9999999999997634e+01
2.1826171875000000e-01 1.9999999999999957e-01 5.0000000000000362e+01 4.9999999999997392e+01
2.1923828125000000e-01 2.0000000000000115e-01 5.0000000000000504e+01 4.9999999999997961e+01
2.2021484375000000e-01 2.0000000000000007e-01 5.0000000000000426e+01 4.9999999999997598e+01
2.2119140625000000e-01 2.0000000000000095e-01 5.0000000000000533e+01 4.9999999999997790e+01
2.2216796875000000e-01 2.0000000000000095e-01 5.0000000000000504e+01 4.9999999999997904e+01
2.2314453125000000e-01 1.9999999999999968e-01 5.0000000000000348e+01 4.9999999999997279e+01
2.2412109375000000e-01 1.9999999999999982e-01 5.0000000000000355e+01 4.9999999999997236e+01
2.2509765625000000e-01 2.0000000000000093e-01 5.0000000000000497e+01 4.9999999999997826e+01
2.2607421875000000e-01 1.9999999999999957e-01 5.0000000000000384e+01 4.9999999999997335e+01
2.2705078125000000e-01 2.0000000000000012e-01 5.0000000000000469e+01 4.9999999999997506e+01
2.2802734375000000e-01 1.9999999999999923e-01 5.0000000000000362e+01 4.9999999999997314e+01
2.2900390625000000e-01 2.0000000000000007e-01 5.0000000000000462e+01 4.9999999999997655e+01
2.2998046875000000e-01 1.9999999999999984e-01 5.0000000000000419e+01 4.9999999999997392e+01
2.3095703125000000e-01 2.0000000000000037e-01 5.0000000000000441e+01 4.9999999999997485e+01
2.3193359375000000e-01 2.0000000000000084e-01 5.0000000000000476e+01 4.9999999999997847e+01
2.3291015625000000e-01 2.0000000000000018e-01 5.0000000000000355e+01 4.9999999999997449e+01
2.3388671875000000e-01 2.0000000000000095e-01 5.0000000000000412e+01 4.9999999999997861e+01
2.3486328125000000e-01 1.9999999999999990e-01 5.0000000000000355e+01 4.9999999999997634e+01
2.3583984375000000e-01 1.9999999999999962e-01 5.0000000000000362e+01 4.9999999999997314e+01
2.3681640625000000e-01 2.0000000000000046e-01 5.0000000000000391e+01 4.9999999999997790e+01
2.3779296875000000e-01 2.0000000000000076e-01 5.0000000000000433e+01 4.9999999999997904e+01
2.3876953125000000e-01 1.9999999999999996e-01 5.0000000000000384e+01 4.9999999999997563e+01
2.3974609375000000e-01 2.0000000000000026e-01 5.0000000000000398e+01 4.9999999999997520e+01
2.4072265625000000e-01 2.0000000000000015e-01 5.0000000000000377e+01 4.9999999999997485e+01
2.4169921875000000e-01 2.0000000000000043e-01 5.0000000000000391e+01 4.9999999999997620e+01
2.4267578125000000e-01 1.9999999999999954e-01 5.0000000000000298e+01 4.9999999999997335e+01
2.4365234375000000e-01 2.0000000000000140e-01 5.0000000000000497e+01 4.9999999999998032e+01
2.4462890625000000e-01 1.9999999999999915e-01 5.0000000000000277e+01 4.9999999999997009e+01
2.4560546875000000e-01 2.0000000000000120e-01 5.0000000000000490e+01 4.9999999999997961e+01
2.4658203125000000e-01 2.0000000000000062e-01 5.0000000000000448e+01 4.9999999999997634e+01
2.4755859375000000e-01 1.9999999999999896e-01 5.0000000000000298e+01 4.9999999999996938e+01
2.4853515625000000e-01 2.0000000000000046e-01 5.0000000000000448e+01 4.9999999999997748e+01
2.4951171875000000e-01 1.9999999999999996e-01 5.0000000000000391e+01 4.9999999999997485e+01
2.5048828125000000e-01 1.9999999999999993e-01 5.0000000000000391e+01 4.9999999999997314e+01
2.5146484375000000e-01 2.0000000000000018e-01 5.0000000000000504e+01 4.9999999999997506e+01
2.5244140625000000e-01 2.0000000000000090e-01 5.0000000000000512e+01 4.9999999999997961e+01
2.5341796875000000e-01 1.9999999999999910e-01 5.0000000000000306e+01 4.9999999999996881e+01
2.5439453125000000e-01 2.0000000000000068e-01 5.0000000000000455e+01 4.9999999999997677e+01
2.5537109375000000e-01 1.9999999999999910e-01 5.0000000000000263e+01 4.9999999999997051e+01
2.5634765625000000e-01 2.0000000000000032e-01 5.0000000000000384e+01 4.9999999999997520e+01
2.5732421875000000e-01 2.0000000000000065e-01 5.0000000000000462e+01 4.9999999999997883e+01
2.5830078125000000e-01 1.9999999999999915e-01 5.0000000000000298e+01 4.9999999999997371e+01
2.5927734375000000e-01 1.9999999999999862e-01 5.0000000000000284e+01 4.9999999999997293e+01
2.6025390625000000e-01 2.0000000000000023e-01 5.0000000000000455e+01 4.9999999999997939e+01
2.6123046875000000e-01 1.9999999999999868e-01 5.0000000000000270e+01 4.9999999999997222e+01
2.6220703125000000e-01 1.9999999999999898e-01 5.0000000000000327e+01 4.9999999999997620e+01
2.6318359375000000e-01 1.9999999999999915e-01 5.0000000000000369e+01 4.9999999999997279e+01
2.6416015625000000e-01 2.0000000000000040e-01 5.0000000000000448e+01 4.9999999999997620e+01
2.6513671875000000e-01 2.0000000000000129e-01 5.0000000000000462e+01 4.9999999999998224e+01
2.6611328125000000e-01 1.9999999999999837e-01 5.0000000000000213e+01 4.9999999999997108e+01
2.6708984375000000e-01 1.9999999999999951e-01 5.0000000000000362e+01 4.9999999999997691e+01
2.6806640625000000e-01 1.9999999999999871e-01 5.0000000000000270e+01 4.9999999999997314e+01
2.6904296875000000e-01 1.9999999999999968e-01 5.0000000000000426e+01 4.9999999999997677e+01
2.7001953125000000e-01 1.9999999999999968e-01 5.0000000000000455e+01 4.9999999999997826e+01
2.7099609375000000e-01 1.9999999999999726e-01 5.0000000000000213e+01 4.9999999999996838e+01
2.7197265625000000e-01 1.9999999999999979e-01 5.0000000000000462e+01 4.9999999999998053e+01
2.7294921875000000e-01 1.9999999999999910e-01 5.0000000000000405e+01 4.9999999999997506e+01
2.7392578125000000e-01 1.9999999999999729e-01 5.0000000000000263e+01 4.9999999999996916e+01
2.7490234375000000e-01 1.9999999999999957e-01 5.0000000000000462e+01 4.9999999999997883e+01
2.7587890625000000e-01 1.9999999999999876e-01 5.0000000000000334e+01 4.9999999999997314e+01
2.7685546875000000e-01 1.9999999999999904e-01 5.0000000000000320e+01 4.9999999999997677e+01
2.7783203125000000e-01 1.9999999999999768e-01 5.0000000000000206e+01 4.9999999999997108e+01
2.7880859375000000e-01 2.0000000000000018e-01 5.0000000000000469e+01 4.9999999999998280e+01
2.7978515625000000e-01 1.9999999999999873e-01 5.0000000000000412e+01 4.9999999999997712e+01
2.8076171875000000e-01 1.9999999999999632e-01 5.0000000000000156e+01 4.9999999999996767e+01
2.8173828125000000e-01 1.9999999999999929e-01 5.0000000000000419e+01 4.9999999999997883e+01
2.8271484375000000e-01 1.9999999999999979e-01 5.0000000000000490e+01 4.9999999999997939e+01
2.8369140625000000e-01 1.9999999999999776e-01 5.0000000000000256e+01 4.9999999999997200e+01
2.8466796875000000e-01 1.9999999999999860e-01 5.0000000000000341e+01 4.9999999999997293e+01
2.8564453125000000e-01 1.9999999999999787e-01 5.0000000000000256e+01 4.9999999999997065e+01
2.8662109375000000e-01 2.0000000000000009e-01 5.0000000000000476e+01 4.9999999999998018e+01
2.8759765625000000e-01 1.9999999999999868e-01 5.0000000000000284e+01 4.9999999999997449e+01
2.8857421875000000e-01 1.9999999999999879e-01 5.0000000000000284e+01 4.9999999999997371e+01
2.8955078125000000e-01 1.9999999999999835e-01 5.0000000000000256e+01 4.9999999999997293e+01
2.9052734375000000e-01 2.0000000000000032e-01 5.0000000000000469e+01 4.9999999999998074e+01
2.9150390625000000e-01 1.9999999999999876e-01 5.0000000000000298e+01 4.9999999999997463e+01
2.9248046875000000e-01 1.9999999999999926e-01 5.0000000000000362e+01 4.9999999999997677e+01
2.9345703125000000e-01 1.9999999999999934e-01 5.0000000000000348e+01 4.9999999999997677e+01
2.9443359375000000e-01 1.9999999999999910e-01 5.0000000000000341e+01 4.9999999999997790e+01
2.9541015625000000e-01 1.9999999999999971e-01 5.0000000000000419e+01 4.9999999999997904e+01
2.9638671875000000e-01 1.9999999999999754e-01 5.0000000000000234e+01 4.9999999999997236e+01
2.9736328125000000e-01 1.9999999999999890e-01 5.0000000000000369e+01 4.9999999999997598e+01
2.9833984375000000e-01 1.9999999999999840e-01 5.0000000000000291e+01 4.9999999999997335e+01
2.9931640625000000e-01 1.9999999999999724e-01 5.0000000000000206e+01 4.9999999999996895e+01
3.0029296875000000e-01 1.9999999999999993e-01 5.0000000000000455e+01 4.9999999999998018e+01
3.0126953125000000e-01 1.9999999999999868e-01 5.0000000000000355e+01 4.9999999999997542e+01
3.0224609375000000e-01 1.9999999999999971e-01 5.0000000000000419e+01 4.9999999999997861e+01
3.0322265625000000e-01 1.9999999999999893e-01 5.0000000000000327e+01 4.9999999999997506e+01
3.0419921875000000e-01 1.9999999999999898e-01 5.0000000000000298e+01 4.9999999999997520e+01
3.0517578125000000e-01 1.9999999999999854e-01 5.0000000000000242e+01 4.9999999999997392e+01
3.0615234375000000e-01 2.0000000000000118e-01 5.0000000000000476e+01 4.9999999999998359e+01
3.0712890625000000e-01 2.0000000000000101e-01 5.0000000000000405e+01 4.9999999999998202e+01
3.0810546875000000e-01 1.9999999999999996e-01 5.0000000000000249e+01 4.9999999999997677e+01
3.0908203125000000e-01 1.9999999999999887e-01 5.0000000000000192e+01 4.9999999999997463e+01
3.1005859375000000e-01 1.9999999999999998e-01 5.0000000000000327e+01 4.9999999999997790e+01
3.1103515625000000e-01 2.0000000000000137e-01 5.0000000000000348e+01 4.9999999999998280e+01
3.1201171875000000e-01 1.9999999999999957e-01 5.0000000000000199e+01 4.9999999999997691e+01
3.1298828125000000e-01 1.9999999999999959e-01 5.0000000000000227e+01 4.9999999999997655e+01
3.1396484375000000e-01 2.0000000000000004e-01 5.0000000000000284e+01 4.9999999999998074e+01
3.1494140625000000e-01 1.9999999999999871e-01 5.0000000000000163e+01 4.9999999999997520e+01
3.1591796875000000e-01 1.9999999999999993e-01 5.0000000000000313e+01 4.9999999999997975e+01
3.1689453125000000e-01 2.0000000000000095e-01 5.0000000000000391e+01 4.9999999999998430e+01
3.1787109375000000e-01 1.9999999999999873e-01 5.0000000000000128e+01 4.9999999999997677e+01
3.1884765625000000e-01 1.9999999999999915e-01 5.0000000000000249e+01 4.9999999999997804e+01
3.1982421875000000e-01 1.9999999999999982e-01 5.0000000000000313e+01 4.9999999999997918e+01
3.2080078125000000e-01 1.9999999999999904e-01 5.0000000000000242e+01 4.9999999999997733e+01
3.2177734375000000e-01 1.9999999999999851e-01 5.0000000000000206e+01 4.9999999999997485e+01
3.2275390625000000e-01 2.0000000000000082e-01 5.0000000000000455e+01 4.9999999999998430e+01
3.2373046875000000e-01 1.9999999999999948e-01 5.0000000000000277e+01 4.9999999999997918e+01
3.2470703125000000e-01 1.9999999999999965e-01 5.0000000000000263e+01 4.9999999999997655e+01
3.2568359375000000e-01 2.0000000000000026e-01 5.0000000000000334e+01 4.9999999999997996e+01
3.2666015625000000e-01 1.9999999999999926e-01 5.0000000000000220e+01 4.9999999999997634e+01
3.2763671875000000e-01 2.0000000000000048e-01 5.0000000000000313e+01 4.9999999999998131e+01
3.2861328125000000e-01 1.9999999999999879e-01 5.0000000000000135e+01 4.9999999999997350e+01
3.2958984375000000e-01 2.0000000000000231e-01 5.0000000000000441e+01 4.9999999999998714e+01
3.3056640625000000e-01 1.9999999999999921e-01 5.0000000000000178e+01 4.9999999999997485e+01
3.3154296875000000e-01 2.0000000000000090e-01 5.0000000000000362e+01 4.9999999999998167e+01
3.3251953125000000e-01 1.9999999999999940e-01 5.0000000000000142e+01 4.9999999999997733e+01
3.3349609375000000e-01 2.0000000000000023e-01 5.0000000000000277e+01 4.9999999999998224e+01
3.3447265625000000e-01 1.9999999999999979e-01 5.0000000000000284e+01 4.9999999999997939e+01
3.3544921875000000e-01 1.9999999999999915e-01 5.0000000000000206e+01 4.9999999999997748e+01
3.3642578125000000e-01 2.0000000000000084e-01 5.0000000000000391e+01 4.9999999999998394e+01
3.3740234375000000e-01 1.9999999999999987e-01 5.0000000000000256e+01 4.9999999999998110e+01
3.3837890625000000e-01 1.9999999999999984e-01 5.0000000000000242e+01 4.9999999999997975e+01
3.3935546875000000e-01 1.9999999999999962e-01 5.0000000000000249e+01 4.9999999999997996e+01
3.4033203125000000e-01 1.9999999999999971e-01 5.0000000000000206e+01 4.9999999999997996e+01
3.4130859375000000e-01 2.0000000000000007e-01 5.0000000000000234e+01 4.9999999999998131e+01
3.4228515625000000e-01 1.9999999999999965e-01 5.0000000000000220e+01 4.9999999999997861e+01
3.4326171875000000e-01 1.9999999999999932e-01 5.0000000000000171e+01 4.9999999999997996e+01
3.4423828125000000e-01 1.9999999999999876e-01 5.0000000000000085e+01 4.9999999999997520e+01
3.4521484375000000e-01 2.0000000000000057e-01 5.0000000000000270e+01 4.9999999999998316e+01
3.4619140625000000e-01 2.0000000000000051e-01 5.0000000000000284e+01 4.9999999999998359e+01
3.4716796875000000e-01 2.0000000000000023e-01 5.0000000000000220e+01 4.9999999999998131e+01
3.4814453125000000e-01 1.9999999999999990e-01 5.0000000000000178e+01 4.9999999999997883e+01
3.4912109375000000e-01 2.0000000000000054e-01 5.0000000000000227e+01 4.9999999999997748e+01
3.5009765625000000e-01 2.0000000000000137e-01 5.0000000000000277e+01 4.9999999999998302e+01
3.5107421875000000e-01 2.0000000000000048e-01 5.0000000000000220e+01 4.9999999999997804e+01
3.5205078125000000e-01 2.0000000000000001e-01 5.0000000000000156e+01 4.9999999999997769e+01
3.5302734375000000e-01 2.0000000000000226e-01 5.0000000000000433e+01 4.9999999999998700e+01
3.5400390625000000e-01 2.0000000000000001e-01 5.0000000000000142e+01 4.9999999999997804e+01
3.5498046875000000e-01 2.0000000000000179e-01 5.0000000000000341e+01 4.9999999999998643e+01
3.5595703125000000e-01 1.9999999999999959e-01 5.0000000000000192e+01 4.9999999999997861e+01
3.5693359375000000e-01 2.0000000000000026e-01 5.0000000000000284e+01 4.9999999999998280e+01
3.5791015625000000e-01 1.9999999999999887e-01 5.0000000000000156e+01 4.9999999999997733e+01
3.5888671875000000e-01 2.0000000000000012e-01 5.0000000000000313e+01 4.9999999999998245e+01
3.5986328125000000e-01 1.9999999999999829e-01 5.0000000000000149e+01 4.9999999999997598e+01
3.6083984375000000e-01 1.9999999999999932e-01 5.0000000000000270e+01 4.9999999999998018e+01
3.6181640625000000e-01 1.9999999999999973e-01 5.0000000000000270e+01 4.9999999999998188e+01
3.6279296875000000e-01 2.0000000000000001e-01 5.0000000000000327e+01 4.9999999999998259e+01
3.6376953125000000e-01 1.9999999999999901e-01 5.0000000000000213e+01 4.9999999999998053e+01
3.6474609375000000e-01 1.9999999999999893e-01 5.0000000000000206e+01 4.9999999999997883e+01
3.6572265625000000e-01 1.9999999999999934e-01 5.0000000000000206e+01 4.9999999999998018e+01
3.6669921875000000e-01 1.9999999999999843e-01 5.0000000000000156e+01 4.9999999999997712e+01
3.6767578125000000e-01 1.9999999999999984e-01 5.0000000000000277e+01 4.9999999999998259e+01
3.6865234375000000e-01 1.9999999999999915e-01 5.0000000000000242e+01 4.9999999999997939e+01
3.6962890625000000e-01 1.9999999999999912e-01 5.0000000000000220e+01 4.9999999999997790e+01
3.7060546875000000e-01 1.9999999999999951e-01 5.0000000000000256e+01 4.9999999999997861e+01
3.7158203125000000e-01 1.9999999999999948e-01 5.0000000000000263e+01 4.9999999999997733e+01
3.7255859375000000e-01 2.0000000000000070e-01 5.0000000000000391e+01 4.9999999999998089e+01
3.7353515625000000e-01 1.9999999999999982e-01 5.0000000000000291e+01 4.9999999999997733e+01
3.7451171875000000e-01 1.9999999999999929e-01 5.0000000000000249e+01 4.9999999999997577e+01
3.7548828125000000e-01 1.9999999999999959e-01 5.0000000000000291e+01 4.9999999999997733e+01
3.7646484375000000e-01 2.0000000000000004e-01 5.0000000000000355e+01 4.9999999999998053e+01
3.7744140625000000e-01 1.9999999999999929e-01 5.0000000000000270e+01 4.9999999999997598e+01
3.7841796875000000e-01 1.9999999999999951e-01 5.0000000000000306e+01 4.9999999999997691e+01
3.7939453125000000e-01 1.9999999999999940e-01 5.0000000000000263e+01 4.9999999999997733e+01
3.8037109375000000e-01 1.9999999999999885e-01 5.0000000000000199e+01 4.9999999999997542e+01
3.8134765625000000e-01 2.0000000000000134e-01 5.0000000000000469e+01 4.9999999999998714e+01
3.8232421875000000e-01 2.0000000000000012e-01 5.0000000000000327e+01 4.9999999999998259e+01
3.8330078125000000e-01 2.0000000000000104e-01 5.0000000000000391e+01 4.9999999999998280e+01
3.8427734375000000e-01 2.0000000000000129e-01 5.0000000000000412e+01 4.9999999999998472e+01
3.8525390625000000e-01 1.9999999999999910e-01 5.0000000000000234e+01 4.9999999999997542e+01
3.8623046875000000e-01 1.9999999999999954e-01 5.0000000000000277e+01 4.9999999999997904e+01
3.8720703125000000e-01 1.9999999999999832e-01 5.0000000000000192e+01 4.9999999999997449e+01
3.8818359375000000e-01 2.0000000000000062e-01 5.0000000000000369e+01 4.9999999999998337e+01
3.8916015625000000e-01 2.0000000000000032e-01 5.0000000000000320e+01 4.9999999999998089e+01
3.9013671875000000e-01 1.9999999999999901e-01 5.0000000000000249e+01 4.9999999999997634e+01
3.9111328125000000e-01 2.0000000000000068e-01 5.0000000000000405e+01 4.9999999999998259e+01
3.9208984375000000e-01 2.0000000000000034e-01 5.0000000000000391e+01 4.9999999999998188e+01
3.9306640625000000e-01 1.9999999999999840e-01 5.0000000000000171e+01 4.9999999999997179e+01
3.9404296875000000e-01 1.9999999999999962e-01 5.0000000000000298e+01 4.9999999999997634e+01
3.9501953125000000e-01 1.9999999999999851e-01 5.0000000000000178e+01 4.9999999999997108e+01
3.9599609375000000e-01 2.0000000000000179e-01 5.0000000000000512e+01 4.9999999999998622e+01
3.9697265625000000e-01 1.9999999999999904e-01 5.0000000000000270e+01 4.9999999999997428e+01
3.9794921875000000e-01 1.9999999999999907e-01 5.0000000000000249e+01 4.9999999999997520e+01
3.9892578125000000e-01 2.0000000000000129e-01 5.0000000000000469e+01 4.9999999999998373e+01
3.9990234375000000e-01 1.9999999999999976e-01 5.0000000000000320e+01 4.9999999999997691e+01
4.0087890625000000e-01 2.0000000000000068e-01 5.0000000000000426e+01 4.9999999999998224e+01
4.0185546875000000e-01 1.9999999999999818e-01 5.0000000000000242e+01 4.9999999999997222e+01
4.0283203125000000e-01 2.0000000000000057e-01 5.0000000000000490e+01 4.9999999999998224e+01
4.0380859375000000e-01 1.9999999999999846e-01 5.0000000000000263e+01 4.9999999999997314e+01
4.0478515625000000e-01 1.9999999999999643e-01 5.0000000000000078e+01 4.9999999999996540e+01
4.0576171875000000e-01 2.0000000000000182e-01 5.0000000000000647e+01 4.9999999999998792e+01
4.0673828125000000e-01 1.9999999999999959e-01 5.0000000000000377e+01 4.9999999999997790e+01
4.0771484375000000e-01 2.0000000000000104e-01 5.0000000000000512e+01 4.9999999999998316e+01
4.0869140625000000e-01 1.9999999999999876e-01 5.0000000000000298e+01 4.9999999999997350e+01
4.0966796875000000e-01 2.0000000000000001e-01 5.0000000000000391e+01 4.9999999999997790e+01
4.1064453125000000e-01 2.0000000000000021e-01 5.0000000000000412e+01 4.9999999999997975e+01
4.1162109375000000e-01 1.9999999999999912e-01 5.0000000000000327e+01 4.9999999999997620e+01
4.1259765625000000e-01 1.9999999999999915e-01 5.0000000000000419e+01 4.9999999999997542e+01
4.1357421875000000e-01 1.9999999999999868e-01 5.0000000000000348e+01 4.9999999999997463e+01
4.1455078125000000e-01 1.9999999999999840e-01 5.0000000000000348e+01 4.9999999999997350e+01
4.1552734375000000e-01 1.9999999999999982e-01 5.0000000000000462e+01 4.9999999999997847e+01
4.1650390625000000e-01 1.9999999999999940e-01 5.0000000000000391e+01 4.9999999999997485e+01
4.1748046875000000e-01 1.9999999999999937e-01 5.0000000000000341e+01 4.9999999999997655e+01
4.1845703125000000e-01 1.9999999999999998e-01 5.0000000000000384e+01 4.9999999999997691e+01
4.1943359375000000e-01 1.9999999999999885e-01 5.0000000000000270e+01 4.9999999999997371e+01
4.2041015625000000e-01 1.9999999999999982e-01 5.0000000000000377e+01 4.9999999999997733e+01
4.2138671875000000e-01 2.0000000000000184e-01 5.0000000000000540e+01 4.9999999999998543e+01
4.2236328125000000e-01 1.9999999999999887e-01 5.0000000000000263e+01 4.9999999999997222e+01
4.2333984375000000e-01 2.0000000000000059e-01 5.0000000000000455e+01 4.9999999999997996e+01
4.2431640625000000e-01 2.0000000000000004e-01 5.0000000000000362e+01 4.9999999999997542e+01
4.2529296875000000e-01 1.9999999999999968e-01 5.0000000000000284e+01 4.9999999999997563e+01
4.2626953125000000e-01 2.0000000000000079e-01 5.0000000000000391e+01 4.9999999999997996e+01
4.2724609375000000e-01 2.0000000000000007e-01 5.0000000000000270e+01 4.9999999999997563e+01
4.2822265625000000e-01 2.0000000000000001e-01 5.0000000000000320e+01 4.9999999999997542e+01
4.2919921875000000e-01 2.0000000000000182e-01 5.0000000000000540e+01 4.9999999999998451e+01
4.3017578125000000e-01 1.9999999999999904e-01 5.0000000000000320e+01 4.9999999999997485e+01
4.3115234375000000e-01 1.9999999999999865e-01 5.0000000000000298e+01 4.9999999999997293e+01
4.3212890625000000e-01 2.0000000000000009e-01 5.0000000000000441e+01 4.9999999999997804e+01
4.3310546875000000e-01 1.9999999999999984e-01 5.0000000000000355e+01 4.9999999999997826e+01
4.3408203125000000e-01 2.0000000000000098e-01 5.0000000000000483e+01 4.9999999999998167e+01
4.3505859375000000e-01 1.9999999999999915e-01 5.0000000000000284e+01 4.9999999999997392e+01
4.3603515625000000e-01 2.0000000000000062e-01 5.0000000000000419e+01 4.9999999999998188e+01
4.3701171875000000e-01 1.9999999999999987e-01 5.0000000000000348e+01 4.9999999999997733e+01
4.3798828125000000e-01 1.9999999999999954e-01 5.0000000000000355e+01 4.9999999999997257e+01
4.3896484375000000e-01 1.9999999999999760e-01 5.0000000000000156e+01 4.9999999999996540e+01
4.3994140625000000e-01 2.0000000000000184e-01 5.0000000000000576e+01 4.9999999999998472e+01
4.4091796875000000e-01 2.0000000000000040e-01 5.0000000000000412e+01 4.9999999999998032e+01
4.4189453125000000e-01 2.0000000000000037e-01 5.0000000000000405e+01 4.9999999999997904e+01
4.4287109375000000e-01 1.9999999999999940e-01 5.0000000000000256e+01 4.9999999999997314e+01
4.4384765625000000e-01 2.0000000000000101e-01 5.0000000000000405e+01 4.9999999999997939e+01
4.4482421875000000e-01 1.9999999999999982e-01 5.0000000000000277e+01 4.9999999999997520e+01
4.4580078125000000e-01 1.9999999999999990e-01 5.0000000000000334e+01 4.9999999999997577e+01
4.4677734375000000e-01 2.0000000000000118e-01 5.0000000000000490e+01 4.9999999999998202e+01
4.4775390625000000e-01 1.9999999999999957e-01 5.0000000000000320e+01 4.9999999999997577e+01
4.4873046875000000e-01 1.9999999999999848e-01 5.0000000000000256e+01 4.9999999999997065e+01
4.4970703125000000e-01 2.0000000000000162e-01 5.0000000000000590e+01 4.9999999999998316e+01
4.5068359375000000e-01 2.0000000000000115e-01 5.0000000000000540e+01 4.9999999999998394e+01
4.5166015625000000e-01 1.9999999999999743e-01 5.0000000000000178e+01 4.9999999999996838e+01
4.5263671875000000e-01 1.9999999999999937e-01 5.0000000000000405e+01 4.9999999999997520e+01
4.5361328125000000e-01 2.0000000000000004e-01 5.0000000000000426e+01 4.9999999999997847e+01
4.5458984375000000e-01 1.9999999999999915e-01 5.0000000000000355e+01 4.9999999999997520e+01
4.5556640625000000e-01 1.9999999999999871e-01 5.0000000000000277e+01 4.9999999999997350e+01
4.5654296875000000e-01 2.0000000000000215e-01 5.0000000000000618e+01 4.9999999999998828e+01
4.5751953125000000e-01 1.9999999999999901e-01 5.0000000000000284e+01 4.9999999999997279e+01
4.5849609375000000e-01 1.9999999999999943e-01 5.0000000000000313e+01 4.9999999999997712e+01
4.5947265625000000e-01 1.9999999999999885e-01 5.0000000000000242e+01 4.9999999999997428e+01
4.6044921875000000e-01 1.9999999999999982e-01 5.0000000000000348e+01 4.9999999999997883e+01
4.6142578125000000e-01 1.9999999999999898e-01 5.0000000000000277e+01 4.9999999999997371e+01
4.6240234375000000e-01 1.9999999999999934e-01 5.0000000000000242e+01 4.9999999999997577e+01
4.6337890625000000e-01 2.0000000000000132e-01 5.0000000000000441e+01 4.9999999999998131e+01
4.6435546875000000e-01 1.9999999999999971e-01 5.0000000000000306e+01 4.9999999999997847e+01
4.6533203125000000e-01 2.0000000000000034e-01 5.0000000000000412e+01 4.9999999999998110e+01
4.6630859375000000e-01 1.9999999999999857e-01 5.0000000000000277e+01 4.9999999999997335e+01
4.6728515625000000e-01 2.0000000000000001e-01 5.0000000000000369e+01 4.9999999999998053e+01
4.6826171875000000e-01 1.9999999999999987e-01 5.0000000000000313e+01 4.9999999999998032e+01
4.6923828125000000e-01 2.0000000000000021e-01 5.0000000000000306e+01 4.9999999999998074e+01
4.7021484375000000e-01 2.0000000000000159e-01 5.0000000000000433e+01 4.9999999999998600e+01
4.7119140625000000e-01 2.0000000000000004e-01 5.0000000000000291e+01 4.9999999999998053e+01
4.7216796875000000e-01 2.0000000000000007e-01 5.0000000000000284e+01 4.9999999999997975e+01
4.7314453125000000e-01 1.9999999999999940e-01 5.0000000000000263e+01 4.9999999999997847e+01
4.7412109375000000e-01 1.9999999999999829e-01 5.0000000000000185e+01 4.9999999999997293e+01
4.7509765625000000e-01 2.0000000000000037e-01 5.0000000000000327e+01 4.9999999999998167e+01
4.7607421875000000e-01 2.0000000000000068e-01 5.0000000000000369e+01 4.9999999999998508e+01
4.7705078125000000e-01 1.9999999999999951e-01 5.0000000000000256e+01 4.9999999999998018e+01
4.7802734375000000e-01 1.9999999999999757e-01 5.0000000000000121e+01 4.9999999999997165e+01
4.7900390625000000e-01 1.9999999999999984e-01 5.0000000000000313e+01 4.9999999999998145e+01
4.7998046875000000e-01 2.0000000000000026e-01 5.0000000000000355e+01 4.9999999999998224e+01
4.8095703125000000e-01 2.0000000000000073e-01 5.0000000000000412e+01 4.9999999999998600e+01
4.8193359375000000e-01 1.9999999999999798e-01 5.0000000000000163e+01 4.9999999999997392e+01
4.8291015625000000e-01 1.9999999999999971e-01 5.0000000000000341e+01 4.9999999999997939e+01
4.8388671875000000e-01 2.0000000000000073e-01 5.0000000000000455e+01 4.9999999999998543e+01
4.8486328125000000e-01 1.9999999999999871e-01 5.0000000000000306e+01 4.9999999999997563e+01
4.8583984375000000e-01 1.9999999999999937e-01 5.0000000000000327e+01 4.9999999999997769e+01
4.8681640625000000e-01 1.9999999999999954e-01 5.0000000000000362e+01 4.9999999999997769e+01
4.8779296875000000e-01 1.9999999999999926e-01 5.0000000000000341e+01 4.9999999999997861e+01
4.8876953125000000e-01 1.9999999999999865e-01 5.0000000000000313e+01 4.9999999999997677e+01
4.8974609375000000e-01 1.9999999999999926e-01 5.0000000000000391e+01 4.9999999999997861e+01
4.9072265625000000e-01 1.9999999999999957e-01 5.0000000000000448e+01 4.9999999999997847e+01
4.9169921875000000e-01 1.9999999999999890e-01 5.0000000000000263e+01 4.9999999999997542e+01
4.9267578125000000e-01 2.0000000000000065e-01 5.0000000000000441e+01 4.9999999999998337e+01
4.9365234375000000e-01 1.9999999999999893e-01 5.0000000000000242e+01 4.9999999999997918e+01
4.9462890625000000e-01 1.9999999999999851e-01 5.0000000000000256e+01 4.9999999999997634e+01
4.9560546875000000e-01 2.0000000000000134e-01 5.0000000000000490e+01 4.9999999999998678e+01
4.9658203125000000e-01 1.9999999999999937e-01 5.0000000000000270e+01 4.9999999999998018e+01
4.9755859375000000e-01 1.9999999999999760e-01 5.0000000000000114e+01 4.9999999999997087e+01
4.9853515625000000e-01 1.9999999999999971e-01 5.0000000000000313e+01 4.9999999999997883e+01
4.9951171875000000e-01 1.9999999999999851e-01 5.0000000000000149e+01 4.9999999999997463e+01
5.0048828125000000e-01 2.0000000000000009e-01 5.0000000000000348e+01 4.9999999999998167e+01
5.0146484375000000e-01 1.9999999999999879e-01 5.0000000000000270e+01 4.9999999999997904e+01
5.0244140625000000e-01 1.9999999999999910e-01 5.0000000000000369e+01 4.9999999999997996e+01
5.0341796875000000e-01 1.9999999999999976e-01 5.0000000000000398e+01 4.9999999999998245e+01
5.0439453125000000e-01 1.9999999999999962e-01 5.0000000000000334e+01 4.9999999999998110e+01
5.0537109375000000e-01 1.9999999999999921e-01 5.0000000000000377e+01 4.9999999999997826e+01
5.0634765625000000e-01 1.9999999999999724e-01 5.0000000000000156e+01 4.9999999999997236e+01
5.0732421875000000e-01 1.9999999999999724e-01 5.0000000000000256e+01 4.9999999999997293e+01
5.0830078125000000e-01 1.9999999999999943e-01 5.0000000000000455e+01 4.9999999999998089e+01
5.0927734375000000e-01 1.9999999999999896e-01 5.0000000000000348e+01 4.9999999999997748e+01
5.1025390625000000e-01 1.9999999999999851e-01 5.0000000000000298e+01 4.9999999999997769e+01
5.1123046875000000e-01 1.9999999999999826e-01 5.0000000000000213e+01 4.9999999999997677e+01
5.1220703125000000e-01 1.9999999999999857e-01 5.0000000000000227e+01 4.9999999999997712e+01
5.1318359375000000e-01 1.9999999999999801e-01 5.0000000000000263e+01 4.9999999999997655e+01
5.1416015625000000e-01 1.9999999999999823e-01 5.0000000000000320e+01 4.9999999999997620e+01
5.1513671875000000e-01 2.0000000000000159e-01 5.0000000000000597e+01 4.9999999999998870e+01
5.1611328125000000e-01 1.9999999999999887e-01 5.0000000000000298e+01 4.9999999999997733e+01
5.1708984375000000e-01 1.9999999999999932e-01 5.0000000000000391e+01 4.9999999999997861e+01
5.1806640625000000e-01 1.9999999999999898e-01 5.0000000000000362e+01 4.9999999999997691e+01
5.1904296875000000e-01 1.9999999999999882e-01 5.0000000000000384e+01 4.9999999999997748e+01
5.2001953125000000e-01 1.9999999999999721e-01 5.0000000000000199e+01 4.9999999999997009e+01
5.2099609375000000e-01 2.0000000000000154e-01 5.0000000000000661e+01 4.9999999999998771e+01
5.2197265625000000e-01 1.9999999999999704e-01 5.0000000000000156e+01 4.9999999999997087e+01
5.2294921875000000e-01 1.9999999999999954e-01 5.0000000000000313e+01 4.9999999999997904e+01
5.2392578125000000e-01 2.0000000000000012e-01 5.0000000000000298e+01 4.9999999999997861e+01
5.2490234375000000e-01 2.0000000000000021e-01 5.0000000000000249e+01 4.9999999999998089e+01
5.2587890625000000e-01 2.0000000000000157e-01 5.0000000000000455e+01 4.9999999999998543e+01
5.2685546875000000e-01 1.9999999999999851e-01 5.0000000000000142e+01 4.9999999999997506e+01
5.2783203125000000e-01 2.0000000000000029e-01 5.0000000000000419e+01 4.9999999999998188e+01
5.2880859375000000e-01 2.0000000000000004e-01 5.0000000000000426e+01 4.9999999999998074e+01
5.2978515625000000e-01 1.9999999999999915e-01 5.0000000000000291e+01 4.9999999999997847e+01
5.3076171875000000e-01 1.9999999999999876e-01 5.0000000000000313e+01 4.9999999999997733e+01
5.3173828125000000e-01 1.9999999999999918e-01 5.0000000000000270e+01 4.9999999999997790e+01
5.3271484375000000e-01 1.9999999999999998e-01 5.0000000000000377e+01 4.9999999999998373e+01
5.3369140625000000e-01 1.9999999999999854e-01 5.0000000000000220e+01 4.9999999999997847e+01
5.3466796875000000e-01 1.9999999999999879e-01 5.0000000000000284e+01 4.9999999999997861e+01
5.3564453125000000e-01 1.9999999999999896e-01 5.0000000000000298e+01 4.9999999999997961e+01
5.3662109375000000e-01 2.0000000000000040e-01 5.0000000000000412e+01 4.9999999999998529e+01
5.3759765625000000e-01 1.9999999999999848e-01 5.0000000000000263e+01 4.9999999999997904e+01
5.3857421875000000e-01 2.0000000000732834e-01 4.9999999999252132e+01 5.0000000003052058e+01
5.3955078125000000e-01 4.6832038536098253e-01 2.3331570048434003e+01 2.9057259177874039e+02
5.4052734375000000e-01 5.1535925172959740e-01 1.9538901985956436e+01 3.4787997814353946e+02
5.4150390625000000e-01 5.1902159134414505e-01 1.9546929966062869e+01 3.4801637086951354e+02
5.4248046875000000e-01 5.2445811063494918e-01 1.9547703227148588e+01 3.4804221240098292e+02
5.4345703125000000e-01 5.3035532473846392e-01 1.9548932544947906e+01 3.4805925543679103e+02
5.4443359375000000e-01 5.3312659085725156e-01 1.9549955113480589e+01 3.4808078672011436e+02
5.4541015625000000e-01 5.3337086492313701e-01 1.9550974747462593e+01 3.4809997869103478e+02
5.4638671875000000e-01 5.3284316904464812e-01 1.9551408834565613e+01 3.4810960135861563e+02
5.4736328125000000e-01 5.3115403068401423e-01 1.9551144916389219e+01 3.4810748324636364e+02
5.4833984375000000e-01 5.2915989597286006e-01 1.9550079148487775e+01 3.4809064937442514e+02
5.4931640625000000e-01 5.2771234485123086e-01 1.9549980682313816e+01 3.4809157287033321e+02
5.5029296875000000e-01 5.2685290979101673e-01 1.9556711080360799e+01 3.4821137368922581e+02
5.5126953125000000e-01 5.2658047905207106e-01 1.9590492588125201e+01 3.4880421557102483e+02
5.5224609375000000e-01 5.2680279409581032e-01 1.9647418163167931e+01 3.4980243515689278e+02
5.5322265625000000e-01 5.2697475551442219e-01 1.9687079282957221e+01 3.5049846450534812e+02
5.5419921875000000e-01 5.2679933498959886e-01 1.9698803860548086e+01 3.5070416835293884e+02
5.5517578125000000e-01 5.2641971365092088e-01 1.9698507208779429e+01 3.5069784710551590e+02
5.5615234375000000e-01 5.2569713376524330e-01 1.9686921987426533e+01 3.5049284448842479e+02
5.5712890625000000e-01 5.2450522589836968e-01 1.9667497566502213e+01 3.5015045646337137e+02
5.5810546875000000e-01 5.2345998827641949e-01 1.9651409234473501e+01 3.4986701775382460e+02
5.5908203125000000e-01 5.2314123417658220e-01 1.9638090798373291e+01 3.4963251845224897e+02
5.6005859375000000e-01 5.2323208827702883e-01 1.9626109435843038e+01 3.4942181213917695e+02
5.6103515625000000e-01 5.2407795291028869e-01 1.9615499107352498e+01 3.4923535749325009e+02
5.6201171875000000e-01 5.2648655497821406e-01 1.9606215935686400e+01 3.4907186808911609e+02
5.6298828125000000e-01 5.2976992210908003e-01 1.9598090124472314e+01 3.4892783903162888e+02
5.6396484375000000e-01 5.3171545347289373e-01 1.9590990471980721e+01 3.4880107902978000e+02
5.6494140625000000e-01 5.3205580570876232e-01 1.9584789929974225e+01 3.4868987812597163e+02
5.6591796875000000e-01 5.3195776889411539e-01 1.9579368248169498e+01 3.4859238773530700e+02
5.6689453125000000e-01 5.3135915302732895e-01 1.9574620566175092e+01 3.4850691304304689e+02
5.6787109375000000e-01 5.3000830035390800e-01 1.9570456120637779e+01 3.4843207554507279e+02
5.6884765625000000e-01 5.2828730686814662e-01 1.9566796028623202e+01 3.4836665408569655e+02
5.6982421875000000e-01 5.2683496314710165e-01 1.9563574080571119e+01 3.4830947435684618e+02
5.7080078125000000e-01 5.2587421058580985e-01 1.9560737319365341e+01 3.4825942862416343e+02
5.7177734375000000e-01 5.2525041748167189e-01 1.9558244416814205e+01 3.4821553272548988e+02
5.7275390625000000e-01 5.2476058474770804e-01 1.9556063316675733e+01 3.4817692995604187e+02
5.7373046875000000e-01 5.2425444986184999e-01 1.9554168961693239e+01 3.4814288108618172e+02
5.7470703125000000e-01 5.2363296824408778e-01 1.9552539787113140e+01 3.4811279403875398e+02
5.7568359375000000e-01 5.2295570053953000e-01 1.9551154768645279e+01 3.4808624963272376e+02
5.7666015625000000e-01 5.2253195951102960e-01 1.9549994265176522e+01 3.4806295027458742e+02
5.7763671875000000e-01 5.2245524145575728e-01 1.9549042164669494e+01 3.4804265720461234e+02
5.7861328125000000e-01 5.2251683829469520e-01 1.9548283707119104e+01 3.4802518930283367e+02
5.7958984375000000e-01 5.2291922652937894e-01 1.9547700592274353e+01 3.4801040216559244e+02
5.8056640625000000e-01 5.2408975174769434e-01 1.9547271001983862e+01 3.4799810419975535e+02
5.8154296875000000e-01 5.2623838718424232e-01 1.9546974077004560e+01 3.4798793780173730e+02
5.8251953125000000e-01 5.2869322480774783e-01 1.9546788543504356e+01 3.4797935943328696e+02
5.8349609375000000e-01 5.3017337070909243e-01 1.9546681297071569e+01 3.4797175183105117e+02
5.8447265625000000e-01 5.3052031500038954e-01 1.9546601402148767e+01 3.4796448116347585e+02
5.8544921875000000e-01 5.3050391214286130e-01 1.9546490854253591e+01 3.4795682055646478e+02
5.8642578125000000e-01 5.3023392357187438e-01 1.9546303195304567e+01 3.4794798793980669e+02
5.8740234375000000e-01 5.2943706332564566e-01 1.9546049177157226e+01 3.4793846512442911e+02
5.8837890625000000e-01 5.2814490573570905e-01 1.9545820452188263e+01 3.4793016153777040e+02
5.8935546875000000e-01 5.2676284273107421e-01 1.9545664750599812e+01 3.4792481214910680e+02
5.9033203125000000e-01 5.2566244808205087e-01 1.9545642954316314e+01 3.4792249086622991e+02
5.9130859375000000e-01 5.2488531382076153e-01 1.9545722519987315e+01 3.4792351796301404e+02
5.9228515625000000e-01 5.2428847521581934e-01 1.9545991327401637e+01 3.4792898050988549e+02
5.9326171875000000e-01 5.2375154213122321e-01 1.9546611444267558e+01 3.4794165532332397e+02
5.9423828125000000e-01 5.2323576831632834e-01 1.9547617671155976e+01 3.4796215817172595e+02
5.9521484375000000e-01 5.2284004345285062e-01 1.9548813021015647e+01 3.4798689879754477e+02
5.9619140625000000e-01 5.2271726938020047e-01 1.9549998783196475e+01 3.4801207310528179e+02
5.9716796875000000e-01 5.2273434434705546e-01 1.9550999193167488e+01 3.4803473576253378e+02
5.9814453125000000e-01 5.2290780091507461e-01 1.9551651516465572e+01 3.4805252148951291e+02
5.9912109375000000e-01 5.2348574628971833e-01 1.9551957427339769e+01 3.4806494669038483e+02
6.0009765625000000e-01 5.2470446614936161e-01 1.9552089543542998e+01 3.4807423937891929e+02
6.0107421875000000e-01 5.2650560265961799e-01 1.9552284361632005e+01 3.4808441755517140e+02
6.0205078125000000e-01 5.2831689280720595e-01 1.9553246723235368e+01 3.4810826534388144e+02
6.0302734375000000e-01 5.2955270082887618e-01 1.9557961617582936e+01 3.4819715252972071e+02
6.0400390625000000e-01 5.3027561286764358e-01 1.9573632348470017e+01 3.4847737718616378e+02
6.0498046875000000e-01 5.3081204891565981e-01 1.9605010203314514e+01 3.4903341126637355e+02
6.0595703125000000e-01 5.3114213950554645e-01 1.9642030392333357e+01 3.4968889004767004e+02
6.0693359375000000e-01 5.3112266211811332e-01 1.9668800514032874e+01 3.5016381088514373e+02
6.0791015625000000e-01 5.3039083079467286e-01 1.9680919567239069e+01 3.5038000915547326e+02
6.0888671875000000e-01 5.2908701453890616e-01 1.9683707505861676e+01 3.5043154908251370e+02
6.0986328125000000e-01 5.2785748586375814e-01 1.9683173039143647e+01 3.5042429209825588e+02
6.1083984375000000e-01 5.2686348998206489e-01 1.9676076814890259e+01 3.5030141046548141e+02
6.1181640625000000e-01 5.2601575516797816e-01 1.9659481181132087e+01 3.5001195050067469e+02
6.1279296875000000e-01 5.2529267816107295e-01 1.9641202964967729e+01 3.4969317501583333e+02
6.1376953125000000e-01 5.2466623177752680e-01 1.9626589564149455e+01 3.4943868817055511e+02
6.1474609375000000e-01 5.2408285525556708e-01 1.9615312937203257e+01 3.4924266989598061e+02
6.1572265625000000e-01 5.2356235850057831e-01 1.9605964904242786e+01 3.4908048724300176e+02
6.1669921875000000e-01 5.2320346235317083e-01 1.9597780861186635e+01 3.4893876626991954e+02
6.1767578125000000e-01 5.2304788825372450e-01 1.9590536741463133e+01 3.4881352574132683e+02
6.1865234375000000e-01 5.2302173468351376e-01 1.9584175342613538e+01 3.4870366068426671e+02
6.1962890625000000e-01 5.2306827187139193e-01 1.9578620327490228e+01 3.4860772988435895e+02
6.2060546875000000e-01 5.2335106014400379e-01 1.9573768682928474e+01 3.4852381940550310e+02
6.2158203125000000e-01 5.2409507221498342e-01 1.9569524779783187e+01 3.4845012901982722e+02
6.2255859375000000e-01 5.2539424601999385e-01 1.9565811297771230e+01 3.4838518671594608e+02
6.2353515625000000e-01 5.2700245925122013e-01 1.9562564220704328e+01 3.4832781149511692e+02
6.2451171875000000e-01 5.2829455645067036e-01 1.9559727984583496e+01 3.4827707767800501e+02
6.2548828125000000e-01 5.2884556714872333e-01 1.9557253940202052e+01 3.4823226338766659e+02
6.2646484375000000e-01 5.2892177910625060e-01 1.9555100006996334e+01 3.4819274200765659e+02
6.2744140625000000e-01 5.2889116482026677e-01 1.9553230819800284e+01 3.4815794040617340e+02
6.2841796875000000e-01 5.2870869812847676e-01 1.9551617537064001e+01 3.4812737528565646e+02
6.2939453125000000e-01 5.2823157918566410e-01 1.9550237558998315e+01 3.4810065563266255e+02
6.3037109375000000e-01 5.2741490183811246e-01 1.9549074684313680e+01 3.4807745683337436e+02
6.3134765625000000e-01 5.2639276912778621e-01 1.9548117660581134e+01 3.4805751404182644e+02
6.3232421875000000e-01 5.2541291410437896e-01 1.9547355727984602e+01 3.4804062544134575e+02
6.3330078125000000e-01 5.2464710985404683e-01 1.9546773969155527e+01 3.4802659623338167e+02
6.3427734375000000e-01 5.2410616426122325e-01 1.9546351220643345e+01 3.4801510411498253e+02
6.3525390625000000e-01 5.2371313699099631e-01 1.9546058134863046e+01 3.4800563107147917e+02
6.3623046875000000e-01 5.2338762938552785e-01 1.9545854775178750e+01 3.4799754986360847e+02
6.3720703125000000e-01 5.2307518279427923e-01 1.9545694609711127e+01 3.4799021044690869e+02
6.3818359375000000e-01 5.2276207334884606e-01 1.9545535874118912e+01 3.4798290380722858e+02
6.3916015625000000e-01 5.2249974264067234e-01 1.9545348647254141e+01 3.4797494829354315e+02
6.4013671875000000e-01 5.2236647698747762e-01 1.9545126894215144e+01 3.4796629097326070e+02
6.4111328125000000e-01 5.2234418078256295e-01 1.9544916828790015e+01 3.4795797451387290e+02
6.4208984375000000e-01 5.2236245508276058e-01 1.9544789202498510e+01 3.4795123223743951e+02
6.4306640625000000e-01 5.2248296289520946e-01 1.9544755841776180e+01 3.4794616681342023e+02
6.4404296875000000e-01 5.2283438247082248e-01 1.9544825703465932e+01 3.4794276189077107e+02
6.4501953125000000e-01 5.2354016021180005e-01 1.9545037884599076e+01 3.4794217113329677e+02
6.4599609375000000e-01 5.2464849702079652e-01 1.9545392614959891e+01 3.4794441695333683e+02
6.4697265625000000e-01 5.2601444679905129e-01 1.9546114737834213e+01 3.4795298174750263e+02
6.4794921875000000e-01 5.2728477283022246e-01 1.9547298111827512e+01 3.4796960422353857e+02
6.4892578125000000e-01 5.2815744516719354e-01 1.9548717273096365e+01 3.4799051637152400e+02
6.4990234375000000e-01 5.2852492546810104e-01 1.9550065275951791e+01 3.4801024285929049e+02
6.5087890625000000e-01 5.2857280407709473e-01 1.9551150622945396e+01 3.4802537925754740e+02
6.5185546875000000e-01 5.2851730819410236e-01 1.9551931425145568e+01 3.4803551948443788e+02
6.5283203125000000e-01 5.2826080868605740e-01 1.9552497378853008e+01 3.4804259907210565e+02
6.5380859375000000e-01 5.2774788259783634e-01 1.9553033165489150e+01 3.4804995173651406e+02
6.5478515625000000e-01 5.2700643328952157e-01 1.9553934338231493e+01 3.4806467882242180e+02
6.5576171875000000e-01 5.2612558851738556e-01 1.9556471023407358e+01 3.4810942457661929e+02
6.5673828125000000e-01 5.2533561034681464e-01 1.9564084318626946e+01 3.4824419639466589e+02
6.5771484375000000e-01 5.2488104175435013e-01 1.9581657729171113e+01 3.4855431172661059e+02
6.5869140625000000e-01 5.2477725406764897e-01 1.9609409260643844e+01 3.4904400094136241e+02
6.5966796875000000e-01 5.2481957010271507e-01 1.9639097777496360e+01 3.4956931186781327e+02
6.6064453125000000e-01 5.2484348675245618e-01 1.9661311900173072e+01 3.4996444820139919e+02
6.6162109375000000e-01 5.2474350424985350e-01 1.9673011297410572e+01 3.5017700728147184e+02
6.6259765625000000e-01 5.2458872040882776e-01 1.9676943078202275e+01 3.5025299922335938e+02
6.6357421875000000e-01 5.2448212278915762e-01 1.9677310978336958e+01 3.5026728550080367e+02
6.6455078125000000e-01 5.2444097989275196e-01 1.9675496776002827e+01 3.5024207896377214e+02
6.6552734375000000e-01 5.2439350384317762e-01 1.9666772816207256e+01 3.5009512568836107e+02
6.6650390625000000e-01 5.2432089653298886e-01 1.9650536675352924e+01 3.4981593130177811e+02
6.6748046875000000e-01 5.2432039470363534e-01 1.9633328438511008e+01 3.4951883243979097e+02
6.6845703125000000e-01 5.2456821029081235e-01 1.9619302656680425e+01 3.4927638607148191e+02
6.6943359375000000e-01 5.2529816255198947e-01 1.9608516953364600e+01 3.4908948967901023e+02
6.7041015625000000e-01 5.2641929793765607e-01 1.9599882522229205e+01 3.4893911608701785e+02
6.7138671875000000e-01 5.2761116477592829e-01 1.9592572647641301e+01 3.4881094026587164e+02
6.7236328125000000e-01 5.2842644281147033e-01 1.9586185582324902e+01 3.4869817466474757e+02
6.7333984375000000e-01 5.2868989936487187e-01 1.9580570181128529e+01 3.4859848736557944e+02
6.7431640625000000e-01 5.2870137809117923e-01 1.9575652966439893e+01 3.4851085868268996e+02
6.7529296875000000e-01 5.2865480800140230e-01 1.9571359976026642e+01 3.4843416507880653e+02
6.7626953125000000e-01 5.2848973914554687e-01 1.9567609564326641e+01 3.4836710268350168e+02
6.7724609375000000e-01 5.2812633771024042e-01 1.9564325338644775e+01 3.4830842533858987e+02
6.7822265625000000e-01 5.2751041755686778e-01 1.9561443591783146e+01 3.4825707284401841e+02
6.7919921875000000e-01 5.2667278840147436e-01 1.9558912755926354e+01 3.4821215915326871e+02
6.8017578125000000e-01 5.2574201459051739e-01 1.9556690509401140e+01 3.4817292374357982e+02
6.8115234375000000e-01 5.2487443451619320e-01 1.9554742052938330e+01 3.4813870664727318e+02
6.8212890625000000e-01 5.2416177579745671e-01 1.9553039767706469e+01 3.4810895301218619e+02
6.8310546875000000e-01 5.2360808909131884e-01 1.9551563021260005e+01 3.4808322898314515e+02
6.8408203125000000e-01 5.2317672195253062e-01 1.9550297275613744e+01 3.4806122324813049e+02
6.8505859375000000e-01 5.2284636058582978e-01 1.9549231914504556e+01 3.4804271532454874e+02
6.8603515625000000e-01 5.2263422667243620e-01 1.9548356325094826e+01 3.4802750599812441e+02
6.8701171875000000e-01 5.2255063579009153e-01 1.9547655013275392e+01 3.4801532501433093e+02
6.8798828125000000e-01 5.2253989268919043e-01 1.9547103765450721e+01 3.4800575952846333e+02
6.8896484375000000e-01 5.2255432153517600e-01 1.9546668963320244e+01 3.4799825170360231e+02
6.8994140625000000e-01 5.2263815858614848e-01 1.9546311296837271e+01 3.4799216405314263e+02
6.9091796875000000e-01 5.2287032739952810e-01 1.9545992360725027e+01 3.4798686384455112e+02
6.9189453125000000e-01 5.2333417679677185e-01 1.9545679919443526e+01 3.4798181354201859e+02
6.9287109375000000e-01 5.2408746747262491e-01 1.9545353042570653e+01 3.4797667700952678e+02
6.9384765625000000e-01 5.2510504597098995e-01 1.9545012779168868e+01 3.4797145927967500e+02
6.9482421875000000e-01 5.2622568863687080e-01 1.9544692665450047e+01 3.4796672602930352e+02
6.9580078125000000e-01 5.2719693674635415e-01 1.9544448610939128e+01 3.4796348041965342e+02
6.9677734375000000e-01 5.2780417973878690e-01 1.9544314781418127e+01 3.4796208303952119e+02
6.9775390625000000e-01 5.2801008434491326e-01 1.9544251738002007e+01 3.4796205076970602e+02
6.9873046875000000e-01 5.2802349186627517e-01 1.9544247618490129e+01 3.4796299339538933e+02
6.9970703125000000e-01 5.2798092257739904e-01 1.9544376543951447e+01 3.4796616499391217e+02
7.0068359375000000e-01 5.2781451963200543e-01 1.9544851852789417e+01 3.4797535050547128e+02
7.0166015625000000e-01 5.2745465560705374e-01 1.9545750909131812e+01 3.4799186674699524e+02
7.0263671875000000e-01 5.2688089221820988e-01 1.9546908022784713e+01 3.4801278644382330e+02
7.0361328125000000e-01 5.2613251347878498e-01 1.9548056768551401e+01 3.4803344857708504e+02
7.0458984375000000e-01 5.2529332015534480e-01 1.9548995758532943e+01 3.4805033447273689e+02
7.0556640625000000e-01 5.2448371916764902e-01 1.9549684571503796e+01 3.4806273655377612e+02
7.0654296875000000e-01 5.2381862748518560e-01 1.9550217936828922e+01 3.4807232706224033e+02
7.0751953125000000e-01 5.2334001078640002e-01 1.9550782798333852e+01 3.4808240629629557e+02
7.0849609375000000e-01 5.2302694250048054e-01 1.9551776448227116e+01 3.4809992409014001e+02
7.0947265625000000e-01 5.2285638567660608e-01 1.9554313957224451e+01 3.4814433638186262e+02
7.1044921875000000e-01 5.2282261799670016e-01 1.9561038298097792e+01 3.4826171175232179e+02
7.1142578125000000e-01 5.2300556372245099e-01 1.9575530236843981e+01 3.4851453412226908e+02
7.1240234375000000e-01 5.2344381921893546e-01 1.9598436417934220e+01 3.4891439852100018e+02
7.1337890625000000e-01 5.2398247919452856e-01 1.9624580788305966e+01 3.4937130021850737e+02
7.1435546875000000e-01 5.2453930209059263e-01 1.9646667943144486e+01 3.4975775884331904e+02
7.1533203125000000e-01 5.2510919231887598e-01 1.9660765188993345e+01 3.5000482498654168e+02
7.1630859375000000e-01 5.2578183626576702e-01 1.9667361263528438e+01 3.5012075604576006e+02
7.1728515625000000e-01 5.2667938048426621e-01 1.9669292508345407e+01 3.5015483308631275e+02
7.1826171875000000e-01 5.2780237576852373e-01 1.9669374331877425e+01 3.5015640114150654e+02
7.1923828125000000e-01 5.2883717492963744e-01 1.9667264964714775e+01 3.5011931503050971e+02
7.2021484375000000e-01 5.2925550480035011e-01 1.9658554401507420e+01 3.4996615196741152e+02
7.2119140625000000e-01 5.2927485085222714e-01 1.9643526162034782e+01 3.4970205302620491e+02
7.2216796875000000e-01 5.2915887557337193e-01 1.9627701977885355e+01 3.4942414571589546e+02
7.2314453125000000e-01 5.2896376586484606e-01 1.9614602863548779e+01 3.4919429947842622e+02
7.2412109375000000e-01 5.2870948301182585e-01 1.9604481090643091e+01 3.4901690489354627e+02
7.2509765625000000e-01 5.2833798818772781e-01 1.9596486340416586e+01 3.4887701058487380e+02
7.2607421875000000e-01 5.2778788906202068e-01 1.9589848551652238e+01 3.4876109722044055e+02
7.2705078125000000e-01 5.2704412473395612e-01 1.9584112629111793e+01 3.4866118344435330e+02
7.2802734375000000e-01 5.2616124417197863e-01 1.9579064382198819e+01 3.4857350964322319e+02
7.2900390625000000e-01 5.2524668094615101e-01 1.9574610566537515e+01 3.4849641692841129e+02
7.2998046875000000e-01 5.2441295240250219e-01 1.9570694633813194e+01 3.4842886462355187e+02
7.3095703125000000e-01 5.2374302638797787e-01 1.9567261952434507e+01 3.4836983058284244e+02
7.3193359375000000e-01 5.2328179408748998e-01 1.9564256057533743e+01 3.4831826097792680e+02
7.3291015625000000e-01 5.2302567780863651e-01 1.9561623861453960e+01 3.4827317366622646e+02
7.3388671875000000e-01 5.2291884543483191e-01 1.9559318926028297e+01 3.4823372146447917e+02
7.3486328125000000e-01 5.2289020699329536e-01 1.9557301419858863e+01 3.4819919110522358e+02
7.3583984375000000e-01 5.2289001761655673e-01 1.9555536709859076e+01 3.4816897604332678e+02
7.3681640625000000e-01 5.2292471951175457e-01 1.9553994136995925e+01 3.4814255395022786e+02
7.3779296875000000e-01 5.2306174610917822e-01 1.9552646648375415e+01 3.4811947585538491e+02
7.3876953125000000e-01 5.2337214706013246e-01 1.9551471311222976e+01 3.4809936874304691e+02
7.3974609375000000e-01 5.2390568225690770e-01 1.9550450053788005e+01 3.4808194120229535e+02
7.4072265625000000e-01 5.2467225765091996e-01 1.9549569830014676e+01 3.4806697847632887e+02
7.4169921875000000e-01 5.2561148758491161e-01 1.9548821725021629e+01 3.4805432079301744e+02
7.4267578125000000e-01 5.2656046497638842e-01 1.9548199209815710e+01 3.4804383715815942e+02
7.4365234375000000e-01 5.2728131778292520e-01 1.9547696701215248e+01 3.4803541489886680e+02
7.4462890625000000e-01 5.2763147723817461e-01 1.9547309051503657e+01 3.4802895656869617e+02
7.4560546875000000e-01 5.2771201428496994e-01 1.9547030108033457e+01 3.4802434449097899e+02
7.4658203125000000e-01 5.2771107587545318e-01 1.9546848588936360e+01 3.4802136900212383e+02
7.4755859375000000e-01 5.2766723996101683e-01 1.9546744896997666e+01 3.4801968470079515e+02
7.4853515625000000e-01 5.2751284137753318e-01 1.9546693761999471e+01 3.4801885658332918e+02
7.4951171875000000e-01 5.2718211011986527e-01 1.9546671411288138e+01 3.4801848004724900e+02
7.5048828125000000e-01 5.2664648480804044e-01 1.9546661649740066e+01 3.4801827758042947e+02
7.5146484375000000e-01 5.2592641868544465e-01 1.9546655734386643e+01 3.4801808610782786e+02
7.5244140625000000e-01 5.2509803415492673e-01 1.9546645467205842e+01 3.4801777316696138e+02
7.5341796875000000e-01 5.2428846366903625e-01 1.9546618739799403e+01 3.4801714788090936e+02
7.5439453125000000e-01 5.2361995709085862e-01 1.9546573976570439e+01 3.4801619199093017e+02
7.5537109375000000e-01 5.2315134744908176e-01 1.9546534757590322e+01 3.4801531769833184e+02
7.5634765625000000e-01 5.2288904539913217e-01 1.9546518875705225e+01 3.4801487909865330e+02
7.5732421875000000e-01 5.2279075906390049e-01 1.9546520183453502e+01 3.4801476710149308e+02
7.5830078125000000e-01 5.2277479267694382e-01 1.9546542740164693e+01 3.4801506811242410e+02
7.5927734375000000e-01 5.2278387355926703e-01 1.9546655564044450e+01 3.4801696091080606e+02
7.6025390625000000e-01 5.2285021031747370e-01 1.9546978460080510e+01 3.4802255203961442e+02
7.6123046875000000e-01 5.2302407223319802e-01 1.9547589346920439e+01 3.4803318410231475e+02
7.6220703125000000e-01 5.2332935446030115e-01 1.9548426736820939e+01 3.4804774144858254e+02
7.6318359375000000e-01 5.2380051433957908e-01 1.9549307607548709e+01 3.4806302100280129e+02
7.6416015625000000e-01 5.2448605761747480e-01 1.9550066207979572e+01 3.4807614933119891e+02
7.6513671875000000e-01 5.2537201621006724e-01 1.9550639727077964e+01 3.4808603746028319e+02
7.6611328125000000e-01 5.2629078243136840e-01 1.9551059955517694e+01 3.4809324396693836e+02
7.6708984375000000e-01 5.2700621999794595e-01 1.9551416942028371e+01 3.4809936930791179e+02
7.6806640625000000e-01 5.2743008046211204e-01 1.9551865984120361e+01 3.4810717301662777e+02
7.6904296875000000e-01 5.2764013663873355e-01 1.9552783480168500e+01 3.4812327984393607e+02
7.7001953125000000e-01 5.2774295179672925e-01 1.9555216653397437e+01 3.4816603732960749e+02
7.7099609375000000e-01 5.2781113057480089e-01 1.9561387695931760e+01 3.4827436888425325e+02
7.7197265625000000e-01 5.2787709241661107e-01 1.9573886487362962e+01 3.4849367167471166e+02
7.7294921875000000e-01 5.2790003778136663e-01 1.9592811493401530e+01 3.4882569870009917e+02
7.7392578125000000e-01 5.2786136019192453e-01 1.9614261578360612e+01 3.4920214549675387e+02
7.7490234375000000e-01 5.2757871311596416e-01 1.9633018904976794e+01 3.4953153113939737e+02
7.7587890625000000e-01 5.2698187923551132e-01 1.9646008926848829e+01 3.4975971283096891e+02
7.7685546875000000e-01 5.2625807051907425e-01 1.9653092544773667e+01 3.4988419257518183e+02
7.7783203125000000e-01 5.2556616551714586e-01 1.9655920744212924e+01 3.4993389181381247e+02
7.7880859375000000e-01 5.2503459503645333e-01 1.9656526767411847e+01 3.4994468645447444e+02
7.7978515625000000e-01 5.2471453200177021e-01 1.9656326651710380e+01 3.4994120038741505e+02
7.8076171875000000e-01 5.2453893389755080e-01 1.9653777787590755e+01 3.4989656279445632e+02
7.8173828125000000e-01 5.2439777503496376e-01 1.9646084112367113e+01 3.4976191855998866e+02
7.8271484375000000e-01 5.2425439916980188e-01 1.9634326651091612e+01 3.4955626111553994e+02
7.8369140625000000e-01 5.2415043547565021e-01 1.9622231039867820e+01 3.4934478012782563e+02
7.8466796875000000e-01 5.2412316719544527e-01 1.9611962555305112e+01 3.4916530665011334e+02
7.8564453125000000e-01 5.2418521640519156e-01 1.9603719050822754e+01 3.4902127933090503e+02
7.8662109375000000e-01 5.2446702664888301e-01 1.9596991781482796e+01 3.4890378683475177e+02
7.8759765625000000e-01 5.2500054820564257e-01 1.9591278455082517e+01 3.4880402677443561e+02
7.8857421875000000e-01 5.2573337408009246e-01 1.9586258830116929e+01 3.4871638120653159e+02
7.8955078125000000e-01 5.2655688122223299e-01 1.9581770671853562e+01 3.4863799441690810e+02
7.9052734375000000e-01 5.2727809356422184e-01 1.9577742244001456e+01 3.4856760284487120e+02
7.9150390625000000e-01 5.2769408752252600e-01 1.9574135922131703e+01 3.4850455926173584e+02
7.9248046875000000e-01 5.2780542451735013e-01 1.9570918305430670e+01 3.4844829454627700e+02
7.9345703125000000e-01 5.2780693906381881e-01 1.9568052468055924e+01 3.4839815404942095e+02
7.9443359375000000e-01 5.2777817798302862e-01 1.9565500576341687e+01 3.4835345264498449e+02
7.9541015625000000e-01 5.2768318397174108e-01 1.9563226970509458e+01 3.4831355810900067e+02
7.9638671875000000e-01 5.2747288352802779e-01 1.9561199320406960e+01 3.4827791893161282e+02
7.9736328125000000e-01 5.2709763255032027e-01 1.9559388543878345e+01 3.4824605952753899e+02
7.9833984375000000e-01 5.2653079099151912e-01 1.9557768434474266e+01 3.4821756545535692e+02
7.9931640625000000e-01 5.2579393556586185e-01 1.9556315484634638e+01 3.4819207075949504e+02
8.0029296875000000e-01 5.2496755293193420e-01 1.9555008901859061e+01 3.4816924983253017e+02
8.0126953125000000e-01 5.2417743662463800e-01 1.9553830702454842e+01 3.4814881376047828e+02
8.0224609375000000e-01 5.2355692148349431e-01 1.9552765786080762e+01 3.4813050943472689e+02
8.0322265625000000e-01 5.2318389207779747e-01 1.9551801983066991e+01 3.4811412024751297e+02
8.0419921875000000e-01 5.2302964498823201e-01 1.9550929985379131e+01 3.4809946825060996e+02
8.0517578125000000e-01 5.2299374370721208e-01 1.9550143043615989e+01 3.4808641613113258e+02
8.0615234375000000e-01 5.2299320238474423e-01 1.9549436605431538e+01 3.4807486667700374e+02
8.0712890625000000e-01 5.2301718370050665e-01 1.9548808301390618e+01 3.4806475898795344e+02
8.0810546875000000e-01 5.2311296322194345e-01 1.9548258210265164e+01 3.4805606392280782e+02
8.0908203125000000e-01 5.2333352340220662e-01 1.9547788517759674e+01 3.4804878166846680e+02
8.1005859375000000e-01 5.2371937430989368e-01 1.9547401899815767e+01 3.4804292691962979e+02
8.1103515625000000e-01 5.2429015303464410e-01 1.9547099003355626e+01 3.4803848260444096e+02
8.1201171875000000e-01 5.2502425485437620e-01 1.9546875797162709e+01 3.4803534220840419e+02
8.1298828125000000e-01 5.2583649427605583e-01 1.9546721900013178e+01 3.4803328929303837e+02
8.1396484375000000e-01 5.2658633715080849e-01 1.9546621180300345e+01 3.4803202913446910e+02
8.1494140625000000e-01 5.2712047374971582e-01 1.9546555063918255e+01 3.4803125148867491e+02
8.1591796875000000e-01 5.2736786339513164e-01 1.9546506813795254e+01 3.4803069072213253e+02
8.1689453125000000e-01 5.2742027250736889e-01 1.9546462935823840e+01 3.4803013457253439e+02
8.1787109375000000e-01 5.2741740789121960e-01 1.9546411399632955e+01 3.4802939777233394e+02
8.1884765625000000e-01 5.2737254943725687e-01 1.9546344440073295e+01 3.4802838229372293e+02
8.1982421875000000e-01 5.2722678922096988e-01 1.9546269094281552e+01 3.4802722468194878e+02
8.2080078125000000e-01 5.2693026375561069e-01 1.9546204611190220e+01 3.4802626955251719e+02
8.2177734375000000e-01 5.2645494724254005e-01 1.9546166572363923e+01 3.4802576386507161e+02
8.2275390625000000e-01 5.2579901120766204e-01 1.9546151115051369e+01 3.4802569153275459e+02
8.2373046875000000e-01 5.2501437077641477e-01 1.9546151840488758e+01 3.4802590488460407e+02
8.2470703125000000e-01 5.2423582871938179e-01 1.9546202968109931e+01 3.4802697573028269e+02
8.2568359375000000e-01 5.2362057674416196e-01 1.9546401005422368e+01 3.4803058077232816e+02
8.2666015625000000e-01 5.2323109337339324e-01 1.9546861166705796e+01 3.4803873232671219e+02
8.2763671875000000e-01 5.2304312083925275e-01 1.9547597642955523e+01 3.4805166462630251e+02
8.2861328125000000e-01 5.2300000428152427e-01 1.9548452851869538e+01 3.4806660491913766e+02
8.2958984375000000e-01 5.2300506620040454e-01 1.9549240063136267e+01 3.4808029761200720e+02
8.3056640625000000e-01 5.2304988147856346e-01 1.9549866645313543e+01 3.4809114161290773e+02
8.3154296875000000e-01 5.2317785774695569e-01 1.9550341434567141e+01 3.4809927108665295e+02
8.3251953125000000e-01 5.2340762882061054e-01 1.9550739481778706e+01 3.4810595118298772e+02
8.3349609375000000e-01 5.2375232769016800e-01 1.9551188902718568e+01 3.4811342991265434e+02
8.3447265625000000e-01 5.2426001734339889e-01 1.9551957345714413e+01 3.4812643776789048e+02
8.3544921875000000e-01 5.2498203022439671e-01 1.9553740465936006e+01 3.4815713493767061e+02
8.3642578125000000e-01 5.2587355867932939e-01 1.9558088201763365e+01 3.4823266142614472e+02
8.3740234375000000e-01 5.2675850830114701e-01 1.9567229741194325e+01 3.4839213976740314e+02
8.3837890625000000e-01 5.2748698061023203e-01 1.9582331919959493e+01 3.4865618492494548e+02
8.3935546875000000e-01 5.2804708159807212e-01 1.9601552115690353e+01 3.4899271495533156e+02
8.4033203125000000e-01 5.2846556954345880e-01 1.9620757775104359e+01 3.4932936709503491e+02
8.4130859375000000e-01 5.2873896391586939e-01 1.9636246975164472e+01 3.4960110550254768e+02
8.4228515625000000e-01 5.2885734469029422e-01 1.9646452343757499e+01 3.4978027521956352e+02
8.4326171875000000e-01 5.2885164701710052e-01 1.9651822398631033e+01 3.4987465008449016e+02
8.4423828125000000e-01 5.2865300949631699e-01 1.9653873613527892e+01 3.4991074424153487e+02
8.4521484375000000e-01 5.2821963576100306e-01 1.9654274924798251e+01 3.4991799650594692e+02
8.4619140625000000e-01 5.2760761877905837e-01 1.9654022591098439e+01 3.4991379672267061e+02
8.4716796875000000e-01 5.2683102834948703e-01 1.9651520359078855e+01 3.4987018485114083e+02
8.4814453125000000e-01 5.2594149844222837e-01 1.9644166586257910e+01 3.4974166237409673e+02
8.4912109375000000e-01 5.2509492166313776e-01 1.9632722219961913e+01 3.4954172443049276e+02
8.5009765625000000e-01 5.2445842430191203e-01 1.9620581089186775e+01 3.4932978730770384e+02
8.5107421875000000e-01 5.2407401432887746e-01 1.9610021772108350e+01 3.4914555642912984e+02
8.5205078125000000e-01 5.2387330075313743e-01 1.9601475851502858e+01 3.4899643942451581e+02
8.5302734375000000e-01 5.2377745976986079e-01 1.9594558594769136e+01 3.4887565537527695e+02
8.5400390625000000e-01 5.2374347261099985e-01 1.9588784114049385e+01 3.4877471486366954e+02
8.5498046875000000e-01 5.2374587675790862e-01 1.9583795727732280e+01 3.4868741755901300e+02
8.5595703125000000e-01 5.2381785829758565e-01 1.9579383522754295e+01 3.4861014049533486e+02
8.5693359375000000e-01 5.2404666624029117e-01 1.9575439906071313e+01 3.4854104115900299e+02
8.5791015625000000e-01 5.2446766679285373e-01 1.9571910160347173e+01 3.4847919114853909e+02
8.5888671875000000e-01 5.2506177489429140e-01 1.9568758002002173e+01 3.4842397695417696e+02
8.5986328125000000e-01 5.2576971703049935e-01 1.9565949602487102e+01 3.4837482042822614e+02
8.6083984375000000e-01 5.2647984898862343e-01 1.9563450398065079e+01 3.4833112138414833e+02
8.6181640625000000e-01 5.2702942092843219e-01 1.9561226989582138e+01 3.4829229185442057e+02
8.6279296875000000e-01 5.2730189007486850e-01 1.9559249064818268e+01 3.4825779461825601e+02
8.6376953125000000e-01 5.2736135900818493e-01 1.9557489853813120e+01 3.4822715067963753e+02
8.6474609375000000e-01 5.2735922799393276e-01 1.9555925948631188e+01 3.4819992891273074e+02
8.6572265625000000e-01 5.2732919459052563e-01 1.9554537079011620e+01 3.4817574168337785e+02
8.6669921875000000e-01 5.2723366207616962e-01 1.9553305471650127e+01 3.4815424229740307e+02
8.6767578125000000e-01 5.2702593754059524e-01 1.9552215016267386e+01 3.4813512354249536e+02
8.6865234375000000e-01 5.2666269460043180e-01 1.9551250761716624e+01 3.4811811741391301e+02
8.6962890625000000e-01 5.2612380942058457e-01 1.9550399184071029e+01 3.4810299351391069e+02
8.7060546875000000e-01 5.2543456628969099e-01 1.9549648966373692e+01 3.4808956465222724e+02
8.7158203125000000e-01 5.2467737276562565e-01 1.9548991763449465e+01 3.4807770660375235e+02
8.7255859375000000e-01 5.2397793391269276e-01 1.9548422847910906e+01 3.4806737775139226e+02
8.7353515625000000e-01 5.2346049857808130e-01 1.9547941373944205e+01 3.4805861455353573e+02
8.7451171875000000e-01 5.2318189048691954e-01 1.9547548902233935e+01 3.4805149662599064e+02
8.7548828125000000e-01 5.2308981389153852e-01 1.9547245443835692e+01 3.4804608495290069e+02
8.7646484375000000e-01 5.2307782506345279e-01 1.9547025775000471e+01 3.4804233046931648e+02
8.7744140625000000e-01 5.2308598504478099e-01 1.9546878090271292e+01 3.4804001575871837e+02
8.7841796875000000e-01 5.2313726298285168e-01 1.9546783713591410e+01 3.4803882379275552e+02
8.7939453125000000e-01 5.2327729718959448e-01 1.9546725698810306e+01 3.4803840001082068e+02
8.8037109375000000e-01 5.2354386280790799e-01 1.9546685043422638e+01 3.4803841508023760e+02
8.8134765625000000e-01 5.2396143744769930e-01 1.9546651996578618e+01 3.4803862500204070e+02
8.8232421875000000e-01 5.2453617054653845e-01 1.9546624170895509e+01 3.4803891885616019e+02
8.8330078125000000e-01 5.2523090702368436e-01 1.9546596605916911e+01 3.4803916397025876e+02
8.8427734375000000e-01 5.2594344963027551e-01 1.9546563296702409e+01 3.4803923621177631e+02
8.8525390625000000e-01 5.2654663285339509e-01 1.9546526859544592e+01 3.4803912962689736e+02
8.8623046875000000e-01 5.2695442251477864e-01 1.9546489582072695e+01 3.4803891745057143e+02
8.8720703125000000e-01 5.2713877275907794e-01 1.9546461824939115e+01 3.4803871388501591e+02
8.8818359375000000e-01 5.2717258394175648e-01 1.9546448218737314e+01 3.4803871469591257e+02
8.8916015625000000e-01 5.2716532435531416e-01 1.9546454884321172e+01 3.4803892161134928e+02
8.9013671875000000e-01 5.2711254748830250e-01 1.9546496837451386e+01 3.4803966851721481e+02
8.9111328125000000e-01 5.2696582115528257e-01 1.9546643651288452e+01 3.4804221155476802e+02
8.9208984375000000e-01 5.2668845474852855e-01 1.9547003726112088e+01 3.4804848423567216e+02
8.9306640625000000e-01 5.2626061380474165e-01 1.9547603816743429e+01 3.4805899066144076e+02
8.9404296875000000e-01 5.2567389015519062e-01 1.9548328758388550e+01 3.4807174445479029e+02
8.9501953125000000e-01 5.2495839844128434e-01 1.9549018399723366e+01 3.4808396101935870e+02
8.9599609375000000e-01 5.2424481105337695e-01 1.9549576932952341e+01 3.4809396817813297e+02
8.9697265625000000e-01 5.2370435439636631e-01 1.9550000813127269e+01 3.4810168133670783e+02
8.9794921875000000e-01 5.2338386625591615e-01 1.9550349201893091e+01 3.4810809123743564e+02
8.9892578125000000e-01 5.2322382759830932e-01 1.9550726894284452e+01 3.4811499430368787e+02
8.9990234375000000e-01 5.2317217221758971e-01 1.9551341730287788e+01 3.4812598398359393e+02
9.0087890625000000e-01 5.2318144321667870e-01 1.9552711628769284e+01 3.4815000916912385e+02
9.0185546875000000e-01 5.2330107654852875e-01 1.9556008268583053e+01 3.4820745940226294e+02
9.0283203125000000e-01 5.2357061509419733e-01 1.9563085020265508e+01 3.4833068818144471e+02
9.0380859375000000e-01 5.2398426436737411e-01 1.9575374192126894e+01 3.4854477750789050e+02
9.0478515625000000e-01 5.2457770544867410e-01 1.9592160949629722e+01 3.4883748258393615e+02
9.0576171875000000e-01 5.2535812738199905e-01 1.9610422890124273e+01 3.4915629791482405e+02
9.0673828125000000e-01 5.2628980470040865e-01 1.9626667251388284e+01 3.4944029573396472e+02
9.0771484375000000e-01 5.2725416315821583e-01 1.9638707910819338e+01 3.4965114472009770e+02
9.0869140625000000e-01 5.2801784534869312e-01 1.9646118342420877e+01 3.4978111327299979e+02
9.0966796875000000e-01 5.2845517250818475e-01 1.9649745036199175e+01 3.4984483583612638e+02
9.1064453125000000e-01 5.2866360570815329e-01 1.9650978645891172e+01 3.4986659242001281e+02
9.1162109375000000e-01 5.2875834393870147e-01 1.9651158539973178e+01 3.4986989195396205e+02
9.1259765625000000e-01 5.2878506284043136e-01 1.9650702904868627e+01 3.4986204629015236e+02
9.1357421875000000e-01 5.2873257624597425e-01 1.9647674239375004e+01 3.4980904156342973e+02
9.1455078125000000e-01 5.2848156299015514e-01 1.9639952831879768e+01 3.4967370304392438e+02
9.1552734375000000e-01 5.2805533725861487e-01 1.9628696391073362e+01 3.4947645547395661e+02
9.1650390625000000e-01 5.2748022624184177e-01 1.9617024238558770e+01 3.4927210851766807e+02
9.1748046875000000e-01 5.2676562574719232e-01 1.9606889029849267e+01 3.4909489790164514e+02
9.1845703125000000e-01 5.2594932728884880e-01 1.9598655733064490e+01 3.4895115753578006e+02
9.1943359375000000e-01 5.2511961632978943e-01 1.9591987609164750e+01 3.4883491617015596e+02
9.2041015625000000e-01 5.2440727907840790e-01 1.9586444913691029e+01 3.4873841089204240e+02
9.2138671875000000e-01 5.2391860605934226e-01 1.9581689175198346e+01 3.4865566642580239e+02
9.2236328125000000e-01 5.2365875188306643e-01 1.9577507951079973e+01 3.4858293051060429e+02
9.2333984375000000e-01 5.2354939678645818e-01 1.9573783368318573e+01 3.4851812665586669e+02
9.2431640625000000e-01 5.2351372004273811e-01 1.9570452396982585e+01 3.4846015403719053e+02
9.2529296875000000e-01 5.2350985096261626e-01 1.9567476408319212e+01 3.4840834385752703e+02
9.2626953125000000e-01 5.2353729914437130e-01 1.9564824267330629e+01 3.4836215553429628e+02
9.2724609375000000e-01 5.2365992913399573e-01 1.9562465973688951e+01 3.4832105839907803e+02
9.2822265625000000e-01 5.2393285642161969e-01 1.9560372016624921e+01 3.4828452163767344e+02
9.2919921875000000e-01 5.2437141028275103e-01 1.9558514260238457e+01 3.4825203778507972e+02
9.3017578125000000e-01 5.2495433501405575e-01 1.9556866480328420e+01 3.4822314072475649e+02
9.3115234375000000e-01 5.2562409970500334e-01 1.9555404331177446e+01 3.4819741222110252e+02
9.3212890625000000e-01 5.2628065544651192e-01 1.9554105196125029e+01 3.4817448185675056e+02
9.3310546875000000e-01 5.2679082093702112e-01 1.9552948333529319e+01 3.4815402427543830e+02
9.3408203125000000e-01 5.2705885593867252e-01 1.9551915428016258e+01 3.4813575504689317e+02
9.3505859375000000e-01 5.2712828157727176e-01 1.9550991394501992e+01 3.4811942604027684e+02
9.3603515625000000e-01 5.2713012463179265e-01 1.9550165183268788e+01 3.4810482880986899e+02
9.3701171875000000e-01 5.2710949849008393e-01 1.9549430200858165e+01 3.4809181304404763e+02
9.3798828125000000e-01 5.2703261612062247e-01 1.9548784017899123e+01 3.4808030528341271e+02
9.3896484375000000e-01 5.2685562374791772e-01 1.9548227430325102e+01 3.4807030612924149e+02
9.3994140625000000e-01 5.2653763534061604e-01 1.9547762716717468e+01 3.4806185795056024e+02
9.4091796875000000e-01 5.2605620723276747e-01 1.9547390874852070e+01 3.4805499088684735e+02
9.4189453125000000e-01 5.2542683380777522e-01 1.9547108523645701e+01 3.4804966761811903e+02
9.4287109375000000e-01 5.2471941038620551e-01 1.9546906168874152e+01 3.4804574828176743e+02
9.4384765625000000e-01 5.2405095665950219e-01 1.9546769041370812e+01 3.4804299170363612e+02
9.4482421875000000e-01 5.2354073643163568e-01 1.9546679875467404e+01 3.4804109604997586e+02
9.4580078125000000e-01 5.2325031390171217e-01 1.9546621915159132e+01 3.4803975966752404e+02
9.4677734375000000e-01 5.2314663466265143e-01 1.9546580912745824e+01 3.4803872805583512e+02
9.4775390625000000e-01 5.2313280838345455e-01 1.9546545737892817e+01 3.4803780699013839e+02
9.4873046875000000e-01 5.2314050298084769e-01 1.9546507984959195e+01 3.4803686375735458e+02
9.4970703125000000e-01 5.2318926816236244e-01 1.9546463306032905e+01 3.4803585783420414e+02
9.5068359375000000e-01 5.2332451290331494e-01 1.9546414993889933e+01 3.4803488935456875e+02
9.5166015625000000e-01 5.2358006086873099e-01 1.9546371597493081e+01 3.4803415415429180e+02
9.5263671875000000e-01 5.2397430227749020e-01 1.9546341294043007e+01 3.4803377934861675e+02
9.5361328125000000e-01 5.2451409365955126e-01 1.9546322750722190e+01 3.4803374954809630e+02
9.5458984375000000e-01 5.2517177081635213e-01 1.9546312168859565e+01 3.4803397362617255e+02
9.5556640625000000e-01 5.2584857512798744e-01 1.9546323351363739e+01 3.4803456840171629e+02
9.5654296875000000e-01 5.2641016192154388e-01 1.9546407369137789e+01 3.4803639266963080e+02
9.5751953125000000e-01 5.2679237205012275e-01 1.9546654935560788e+01 3.4804101683968264e+02
9.5849609375000000e-01 5.2700112325480397e-01 1.9547122790768455e+01 3.4804944437329402e+02
9.5947265625000000e-01 5.2706809408828448e-01 1.9547746883730092e+01 3.4806057332985534e+02
9.6044921875000000e-01 5.2707116442079438e-01 1.9548388961280438e+01 3.4807199368228009e+02
9.6142578125000000e-01 5.2703818975638939e-01 1.9548943422484118e+01 3.4808186495540798e+02
9.6240234375000000e-01 5.2691616886488846e-01 1.9549382459468021e+01 3.4808971616304422e+02
9.6337890625000000e-01 5.2667688780459077e-01 1.9549742652865710e+01 3.4809619166477700e+02
9.6435546875000000e-01 5.2631120764413297e-01 1.9550106621614916e+01 3.4810270514145594e+02
9.6533203125000000e-01 5.2580082448763088e-01 1.9550630237700709e+01 3.4811195663403254e+02
9.6630859375000000e-01 5.2516572475512491e-01 1.9551676082320220e+01 3.4813029830325348e+02
9.6728515625000000e-01 5.2448353819107418e-01 1.9554082383289504e+01 3.4817234061863917e+02
9.6826171875000000e-01 5.2397639464011425e-01 1.9559319434467039e+01 3.4826373289376778e+02
9.6923828125000000e-01 5.2380042612634381e-01 1.9568913345182633e+01 3.4843118855578444e+02
9.7021484375000000e-01 5.2380485921484754e-01 1.9583066550267855e+01 3.4867828548109344e+02
9.7119140625000000e-01 5.2397434823959843e-01 1.9599898418238141e+01 3.4897229174328407e+02
9.7216796875000000e-01 5.2425719177371866e-01 1.9616399605626782e+01 3.4926072296345581e+02
9.7314453125000000e-01 5.2454354828074801e-01 1.9630042066262618e+01 3.4949930523065348e+02
9.7412109375000000e-01 5.2481587281645703e-01 1.9639643748719703e+01 3.4966724821228973e+02
9.7509765625000000e-01 5.2509392127714494e-01 1.9645316091181698e+01 3.4976643017553403e+02
9.7607421875000000e-01 5.2542655890916157e-01 1.9647977065702243e+01 3.4981284830740850e+02
9.7705078125000000e-01 5.2587913247972318e-01 1.9648823736795848e+01 3.4982751125470423e+02
9.7802734375000000e-01 5.2648572736712240e-01 1.9648922550396442e+01 3.4982901961554677e+02
9.7900390625000000e-01 5.2719440535212281e-01 1.9648384412535130e+01 3.4981936855751889e+02
9.7998046875000000e-01 5.2782861485053811e-01 1.9645275775630839e+01 3.4976461082903353e+02
9.8095703125000000e-01 5.2810549988524746e-01 1.9637783147946408e+01 3.4963291714781815e+02
9.8193359375000000e-01 5.2812498054823176e-01 1.9627029172535021e+01 3.4944406807606066e+02
9.8291015625000000e-01 5.2806202426199944e-01 1.9615813593606706e+01 3.4924722104310797e+02
9.8388671875000000e-01 5.2794313932656933e-01 1.9605951874974142e+01 3.4907422402165793e+02
9.8486328125000000e-01 5.2779805976831573e-01 1.9597857754575880e+01 3.4893232060453113e+02
9.8583984375000000e-01 5.2761030719438429e-01 1.9591270402578868e+01 3.4881694876000262e+02
9.8681640625000000e-01 5.2734222754450277e-01 1.9585794044633257e+01 3.4872120707785683e+02
9.8779296875000000e-01 5.2695439610539407e-01 1.9581104713731253e+01 3.4863943542494468e+02
9.8876953125000000e-01 5.2642276791988785e-01 1.9576989175233109e+01 3.4856784489667410e+02
9.8974609375000000e-01 5.2575920072590177e-01 1.9573324500295669e+01 3.4850416182824750e+02
9.9072265625000000e-01 5.2502874836361513e-01 1.9570043463785819e+01 3.4844709521101873e+02
9.9169921875000000e-01 5.2434883042002356e-01 1.9567104681656769e+01 3.4839588979292733e+02
9.9267578125000000e-01 5.2384420917607721e-01 1.9564475239708127e+01 3.4835002012902322e+02
9.9365234375000000e-01 5.2356392047541622e-01 1.9562124906479795e+01 3.4830902140851020e+02
9.9462890625000000e-01 5.2345321116760846e-01 1.9560025861559222e+01 3.4827243267057901e+02
9.9560546875000000e-01 5.2342569121284455e-01 1.9558152843444372e+01 3.4823980449223893e+02
9.9658203125000000e-01 5.2342539236834906e-01 1.9556482674119991e+01 3.4821072079344430e+02
9.9755859375000000e-01 5.2345533209407669e-01 1.9554992999949114e+01 3.4818478906144639e+02
9.9853515625000000e-01 5.2355792899766174e-01 1.9553675223945014e+01 3.4816185495860492e+02
9.9951171875000000e-01 5.2397064628506507e-01 1.9552321028853989e+01 3.4813826988784137e+02
